Timestamp,Amber,White,On,Override,Intensity,AS00,AS01,AS02,AS03,AS04,AS05,AS06,AS07,AS08,AS09,AS10,AS11
1685394000,0,1,0,0,1223223,65535,65535,65535,65535,65535,65535,65535,65535,65535,65535,65535,65535
1685394006,0,1,0,0,1223223,65535,65535,65535,65535,65535,65535,65535,65535,65535,65535,65535,65535
1685394012,0,1,0,0,1223223,65535,65535,65535,65535,65535,65535,65535,65535,65535,65535,65535,65535
1685394018,0,1,0,0,1223223,65535,65535,65535,65535,65535,65535,65535,65535,65535,65535,65535,65535
1685394024,0,1,0,0,1223223,65535,65535,65535,65535,65535,65535,65535,65535,65535,65535,65535,65535
1685394030,0,1,0,0,1223223,65535,65535,65535,65535,65535,65535,65535,65535,65535,65535,65535,65535
1685394036,0,1,0,0,1223223,65535,65535,65535,65535,65535,65535,65535,65535,65535,65535,65535,65535
1685394042,0,1,0,0,1223223,65535,65535,65535,65535,65535,65535,65535,65535,65535,65535,65535,65535
1685394048,0,1,0,0,1223223,65535,65535,65535,65535,65535,65535,65535,65535,65535,65535,65535,65535
1685394054,0,1,0,0,1223223,65535,65535,65535,65535,65535,65535,65535,65535,65535,65535,65535,65535
1685394060,0,1,0,0,1223223,65535,65535,65535,65535,65535,65535,65535,65535,65535,65535,65535,65535
1685394066,0,1,0,0,1223223,65535,65535,65535,65535,65535,65535,65535,65535,65535,65535,65535,65535
1685394072,0,1,0,0,1223223,65535,65535,65535,65535,65535,65535,65535,65535,65535,65535,65535,65535
1685394078,0,1,0,0,1223223,65535,65535,65535,65535,65535,65535,65535,65535,65535,65535,65535,65535
1685394084,0,1,0,0,1223223,65535,65535,65535,65535,65535,65535,65535,65535,65535,65535,65535,65535
1685394090,0,1,0,0,1223223,65535,65535,65535,65535,65535,65535,65535,65535,65535,65535,65535,65535
1685394096,0,1,0,0,1223223,65535,65535,65535,65535,65535,65535,65535,65535,65535,65535,65535,65535
1685394102,0,1,0,0,1223223,65535,65535,65535,65535,65535,65535,65535,65535,65535,65535,65535,65535
1685394108,0,1,0,0,1223223,65535,65535,65535,65535,65535,65535,65535,65535,65535,65535,65535,65535
1685394114,0,1,0,0,1223223,65535,65535,65535,65535,65535,65535,65535,65535,65535,65535,65535,65535
1685394120,0,1,0,0,1223223,65535,65535,65535,65535,65535,65535,65535,65535,65535,65535,65535,65535
1685394126,0,1,0,0,1223223,65535,65535,65535,65535,65535,65535,65535,65535,65535,65535,65535,65535
1685394132,0,1,0,0,1223223,65535,65535,65535,65535,65535,65535,65535,65535,65535,65535,65535,65535
1685394138,0,1,0,0,1223223,65535,65535,65535,65535,65535,65535,65535,65535,65535,65535,65535,65535
1685394144,0,1,0,0,1223223,65535,65535,65535,65535,65535,65535,65535,65535,65535,65535,65535,65535
1685394150,0,1,0,0,1223223,65535,65535,65535,65535,65535,65535,65535,65535,65535,65535,65535,65535
1685394156,0,1,0,0,1223223,65535,65535,65535,65535,65535,65535,65535,65535,65535,65535,65535,65535
1685394162,0,1,0,0,1223223,65535,65535,65535,65535,65535,65535,65535,65535,65535,65535,65535,65535
1685394168,0,1,0,0,1223223,65535,65535,65535,65535,65535,65535,65535,65535,65535,65535,65535,65535
1685394174,0,1,0,0,1223223,65535,65535,65535,65535,65535,65535,65535,65535,65535,65535,65535,65535
1685394180,0,1,0,0,1223223,65535,65535,65535,65535,65535,65535,65535,65535,65535,65535,65535,65535
1685394186,0,1,0,0,1223223,65535,65535,65535,65535,65535,65535,65535,65535,65535,65535,65535,65535
1685394192,0,1,0,0,1223223,65535,65535,65535,65535,65535,65535,65535,65535,65535,65535,65535,65535
1685394198,0,1,0,0,1223223,65535,65535,65535,65535,65535,65535,65535,65535,65535,65535,65535,65535
1685394204,0,1,0,0,1223223,65535,65535,65535,65535,65535,65535,65535,65535,65535,65535,65535,65535
1685394210,0,1,0,0,1223223,65535,65535,65535,65535,65535,65535,65535,65535,65535,65535,65535,65535
1685394216,0,1,0,0,1223223,65535,65535,65535,65535,65535,65535,65535,65535,65535,65535,65535,65535
1685394222,0,1,0,0,1223223,65535,65535,65535,65535,65535,65535,65535,65535,65535,65535,65535,65535
1685394228,0,1,0,0,1223223,65535,65535,65535,65535,65535,65535,65535,65535,65535,65535,65535,65535
1685394234,0,1,0,0,1223223,65535,65535,65535,65535,65535,65535,65535,65535,65535,65535,65535,65535
1685394240,0,1,0,0,1223223,65535,65535,65535,65535,65535,65535,65535,65535,65535,65535,65535,65535
1685394246,0,1,0,0,1223223,65535,65535,65535,65535,65535,65535,65535,65535,65535,65535,65535,65535
1685394252,0,1,0,0,1223223,65535,65535,65535,65535,65535,65535,65535,65535,65535,65535,65535,65535
1685394258,0,1,0,0,1223223,65535,65535,65535,65535,65535,65535,65535,65535,65535,65535,65535,65535
1685394264,0,1,0,0,1223223,65535,65535,65535,65535,65535,65535,65535,65535,65535,65535,65535,65535
1685394270,0,1,0,0,1223223,65535,65535,65535,65535,65535,65535,65535,65535,65535,65535,65535,65535
1685394276,0,1,0,0,1223223,65535,65535,65535,65535,65535,65535,65535,65535,65535,65535,65535,65535
1685394282,0,1,0,0,1223223,65535,65535,65535,65535,65535,65535,65535,65535,65535,65535,65535,65535
1685394288,0,1,0,0,1223223,65535,65535,65535,65535,65535,65535,65535,65535,65535,65535,65535,65535
1685394294,0,1,0,0,1223223,65535,65535,65535,65535,65535,65535,65535,65535,65535,65535,65535,65535
1685394300,0,1,0,0,1223223,65535,65535,65535,65535,65535,65535,65535,65535,65535,65535,65535,65535
1685394306,0,1,0,0,1223223,65535,65535,65535,65535,65535,65535,65535,65535,65535,65535,65535,65535
1685394312,0,1,0,0,1223223,65535,65535,65535,65535,65535,65535,65535,65535,65535,65535,65535,65535
1685394318,0,1,0,0,1223223,65535,65535,65535,65535,65535,65535,65535,65535,65535,65535,65535,65535
1685394324,0,1,0,0,1223223,65535,65535,65535,65535,65535,65535,65535,65535,65535,65535,65535,65535
1685394330,0,1,0,0,1223223,65535,65535,65535,65535,65535,65535,65535,65535,65535,65535,65535,65535
1685394336,0,1,0,0,1223223,65535,65535,65535,65535,65535,65535,65535,65535,65535,65535,65535,65535
1685394342,0,1,0,0,1223223,65535,65535,65535,65535,65535,65535,65535,65535,65535,65535,65535,65535
1685394348,0,1,0,0,1223223,65535,65535,65535,65535,65535,65535,65535,65535,65535,65535,65535,65535
1685394354,0,1,0,0,1223223,65535,65535,65535,65535,65535,65535,65535,65535,65535,65535,65535,65535
1685394360,0,1,0,0,1223223,65535,65535,65535,65535,65535,65535,65535,65535,65535,65535,65535,65535
1685394366,0,1,0,0,1223223,65535,65535,65535,65535,65535,65535,65535,65535,65535,65535,65535,65535
1685394372,0,1,0,0,1223223,65535,65535,65535,65535,65535,65535,65535,65535,65535,65535,65535,65535
1685394378,0,1,0,0,1223223,65535,65535,65535,65535,65535,65535,65535,65535,65535,65535,65535,65535
1685394384,0,1,0,0,1223223,65535,65535,65535,65535,65535,65535,65535,65535,65535,65535,65535,65535
1685394390,0,1,0,0,1223223,65535,65535,65535,65535,65535,65535,65535,65535,65535,65535,65535,65535
1685394396,0,1,0,0,1223223,65535,65535,65535,65535,65535,65535,65535,65535,65535,65535,65535,65535
1685394402,0,1,0,0,1223223,65535,65535,65535,65535,65535,65535,65535,65535,65535,65535,65535,65535
1685394408,0,1,0,0,1223223,65535,65535,65535,65535,65535,65535,65535,65535,65535,65535,65535,65535
1685394414,0,1,0,0,1223223,65535,65535,65535,65535,65535,65535,65535,65535,65535,65535,65535,65535
1685394420,0,1,0,0,1223223,65535,65535,65535,65535,65535,65535,65535,65535,65535,65535,65535,65535
1685394426,0,1,0,0,1223223,65535,65535,65535,65535,65535,65535,65535,65535,65535,65535,65535,65535
1685394432,0,1,0,0,1223223,65535,65535,65535,65535,65535,65535,65535,65535,65535,65535,65535,65535
1685394438,0,1,0,0,1223223,65535,65535,65535,65535,65535,65535,65535,65535,65535,65535,65535,65535
1685394444,0,1,0,0,1223223,65535,65535,65535,65535,65535,65535,65535,65535,65535,65535,65535,65535
1685394450,0,1,0,0,1223223,65535,65535,65535,65535,65535,65535,65535,65535,65535,65535,65535,65535
1685394456,0,1,0,0,1223223,65535,65535,65535,65535,65535,65535,65535,65535,65535,65535,65535,65535
1685394462,0,1,0,0,1223223,65535,65535,65535,65535,65535,65535,65535,65535,65535,65535,65535,65535
1685394468,0,1,0,0,1223223,65535,65535,65535,65535,65535,65535,65535,65535,65535,65535,65535,65535
1685394474,0,1,0,0,1223223,65535,65535,65535,65535,65535,65535,65535,65535,65535,65535,65535,65535
1685394480,0,1,0,0,1223223,65535,65535,65535,65535,65535,65535,65535,65535,65535,65535,65535,65535
1685394486,0,1,0,0,1223223,65535,65535,65535,65535,65535,65535,65535,65535,65535,65535,65535,65535
1685394492,0,1,0,0,1223223,65535,65535,65535,65535,65535,65535,65535,65535,65535,65535,65535,65535
1685394498,0,1,0,0,1223223,65535,65535,65535,65535,65535,65535,65535,65535,65535,65535,65535,65535
1685394504,0,1,0,0,1223223,65535,65535,65535,65535,65535,65535,65535,65535,65535,65535,65535,65535
1685394510,0,1,0,0,1223223,65535,65535,65535,65535,65535,65535,65535,65535,65535,65535,65535,65535
1685394516,0,1,0,0,1223223,65535,65535,65535,65535,65535,65535,65535,65535,65535,65535,65535,65535
1685394522,0,1,0,0,1223223,65535,65535,65535,65535,65535,65535,65535,65535,65535,65535,65535,65535
1685394528,0,1,0,0,1223223,65535,65535,65535,65535,65535,65535,65535,65535,65535,65535,65535,65535
1685394534,0,1,0,0,1223223,65503,65535,65535,65535,65535,65535,65535,65535,65535,65535,65535,65535
1685394540,0,1,0,0,1223223,65438,65535,65535,65535,65535,65535,65535,65535,65535,65535,65535,65535
1685394546,0,1,0,0,1223223,65414,65535,65535,65535,65535,65535,65535,65535,65535,65535,65535,65535
1685394552,0,1,0,0,1223223,65413,65535,65535,65535,65535,65535,65535,65535,65535,65535,65535,65535
1685394558,0,1,0,0,1223223,65350,65535,65535,65535,65535,65535,65535,65535,65535,65535,65535,65535
1685394564,0,1,0,0,1223223,65306,65535,65535,65535,65535,65535,65535,65535,65535,65535,65535,65535
1685394570,0,1,0,0,1223223,65282,65535,65535,65535,65535,65535,65535,65535,65535,65535,65535,65535
1685394576,0,1,0,0,1223223,65251,65535,65535,65535,65535,65535,65535,65535,65535,65535,65535,65535
1685394582,0,1,0,0,1223223,65206,65535,65535,65535,65535,65535,65535,65535,65535,65535,65535,65535
1685394588,0,1,0,0,1223223,65184,65535,65535,65535,65535,65535,65535,65535,65535,65535,65535,65535
1685394594,0,1,0,0,1223223,65170,65535,65535,65535,65535,65535,65535,65535,65535,65535,65535,65535
1685394600,0,1,0,0,1223223,65100,65535,65535,65535,65535,65535,65535,65535,65535,65535,65535,65535
1685394606,0,1,0,0,1223223,65126,65535,65535,65535,65535,65535,65535,65535,65535,65535,65535,65535
1685394612,0,1,0,0,1223223,65062,65535,65535,65535,65535,65535,65535,65535,65535,65535,65535,65535
1685394618,0,1,0,0,1223223,65072,65535,65535,65535,65535,65535,65535,65535,65535,65535,65535,65535
1685394624,0,1,0,0,1223223,65036,65535,65535,65535,65535,65535,65535,65535,65535,65535,65535,65535
1685394630,0,1,0,0,1223223,64975,65535,65535,65535,65535,65535,65535,65535,65535,65535,65535,65535
1685394636,0,1,0,0,1223223,64941,65535,65535,65535,65535,65535,65535,65535,65535,65535,65535,65535
1685394642,0,1,0,0,1223223,64882,65535,65535,65535,65535,65535,65535,65535,65535,65535,65535,65535
1685394648,0,1,0,0,1223223,64874,65535,65535,65535,65535,65535,65535,65535,65535,65535,65535,65535
1685394654,0,1,0,0,1223223,64857,65535,65535,65535,65535,65535,65535,65535,65535,65535,65535,65535
1685394660,0,1,0,0,1223223,64827,65535,65535,65535,65535,65535,65535,65535,65535,65535,65535,65535
1685394666,0,1,0,0,1223223,64836,65535,65535,65535,65535,65535,65535,65535,65535,65535,65535,65535
1685394672,0,1,0,0,1223223,64810,65535,65535,65535,65535,65535,65535,65535,65535,65535,65535,65535
1685394678,0,1,0,0,1223223,64806,65535,65535,65535,65535,65535,65535,65535,65535,65535,65535,65535
1685394684,0,1,0,0,1223223,64794,65535,65535,65535,65535,65535,65535,65535,65535,65535,65535,65535
1685394690,0,1,0,0,1223223,64784,65535,65535,65535,65535,65535,65535,65535,65535,65535,65535,65535
1685394696,0,1,0,0,1223223,64784,65535,65535,65535,65535,65535,65535,65535,65535,65535,65535,65535
1685394702,0,1,0,0,1223223,64780,65535,65535,65535,65535,65535,65535,65535,65535,65535,65535,65535
1685394708,0,1,0,0,1223223,64708,65535,65535,65535,65535,65535,65535,65535,65535,65535,65535,65535
1685394714,0,1,0,0,1223223,64686,65535,65535,65535,65535,65535,65535,65535,65535,65535,65535,65535
1685394720,0,1,0,0,1223223,64678,65535,65535,65535,65535,65535,65535,65535,65535,65535,65535,65535
1685394726,0,1,0,0,1223223,64658,65535,65535,65535,65535,65535,65535,65535,65535,65535,65535,65535
1685394732,0,1,0,0,1223223,64648,65535,65535,65535,65535,65535,65535,65535,65535,65535,65535,65535
1685394738,0,1,0,0,1223223,64643,65535,65535,65535,65535,65535,65535,65535,65535,65535,65535,65535
1685394744,0,1,0,0,1223223,64601,65535,65535,65535,65535,65535,65535,65535,65535,65535,65535,65535
1685394750,0,1,0,0,1223223,64574,65535,65535,65535,65535,65535,65535,65535,65535,65535,65535,65535
1685394756,0,1,0,0,1223223,64586,65535,65535,65535,65535,65535,65535,65535,65535,65535,65535,65535
1685394762,0,1,0,0,1223223,64552,65535,65535,65535,65535,65535,65535,65535,65535,65535,65535,65535
1685394768,0,1,0,0,1223223,64500,65535,65535,65535,65535,65535,65535,65535,65535,65535,65535,65535
1685394774,0,1,0,0,1223223,64510,65535,65535,65535,65535,65535,65535,65535,65535,65535,65535,65535
1685394780,0,1,0,0,1223223,64497,65535,65535,65535,65535,65535,65535,65535,65535,65535,65535,65535
1685394786,0,1,0,0,1223223,64469,65535,65535,65535,65535,65535,65535,65535,65535,65535,65535,65535
1685394792,0,1,0,0,1223223,64451,65535,65535,65535,65535,65535,65535,65535,65535,65535,65535,65535
1685394798,0,1,0,0,1223223,64397,65535,65535,65535,65535,65535,65535,65535,65535,65535,65535,65535
1685394804,0,1,0,0,1223223,64401,65535,65535,65535,65535,65535,65535,65535,65535,65535,65535,65535
1685394810,0,1,0,0,1223223,64402,65535,65535,65535,65535,65535,65535,65535,65535,65535,65535,65535
1685394816,0,1,0,0,1223223,64389,65535,65535,65535,65535,65535,65535,65535,65535,65535,65535,65535
1685394822,0,1,0,0,1223223,64359,65535,65535,65535,65535,65535,65535,65535,65535,65535,65535,65535
1685394828,0,1,0,0,1223223,64340,65535,65535,65535,65535,65535,65535,65535,65535,65535,65535,65535
1685394834,0,1,0,0,1223223,64313,65535,65535,65535,65535,65535,65535,65535,65535,65535,65535,65535
1685394840,0,1,0,0,1223223,64287,65535,65535,65535,65535,65535,65535,65535,65535,65535,65535,65535
1685394846,0,1,0,0,1223223,64247,65535,65535,65535,65535,65535,65535,65535,65535,65535,65535,65535
1685394852,0,1,0,0,1223223,64179,65535,65535,65535,65535,65535,65535,65535,65535,65535,65535,65535
1685394858,0,1,0,0,1223223,64077,65535,65535,65535,65535,65535,65535,65535,65535,65535,65535,65535
1685394864,0,1,0,0,1223223,64044,65535,65535,65535,65535,65535,65535,65535,65535,65535,65535,65535
1685394870,0,1,0,0,1223223,63972,65535,65535,65535,65535,65535,65535,65535,65535,65535,65535,65535
1685394876,0,1,0,0,1223223,63891,65535,65535,65535,65535,65535,65535,65535,65535,65535,65535,65535
1685394882,0,1,0,0,1223223,63854,65535,65535,65535,65535,65535,65535,65535,65535,65535,65535,65535
1685394888,0,1,0,0,1223223,63802,65535,65535,65535,65535,65535,65535,65535,65535,65535,65535,65535
1685394894,0,1,0,0,1223223,63805,65535,65535,65535,65535,65535,65535,65535,65535,65535,65535,65535
1685394900,0,1,0,0,1223223,63761,65535,65535,65535,65535,65535,65535,65535,65535,65535,65535,65535
1685394906,0,1,0,0,1223223,63716,65535,65535,65535,65535,65535,65535,65535,65535,65535,65535,65535
1685394912,0,1,0,0,1223223,63712,65535,65535,65535,65535,65535,65535,65535,65535,65535,65535,65535
1685394918,0,1,0,0,1223223,63700,65535,65535,65535,65535,65535,65535,65535,65535,65535,65535,65535
1685394924,0,1,0,0,1223223,63699,65535,65535,65535,65535,65535,65535,65535,65535,65535,65535,65535
1685394930,0,1,0,0,1223223,63658,65535,65535,65535,65535,65535,65535,65535,65535,65535,65535,65535
1685394936,0,1,0,0,1223223,63637,65535,65535,65535,65535,65535,65535,65535,65535,65535,65535,65535
1685394942,0,1,0,0,1223223,63634,65535,65535,65535,65535,65535,65535,65535,65535,65535,65535,65535
1685394948,0,1,0,0,1223223,63629,65535,65535,65535,65535,65535,65535,65535,65535,65535,65535,65535
1685394954,0,1,0,0,1223223,63601,65535,65535,65535,65535,65535,65535,65535,65535,65535,65535,65535
1685394960,0,1,0,0,1223223,63562,65535,65535,65535,65535,65535,65535,65535,65535,65535,65535,65535
1685394966,0,1,0,0,1223223,63548,65535,65535,65535,65535,65535,65535,65535,65535,65535,65535,65535
1685394972,0,1,0,0,1223223,63553,65535,65535,65535,65535,65535,65535,65535,65535,65535,65535,65535
1685394978,0,1,0,0,1223223,63593,65535,65535,65535,65535,65535,65535,65535,65535,65535,65535,65535
1685394984,0,1,0,0,1223223,63575,65535,65535,65535,65535,65535,65535,65535,65535,65535,65535,65535
1685394990,0,1,0,0,1223223,63578,65535,65535,65535,65535,65535,65535,65535,65535,65535,65535,65535
1685394996,0,1,0,0,1223223,63621,65535,65535,65535,65535,65535,65535,65535,65535,65535,65535,65535
1685395002,0,1,0,0,1223223,63650,65535,65535,65535,65535,65535,65535,65535,65535,65535,65535,65535
1685395008,0,1,0,0,1223223,63639,65535,65535,65535,65535,65535,65535,65535,65535,65535,65535,65535
1685395014,0,1,0,0,1223223,63646,65535,65535,65535,65535,65535,65535,65535,65535,65535,65535,65535
1685395020,0,1,0,0,1223223,63652,65535,65535,65535,65535,65535,65535,65535,65535,65535,65535,65535
1685395026,0,1,0,0,1223223,63662,65535,65535,65535,65535,65535,65535,65535,65535,65535,65535,65535
1685395032,0,1,0,0,1223223,63652,65535,65535,65535,65535,65535,65535,65535,65535,65535,65535,65535
1685395038,0,1,0,0,1223223,63653,65535,65535,65535,65535,65535,65535,65535,65535,65535,65535,65535
1685395044,0,1,0,0,1223223,63666,65535,65535,65535,65535,65535,65535,65535,65535,65535,65535,65535
1685395050,0,1,0,0,1223223,63639,65535,65535,65535,65535,65535,65535,65535,65535,65535,65535,65535
1685395056,0,1,0,0,1223223,63609,65535,65535,65535,65535,65535,65535,65535,65535,65535,65535,65535
1685395062,0,1,0,0,1223223,63586,65535,65535,65535,65535,65535,65535,65535,65535,65535,65535,65535
1685395068,0,1,0,0,1223223,63561,65535,65535,65535,65535,65535,65535,65535,65535,65535,65535,65535
1685395074,0,1,0,0,1223223,63578,65535,65535,65535,65535,65535,65535,65535,65535,65535,65535,65535
1685395080,0,1,0,0,1223223,63594,65535,65535,65535,65535,65535,65535,65535,65535,65535,65535,65535
1685395086,0,1,0,0,1223223,63567,65535,65535,65535,65535,65535,65535,65535,65535,65535,65535,65535
1685395092,0,1,0,0,1223223,63566,65535,65535,65535,65535,65535,65535,65535,65535,65535,65535,65535
1685395098,0,1,0,0,1223223,63530,65535,65535,65535,65535,65535,65535,65535,65535,65535,65535,65535
1685395104,0,1,0,0,1223223,63526,65535,65535,65535,65535,65535,65535,65535,65535,65535,65535,65535
1685395110,0,1,0,0,1223223,63470,65535,65535,65535,65535,65535,65535,65535,65535,65535,65535,65535
1685395116,0,1,0,0,1223223,63415,65535,65535,65535,65535,65535,65535,65535,65535,65535,65535,65535
1685395122,0,1,0,0,1223223,63316,65535,65535,65535,65535,65535,65535,65535,65535,65535,65535,65535
1685395128,0,1,0,0,1223223,63264,65535,65535,65535,65535,65535,65535,65535,65535,65535,65535,65535
1685395134,0,1,0,0,1223223,63214,65535,65535,65535,65535,65535,65535,65535,65535,65535,65535,65535
1685395140,0,1,0,0,1223223,63183,65535,65535,65535,65535,65535,65535,65535,65535,65535,65535,65535
1685395146,0,1,0,0,1223223,63130,65535,65535,65535,65535,65535,65535,65535,65535,65535,65535,65535
1685395152,0,1,0,0,1223223,63073,65535,65535,65535,65535,65535,65535,65535,65535,65535,65535,65535
1685395158,0,1,0,0,1223223,62999,65535,65535,65535,65535,65535,65535,65535,65535,65535,65535,65535
1685395164,0,1,0,0,1223223,62950,65535,65535,65535,65535,65535,65535,65535,65535,65535,65535,65535
1685395170,0,1,0,0,1223223,62894,65535,65535,65535,65535,65535,65535,65535,65535,65535,65535,65535
1685395176,0,1,0,0,1223223,62858,65535,65535,65535,65535,65535,65535,65535,65535,65535,65535,65535
1685395182,0,1,0,0,1223223,62803,65535,65535,65535,65535,65535,65535,65535,65535,65535,65535,65535
1685395188,0,1,0,0,1223223,62763,65535,65535,65535,65535,65535,65535,65535,65535,65535,65535,65535
1685395194,0,1,0,0,1223223,62713,65535,65535,65535,65535,65535,65535,65535,65535,65535,65535,65535
1685395200,0,1,0,0,1223223,62625,65535,65535,65535,65535,65535,65535,65535,65535,65535,65535,65535
1685395206,0,1,0,0,1223223,62553,65535,65535,65535,65535,65535,65535,65535,65535,65535,65535,65535
1685395212,0,1,0,0,1223223,62502,65535,65535,65535,65535,65535,65535,65535,65535,65535,65535,65535
1685395218,0,1,0,0,1223223,62520,65535,65535,65535,65535,65535,65535,65535,65535,65535,65535,65535
1685395224,0,1,0,0,1223223,62484,65535,65535,65535,65535,65535,65535,65535,65535,65535,65535,65535
1685395230,0,1,0,0,1223223,62448,65535,65535,65535,65535,65535,65535,65535,65535,65535,65535,65535
1685395236,0,1,0,0,1223223,62427,65535,65535,65535,65535,65535,65535,65535,65535,65535,65535,65535
1685395242,0,1,0,0,1223223,62421,65535,65535,65535,65535,65535,65535,65535,65535,65535,65535,65535
1685395248,0,1,0,0,1223223,62420,65535,65535,65535,65535,65535,65535,65535,65535,65535,65535,65535
1685395254,0,1,0,0,1223223,62380,65535,65535,65535,65535,65535,65535,65535,65535,65535,65535,65535
1685395260,0,1,0,0,1223223,62328,65535,65535,65535,65535,65535,65535,65535,65535,65535,65535,65535
1685395266,0,1,0,0,1223223,62266,65535,65535,65535,65535,65535,65535,65535,65535,65535,65535,65535
1685395272,0,1,0,0,1223223,62191,65535,65535,65535,65535,65535,65535,65535,65535,65535,65535,65535
1685395278,0,1,0,0,1223223,62170,65535,65535,65535,65535,65535,65535,65535,65535,65535,65535,65535
1685395284,0,1,0,0,1223223,62181,65535,65535,65535,65535,65535,65535,65535,65535,65535,65535,65535
1685395290,0,1,0,0,1223223,62164,65535,65535,65535,65535,65535,65535,65535,65535,65535,65535,65535
1685395296,0,1,0,0,1223223,62065,65535,65535,65535,65535,65535,65535,65535,65535,65535,65535,65535
1685395302,0,1,0,0,1223223,62033,65535,65535,65535,65535,65535,65535,65535,65535,65535,65535,65535
1685395308,0,1,0,0,1223223,61986,65535,65535,65535,65535,65535,65535,65535,65535,65535,65535,65535
1685395314,0,1,0,0,1223223,61967,65535,65535,65535,65535,65535,65535,65535,65535,65535,65535,65535
1685395320,0,1,0,0,1223223,61883,65535,65535,65535,65535,65535,65535,65535,65535,65535,65535,65535
1685395326,0,1,0,0,1223223,61824,65535,65535,65535,65535,65535,65535,65535,65535,65535,65535,65535
1685395332,0,1,0,0,1223223,61812,65535,65535,65535,65535,65535,65535,65535,65535,65535,65535,65535
1685395338,0,1,0,0,1223223,61761,65535,65535,65535,65535,65535,65535,65535,65535,65535,65535,65535
1685395344,0,1,0,0,1223223,61766,65535,65535,65535,65535,65535,65535,65535,65535,65535,65535,65535
1685395350,0,1,0,0,1223223,61693,65535,65535,65535,65535,65535,65535,65535,65535,65535,65535,65535
1685395356,0,1,0,0,1223223,61708,65535,65535,65535,65535,65535,65535,65535,65535,65535,65535,65535
1685395362,0,1,0,0,1223223,61629,65535,65535,65535,65535,65535,65535,65535,65535,65535,65535,65535
1685395368,0,1,0,0,1223223,61681,65535,65535,65535,65535,65535,65535,65535,65535,65535,65535,65535
1685395374,0,1,0,0,1223223,61588,65535,65535,65535,65535,65535,65535,65535,65535,65535,65535,65535
1685395380,0,1,0,0,1223223,61539,65535,65535,65535,65535,65535,65535,65535,65535,65535,65535,65535
1685395386,0,1,0,0,1223223,61562,65535,65535,65535,65535,65535,65535,65535,65535,65535,65535,65535
1685395392,0,1,0,0,1223223,61506,65535,65535,65535,65535,65535,65535,65535,65535,65535,65535,65535
1685395398,0,1,0,0,1223223,61467,65535,65535,65535,65535,65535,65535,65535,65535,65535,65535,65535
1685395404,0,1,0,0,1223223,61441,65535,65535,65535,65535,65535,65535,65535,65535,65535,65535,65535
1685395410,0,1,0,0,1223223,61465,65535,65535,65535,65535,65535,65535,65535,65535,65535,65535,65535
1685395416,0,1,0,0,1223223,61417,65535,65535,65535,65535,65535,65535,65535,65535,65535,65535,65535
1685395422,0,1,0,0,1223223,61469,65535,65535,65535,65535,65535,65535,65535,65535,65535,65535,65535
1685395428,0,1,0,0,1223223,61457,65535,65535,65535,65535,65535,65535,65535,65535,65535,65535,65535
1685395434,0,1,0,0,1223223,61428,65535,65535,65535,65535,65535,65535,65535,65535,65535,65535,65535
1685395440,0,1,0,0,1223223,61422,65535,65535,65535,65535,65535,65535,65535,65535,65535,65535,65535
1685395446,0,1,0,0,1223223,61494,65535,65535,65535,65535,65535,65535,65535,65535,65535,65535,65535
1685395452,0,1,0,0,1223223,61562,65535,65535,65535,65535,65535,65535,65535,65535,65535,65535,65535
1685395458,0,1,0,0,1223223,61518,65535,65535,65535,65535,65535,65535,65535,65535,65535,65535,65535
1685395464,0,1,0,0,1223223,61581,65535,65535,65535,65535,65535,65535,65535,65535,65535,65535,65535
1685395470,0,1,0,0,1223223,61604,65535,65535,65535,65535,65535,65535,65535,65535,65535,65535,65535
1685395476,0,1,0,0,1223223,61599,65535,65535,65535,65535,65535,65535,65535,65535,65535,65535,65535
1685395482,0,1,0,0,1223223,61589,65535,65535,65535,65535,65535,65535,65535,65535,65535,65535,65535
1685395488,0,1,0,0,1223223,61634,65535,65535,65535,65535,65535,65535,65535,65535,65535,65535,65535
1685395494,0,1,0,0,1223223,61577,65535,65535,65535,65535,65535,65535,65535,65535,65535,65535,65535
1685395500,0,1,0,0,1223223,61646,65535,65535,65535,65535,65535,65535,65535,65535,65535,65535,65535
1685395506,0,1,0,0,1223223,61620,65535,65535,65535,65535,65535,65535,65535,65535,65535,65535,65535
1685395512,0,1,0,0,1223223,62206,65535,65535,65535,65535,65535,65535,65535,65535,65535,65535,65535
1685395518,0,1,0,0,1223223,61644,65535,65535,65535,65535,65535,65535,65535,65535,65535,65535,65535
1685395524,0,1,0,0,1223223,61557,65535,65535,65535,65535,65535,65535,65535,65535,65535,65535,65535
1685395530,0,1,0,0,1223223,61605,65535,65535,65535,65535,65535,65535,65535,65535,65535,65535,65535
1685395536,0,1,0,0,1223223,61583,65535,65535,65535,65535,65535,65535,65535,65535,65535,65535,65535
1685395542,0,1,0,0,1223223,61614,65535,65535,65535,65535,65535,65535,65535,65535,65535,65535,65535
1685395548,0,1,0,0,1223223,61607,65535,65535,65535,65535,65535,65535,65535,65535,65535,65535,65535
1685395554,0,1,0,0,1223223,61577,65535,65535,65535,65535,65535,65535,65535,65535,65535,65535,65535
1685395560,0,1,0,0,1223223,61566,65535,65535,65535,65535,65535,65535,65535,65535,65535,65535,65535
1685395566,0,1,0,0,1223223,61514,65535,65535,65535,65535,65535,65535,65535,65535,65535,65535,65535
1685395572,0,1,0,0,1223223,61471,65535,65535,65535,65535,65535,65535,65535,65535,65535,65535,65535
1685395578,0,1,0,0,1223223,61470,65535,65535,65535,65535,65535,65535,65535,65535,65535,65535,65535
1685395584,0,1,0,0,1223223,61415,65535,65535,65535,65535,65535,65535,65535,65535,65535,65535,65535
1685395590,0,1,0,0,1223223,61392,65535,65535,65535,65535,65535,65535,65535,65535,65535,65535,65535
1685395596,0,1,0,0,1223223,61415,65535,65535,65535,65535,65535,65535,65535,65535,65535,65535,65535
1685395602,0,1,0,0,1223223,61465,65535,65535,65535,65535,65535,65535,65535,65535,65535,65535,65535
1685395608,0,1,0,0,1223223,61461,65535,65535,65535,65535,65535,65535,65535,65535,65535,65535,65535
1685395614,0,1,0,0,1223223,61371,65535,65535,65535,65535,65535,65535,65535,65535,65535,65535,65535
1685395620,0,1,0,0,1223223,61413,65535,65535,65535,65535,65535,65535,65535,65535,65535,65535,65535
1685395626,0,1,0,0,1223223,61331,65535,65535,65535,65535,65535,65535,65535,65535,65535,65535,65535
1685395632,0,1,0,0,1223223,61358,65535,65535,65535,65535,65535,65535,65535,65535,65535,65535,65535
1685395638,0,1,0,0,1223223,61308,65535,65535,65535,65535,65535,65535,65535,65535,65535,65535,65535
1685395644,0,1,0,0,1223223,61328,65535,65535,65535,65535,65535,65535,65535,65535,65535,65535,65535
1685395650,0,1,0,0,1223223,61268,65535,65535,65535,65535,65535,65535,65535,65535,65535,65535,65535
1685395656,0,1,0,0,1223223,61271,65535,65535,65535,65535,65535,65535,65535,65535,65535,65535,65535
1685395662,0,1,0,0,1223223,61205,65535,65535,65535,65535,65535,65535,65535,65535,65535,65535,65535
1685395668,0,1,0,0,1223223,61094,65535,65535,65535,65535,65535,65535,65535,65535,65535,65535,65535
1685395674,0,1,0,0,1223223,61043,65535,65535,65535,65535,65535,65535,65535,65535,65535,65535,65535
1685395680,0,1,0,0,1223223,61006,65535,65535,65535,65535,65535,65535,65535,65535,65535,65535,65535
1685395686,0,1,0,0,1223223,60935,65535,65535,65535,65535,65535,65535,65535,65535,65535,65535,65535
1685395692,0,1,0,0,1223223,60902,65535,65535,65535,65535,65535,65535,65535,65535,65535,65535,65535
1685395698,0,1,0,0,1223223,60813,65535,65535,65535,65535,65535,65535,65535,65535,65535,65535,65535
1685395704,0,1,0,0,1223223,60790,65535,65535,65535,65535,65535,65535,65535,65535,65535,65535,65535
1685395710,0,1,0,0,1223223,60743,65535,65535,65535,65535,65535,65535,65535,65535,65535,65535,65535
1685395716,0,1,0,0,1223223,60717,65535,65535,65535,65535,65535,65535,65535,65535,65535,65535,65535
1685395722,0,1,0,0,1223223,60713,65535,65535,65535,65535,65535,65535,65535,65535,65535,65535,65535
1685395728,0,1,0,0,1223223,60700,65535,65535,65535,65535,65535,65535,65535,65535,65535,65535,65535
1685395734,0,1,0,0,1223223,60644,65535,65535,65535,65535,65535,65535,65535,65535,65535,65535,65535
1685395740,0,1,0,0,1223223,60610,65535,65535,65535,65535,65535,65535,65535,65535,65535,65535,65535
1685395746,0,1,0,0,1223223,60626,65535,65535,65535,65535,65535,65535,65535,65535,65535,65535,65535
1685395752,0,1,0,0,1223223,60632,65535,65535,65535,65535,65535,65535,65535,65535,65535,65535,65535
1685395758,0,1,0,0,1223223,60636,65535,65535,65535,65535,65535,65535,65535,65535,65535,65535,65535
1685395764,0,1,0,0,1223223,60610,65535,65535,65535,65535,65535,65535,65535,65535,65535,65535,65535
1685395770,0,1,0,0,1223223,60621,65535,65535,65535,65535,65535,65535,65535,65535,65535,65535,65535
1685395776,0,1,0,0,1223223,60619,65535,65535,65535,65535,65535,65535,65535,65535,65535,65535,65535
1685395782,0,1,0,0,1223223,60600,65535,65535,65535,65535,65535,65535,65535,65535,65535,65535,65535
1685395788,0,1,0,0,1223223,60606,65535,65535,65535,65535,65535,65535,65535,65535,65535,65535,65535
1685395794,0,1,0,0,1223223,60600,65535,65535,65535,65535,65535,65535,65535,65535,65535,65535,65535
1685395800,0,1,0,0,1223223,60581,65535,65535,65535,65535,65535,65535,65535,65535,65535,65535,65535
1685395806,0,1,0,0,1223223,60585,65535,65535,65535,65535,65535,65535,65535,65535,65535,65535,65535
1685395812,0,1,0,0,1223223,60558,65535,65535,65535,65535,65535,65535,65535,65535,65535,65535,65535
1685395818,0,1,0,0,1223223,60541,65535,65535,65535,65535,65535,65535,65535,65535,65535,65535,65535
1685395824,0,1,0,0,1223223,60467,65535,65535,65535,65535,65535,65535,65535,65535,65535,65535,65535
1685395830,0,1,0,0,1223223,60461,65535,65535,65535,65535,65535,65535,65535,65535,65535,65535,65535
1685395836,0,1,0,0,1223223,60389,65535,65535,65535,65535,65535,65535,65535,65535,65535,65535,65535
1685395842,0,1,0,0,1223223,60484,65535,65535,65535,65535,65535,65535,65535,65535,65535,65535,65535
1685395848,0,1,0,0,1223223,60384,65535,65535,65535,65535,65535,65535,65535,65535,65535,65535,65535
1685395854,0,1,0,0,1223223,60450,65535,65535,65535,65535,65535,65535,65535,65535,65535,65535,65535
1685395860,0,1,0,0,1223223,60432,65535,65535,65535,65535,65535,65535,65535,65535,65535,65535,65535
1685395866,0,1,0,0,1223223,60367,65535,65535,65535,65535,65535,65535,65535,65535,65535,65535,65535
1685395872,0,1,0,0,1223223,60381,65535,65535,65535,65535,65535,65535,65535,65535,65535,65535,65535
1685395878,0,1,0,0,1223223,60914,65535,65535,65535,65535,65535,65535,65535,65535,65535,65535,65535
1685395884,0,1,0,0,1223223,60368,65535,65535,65535,65535,65535,65535,65535,65535,65535,65535,65535
1685395890,0,1,0,0,1223223,60294,65535,65535,65535,65535,65535,65535,65535,65535,65535,65535,65535
1685395896,0,1,0,0,1223223,60234,65535,65535,65535,65535,65535,65535,65535,65535,65535,65535,65535
1685395902,0,1,0,0,1223223,60242,65535,65535,65535,65535,65535,65535,65535,65535,65535,65535,65535
1685395908,0,1,0,0,1223223,60193,65535,65535,65535,65535,65535,65535,65535,65535,65535,65535,65535
1685395914,0,1,0,0,1223223,60176,65535,65535,65535,65535,65535,65535,65535,65535,65535,65535,65535
1685395920,0,1,0,0,1223223,60156,65535,65535,65535,65535,65535,65535,65535,65535,65535,65535,65535
1685395926,0,1,0,0,1223223,60019,65535,65535,65535,65535,65535,65535,65535,65535,65535,65535,65535
1685395932,0,1,0,0,1223223,59991,65535,65535,65535,65535,65535,65535,65535,65535,65535,65535,65535
1685395938,0,1,0,0,1223223,59945,65535,65535,65535,65535,65535,65535,65535,65535,65535,65535,65535
1685395944,0,1,0,0,1223223,59918,65535,65535,65535,65535,65535,65535,65535,65535,65535,65535,65535
1685395950,0,1,0,0,1223223,59839,65535,65535,65535,65535,65535,65535,65535,65535,65535,65535,65535
1685395956,0,1,0,0,1223223,59843,65535,65535,65535,65535,65535,65535,65535,65535,65535,65535,65535
1685395962,0,1,0,0,1223223,59718,65535,65535,65535,65535,65535,65535,65535,65535,65535,65535,65535
1685395968,0,1,0,0,1223223,59653,65535,65535,65535,65535,65535,65535,65535,65535,65535,65535,65535
1685395974,0,1,0,0,1223223,59652,65535,65535,65535,65535,65535,65535,65535,65535,65535,65535,65535
1685395980,0,1,0,0,1223223,59586,65535,65535,65535,65535,65535,65535,65535,65535,65535,65535,65535
1685395986,0,1,0,0,1223223,59534,65535,65535,65535,65535,65535,65535,65535,65535,65535,65535,65535
1685395992,0,1,0,0,1223223,59447,65535,65535,65535,65535,65535,65535,65535,65535,65535,65535,65535
1685395998,0,1,0,0,1223223,59414,65535,65535,65535,65535,65535,65535,65535,65535,65535,65535,65535
1685396004,0,1,0,0,1223223,59403,65535,65535,65535,65535,65535,65535,65535,65535,65535,65535,65535
1685396010,0,1,0,0,1223223,59419,65535,65535,65535,65535,65535,65535,65535,65535,65535,65535,65535
1685396016,0,1,0,0,1223223,59340,65535,65535,65535,65535,65535,65535,65535,65535,65535,65535,65535
1685396022,0,1,0,0,1223223,59247,65535,65535,65535,65535,65535,65535,65535,65535,65535,65535,65535
1685396028,0,1,0,0,1223223,59218,65535,65535,65535,65535,65535,65535,65535,65535,65535,65535,65535
1685396034,0,1,0,0,1223223,59213,65535,65535,65535,65535,65535,65535,65535,65535,65535,65535,65535
1685396040,0,1,0,0,1223223,59254,65535,65535,65535,65535,65535,65535,65535,65535,65535,65535,65535
1685396046,0,1,0,0,1223223,59300,65535,65535,65535,65535,65535,65535,65535,65535,65535,65535,65535
1685396052,0,1,0,0,1223223,59226,65535,65535,65535,65535,65535,65535,65535,65535,65535,65535,65535
1685396058,0,1,0,0,1223223,59152,65535,65535,65535,65535,65535,65535,65535,65535,65535,65535,65535
1685396064,0,1,0,0,1223223,59059,65535,65535,65535,65535,65535,65535,65535,65535,65535,65535,65535
1685396070,0,1,0,0,1223223,59007,65535,65535,65535,65535,65535,65535,65535,65535,65535,65535,65535
1685396076,0,1,0,0,1223223,58887,65535,65535,65535,65535,65535,65535,65535,65535,65535,65535,65535
1685396082,0,1,0,0,1223223,58812,65535,65535,65535,65535,65535,65535,65535,65535,65535,65535,65535
1685396088,0,1,0,0,1223223,58748,65535,65535,65535,65535,65535,65535,65535,65535,65535,65535,65535
1685396094,0,1,0,0,1223223,58675,65535,65535,65535,65535,65535,65535,65535,65535,65535,65535,65535
1685396100,0,1,0,0,1223223,59190,65535,65535,65535,65535,65535,65535,65535,65535,65535,65535,65535
1685396106,0,1,0,0,1223223,58541,65535,65535,65535,65535,65535,65535,65535,65535,65535,65535,65535
1685396112,0,1,0,0,1223223,58518,65535,65535,65535,65535,65535,65535,65535,65535,65535,65535,65535
1685396118,0,1,0,0,1223223,58408,65535,65535,65535,65535,65535,65535,65535,65535,65535,65535,65535
1685396124,0,1,0,0,1223223,58345,65535,65535,65535,65535,65535,65535,65535,65535,65535,65535,65535
1685396130,0,1,0,0,1223223,58337,65535,65535,65535,65535,65535,65535,65535,65535,65535,65535,65535
1685396136,0,1,0,0,1223223,58339,65535,65535,65535,65535,65535,65535,65535,65535,65535,65535,65535
1685396142,0,1,0,0,1223223,58385,65535,65535,65535,65535,65535,65535,65535,65535,65535,65535,65535
1685396148,0,1,0,0,1223223,58230,65535,65535,65535,65535,65535,65535,65535,65535,65535,65535,65535
1685396154,0,1,0,0,1223223,59011,65535,65535,65535,65535,65535,65535,65535,65535,65535,65535,65535
1685396160,0,1,0,0,1223223,58248,65535,65535,65535,65535,65535,65535,65535,65535,65535,65535,65535
1685396166,0,1,0,0,1223223,58173,65535,65535,65535,65535,65535,65535,65535,65535,65535,65535,65535
1685396172,0,1,0,0,1223223,58655,65535,65535,65535,65535,65535,65535,65535,65535,65535,65535,65535
1685396178,0,1,0,0,1223223,58634,65535,65535,65535,65535,65535,65535,65535,65535,65535,65535,65535
1685396184,0,1,0,0,1223223,58450,65535,65535,65535,65535,65535,65535,65535,65535,65535,65535,65535
1685396190,0,1,0,0,1223223,58424,65535,65535,65535,65535,65535,65535,65535,65535,65535,65535,65535
1685396196,0,1,0,0,1223223,58230,65535,65535,65535,65535,65535,65535,65535,65535,65535,65535,65535
1685396202,0,1,0,0,1223223,57680,65535,65535,65535,65535,65535,65535,65535,65535,65535,65535,65535
1685396208,0,1,0,0,1223223,58091,65535,65535,65535,65535,65535,65535,65535,65535,65535,65535,65535
1685396214,0,1,0,0,1223223,57467,65535,65535,65535,65535,65535,65535,65535,65535,65535,65535,65535
1685396220,0,1,0,0,1223223,57780,65535,65535,65535,65535,65535,65535,65535,65535,65535,65535,65535
1685396226,0,1,0,0,1223223,57219,65535,65535,65535,65535,65535,65535,65535,65535,65535,65535,65535
1685396232,0,1,0,0,1223223,57116,65535,65535,65535,65535,65535,65535,65535,65535,65535,65535,65535
1685396238,0,1,0,0,1223223,57540,65535,65535,65535,65535,65535,65535,65535,65535,65535,65535,65535
1685396244,0,1,0,0,1223223,57560,65535,65535,65535,65535,65535,65535,65535,65535,65535,65535,65535
1685396250,0,1,0,0,1223223,57582,65535,65535,65535,65535,65535,65535,65535,65535,65535,65535,65535
1685396256,0,1,0,0,1223223,57143,65535,65535,65535,65535,65535,65535,65535,65535,65535,65535,65535
1685396262,0,1,0,0,1223223,57351,65535,65535,65535,65535,65535,65535,65535,65535,65535,65535,65535
1685396268,0,1,0,0,1223223,57301,65535,65535,65535,65535,65535,65535,65535,65535,65535,65535,65535
1685396274,0,1,0,0,1223223,57498,65535,65535,65535,65535,65535,65535,65535,65535,65535,65535,65535
1685396280,0,1,0,0,1223223,57422,65535,65535,65535,65535,65535,65535,65535,65535,65535,65535,65535
1685396286,0,1,0,0,1223223,57409,65535,65535,65535,65535,65535,65535,65535,65535,65535,65535,65535
1685396292,0,1,0,0,1223223,56902,65535,65535,65535,65535,65535,65535,65535,65535,65535,65535,65535
1685396298,0,1,0,0,1223223,57267,65535,65535,65535,65535,65535,65535,65535,65535,65535,65535,65535
1685396304,0,1,0,0,1223223,57215,65535,65535,65535,65535,65535,65535,65535,65535,65535,65535,65535
1685396310,0,1,0,0,1223223,57240,65535,65535,65535,65535,65535,65535,65535,65535,65535,65535,65535
1685396316,0,1,0,0,1223223,57066,65535,65535,65535,65535,65535,65535,65535,65535,65535,65535,65535
1685396322,0,1,0,0,1223223,57148,65535,65535,65535,65535,65535,65535,65535,65535,65535,65535,65535
1685396328,0,1,0,0,1223223,56672,65535,65535,65535,65535,65535,65535,65535,65535,65535,65535,65535
1685396334,0,1,0,0,1223223,57140,65535,65535,65535,65535,65535,65535,65535,65535,65535,65535,65535
1685396340,0,1,0,0,1223223,57108,65535,65535,65535,65535,65535,65535,65535,65535,65535,65535,65535
1685396346,0,1,0,0,1223223,56968,65535,65535,65535,65535,65535,65535,65535,65535,65535,65535,65535
1685396352,0,1,0,0,11053,57024,65535,65535,65535,65535,65535,65535,65535,65535,65535,65535,65535
1685396358,0,1,0,0,11053,57056,65535,65535,65535,65535,65535,65535,65535,65535,65535,65535,65535
1685396364,0,1,0,0,11053,57046,65535,65535,65535,65535,65535,65535,65535,65535,65535,65535,65535
1685396370,0,1,0,0,11052,56998,65535,65535,65535,65535,65535,65535,65535,65535,65535,65535,65535
1685396376,0,1,0,0,11045,56510,65535,65535,65535,65535,65535,65535,65535,65535,65535,65535,65535
1685396382,0,1,0,0,11044,56427,65535,65535,65535,65535,65535,65535,65535,65535,65535,65535,65535
1685396388,0,1,0,0,11042,56894,65535,65535,65535,65535,65535,65535,65535,65535,65535,65535,65535
1685396394,0,1,0,0,11041,56776,65535,65535,65535,65535,65535,65535,65535,65535,65535,65535,65535
1685396400,0,1,0,0,11040,56360,65535,65535,65535,65535,65535,65535,65535,65535,65535,65535,65535
1685396406,0,1,0,0,11034,56732,65535,65535,65535,65535,65535,65535,65535,65535,65535,65535,65535
1685396412,0,1,0,0,11033,56665,65535,65535,65535,65535,65535,65535,65535,65535,65535,65535,65535
1685396418,0,1,0,0,11032,56235,65535,65535,65535,65535,65535,65535,65535,65535,65535,65535,65535
1685396424,0,1,0,0,11025,56559,65535,65535,65535,65535,65535,65535,65535,65535,65535,65535,65535
1685396430,0,1,0,0,11024,56117,65535,65535,65535,65535,65535,65535,65535,65535,65535,65535,65535
1685396436,0,1,0,0,11021,56392,65535,65535,65535,65535,65535,65535,65535,65535,65535,65535,65535
1685396442,0,1,0,0,11015,56314,65535,65535,65535,65535,65535,65535,65535,65535,65535,65535,65535
1685396448,0,1,0,0,11013,56235,65535,65535,65535,65535,65535,65535,65535,65535,65535,65535,65535
1685396454,0,1,0,0,11005,56094,65535,65535,65535,65535,65535,65535,65535,65535,65535,65535,65535
1685396460,0,1,0,0,11002,55987,65535,65535,65535,65535,65535,65535,65535,65535,65535,65535,65535
1685396466,0,1,0,0,10553,55751,65535,65535,65535,65535,65535,65535,65535,65535,65535,65535,65535
1685396472,0,1,0,0,10550,55742,65535,65535,65535,65535,65535,65535,65535,65535,65535,65535,65535
1685396478,0,1,0,0,10543,55666,65535,65535,65535,65535,65535,65535,65535,65535,65535,65535,65535
1685396484,0,1,0,0,10535,55447,65535,65535,65535,65535,65535,65535,65535,65535,65535,65535,65535
1685396490,0,1,0,0,10532,55511,65535,65535,65535,65535,65535,65535,65535,65535,65535,65535,65535
1685396496,0,1,0,0,10530,55298,65535,65535,65535,65535,65535,65535,65535,65535,65535,65535,65535
1685396502,0,1,0,0,10523,54919,65535,65535,65535,65535,65535,65535,65535,65535,65535,65535,65535
1685396508,0,1,0,0,10520,55211,65535,65535,65535,65535,65535,65535,65535,65535,65535,65535,65535
1685396514,0,1,0,0,10514,55215,65535,65535,65535,65535,65535,65535,65535,65535,65535,65535,65535
1685396520,0,1,0,0,10512,55114,65535,65535,65535,65535,65535,65535,65535,65535,65535,65535,65535
1685396526,0,1,0,0,10505,54904,65535,65535,65535,65535,65535,65535,65535,65535,65535,65535,65535
1685396532,0,1,0,0,10503,54815,65535,65535,65535,65535,65535,65535,65535,65535,65535,65535,65535
1685396538,0,1,0,0,10500,54900,65535,65535,65535,65535,65535,65535,65535,65535,65535,65535,65535
1685396544,0,1,0,0,10454,54455,65535,65535,65535,65535,65535,65535,65535,65535,65535,65535,65535
1685396550,0,1,0,0,10452,54730,65535,65535,65535,65535,65535,65535,65535,65535,65535,65535,65535
1685396556,0,1,0,0,10450,54705,65535,65535,65535,65535,65535,65535,65535,65535,65535,65535,65535
1685396562,0,1,0,0,10444,54606,65535,65535,65535,65535,65535,65535,65535,65535,65535,65535,65535
1685396568,0,1,0,0,10443,54593,65535,65535,65535,65535,65535,65535,65535,65535,65535,65535,65535
1685396574,0,1,0,0,10443,54577,65535,65535,65535,65535,65535,65535,65535,65535,65535,65535,65535
1685396580,0,1,0,0,10441,54556,65535,65535,65535,65535,65535,65535,65535,65535,65535,65535,65535
1685396586,0,1,0,0,10440,54398,65535,65535,65535,65535,65535,65535,65535,65535,65535,65535,65535
1685396592,0,1,0,0,10434,54437,65535,65535,65535,65535,65535,65535,65535,65535,65535,65535,65535
1685396598,0,1,0,0,10433,54312,65535,65535,65535,65535,65535,65535,65535,65535,65535,65535,65535
1685396604,0,1,0,0,10431,54014,65535,65535,65535,65535,65535,65535,65535,65535,65535,65535,65535
1685396610,0,1,0,0,10430,53994,65535,65535,65535,65535,65535,65535,65535,65535,65535,65535,65535
1685396616,0,1,0,0,10425,53939,65535,65535,65535,65535,65535,65535,65535,65535,65535,65535,65535
1685396622,0,1,0,0,10423,54110,65535,65535,65535,65535,65535,65535,65535,65535,65535,65535,65535
1685396628,0,1,0,0,10422,54196,65535,65535,65535,65535,65535,65535,65535,65535,65535,65535,65535
1685396634,0,1,0,0,10421,54142,65535,65535,65535,65535,65535,65535,65535,65535,65535,65535,65535
1685396640,0,1,0,0,10420,54040,65535,65535,65535,65535,65535,65535,65535,65535,65535,65535,65535
1685396646,0,1,0,0,10414,54125,65535,65535,65535,65535,65535,65535,65535,65535,65535,65535,65535
1685396652,0,1,0,0,10413,53958,65535,65535,65535,65535,65535,65535,65535,65535,65535,65535,65535
1685396658,0,1,0,0,10412,54041,65535,65535,65535,65535,65535,65535,65535,65535,65535,65535,65535
1685396664,0,1,0,0,10410,54006,65535,65535,65535,65535,65535,65535,65535,65535,65535,65535,65535
1685396670,0,1,0,0,10404,53956,65535,65535,65535,65535,65535,65535,65535,65535,65535,65535,65535
1685396676,0,1,0,0,10404,53808,65535,65535,65535,65535,65535,65535,65535,65535,65535,65535,65535
1685396682,0,1,0,0,10401,53825,65535,65535,65535,65535,65535,65535,65535,65535,65535,65535,65535
1685396688,0,1,0,0,10355,53745,65535,65535,65535,65535,65535,65535,65535,65535,65535,65535,65535
1685396694,0,1,0,0,10353,53645,65535,65535,65535,65535,65535,65535,65535,65535,65535,65535,65535
1685396700,0,1,0,0,10352,53571,65535,65535,65535,65535,65535,65535,65535,65535,65535,65535,65535
1685396706,0,1,0,0,10350,53494,65535,65535,65535,65535,65535,65535,65535,65535,65535,65535,65535
1685396712,0,1,0,0,10344,53449,65535,65535,65535,65535,65535,65535,65535,65535,65535,65535,65535
1685396718,0,1,0,0,10343,53492,65535,65535,65535,65535,65535,65535,65535,65535,65535,65535,65535
1685396724,0,1,0,0,10340,53399,65535,65535,65535,65535,65535,65535,65535,65535,65535,65535,65535
1685396730,0,1,0,0,10334,53373,65535,65535,65535,65535,65535,65535,65535,65535,65535,65535,65535
1685396736,0,1,0,0,10332,53268,65535,65535,65535,65535,65535,65535,65535,65535,65535,65535,65535
1685396742,0,1,0,0,10331,53196,65535,65535,65535,65535,65535,65535,65535,65535,65535,65535,65535
1685396748,0,1,0,0,10325,53171,65535,65535,65535,65535,65535,65535,65535,65535,65535,65535,65535
1685396754,0,1,0,0,10324,53130,65535,65535,65535,65535,65535,65535,65535,65535,65535,65535,65535
1685396760,0,1,0,0,10322,53120,65535,65535,65535,65535,65535,65535,65535,65535,65535,65535,65535
1685396766,0,1,0,0,10320,53062,65535,65535,65535,65535,65535,65535,65535,65535,65535,65535,65535
1685396772,0,1,0,0,10314,53012,65535,65535,65535,65535,65535,65535,65535,65535,65535,65535,65535
1685396778,0,1,0,0,10313,52879,65535,65535,65535,65535,65535,65535,65535,65535,65535,65535,65535
1685396784,0,1,0,0,10311,52686,65535,65535,65535,65535,65535,65535,65535,65535,65535,65535,65535
1685396790,0,1,0,0,10310,52800,65535,65535,65535,65535,65535,65535,65535,65535,65535,65535,65535
1685396796,0,1,0,0,10304,52771,65535,65535,65535,65535,65535,65535,65535,65535,65535,65535,65535
1685396802,0,1,0,0,10304,52801,65535,65535,65535,65535,65535,65535,65535,65535,65535,65535,65535
1685396808,0,1,0,0,10303,52750,65535,65535,65535,65535,65535,65535,65535,65535,65535,65535,65535
1685396814,0,1,0,0,10301,52665,65535,65535,65535,65535,65535,65535,65535,65535,65535,65535,65535
1685396820,0,1,0,0,10301,52658,65535,65535,65535,65535,65535,65535,65535,65535,65535,65535,65535
1685396826,0,1,0,0,10255,52651,65535,65535,65535,65535,65535,65535,65535,65535,65535,65535,65535
1685396832,0,1,0,0,10254,52519,65535,65535,65535,65535,65535,65535,65535,65535,65535,65535,65535
1685396838,0,1,0,0,10252,52443,65535,65535,65535,65535,65535,65535,65535,65535,65535,65535,65535
1685396844,0,1,0,0,10251,52439,65535,65535,65535,65535,65535,65535,65535,65535,65535,65535,65535
1685396850,0,1,0,0,10250,52429,65535,65535,65535,65535,65535,65535,65535,65535,65535,65535,65535
1685396856,0,1,0,0,10245,52351,65535,65535,65535,65535,65535,65535,65535,65535,65535,65535,65535
1685396862,0,1,0,0,10243,52355,65535,65535,65535,65535,65535,65535,65535,65535,65535,65535,65535
1685396868,0,1,0,0,10242,52291,65535,65535,65535,65535,65535,65535,65535,65535,65535,65535,65535
1685396874,0,1,0,0,10241,52261,65535,65535,65535,65535,65535,65535,65535,65535,65535,65535,65535
1685396880,0,1,0,0,10240,52205,65535,65535,65535,65535,65535,65535,65535,65535,65535,65535,65535
1685396886,0,1,0,0,10240,52193,65535,65535,65535,65535,65535,65535,65535,65535,65535,65535,65535
1685396892,0,1,0,0,10240,52177,65535,65535,65535,65535,65535,65535,65535,65535,65535,65535,65535
1685396898,0,1,0,0,10235,52153,65535,65535,65535,65535,65535,65535,65535,65535,65535,65535,65535
1685396904,0,1,0,0,10234,52091,65535,65535,65535,65535,65535,65535,65535,65535,65535,65535,65535
1685396910,0,1,0,0,10233,52036,65535,65535,65535,65535,65535,65535,65535,65535,65535,65535,65535
1685396916,0,1,0,0,10232,52078,65535,65535,65535,65535,65535,65535,65535,65535,65535,65535,65535
1685396922,0,1,0,0,10232,52010,65535,65535,65535,65535,65535,65535,65535,65535,65535,65535,65535
1685396928,0,1,0,0,10231,51973,65535,65535,65535,65535,65535,65535,65535,65535,65535,65535,65535
1685396934,0,1,0,0,10230,51969,65535,65535,65535,65535,65535,65535,65535,65535,65535,65535,65535
1685396940,0,1,0,0,10225,51937,65535,65535,65535,65535,65535,65535,65535,65535,65535,65535,65535
1685396946,0,1,0,0,10224,51920,65535,65535,65535,65535,65535,65535,65535,65535,65535,65535,65535
1685396952,0,1,0,0,10224,51902,65535,65535,65535,65535,65535,65535,65535,65535,65535,65535,65535
1685396958,0,1,0,0,10223,51889,65535,65535,65535,65535,65535,65535,65535,65535,65535,65535,65535
1685396964,0,1,0,0,10223,51893,65535,65535,65535,65535,65535,65535,65535,65535,65535,65535,65535
1685396970,0,1,0,0,10222,51882,65535,65535,65535,65535,65535,65535,65535,65535,65535,65535,65535
1685396976,0,1,0,0,10221,51906,65535,65535,65535,65535,65535,65535,65535,65535,65535,65535,65535
1685396982,0,1,0,0,10221,51858,65535,65535,65535,65535,65535,65535,65535,65535,65535,65535,65535
1685396988,0,1,0,0,10221,51782,65535,65535,65535,65535,65535,65535,65535,65535,65535,65535,65535
1685396994,0,1,0,0,10220,51844,65535,65535,65535,65535,65535,65535,65535,65535,65535,65535,65535
1685397000,0,1,0,0,10215,51754,65535,65535,65535,65535,65535,65535,65535,65535,65535,65535,65535
1685397006,0,1,0,0,10214,51721,65535,65535,65535,65535,65535,65535,65535,65535,65535,65535,65535
1685397012,0,1,0,0,10213,51707,65535,65535,65535,65535,65535,65535,65535,65535,65535,65535,65535
1685397018,0,1,0,0,10213,51690,65535,65535,65535,65535,65535,65535,65535,65535,65535,65535,65535
1685397024,0,1,0,0,10213,51718,65535,65535,65535,65535,65535,65535,65535,65535,65535,65535,65535
1685397030,0,1,0,0,10213,51714,65535,65535,65535,65535,65535,65535,65535,65535,65535,65535,65535
1685397036,0,1,0,0,10212,51659,65535,65535,65535,65535,65535,65535,65535,65535,65535,65535,65535
1685397042,0,1,0,0,10210,51620,65535,65535,65535,65535,65535,65535,65535,65535,65535,65535,65535
1685397048,0,1,0,0,10205,51569,65535,65535,65535,65535,65535,65535,65535,65535,65535,65535,65535
1685397054,0,1,0,0,10203,51533,65535,65535,65535,65535,65535,65535,65535,65535,65535,65535,65535
1685397060,0,1,0,0,10201,51481,65535,65535,65535,65535,65535,65535,65535,65535,65535,65535,65535
1685397066,0,1,0,0,10155,51399,65535,65535,65535,65535,65535,65535,65535,65535,65535,65535,65535
1685397072,0,1,0,0,10153,51351,65535,65535,65535,65535,65535,65535,65535,65535,65535,65535,65535
1685397078,0,1,0,0,10152,51327,65535,65535,65535,65535,65535,65535,65535,65535,65535,65535,65535
1685397084,0,1,0,0,10150,51261,65535,65535,65535,65535,65535,65535,65535,65535,65535,65535,65535
1685397090,0,1,0,0,10145,51241,65535,65535,65535,65535,65535,65535,65535,65535,65535,65535,65535
1685397096,0,1,0,0,10143,51160,65535,65535,65535,65535,65535,65535,65535,65535,65535,65535,65535
1685397102,0,1,0,0,10141,51139,65535,65535,65535,65535,65535,65535,65535,65535,65535,65535,65535
1685397108,0,1,0,0,10140,51055,65535,65535,65535,65535,65535,65535,65535,65535,65535,65535,65535
1685397114,0,1,0,0,10134,51012,65535,65535,65535,65535,65535,65535,65535,65535,65535,65535,65535
1685397120,0,1,0,0,10134,51014,65535,65535,65535,65535,65535,65535,65535,65535,65535,65535,65535
1685397126,0,1,0,0,10132,50948,65535,65535,65535,65535,65535,65535,65535,65535,65535,65535,65535
1685397132,0,1,0,0,10130,50926,65535,65535,65535,65535,65535,65535,65535,65535,65535,65535,65535
1685397138,0,1,0,0,10125,50859,65535,65535,65535,65535,65535,65535,65535,65535,65535,65535,65535
1685397144,0,1,0,0,10124,50889,65535,65535,65535,65535,65535,65535,65535,65535,65535,65535,65535
1685397150,0,1,0,0,10123,50815,65535,65535,65535,65535,65535,65535,65535,65535,65535,65535,65535
1685397156,0,1,0,0,10122,50738,65535,65535,65535,65535,65535,65535,65535,65535,65535,65535,65535
1685397162,0,1,0,0,10120,50716,65535,65535,65535,65535,65535,65535,65535,65535,65535,65535,65535
1685397168,0,1,0,0,10115,50665,65535,65535,65535,65535,65535,65535,65535,65535,65535,65535,65535
1685397174,0,1,0,0,10114,50572,65535,65535,65535,65535,65535,65535,65535,65535,65535,65535,65535
1685397180,0,1,0,0,10113,50553,65535,65535,65535,65535,65535,65535,65535,65535,65535,65535,65535
1685397186,0,1,0,0,10113,50648,65535,65535,65535,65535,65535,65535,65535,65535,65535,65535,65535
1685397192,0,1,0,0,10112,50561,65535,65535,65535,65535,65535,65535,65535,65535,65535,65535,65535
1685397198,0,1,0,0,10110,50513,65535,65535,65535,65535,65535,65535,65535,65535,65535,65535,65535
1685397204,0,1,0,0,10105,50514,65535,65535,65535,65535,65535,65535,65535,65535,65535,65535,65535
1685397210,0,1,0,0,10105,50507,65535,65535,65535,65535,65535,65535,65535,65535,65535,65535,65535
1685397216,0,1,0,0,10104,50500,65535,65535,65535,65535,65535,65535,65535,65535,65535,65535,65535
1685397222,0,1,0,0,10104,50502,65535,65535,65535,65535,65535,65535,65535,65535,65535,65535,65535
1685397228,0,1,0,0,10105,50512,65535,65535,65535,65535,65535,65535,65535,65535,65535,65535,65535
1685397234,0,1,0,0,10104,50499,65535,65535,65535,65535,65535,65535,65535,65535,65535,65535,65535
1685397240,0,1,0,0,10105,50508,65535,65535,65535,65535,65535,65535,65535,65535,65535,65535,65535
1685397246,0,1,0,0,10105,50513,65535,65535,65535,65535,65535,65535,65535,65535,65535,65535,65535
1685397252,0,1,0,0,10110,50502,65535,65535,65535,65535,65535,65535,65535,65535,65535,65535,65535
1685397258,0,1,0,0,10110,50503,65535,65535,65535,65535,65535,65535,65535,65535,65535,65535,65535
1685397264,0,1,0,0,10110,50529,65535,65535,65535,65535,65535,65535,65535,65535,65535,65535,65535
1685397270,0,1,0,0,10105,50509,65535,65535,65535,65535,65535,65535,65535,65535,65535,65535,65535
1685397276,0,1,0,0,10104,50508,65535,65535,65535,65535,65535,65535,65535,65535,65535,65535,65535
1685397282,0,1,0,0,10103,50506,65535,65535,65535,65535,65535,65535,65535,65535,65535,65535,65535
1685397288,0,1,0,0,10103,50502,65535,65535,65535,65535,65535,65535,65535,65535,65535,65535,65535
1685397294,0,1,0,0,10103,50500,65535,65535,65535,65535,65535,65535,65535,65535,65535,65535,65535
1685397300,0,1,0,0,10102,50500,65535,65535,65535,65535,65535,65535,65535,65535,65535,65535,65535
1685397306,0,1,0,0,10102,50500,65535,65535,65535,65535,65535,65535,65535,65535,65535,65535,65535
1685397312,0,1,0,0,10100,50500,65535,65535,65535,65535,65535,65535,65535,65535,65535,65535,65535
1685397318,0,1,0,0,10055,50500,65535,65535,65535,65535,65535,65535,65535,65535,65535,65535,65535
1685397324,0,1,0,0,10055,50497,65535,65535,65535,65535,65535,65535,65535,65535,65535,65535,65535
1685397330,0,1,0,0,10053,50491,65535,65535,65535,65535,65535,65535,65535,65535,65535,65535,65535
1685397336,0,1,0,0,10053,50471,65535,65535,65535,65535,65535,65535,65535,65535,65535,65535,65535
1685397342,0,1,0,0,10052,50494,65535,65535,65535,65535,65535,65535,65535,65535,65535,65535,65535
1685397348,0,1,0,0,10051,50391,65535,65535,65535,65535,65535,65535,65535,65535,65535,65535,65535
1685397354,0,1,0,0,10045,50448,65535,65535,65535,65535,65535,65535,65535,65535,65535,65535,65535
1685397360,0,1,0,0,10045,50278,65535,65535,65535,65535,65535,65535,65535,65535,65535,65535,65535
1685397366,0,1,0,0,10043,50346,65535,65535,65535,65535,65535,65535,65535,65535,65535,65535,65535
1685397372,0,1,0,0,10042,50306,65535,65535,65535,65535,65535,65535,65535,65535,65535,65535,65535
1685397378,0,1,0,0,10035,50166,65535,65535,65535,65535,65535,65535,65535,65535,65535,65535,65535
1685397384,0,1,0,0,10033,50148,65535,65535,65535,65535,65535,65535,65535,65535,65535,65535,65535
1685397390,0,1,0,0,10032,50046,65535,65535,65535,65535,65535,65535,65535,65535,65535,65535,65535
1685397396,0,1,0,0,10024,49982,65535,65535,65535,65535,65535,65535,65535,65535,65535,65535,65535
1685397402,0,1,0,0,10024,49896,65535,65535,65535,65535,65535,65535,65535,65535,65535,65535,65535
1685397408,0,1,0,0,10021,49872,65535,65535,65535,65535,65535,65535,65535,65535,65535,65535,65535
1685397414,0,1,0,0,10021,49810,65535,65535,65535,65535,65535,65535,65535,65535,65535,65535,65535
1685397420,0,1,0,0,10020,49745,65535,65535,65535,65535,65535,65535,65535,65535,65535,65535,65535
1685397426,0,1,0,0,10020,49706,65535,65535,65535,65535,65535,65535,65535,65535,65535,65535,65535
1685397432,0,1,0,0,10020,49775,65535,65535,65535,65535,65535,65535,65535,65535,65535,65535,65535
1685397438,0,1,0,0,10015,49734,65535,65535,65535,65535,65535,65535,65535,65535,65535,65535,65535
1685397444,0,1,0,0,10020,49737,65535,65535,65535,65535,65535,65535,65535,65535,65535,65535,65535
1685397450,0,1,0,0,10020,49700,65535,65535,65535,65535,65535,65535,65535,65535,65535,65535,65535
1685397456,0,1,0,0,10015,49720,65535,65535,65535,65535,65535,65535,65535,65535,65535,65535,65535
1685397462,0,1,0,0,10014,49674,65535,65535,65535,65535,65535,65535,65535,65535,65535,65535,65535
1685397468,0,1,0,0,10013,49629,65535,65535,65535,65535,65535,65535,65535,65535,65535,65535,65535
1685397474,0,1,0,0,10012,49613,65535,65535,65535,65535,65535,65535,65535,65535,65535,65535,65535
1685397480,0,1,0,0,10011,49545,65535,65535,65535,65535,65535,65535,65535,65535,65535,65535,65535
1685397486,0,1,0,0,10011,49611,65535,65535,65535,65535,65535,65535,65535,65535,65535,65535,65535
1685397492,0,1,0,0,10012,49616,65535,65535,65535,65535,65535,65535,65535,65535,65535,65535,65535
1685397498,0,1,0,0,10013,49628,65535,65535,65535,65535,65535,65535,65535,65535,65535,65535,65535
1685397504,0,1,0,0,10013,49656,65535,65535,65535,65535,65535,65535,65535,65535,65535,65535,65535
1685397510,0,1,0,0,10014,49568,65535,65535,65535,65535,65535,65535,65535,65535,65535,65535,65535
1685397516,0,1,0,0,10012,49590,65535,65535,65535,65535,65535,65535,65535,65535,65535,65535,65535
1685397522,0,1,0,0,10011,49582,65535,65535,65535,65535,65535,65535,65535,65535,65535,65535,65535
1685397528,0,1,0,0,10011,49556,65535,65535,65535,65535,65535,65535,65535,65535,65535,65535,65535
1685397534,0,1,0,0,10010,49512,65535,65535,65535,65535,65535,65535,65535,65535,65535,65535,65535
1685397540,0,1,0,0,10010,49531,65535,65535,65535,65535,65535,65535,65535,65535,65535,65535,65535
1685397546,0,1,0,0,10005,49423,65535,65535,65535,65535,65535,65535,65535,65535,65535,65535,65535
1685397552,0,1,0,0,10004,49460,65535,65535,65535,65535,65535,65535,65535,65535,65535,65535,65535
1685397558,0,1,0,0,10003,49421,65535,65535,65535,65535,65535,65535,65535,65535,65535,65535,65535
1685397564,0,1,0,0,10003,49408,65535,65535,65535,65535,65535,65535,65535,65535,65535,65535,65535
1685397570,0,1,0,0,10002,49364,65535,65535,65535,65535,65535,65535,65535,65535,65535,65535,65535
1685397576,0,1,0,0,10002,49354,65535,65535,65535,65535,65535,65535,65535,65535,65535,65535,65535
1685397582,0,1,0,0,10002,49366,65535,65535,65535,65535,65535,65535,65535,65535,65535,65535,65535
1685397588,0,1,0,0,10001,49345,65535,65535,65535,65535,65535,65535,65535,65535,65535,65535,65535
1685397594,0,1,0,0,10001,49316,65535,65535,65535,65535,65535,65535,65535,65535,65535,65535,65535
