Timestamp,Amber,White,On,Override,Intensity,AS00,AS01,AS02,AS03,AS04,AS05,AS06,AS07,AS08,AS09,AS10,AS11
1685383200,0,1,0,0,1223223,65535,65535,65535,65535,65535,65535,65535,65535,65535,65535,65535,65535
1685383206,0,1,0,0,1223223,65535,65535,65535,65535,65535,65535,65535,65535,65535,65535,65535,65535
1685383212,0,1,0,0,1223223,65535,65535,65535,65535,65535,65535,65535,65535,65535,65535,65535,65535
1685383218,0,1,0,0,1223223,65535,65535,65535,65535,65535,65535,65535,65535,65535,65535,65535,65535
1685383224,0,1,0,0,1223223,65535,65535,65535,65535,65535,65535,65535,65535,65535,65535,65535,65535
1685383230,0,1,0,0,1223223,65535,65535,65535,65535,65535,65535,65535,65535,65535,65535,65535,65535
1685383236,0,1,0,0,1223223,65535,65535,65535,65535,65535,65535,65535,65535,65535,65535,65535,65535
1685383242,0,1,0,0,1223223,65535,65535,65535,65535,65535,65535,65535,65535,65535,65535,65535,65535
1685383248,0,1,0,0,1223223,65535,65535,65535,65535,65535,65535,65535,65535,65535,65535,65535,65535
1685383254,0,1,0,0,1223223,65535,65535,65535,65535,65535,65535,65535,65535,65535,65535,65535,65535
1685383260,0,1,0,0,1223223,65535,65535,65535,65535,65535,65535,65535,65535,65535,65535,65535,65535
1685383266,0,1,0,0,1223223,65535,65535,65535,65535,65535,65535,65535,65535,65535,65535,65535,65535
1685383272,0,1,0,0,1223223,65535,65535,65535,65535,65535,65535,65535,65535,65535,65535,65535,65535
1685383278,0,1,0,0,1223223,65535,65535,65535,65535,65535,65535,65535,65535,65535,65535,65535,65535
1685383284,0,1,0,0,1223223,65535,65535,65535,65535,65535,65535,65535,65535,65535,65535,65535,65535
1685383290,0,1,0,0,1223223,65535,65535,65535,65535,65535,65535,65535,65535,65535,65535,65535,65535
1685383296,0,1,0,0,1223223,65535,65535,65535,65535,65535,65535,65535,65535,65535,65535,65535,65535
1685383302,0,1,0,0,1223223,65535,65535,65535,65535,65535,65535,65535,65535,65535,65535,65535,65535
1685383308,0,1,0,0,1223223,65535,65535,65535,65535,65535,65535,65535,65535,65535,65535,65535,65535
1685383314,0,1,0,0,1223223,65535,65535,65535,65535,65535,65535,65535,65535,65535,65535,65535,65535
1685383320,0,1,0,0,1223223,65535,65535,65535,65535,65535,65535,65535,65535,65535,65535,65535,65535
1685383326,0,1,0,0,1223223,65535,65535,65535,65535,65535,65535,65535,65535,65535,65535,65535,65535
1685383332,0,1,0,0,1223223,65535,65535,65535,65535,65535,65535,65535,65535,65535,65535,65535,65535
1685383338,0,1,0,0,1223223,65535,65535,65535,65535,65535,65535,65535,65535,65535,65535,65535,65535
1685383344,0,1,0,0,1223223,65535,65535,65535,65535,65535,65535,65535,65535,65535,65535,65535,65535
1685383350,0,1,0,0,1223223,65535,65535,65535,65535,65535,65535,65535,65535,65535,65535,65535,65535
1685383356,0,1,0,0,1223223,65535,65535,65535,65535,65535,65535,65535,65535,65535,65535,65535,65535
1685383362,0,1,0,0,1223223,65535,65535,65535,65535,65535,65535,65535,65535,65535,65535,65535,65535
1685383368,0,1,0,0,1223223,65535,65535,65535,65535,65535,65535,65535,65535,65535,65535,65535,65535
1685383374,0,1,0,0,1223223,65535,65535,65535,65535,65535,65535,65535,65535,65535,65535,65535,65535
1685383380,0,1,0,0,1223223,65535,65535,65535,65535,65535,65535,65535,65535,65535,65535,65535,65535
1685383386,0,1,0,0,1223223,65535,65535,65535,65535,65535,65535,65535,65535,65535,65535,65535,65535
1685383392,0,1,0,0,1223223,65535,65535,65535,65535,65535,65535,65535,65535,65535,65535,65535,65535
1685383398,0,1,0,0,1223223,65535,65535,65535,65535,65535,65535,65535,65535,65535,65535,65535,65535
1685383404,0,1,0,0,1223223,65535,65535,65535,65535,65535,65535,65535,65535,65535,65535,65535,65535
1685383410,0,1,0,0,1223223,65535,65535,65535,65535,65535,65535,65535,65535,65535,65535,65535,65535
1685383416,0,1,0,0,1223223,65535,65535,65535,65535,65535,65535,65535,65535,65535,65535,65535,65535
1685383422,0,1,0,0,1223223,65535,65535,65535,65535,65535,65535,65535,65535,65535,65535,65535,65535
1685383428,0,1,0,0,1223223,65535,65535,65535,65535,65535,65535,65535,65535,65535,65535,65535,65535
1685383434,0,1,0,0,1223223,65535,65535,65535,65535,65535,65535,65535,65535,65535,65535,65535,65535
1685383440,0,1,0,0,1223223,65535,65535,65535,65535,65535,65535,65535,65535,65535,65535,65535,65535
1685383446,0,1,0,0,1223223,65535,65535,65535,65535,65535,65535,65535,65535,65535,65535,65535,65535
1685383452,0,1,0,0,1223223,65535,65535,65535,65535,65535,65535,65535,65535,65535,65535,65535,65535
1685383458,0,1,0,0,1223223,65535,65535,65535,65535,65535,65535,65535,65535,65535,65535,65535,65535
1685383464,0,1,0,0,1223223,65535,65535,65535,65535,65535,65535,65535,65535,65535,65535,65535,65535
1685383470,0,1,0,0,1223223,65535,65535,65535,65535,65535,65535,65535,65535,65535,65535,65535,65535
1685383476,0,1,0,0,1223223,65535,65535,65535,65535,65535,65535,65535,65535,65535,65535,65535,65535
1685383482,0,1,0,0,1223223,65535,65535,65535,65535,65535,65535,65535,65535,65535,65535,65535,65535
1685383488,0,1,0,0,1223223,65535,65535,65535,65535,65535,65535,65535,65535,65535,65535,65535,65535
1685383494,0,1,0,0,1223223,65535,65535,65535,65535,65535,65535,65535,65535,65535,65535,65535,65535
1685383500,0,1,0,0,1223223,65535,65535,65535,65535,65535,65535,65535,65535,65535,65535,65535,65535
1685383506,0,1,0,0,1223223,65535,65535,65535,65535,65535,65535,65535,65535,65535,65535,65535,65535
1685383512,0,1,0,0,1223223,65535,65535,65535,65535,65535,65535,65535,65535,65535,65535,65535,65535
1685383518,0,1,0,0,1223223,65535,65535,65535,65535,65535,65535,65535,65535,65535,65535,65535,65535
1685383524,0,1,0,0,1223223,65535,65535,65535,65535,65535,65535,65535,65535,65535,65535,65535,65535
1685383530,0,1,0,0,1223223,65535,65535,65535,65535,65535,65535,65535,65535,65535,65535,65535,65535
1685383536,0,1,0,0,1223223,65535,65535,65535,65535,65535,65535,65535,65535,65535,65535,65535,65535
1685383542,0,1,0,0,1223223,65535,65535,65535,65535,65535,65535,65535,65535,65535,65535,65535,65535
1685383548,0,1,0,0,1223223,65535,65535,65535,65535,65535,65535,65535,65535,65535,65535,65535,65535
1685383554,0,1,0,0,1223223,65535,65535,65535,65535,65535,65535,65535,65535,65535,65535,65535,65535
1685383560,0,1,0,0,1223223,65535,65535,65535,65535,65535,65535,65535,65535,65535,65535,65535,65535
1685383566,0,1,0,0,1223223,65535,65535,65535,65535,65535,65535,65535,65535,65535,65535,65535,65535
1685383572,0,1,0,0,1223223,65535,65535,65535,65535,65535,65535,65535,65535,65535,65535,65535,65535
1685383578,0,1,0,0,1223223,65535,65535,65535,65535,65535,65535,65535,65535,65535,65535,65535,65535
1685383584,0,1,0,0,1223223,65535,65535,65535,65535,65535,65535,65535,65535,65535,65535,65535,65535
1685383590,0,1,0,0,1223223,65535,65535,65535,65535,65535,65535,65535,65535,65535,65535,65535,65535
1685383596,0,1,0,0,1223223,65535,65535,65535,65535,65535,65535,65535,65535,65535,65535,65535,65535
1685383602,0,1,0,0,1223223,65535,65535,65535,65535,65535,65535,65535,65535,65535,65535,65535,65535
1685383608,0,1,0,0,1223223,65535,65535,65535,65535,65535,65535,65535,65535,65535,65535,65535,65535
1685383614,0,1,0,0,1223223,65535,65535,65535,65535,65535,65535,65535,65535,65535,65535,65535,65535
1685383620,0,1,0,0,1223223,65535,65535,65535,65535,65535,65535,65535,65535,65535,65535,65535,65535
1685383626,0,1,0,0,1223223,65535,65535,65535,65535,65535,65535,65535,65535,65535,65535,65535,65535
1685383632,0,1,0,0,1223223,65535,65535,65535,65535,65535,65535,65535,65535,65535,65535,65535,65535
1685383638,0,1,0,0,1223223,65535,65535,65535,65535,65535,65535,65535,65535,65535,65535,65535,65535
1685383644,0,1,0,0,1223223,65535,65535,65535,65535,65535,65535,65535,65535,65535,65535,65535,65535
1685383650,0,1,0,0,1223223,65535,65535,65535,65535,65535,65535,65535,65535,65535,65535,65535,65535
1685383656,0,1,0,0,1223223,65535,65535,65535,65535,65535,65535,65535,65535,65535,65535,65535,65535
1685383662,0,1,0,0,1223223,65535,65535,65535,65535,65535,65535,65535,65535,65535,65535,65535,65535
1685383668,0,1,0,0,1223223,65535,65535,65535,65535,65535,65535,65535,65535,65535,65535,65535,65535
1685383674,0,1,0,0,1223223,65535,65535,65535,65535,65535,65535,65535,65535,65535,65535,65535,65535
1685383680,0,1,0,0,1223223,65535,65535,65535,65535,65535,65535,65535,65535,65535,65535,65535,65535
1685383686,0,1,0,0,1223223,65535,65535,65535,65535,65535,65535,65535,65535,65535,65535,65535,65535
1685383692,0,1,0,0,1223223,65535,65535,65535,65535,65535,65535,65535,65535,65535,65535,65535,65535
1685383698,0,1,0,0,1223223,65535,65535,65535,65535,65535,65535,65535,65535,65535,65535,65535,65535
1685383704,0,1,0,0,1223223,65535,65535,65535,65535,65535,65535,65535,65535,65535,65535,65535,65535
1685383710,0,1,0,0,1223223,65535,65535,65535,65535,65535,65535,65535,65535,65535,65535,65535,65535
1685383716,0,1,0,0,1223223,65535,65535,65535,65535,65535,65535,65535,65535,65535,65535,65535,65535
1685383722,0,1,0,0,1223223,65535,65535,65535,65535,65535,65535,65535,65535,65535,65535,65535,65535
1685383728,0,1,0,0,1223223,65535,65535,65535,65535,65535,65535,65535,65535,65535,65535,65535,65535
1685383734,0,1,0,0,1223223,65535,65535,65535,65535,65535,65535,65535,65535,65535,65535,65535,65535
1685383740,0,1,0,0,1223223,65535,65535,65535,65535,65535,65535,65535,65535,65535,65535,65535,65535
1685383746,0,1,0,0,1223223,65535,65535,65535,65535,65535,65535,65535,65535,65535,65535,65535,65535
1685383752,0,1,0,0,1223223,65535,65535,65535,65535,65535,65535,65535,65535,65535,65535,65535,65535
1685383758,0,1,0,0,1223223,65535,65535,65535,65535,65535,65535,65535,65535,65535,65535,65535,65535
1685383764,0,1,0,0,1223223,65535,65535,65535,65535,65535,65535,65535,65535,65535,65535,65535,65535
1685383770,0,1,0,0,1223223,65535,65535,65535,65535,65535,65535,65535,65535,65535,65535,65535,65535
1685383776,0,1,0,0,1223223,65535,65535,65535,65535,65535,65535,65535,65535,65535,65535,65535,65535
1685383782,0,1,0,0,1223223,65535,65535,65535,65535,65535,65535,65535,65535,65535,65535,65535,65535
1685383788,0,1,0,0,1223223,65535,65535,65535,65535,65535,65535,65535,65535,65535,65535,65535,65535
1685383794,0,1,0,0,1223223,65535,65535,65535,65535,65535,65535,65535,65535,65535,65535,65535,65535
1685383800,0,1,0,0,1223223,65535,65535,65535,65535,65535,65535,65535,65535,65535,65535,65535,65535
1685383806,0,1,0,0,1223223,65535,65535,65535,65535,65535,65535,65535,65535,65535,65535,65535,65535
1685383812,0,1,0,0,1223223,65535,65535,65535,65535,65535,65535,65535,65535,65535,65535,65535,65535
1685383818,0,1,0,0,1223223,65535,65535,65535,65535,65535,65535,65535,65535,65535,65535,65535,65535
1685383824,0,1,0,0,1223223,65535,65535,65535,65535,65535,65535,65535,65535,65535,65535,65535,65535
1685383830,0,1,0,0,1223223,65535,65535,65535,65535,65535,65535,65535,65535,65535,65535,65535,65535
1685383836,0,1,0,0,1223223,65535,65535,65535,65535,65535,65535,65535,65535,65535,65535,65535,65535
1685383842,0,1,0,0,1223223,65535,65535,65535,65535,65535,65535,65535,65535,65535,65535,65535,65535
1685383848,0,1,0,0,1223223,65535,65535,65535,65535,65535,65535,65535,65535,65535,65535,65535,65535
1685383854,0,1,0,0,1223223,65535,65535,65535,65535,65535,65535,65535,65535,65535,65535,65535,65535
1685383860,0,1,0,0,1223223,65535,65535,65535,65535,65535,65535,65535,65535,65535,65535,65535,65535
1685383866,0,1,0,0,1223223,65535,65535,65535,65535,65535,65535,65535,65535,65535,65535,65535,65535
1685383872,0,1,0,0,1223223,65535,65535,65535,65535,65535,65535,65535,65535,65535,65535,65535,65535
1685383878,0,1,0,0,1223223,65535,65535,65535,65535,65535,65535,65535,65535,65535,65535,65535,65535
1685383884,0,1,0,0,1223223,65535,65535,65535,65535,65535,65535,65535,65535,65535,65535,65535,65535
1685383890,0,1,0,0,1223223,65535,65535,65535,65535,65535,65535,65535,65535,65535,65535,65535,65535
1685383896,0,1,0,0,1223223,65535,65535,65535,65535,65535,65535,65535,65535,65535,65535,65535,65535
1685383902,0,1,0,0,1223223,65535,65535,65535,65535,65535,65535,65535,65535,65535,65535,65535,65535
1685383908,0,1,0,0,1223223,65535,65535,65535,65535,65535,65535,65535,65535,65535,65535,65535,65535
1685383914,0,1,0,0,1223223,65535,65535,65535,65535,65535,65535,65535,65535,65535,65535,65535,65535
1685383920,0,1,0,0,1223223,65535,65535,65535,65535,65535,65535,65535,65535,65535,65535,65535,65535
1685383926,0,1,0,0,1223223,65535,65535,65535,65535,65535,65535,65535,65535,65535,65535,65535,65535
1685383932,0,1,0,0,1223223,65535,65535,65535,65535,65535,65535,65535,65535,65535,65535,65535,65535
1685383938,0,1,0,0,1223223,65535,65535,65535,65535,65535,65535,65535,65535,65535,65535,65535,65535
1685383944,0,1,0,0,1223223,65535,65535,65535,65535,65535,65535,65535,65535,65535,65535,65535,65535
1685383950,0,1,0,0,1223223,65535,65535,65535,65535,65535,65535,65535,65535,65535,65535,65535,65535
1685383956,0,1,0,0,1223223,65535,65535,65535,65535,65535,65535,65535,65535,65535,65535,65535,65535
1685383962,0,1,0,0,1223223,65535,65535,65535,65535,65535,65535,65535,65535,65535,65535,65535,65535
1685383968,0,1,0,0,1223223,65535,65535,65535,65535,65535,65535,65535,65535,65535,65535,65535,65535
1685383974,0,1,0,0,1223223,65535,65535,65535,65535,65535,65535,65535,65535,65535,65535,65535,65535
1685383980,0,1,0,0,1223223,65535,65535,65535,65535,65535,65535,65535,65535,65535,65535,65535,65535
1685383986,0,1,0,0,1223223,65535,65535,65535,65535,65535,65535,65535,65535,65535,65535,65535,65535
1685383992,0,1,0,0,1223223,65535,65535,65535,65535,65535,65535,65535,65535,65535,65535,65535,65535
1685383998,0,1,0,0,1223223,65535,65535,65535,65535,65535,65535,65535,65535,65535,65535,65535,65535
1685384004,0,1,0,0,1223223,65535,65535,65535,65535,65535,65535,65535,65535,65535,65535,65535,65535
1685384010,0,1,0,0,1223223,65535,65535,65535,65535,65535,65535,65535,65535,65535,65535,65535,65535
1685384016,0,1,0,0,1223223,65535,65535,65535,65535,65535,65535,65535,65535,65535,65535,65535,65535
1685384022,0,1,0,0,1223223,65535,65535,65535,65535,65535,65535,65535,65535,65535,65535,65535,65535
1685384028,0,1,0,0,1223223,65535,65535,65535,65535,65535,65535,65535,65535,65535,65535,65535,65535
1685384034,0,1,0,0,1223223,65535,65535,65535,65535,65535,65535,65535,65535,65535,65535,65535,65535
1685384040,0,1,0,0,1223223,65535,65535,65535,65535,65535,65535,65535,65535,65535,65535,65535,65535
1685384046,0,1,0,0,1223223,65535,65535,65535,65535,65535,65535,65535,65535,65535,65535,65535,65535
1685384052,0,1,0,0,1223223,65535,65535,65535,65535,65535,65535,65535,65535,65535,65535,65535,65535
1685384058,0,1,0,0,1223223,65535,65535,65535,65535,65535,65535,65535,65535,65535,65535,65535,65535
1685384064,0,1,0,0,1223223,65535,65535,65535,65535,65535,65535,65535,65535,65535,65535,65535,65535
1685384070,0,1,0,0,1223223,65535,65535,65535,65535,65535,65535,65535,65535,65535,65535,65535,65535
1685384076,0,1,0,0,1223223,65535,65535,65535,65535,65535,65535,65535,65535,65535,65535,65535,65535
1685384082,0,1,0,0,1223223,65535,65535,65535,65535,65535,65535,65535,65535,65535,65535,65535,65535
1685384088,0,1,0,0,1223223,65535,65535,65535,65535,65535,65535,65535,65535,65535,65535,65535,65535
1685384094,0,1,0,0,1223223,65535,65535,65535,65535,65535,65535,65535,65535,65535,65535,65535,65535
1685384100,0,1,0,0,1223223,65535,65535,65535,65535,65535,65535,65535,65535,65535,65535,65535,65535
1685384106,0,1,0,0,1223223,65535,65535,65535,65535,65535,65535,65535,65535,65535,65535,65535,65535
1685384112,0,1,0,0,1223223,65535,65535,65535,65535,65535,65535,65535,65535,65535,65535,65535,65535
1685384118,0,1,0,0,1223223,65535,65535,65535,65535,65535,65535,65535,65535,65535,65535,65535,65535
1685384124,0,1,0,0,1223223,65535,65535,65535,65535,65535,65535,65535,65535,65535,65535,65535,65535
1685384130,0,1,0,0,1223223,65535,65535,65535,65535,65535,65535,65535,65535,65535,65535,65535,65535
1685384136,0,1,0,0,1223223,65535,65535,65535,65535,65535,65535,65535,65535,65535,65535,65535,65535
1685384142,0,1,0,0,1223223,65535,65535,65535,65535,65535,65535,65535,65535,65535,65535,65535,65535
1685384148,0,1,0,0,1223223,65535,65535,65535,65535,65535,65535,65535,65535,65535,65535,65535,65535
1685384154,0,1,0,0,1223223,65535,65535,65535,65535,65535,65535,65535,65535,65535,65535,65535,65535
1685384160,0,1,0,0,1223223,65535,65535,65535,65535,65535,65535,65535,65535,65535,65535,65535,65535
1685384166,0,1,0,0,1223223,65535,65535,65535,65535,65535,65535,65535,65535,65535,65535,65535,65535
1685384172,0,1,0,0,1223223,65535,65535,65535,65535,65535,65535,65535,65535,65535,65535,65535,65535
1685384178,0,1,0,0,1223223,65535,65535,65535,65535,65535,65535,65535,65535,65535,65535,65535,65535
1685384184,0,1,0,0,1223223,65535,65535,65535,65535,65535,65535,65535,65535,65535,65535,65535,65535
1685384190,0,1,0,0,1223223,65535,65535,65535,65535,65535,65535,65535,65535,65535,65535,65535,65535
1685384196,0,1,0,0,1223223,65535,65535,65535,65535,65535,65535,65535,65535,65535,65535,65535,65535
1685384202,0,1,0,0,1223223,65535,65535,65535,65535,65535,65535,65535,65535,65535,65535,65535,65535
1685384208,0,1,0,0,1223223,65535,65535,65535,65535,65535,65535,65535,65535,65535,65535,65535,65535
1685384214,0,1,0,0,1223223,65535,65535,65535,65535,65535,65535,65535,65535,65535,65535,65535,65535
1685384220,0,1,0,0,1223223,65535,65535,65535,65535,65535,65535,65535,65535,65535,65535,65535,65535
1685384226,0,1,0,0,1223223,65535,65535,65535,65535,65535,65535,65535,65535,65535,65535,65535,65535
1685384232,0,1,0,0,1223223,65535,65535,65535,65535,65535,65535,65535,65535,65535,65535,65535,65535
1685384238,0,1,0,0,1223223,65535,65535,65535,65535,65535,65535,65535,65535,65535,65535,65535,65535
1685384244,0,1,0,0,1223223,65535,65535,65535,65535,65535,65535,65535,65535,65535,65535,65535,65535
1685384250,0,1,0,0,1223223,65535,65535,65535,65535,65535,65535,65535,65535,65535,65535,65535,65535
1685384256,0,1,0,0,1223223,65535,65535,65535,65535,65535,65535,65535,65535,65535,65535,65535,65535
1685384262,0,1,0,0,1223223,65535,65535,65535,65535,65535,65535,65535,65535,65535,65535,65535,65535
1685384268,0,1,0,0,1223223,65535,65535,65535,65535,65535,65535,65535,65535,65535,65535,65535,65535
1685384274,0,1,0,0,1223223,65535,65535,65535,65535,65535,65535,65535,65535,65535,65535,65535,65535
1685384280,0,1,0,0,1223223,65535,65535,65535,65535,65535,65535,65535,65535,65535,65535,65535,65535
1685384286,0,1,0,0,1223223,65535,65535,65535,65535,65535,65535,65535,65535,65535,65535,65535,65535
1685384292,0,1,0,0,1223223,65535,65535,65535,65535,65535,65535,65535,65535,65535,65535,65535,65535
1685384298,0,1,0,0,1223223,65535,65535,65535,65535,65535,65535,65535,65535,65535,65535,65535,65535
1685384304,0,1,0,0,1223223,65535,65535,65535,65535,65535,65535,65535,65535,65535,65535,65535,65535
1685384310,0,1,0,0,1223223,65535,65535,65535,65535,65535,65535,65535,65535,65535,65535,65535,65535
1685384316,0,1,0,0,1223223,65535,65535,65535,65535,65535,65535,65535,65535,65535,65535,65535,65535
1685384322,0,1,0,0,1223223,65535,65535,65535,65535,65535,65535,65535,65535,65535,65535,65535,65535
1685384328,0,1,0,0,1223223,65535,65535,65535,65535,65535,65535,65535,65535,65535,65535,65535,65535
1685384334,0,1,0,0,1223223,65535,65535,65535,65535,65535,65535,65535,65535,65535,65535,65535,65535
1685384340,0,1,0,0,1223223,65535,65535,65535,65535,65535,65535,65535,65535,65535,65535,65535,65535
1685384346,0,1,0,0,1223223,65535,65535,65535,65535,65535,65535,65535,65535,65535,65535,65535,65535
1685384352,0,1,0,0,1223223,65535,65535,65535,65535,65535,65535,65535,65535,65535,65535,65535,65535
1685384358,0,1,0,0,1223223,65535,65535,65535,65535,65535,65535,65535,65535,65535,65535,65535,65535
1685384364,0,1,0,0,1223223,65535,65535,65535,65535,65535,65535,65535,65535,65535,65535,65535,65535
1685384370,0,1,0,0,1223223,65535,65535,65535,65535,65535,65535,65535,65535,65535,65535,65535,65535
1685384376,0,1,0,0,1223223,65535,65535,65535,65535,65535,65535,65535,65535,65535,65535,65535,65535
1685384382,0,1,0,0,1223223,65535,65535,65535,65535,65535,65535,65535,65535,65535,65535,65535,65535
1685384388,0,1,0,0,1223223,65535,65535,65535,65535,65535,65535,65535,65535,65535,65535,65535,65535
1685384394,0,1,0,0,1223223,65535,65535,65535,65535,65535,65535,65535,65535,65535,65535,65535,65535
1685384400,0,1,0,0,1223223,65535,65535,65535,65535,65535,65535,65535,65535,65535,65535,65535,65535
1685384406,0,1,0,0,1223223,65535,65535,65535,65535,65535,65535,65535,65535,65535,65535,65535,65535
1685384412,0,1,0,0,1223223,65535,65535,65535,65535,65535,65535,65535,65535,65535,65535,65535,65535
1685384418,0,1,0,0,1223223,65535,65535,65535,65535,65535,65535,65535,65535,65535,65535,65535,65535
1685384424,0,1,0,0,1223223,65535,65535,65535,65535,65535,65535,65535,65535,65535,65535,65535,65535
1685384430,0,1,0,0,1223223,65535,65535,65535,65535,65535,65535,65535,65535,65535,65535,65535,65535
1685384436,0,1,0,0,1223223,65535,65535,65535,65535,65535,65535,65535,65535,65535,65535,65535,65535
1685384442,0,1,0,0,1223223,65535,65535,65535,65535,65535,65535,65535,65535,65535,65535,65535,65535
1685384448,0,1,0,0,1223223,65535,65535,65535,65535,65535,65535,65535,65535,65535,65535,65535,65535
1685384454,0,1,0,0,1223223,65535,65535,65535,65535,65535,65535,65535,65535,65535,65535,65535,65535
1685384460,0,1,0,0,1223223,65535,65535,65535,65535,65535,65535,65535,65535,65535,65535,65535,65535
1685384466,0,1,0,0,1223223,65535,65535,65535,65535,65535,65535,65535,65535,65535,65535,65535,65535
1685384472,0,1,0,0,1223223,65535,65535,65535,65535,65535,65535,65535,65535,65535,65535,65535,65535
1685384478,0,1,0,0,1223223,65535,65535,65535,65535,65535,65535,65535,65535,65535,65535,65535,65535
1685384484,0,1,0,0,1223223,65535,65535,65535,65535,65535,65535,65535,65535,65535,65535,65535,65535
1685384490,0,1,0,0,1223223,65535,65535,65535,65535,65535,65535,65535,65535,65535,65535,65535,65535
1685384496,0,1,0,0,1223223,65535,65535,65535,65535,65535,65535,65535,65535,65535,65535,65535,65535
1685384502,0,1,0,0,1223223,65535,65535,65535,65535,65535,65535,65535,65535,65535,65535,65535,65535
1685384508,0,1,0,0,1223223,65535,65535,65535,65535,65535,65535,65535,65535,65535,65535,65535,65535
1685384514,0,1,0,0,1223223,65535,65535,65535,65535,65535,65535,65535,65535,65535,65535,65535,65535
1685384520,0,1,0,0,1223223,65535,65535,65535,65535,65535,65535,65535,65535,65535,65535,65535,65535
1685384526,0,1,0,0,1223223,65535,65535,65535,65535,65535,65535,65535,65535,65535,65535,65535,65535
1685384532,0,1,0,0,1223223,65535,65535,65535,65535,65535,65535,65535,65535,65535,65535,65535,65535
1685384538,0,1,0,0,1223223,65535,65535,65535,65535,65535,65535,65535,65535,65535,65535,65535,65535
1685384544,0,1,0,0,1223223,65535,65535,65535,65535,65535,65535,65535,65535,65535,65535,65535,65535
1685384550,0,1,0,0,1223223,65535,65535,65535,65535,65535,65535,65535,65535,65535,65535,65535,65535
1685384556,0,1,0,0,1223223,65535,65535,65535,65535,65535,65535,65535,65535,65535,65535,65535,65535
1685384562,0,1,0,0,1223223,65535,65535,65535,65535,65535,65535,65535,65535,65535,65535,65535,65535
1685384568,0,1,0,0,1223223,65535,65535,65535,65535,65535,65535,65535,65535,65535,65535,65535,65535
1685384574,0,1,0,0,1223223,65535,65535,65535,65535,65535,65535,65535,65535,65535,65535,65535,65535
1685384580,0,1,0,0,1223223,65535,65535,65535,65535,65535,65535,65535,65535,65535,65535,65535,65535
1685384586,0,1,0,0,1223223,65535,65535,65535,65535,65535,65535,65535,65535,65535,65535,65535,65535
1685384592,0,1,0,0,1223223,65535,65535,65535,65535,65535,65535,65535,65535,65535,65535,65535,65535
1685384598,0,1,0,0,1223223,65535,65535,65535,65535,65535,65535,65535,65535,65535,65535,65535,65535
1685384604,0,1,0,0,1223223,65535,65535,65535,65535,65535,65535,65535,65535,65535,65535,65535,65535
1685384610,0,1,0,0,1223223,65535,65535,65535,65535,65535,65535,65535,65535,65535,65535,65535,65535
1685384616,0,1,0,0,1223223,65535,65535,65535,65535,65535,65535,65535,65535,65535,65535,65535,65535
1685384622,0,1,0,0,1223223,65535,65535,65535,65535,65535,65535,65535,65535,65535,65535,65535,65535
1685384628,0,1,0,0,1223223,65535,65535,65535,65535,65535,65535,65535,65535,65535,65535,65535,65535
1685384634,0,1,0,0,1223223,65535,65535,65535,65535,65535,65535,65535,65535,65535,65535,65535,65535
1685384640,0,1,0,0,1223223,65535,65535,65535,65535,65535,65535,65535,65535,65535,65535,65535,65535
1685384646,0,1,0,0,1223223,65535,65535,65535,65535,65535,65535,65535,65535,65535,65535,65535,65535
1685384652,0,1,0,0,1223223,65535,65535,65535,65535,65535,65535,65535,65535,65535,65535,65535,65535
1685384658,0,1,0,0,1223223,65535,65535,65535,65535,65535,65535,65535,65535,65535,65535,65535,65535
1685384664,0,1,0,0,1223223,65535,65535,65535,65535,65535,65535,65535,65535,65535,65535,65535,65535
1685384670,0,1,0,0,1223223,65535,65535,65535,65535,65535,65535,65535,65535,65535,65535,65535,65535
1685384676,0,1,0,0,1223223,65535,65535,65535,65535,65535,65535,65535,65535,65535,65535,65535,65535
1685384682,0,1,0,0,1223223,65535,65535,65535,65535,65535,65535,65535,65535,65535,65535,65535,65535
1685384688,0,1,0,0,1223223,65535,65535,65535,65535,65535,65535,65535,65535,65535,65535,65535,65535
1685384694,0,1,0,0,1223223,65535,65535,65535,65535,65535,65535,65535,65535,65535,65535,65535,65535
1685384700,0,1,0,0,1223223,65535,65535,65535,65535,65535,65535,65535,65535,65535,65535,65535,65535
1685384706,0,1,0,0,1223223,65535,65535,65535,65535,65535,65535,65535,65535,65535,65535,65535,65535
1685384712,0,1,0,0,1223223,65535,65535,65535,65535,65535,65535,65535,65535,65535,65535,65535,65535
1685384718,0,1,0,0,1223223,65535,65535,65535,65535,65535,65535,65535,65535,65535,65535,65535,65535
1685384724,0,1,0,0,1223223,65535,65535,65535,65535,65535,65535,65535,65535,65535,65535,65535,65535
1685384730,0,1,0,0,1223223,65535,65535,65535,65535,65535,65535,65535,65535,65535,65535,65535,65535
1685384736,0,1,0,0,1223223,65535,65535,65535,65535,65535,65535,65535,65535,65535,65535,65535,65535
1685384742,0,1,0,0,1223223,65535,65535,65535,65535,65535,65535,65535,65535,65535,65535,65535,65535
1685384748,0,1,0,0,1223223,65535,65535,65535,65535,65535,65535,65535,65535,65535,65535,65535,65535
1685384754,0,1,0,0,1223223,65535,65535,65535,65535,65535,65535,65535,65535,65535,65535,65535,65535
1685384760,0,1,0,0,1223223,65535,65535,65535,65535,65535,65535,65535,65535,65535,65535,65535,65535
1685384766,0,1,0,0,1223223,65535,65535,65535,65535,65535,65535,65535,65535,65535,65535,65535,65535
1685384772,0,1,0,0,1223223,65535,65535,65535,65535,65535,65535,65535,65535,65535,65535,65535,65535
1685384778,0,1,0,0,1223223,65535,65535,65535,65535,65535,65535,65535,65535,65535,65535,65535,65535
1685384784,0,1,0,0,1223223,65535,65535,65535,65535,65535,65535,65535,65535,65535,65535,65535,65535
1685384790,0,1,0,0,1223223,65535,65535,65535,65535,65535,65535,65535,65535,65535,65535,65535,65535
1685384796,0,1,0,0,1223223,65535,65535,65535,65535,65535,65535,65535,65535,65535,65535,65535,65535
1685384802,0,1,0,0,1223223,65535,65535,65535,65535,65535,65535,65535,65535,65535,65535,65535,65535
1685384808,0,1,0,0,1223223,65535,65535,65535,65535,65535,65535,65535,65535,65535,65535,65535,65535
1685384814,0,1,0,0,1223223,65535,65535,65535,65535,65535,65535,65535,65535,65535,65535,65535,65535
1685384820,0,1,0,0,1223223,65535,65535,65535,65535,65535,65535,65535,65535,65535,65535,65535,65535
1685384826,0,1,0,0,1223223,65535,65535,65535,65535,65535,65535,65535,65535,65535,65535,65535,65535
1685384832,0,1,0,0,1223223,65535,65535,65535,65535,65535,65535,65535,65535,65535,65535,65535,65535
1685384838,0,1,0,0,1223223,65535,65535,65535,65535,65535,65535,65535,65535,65535,65535,65535,65535
1685384844,0,1,0,0,1223223,65535,65535,65535,65535,65535,65535,65535,65535,65535,65535,65535,65535
1685384850,0,1,0,0,1223223,65535,65535,65535,65535,65535,65535,65535,65535,65535,65535,65535,65535
1685384856,0,1,0,0,1223223,65535,65535,65535,65535,65535,65535,65535,65535,65535,65535,65535,65535
1685384862,0,1,0,0,1223223,65535,65535,65535,65535,65535,65535,65535,65535,65535,65535,65535,65535
1685384868,0,1,0,0,1223223,65535,65535,65535,65535,65535,65535,65535,65535,65535,65535,65535,65535
1685384874,0,1,0,0,1223223,65535,65535,65535,65535,65535,65535,65535,65535,65535,65535,65535,65535
1685384880,0,1,0,0,1223223,65535,65535,65535,65535,65535,65535,65535,65535,65535,65535,65535,65535
1685384886,0,1,0,0,1223223,65535,65535,65535,65535,65535,65535,65535,65535,65535,65535,65535,65535
1685384892,0,1,0,0,1223223,65535,65535,65535,65535,65535,65535,65535,65535,65535,65535,65535,65535
1685384898,0,1,0,0,1223223,65535,65535,65535,65535,65535,65535,65535,65535,65535,65535,65535,65535
1685384904,0,1,0,0,1223223,65535,65535,65535,65535,65535,65535,65535,65535,65535,65535,65535,65535
1685384910,0,1,0,0,1223223,65535,65535,65535,65535,65535,65535,65535,65535,65535,65535,65535,65535
1685384916,0,1,0,0,1223223,65535,65535,65535,65535,65535,65535,65535,65535,65535,65535,65535,65535
1685384922,0,1,0,0,1223223,65535,65535,65535,65535,65535,65535,65535,65535,65535,65535,65535,65535
1685384928,0,1,0,0,1223223,65535,65535,65535,65535,65535,65535,65535,65535,65535,65535,65535,65535
1685384934,0,1,0,0,1223223,65535,65535,65535,65535,65535,65535,65535,65535,65535,65535,65535,65535
1685384940,0,1,0,0,1223223,65535,65535,65535,65535,65535,65535,65535,65535,65535,65535,65535,65535
1685384946,0,1,0,0,1223223,65535,65535,65535,65535,65535,65535,65535,65535,65535,65535,65535,65535
1685384952,0,1,0,0,1223223,65535,65535,65535,65535,65535,65535,65535,65535,65535,65535,65535,65535
1685384958,0,1,0,0,1223223,65535,65535,65535,65535,65535,65535,65535,65535,65535,65535,65535,65535
1685384964,0,1,0,0,1223223,65535,65535,65535,65535,65535,65535,65535,65535,65535,65535,65535,65535
1685384970,0,1,0,0,1223223,65535,65535,65535,65535,65535,65535,65535,65535,65535,65535,65535,65535
1685384976,0,1,0,0,1223223,65535,65535,65535,65535,65535,65535,65535,65535,65535,65535,65535,65535
1685384982,0,1,0,0,1223223,65535,65535,65535,65535,65535,65535,65535,65535,65535,65535,65535,65535
1685384988,0,1,0,0,1223223,65535,65535,65535,65535,65535,65535,65535,65535,65535,65535,65535,65535
1685384994,0,1,0,0,1223223,65535,65535,65535,65535,65535,65535,65535,65535,65535,65535,65535,65535
1685385000,0,1,0,0,1223223,65535,65535,65535,65535,65535,65535,65535,65535,65535,65535,65535,65535
1685385006,0,1,0,0,1223223,65535,65535,65535,65535,65535,65535,65535,65535,65535,65535,65535,65535
1685385012,0,1,0,0,1223223,65535,65535,65535,65535,65535,65535,65535,65535,65535,65535,65535,65535
1685385018,0,1,0,0,1223223,65535,65535,65535,65535,65535,65535,65535,65535,65535,65535,65535,65535
1685385024,0,1,0,0,1223223,65535,65535,65535,65535,65535,65535,65535,65535,65535,65535,65535,65535
1685385030,0,1,0,0,1223223,65535,65535,65535,65535,65535,65535,65535,65535,65535,65535,65535,65535
1685385036,0,1,0,0,1223223,65535,65535,65535,65535,65535,65535,65535,65535,65535,65535,65535,65535
1685385042,0,1,0,0,1223223,65535,65535,65535,65535,65535,65535,65535,65535,65535,65535,65535,65535
1685385048,0,1,0,0,1223223,65535,65535,65535,65535,65535,65535,65535,65535,65535,65535,65535,65535
1685385054,0,1,0,0,1223223,65535,65535,65535,65535,65535,65535,65535,65535,65535,65535,65535,65535
1685385060,0,1,0,0,1223223,65535,65535,65535,65535,65535,65535,65535,65535,65535,65535,65535,65535
1685385066,0,1,0,0,1223223,65535,65535,65535,65535,65535,65535,65535,65535,65535,65535,65535,65535
1685385072,0,1,0,0,1223223,65535,65535,65535,65535,65535,65535,65535,65535,65535,65535,65535,65535
1685385078,0,1,0,0,1223223,65535,65535,65535,65535,65535,65535,65535,65535,65535,65535,65535,65535
1685385084,0,1,0,0,1223223,65535,65535,65535,65535,65535,65535,65535,65535,65535,65535,65535,65535
1685385090,0,1,0,0,1223223,65535,65535,65535,65535,65535,65535,65535,65535,65535,65535,65535,65535
1685385096,0,1,0,0,1223223,65535,65535,65535,65535,65535,65535,65535,65535,65535,65535,65535,65535
1685385102,0,1,0,0,1223223,65535,65535,65535,65535,65535,65535,65535,65535,65535,65535,65535,65535
1685385108,0,1,0,0,1223223,65535,65535,65535,65535,65535,65535,65535,65535,65535,65535,65535,65535
1685385114,0,1,0,0,1223223,65535,65535,65535,65535,65535,65535,65535,65535,65535,65535,65535,65535
1685385120,0,1,0,0,1223223,65535,65535,65535,65535,65535,65535,65535,65535,65535,65535,65535,65535
1685385126,0,1,0,0,1223223,65535,65535,65535,65535,65535,65535,65535,65535,65535,65535,65535,65535
1685385132,0,1,0,0,1223223,65535,65535,65535,65535,65535,65535,65535,65535,65535,65535,65535,65535
1685385138,0,1,0,0,1223223,65535,65535,65535,65535,65535,65535,65535,65535,65535,65535,65535,65535
1685385144,0,1,0,0,1223223,65535,65535,65535,65535,65535,65535,65535,65535,65535,65535,65535,65535
1685385150,0,1,0,0,1223223,65535,65535,65535,65535,65535,65535,65535,65535,65535,65535,65535,65535
1685385156,0,1,0,0,1223223,65535,65535,65535,65535,65535,65535,65535,65535,65535,65535,65535,65535
1685385162,0,1,0,0,1223223,65535,65535,65535,65535,65535,65535,65535,65535,65535,65535,65535,65535
1685385168,0,1,0,0,1223223,65535,65535,65535,65535,65535,65535,65535,65535,65535,65535,65535,65535
1685385174,0,1,0,0,1223223,65535,65535,65535,65535,65535,65535,65535,65535,65535,65535,65535,65535
1685385180,0,1,0,0,1223223,65535,65535,65535,65535,65535,65535,65535,65535,65535,65535,65535,65535
1685385186,0,1,0,0,1223223,65535,65535,65535,65535,65535,65535,65535,65535,65535,65535,65535,65535
1685385192,0,1,0,0,1223223,65535,65535,65535,65535,65535,65535,65535,65535,65535,65535,65535,65535
1685385198,0,1,0,0,1223223,65535,65535,65535,65535,65535,65535,65535,65535,65535,65535,65535,65535
1685385204,0,1,0,0,1223223,65535,65535,65535,65535,65535,65535,65535,65535,65535,65535,65535,65535
1685385210,0,1,0,0,1223223,65535,65535,65535,65535,65535,65535,65535,65535,65535,65535,65535,65535
1685385216,0,1,0,0,1223223,65535,65535,65535,65535,65535,65535,65535,65535,65535,65535,65535,65535
1685385222,0,1,0,0,1223223,65535,65535,65535,65535,65535,65535,65535,65535,65535,65535,65535,65535
1685385228,0,1,0,0,1223223,65535,65535,65535,65535,65535,65535,65535,65535,65535,65535,65535,65535
1685385234,0,1,0,0,1223223,65535,65535,65535,65535,65535,65535,65535,65535,65535,65535,65535,65535
1685385240,0,1,0,0,1223223,65535,65535,65535,65535,65535,65535,65535,65535,65535,65535,65535,65535
1685385246,0,1,0,0,1223223,65535,65535,65535,65535,65535,65535,65535,65535,65535,65535,65535,65535
1685385252,0,1,0,0,1223223,65535,65535,65535,65535,65535,65535,65535,65535,65535,65535,65535,65535
1685385258,0,1,0,0,1223223,65535,65535,65535,65535,65535,65535,65535,65535,65535,65535,65535,65535
1685385264,0,1,0,0,1223223,65535,65535,65535,65535,65535,65535,65535,65535,65535,65535,65535,65535
1685385270,0,1,0,0,1223223,65535,65535,65535,65535,65535,65535,65535,65535,65535,65535,65535,65535
1685385276,0,1,0,0,1223223,65535,65535,65535,65535,65535,65535,65535,65535,65535,65535,65535,65535
1685385282,0,1,0,0,1223223,65535,65535,65535,65535,65535,65535,65535,65535,65535,65535,65535,65535
1685385288,0,1,0,0,1223223,65535,65535,65535,65535,65535,65535,65535,65535,65535,65535,65535,65535
1685385294,0,1,0,0,1223223,65535,65535,65535,65535,65535,65535,65535,65535,65535,65535,65535,65535
1685385300,0,1,0,0,1223223,65535,65535,65535,65535,65535,65535,65535,65535,65535,65535,65535,65535
1685385306,0,1,0,0,1223223,65535,65535,65535,65535,65535,65535,65535,65535,65535,65535,65535,65535
1685385312,0,1,0,0,1223223,65535,65535,65535,65535,65535,65535,65535,65535,65535,65535,65535,65535
1685385318,0,1,0,0,1223223,65535,65535,65535,65535,65535,65535,65535,65535,65535,65535,65535,65535
1685385324,0,1,0,0,1223223,65535,65535,65535,65535,65535,65535,65535,65535,65535,65535,65535,65535
1685385330,0,1,0,0,1223223,65535,65535,65535,65535,65535,65535,65535,65535,65535,65535,65535,65535
1685385336,0,1,0,0,1223223,65535,65535,65535,65535,65535,65535,65535,65535,65535,65535,65535,65535
1685385342,0,1,0,0,1223223,65535,65535,65535,65535,65535,65535,65535,65535,65535,65535,65535,65535
1685385348,0,1,0,0,1223223,65535,65535,65535,65535,65535,65535,65535,65535,65535,65535,65535,65535
1685385354,0,1,0,0,1223223,65535,65535,65535,65535,65535,65535,65535,65535,65535,65535,65535,65535
1685385360,0,1,0,0,1223223,65535,65535,65535,65535,65535,65535,65535,65535,65535,65535,65535,65535
1685385366,0,1,0,0,1223223,65535,65535,65535,65535,65535,65535,65535,65535,65535,65535,65535,65535
1685385372,0,1,0,0,1223223,65535,65535,65535,65535,65535,65535,65535,65535,65535,65535,65535,65535
1685385378,0,1,0,0,1223223,65535,65535,65535,65535,65535,65535,65535,65535,65535,65535,65535,65535
1685385384,0,1,0,0,1223223,65535,65535,65535,65535,65535,65535,65535,65535,65535,65535,65535,65535
1685385390,0,1,0,0,1223223,65535,65535,65535,65535,65535,65535,65535,65535,65535,65535,65535,65535
1685385396,0,1,0,0,1223223,65535,65535,65535,65535,65535,65535,65535,65535,65535,65535,65535,65535
1685385402,0,1,0,0,1223223,65535,65535,65535,65535,65535,65535,65535,65535,65535,65535,65535,65535
1685385408,0,1,0,0,1223223,65535,65535,65535,65535,65535,65535,65535,65535,65535,65535,65535,65535
1685385414,0,1,0,0,1223223,65535,65535,65535,65535,65535,65535,65535,65535,65535,65535,65535,65535
1685385420,0,1,0,0,1223223,65535,65535,65535,65535,65535,65535,65535,65535,65535,65535,65535,65535
1685385426,0,1,0,0,1223223,65535,65535,65535,65535,65535,65535,65535,65535,65535,65535,65535,65535
1685385432,0,1,0,0,1223223,65535,65535,65535,65535,65535,65535,65535,65535,65535,65535,65535,65535
1685385438,0,1,0,0,1223223,65535,65535,65535,65535,65535,65535,65535,65535,65535,65535,65535,65535
1685385444,0,1,0,0,1223223,65535,65535,65535,65535,65535,65535,65535,65535,65535,65535,65535,65535
1685385450,0,1,0,0,1223223,65535,65535,65535,65535,65535,65535,65535,65535,65535,65535,65535,65535
1685385456,0,1,0,0,1223223,65535,65535,65535,65535,65535,65535,65535,65535,65535,65535,65535,65535
1685385462,0,1,0,0,1223223,65535,65535,65535,65535,65535,65535,65535,65535,65535,65535,65535,65535
1685385468,0,1,0,0,1223223,65535,65535,65535,65535,65535,65535,65535,65535,65535,65535,65535,65535
1685385474,0,1,0,0,1223223,65535,65535,65535,65535,65535,65535,65535,65535,65535,65535,65535,65535
1685385480,0,1,0,0,1223223,65535,65535,65535,65535,65535,65535,65535,65535,65535,65535,65535,65535
1685385486,0,1,0,0,1223223,65535,65535,65535,65535,65535,65535,65535,65535,65535,65535,65535,65535
1685385492,0,1,0,0,1223223,65535,65535,65535,65535,65535,65535,65535,65535,65535,65535,65535,65535
1685385498,0,1,0,0,1223223,65535,65535,65535,65535,65535,65535,65535,65535,65535,65535,65535,65535
1685385504,0,1,0,0,1223223,65535,65535,65535,65535,65535,65535,65535,65535,65535,65535,65535,65535
1685385510,0,1,0,0,1223223,65535,65535,65535,65535,65535,65535,65535,65535,65535,65535,65535,65535
1685385516,0,1,0,0,1223223,65535,65535,65535,65535,65535,65535,65535,65535,65535,65535,65535,65535
1685385522,0,1,0,0,1223223,65535,65535,65535,65535,65535,65535,65535,65535,65535,65535,65535,65535
1685385528,0,1,0,0,1223223,65535,65535,65535,65535,65535,65535,65535,65535,65535,65535,65535,65535
1685385534,0,1,0,0,1223223,65535,65535,65535,65535,65535,65535,65535,65535,65535,65535,65535,65535
1685385540,0,1,0,0,1223223,65535,65535,65535,65535,65535,65535,65535,65535,65535,65535,65535,65535
1685385546,0,1,0,0,1223223,65535,65535,65535,65535,65535,65535,65535,65535,65535,65535,65535,65535
1685385552,0,1,0,0,1223223,65535,65535,65535,65535,65535,65535,65535,65535,65535,65535,65535,65535
1685385558,0,1,0,0,1223223,65535,65535,65535,65535,65535,65535,65535,65535,65535,65535,65535,65535
1685385564,0,1,0,0,1223223,65535,65535,65535,65535,65535,65535,65535,65535,65535,65535,65535,65535
1685385570,0,1,0,0,1223223,65535,65535,65535,65535,65535,65535,65535,65535,65535,65535,65535,65535
1685385576,0,1,0,0,1223223,65535,65535,65535,65535,65535,65535,65535,65535,65535,65535,65535,65535
1685385582,0,1,0,0,1223223,65535,65535,65535,65535,65535,65535,65535,65535,65535,65535,65535,65535
1685385588,0,1,0,0,1223223,65535,65535,65535,65535,65535,65535,65535,65535,65535,65535,65535,65535
1685385594,0,1,0,0,1223223,65535,65535,65535,65535,65535,65535,65535,65535,65535,65535,65535,65535
1685385600,0,1,0,0,1223223,65535,65535,65535,65535,65535,65535,65535,65535,65535,65535,65535,65535
1685385606,0,1,0,0,1223223,65535,65535,65535,65535,65535,65535,65535,65535,65535,65535,65535,65535
1685385612,0,1,0,0,1223223,65535,65535,65535,65535,65535,65535,65535,65535,65535,65535,65535,65535
1685385618,0,1,0,0,1223223,65535,65535,65535,65535,65535,65535,65535,65535,65535,65535,65535,65535
1685385624,0,1,0,0,1223223,65535,65535,65535,65535,65535,65535,65535,65535,65535,65535,65535,65535
1685385630,0,1,0,0,1223223,65535,65535,65535,65535,65535,65535,65535,65535,65535,65535,65535,65535
1685385636,0,1,0,0,1223223,65535,65535,65535,65535,65535,65535,65535,65535,65535,65535,65535,65535
1685385642,0,1,0,0,1223223,65535,65535,65535,65535,65535,65535,65535,65535,65535,65535,65535,65535
1685385648,0,1,0,0,1223223,65535,65535,65535,65535,65535,65535,65535,65535,65535,65535,65535,65535
1685385654,0,1,0,0,1223223,65535,65535,65535,65535,65535,65535,65535,65535,65535,65535,65535,65535
1685385660,0,1,0,0,1223223,65535,65535,65535,65535,65535,65535,65535,65535,65535,65535,65535,65535
1685385666,0,1,0,0,1223223,65535,65535,65535,65535,65535,65535,65535,65535,65535,65535,65535,65535
1685385672,0,1,0,0,1223223,65535,65535,65535,65535,65535,65535,65535,65535,65535,65535,65535,65535
1685385678,0,1,0,0,1223223,65535,65535,65535,65535,65535,65535,65535,65535,65535,65535,65535,65535
1685385684,0,1,0,0,1223223,65535,65535,65535,65535,65535,65535,65535,65535,65535,65535,65535,65535
1685385690,0,1,0,0,1223223,65535,65535,65535,65535,65535,65535,65535,65535,65535,65535,65535,65535
1685385696,0,1,0,0,1223223,65535,65535,65535,65535,65535,65535,65535,65535,65535,65535,65535,65535
1685385702,0,1,0,0,1223223,65535,65535,65535,65535,65535,65535,65535,65535,65535,65535,65535,65535
1685385708,0,1,0,0,1223223,65535,65535,65535,65535,65535,65535,65535,65535,65535,65535,65535,65535
1685385714,0,1,0,0,1223223,65535,65535,65535,65535,65535,65535,65535,65535,65535,65535,65535,65535
1685385720,0,1,0,0,1223223,65535,65535,65535,65535,65535,65535,65535,65535,65535,65535,65535,65535
1685385726,0,1,0,0,1223223,65535,65535,65535,65535,65535,65535,65535,65535,65535,65535,65535,65535
1685385732,0,1,0,0,1223223,65535,65535,65535,65535,65535,65535,65535,65535,65535,65535,65535,65535
1685385738,0,1,0,0,1223223,65535,65535,65535,65535,65535,65535,65535,65535,65535,65535,65535,65535
1685385744,0,1,0,0,1223223,65535,65535,65535,65535,65535,65535,65535,65535,65535,65535,65535,65535
1685385750,0,1,0,0,1223223,65535,65535,65535,65535,65535,65535,65535,65535,65535,65535,65535,65535
1685385756,0,1,0,0,1223223,65535,65535,65535,65535,65535,65535,65535,65535,65535,65535,65535,65535
1685385762,0,1,0,0,1223223,65535,65535,65535,65535,65535,65535,65535,65535,65535,65535,65535,65535
1685385768,0,1,0,0,1223223,65535,65535,65535,65535,65535,65535,65535,65535,65535,65535,65535,65535
1685385774,0,1,0,0,1223223,65535,65535,65535,65535,65535,65535,65535,65535,65535,65535,65535,65535
1685385780,0,1,0,0,1223223,65535,65535,65535,65535,65535,65535,65535,65535,65535,65535,65535,65535
1685385786,0,1,0,0,1223223,65535,65535,65535,65535,65535,65535,65535,65535,65535,65535,65535,65535
1685385792,0,1,0,0,1223223,65535,65535,65535,65535,65535,65535,65535,65535,65535,65535,65535,65535
1685385798,0,1,0,0,1223223,65535,65535,65535,65535,65535,65535,65535,65535,65535,65535,65535,65535
1685385804,0,1,0,0,1223223,65535,65535,65535,65535,65535,65535,65535,65535,65535,65535,65535,65535
1685385810,0,1,0,0,1223223,65535,65535,65535,65535,65535,65535,65535,65535,65535,65535,65535,65535
1685385816,0,1,0,0,1223223,65535,65535,65535,65535,65535,65535,65535,65535,65535,65535,65535,65535
1685385822,0,1,0,0,1223223,65535,65535,65535,65535,65535,65535,65535,65535,65535,65535,65535,65535
1685385828,0,1,0,0,1223223,65535,65535,65535,65535,65535,65535,65535,65535,65535,65535,65535,65535
1685385834,0,1,0,0,1223223,65535,65535,65535,65535,65535,65535,65535,65535,65535,65535,65535,65535
1685385840,0,1,0,0,1223223,65535,65535,65535,65535,65535,65535,65535,65535,65535,65535,65535,65535
1685385846,0,1,0,0,1223223,65535,65535,65535,65535,65535,65535,65535,65535,65535,65535,65535,65535
1685385852,0,1,0,0,1223223,65535,65535,65535,65535,65535,65535,65535,65535,65535,65535,65535,65535
1685385858,0,1,0,0,1223223,65535,65535,65535,65535,65535,65535,65535,65535,65535,65535,65535,65535
1685385864,0,1,0,0,1223223,65535,65535,65535,65535,65535,65535,65535,65535,65535,65535,65535,65535
1685385870,0,1,0,0,1223223,65535,65535,65535,65535,65535,65535,65535,65535,65535,65535,65535,65535
1685385876,0,1,0,0,1223223,65535,65535,65535,65535,65535,65535,65535,65535,65535,65535,65535,65535
1685385882,0,1,0,0,1223223,65535,65535,65535,65535,65535,65535,65535,65535,65535,65535,65535,65535
1685385888,0,1,0,0,1223223,65535,65535,65535,65535,65535,65535,65535,65535,65535,65535,65535,65535
1685385894,0,1,0,0,1223223,65535,65535,65535,65535,65535,65535,65535,65535,65535,65535,65535,65535
1685385900,0,1,0,0,1223223,65535,65535,65535,65535,65535,65535,65535,65535,65535,65535,65535,65535
1685385906,0,1,0,0,1223223,65535,65535,65535,65535,65535,65535,65535,65535,65535,65535,65535,65535
1685385912,0,1,0,0,1223223,65535,65535,65535,65535,65535,65535,65535,65535,65535,65535,65535,65535
1685385918,0,1,0,0,1223223,65535,65535,65535,65535,65535,65535,65535,65535,65535,65535,65535,65535
1685385924,0,1,0,0,1223223,65535,65535,65535,65535,65535,65535,65535,65535,65535,65535,65535,65535
1685385930,0,1,0,0,1223223,65535,65535,65535,65535,65535,65535,65535,65535,65535,65535,65535,65535
1685385936,0,1,0,0,1223223,65535,65535,65535,65535,65535,65535,65535,65535,65535,65535,65535,65535
1685385942,0,1,0,0,1223223,65535,65535,65535,65535,65535,65535,65535,65535,65535,65535,65535,65535
1685385948,0,1,0,0,1223223,65535,65535,65535,65535,65535,65535,65535,65535,65535,65535,65535,65535
1685385954,0,1,0,0,1223223,65535,65535,65535,65535,65535,65535,65535,65535,65535,65535,65535,65535
1685385960,0,1,0,0,1223223,65535,65535,65535,65535,65535,65535,65535,65535,65535,65535,65535,65535
1685385966,0,1,0,0,1223223,65535,65535,65535,65535,65535,65535,65535,65535,65535,65535,65535,65535
1685385972,0,1,0,0,1223223,65535,65535,65535,65535,65535,65535,65535,65535,65535,65535,65535,65535
1685385978,0,1,0,0,1223223,65535,65535,65535,65535,65535,65535,65535,65535,65535,65535,65535,65535
1685385984,0,1,0,0,1223223,65535,65535,65535,65535,65535,65535,65535,65535,65535,65535,65535,65535
1685385990,0,1,0,0,1223223,65535,65535,65535,65535,65535,65535,65535,65535,65535,65535,65535,65535
1685385996,0,1,0,0,1223223,65535,65535,65535,65535,65535,65535,65535,65535,65535,65535,65535,65535
1685386002,0,1,0,0,1223223,65535,65535,65535,65535,65535,65535,65535,65535,65535,65535,65535,65535
1685386008,0,1,0,0,1223223,65535,65535,65535,65535,65535,65535,65535,65535,65535,65535,65535,65535
1685386014,0,1,0,0,1223223,65535,65535,65535,65535,65535,65535,65535,65535,65535,65535,65535,65535
1685386020,0,1,0,0,1223223,65535,65535,65535,65535,65535,65535,65535,65535,65535,65535,65535,65535
1685386026,0,1,0,0,1223223,65535,65535,65535,65535,65535,65535,65535,65535,65535,65535,65535,65535
1685386032,0,1,0,0,1223223,65535,65535,65535,65535,65535,65535,65535,65535,65535,65535,65535,65535
1685386038,0,1,0,0,1223223,65535,65535,65535,65535,65535,65535,65535,65535,65535,65535,65535,65535
1685386044,0,1,0,0,1223223,65535,65535,65535,65535,65535,65535,65535,65535,65535,65535,65535,65535
1685386050,0,1,0,0,1223223,65535,65535,65535,65535,65535,65535,65535,65535,65535,65535,65535,65535
1685386056,0,1,0,0,1223223,65535,65535,65535,65535,65535,65535,65535,65535,65535,65535,65535,65535
1685386062,0,1,0,0,1223223,65535,65535,65535,65535,65535,65535,65535,65535,65535,65535,65535,65535
1685386068,0,1,0,0,1223223,65535,65535,65535,65535,65535,65535,65535,65535,65535,65535,65535,65535
1685386074,0,1,0,0,1223223,65535,65535,65535,65535,65535,65535,65535,65535,65535,65535,65535,65535
1685386080,0,1,0,0,1223223,65535,65535,65535,65535,65535,65535,65535,65535,65535,65535,65535,65535
1685386086,0,1,0,0,1223223,65535,65535,65535,65535,65535,65535,65535,65535,65535,65535,65535,65535
1685386092,0,1,0,0,1223223,65535,65535,65535,65535,65535,65535,65535,65535,65535,65535,65535,65535
1685386098,0,1,0,0,1223223,65535,65535,65535,65535,65535,65535,65535,65535,65535,65535,65535,65535
1685386104,0,1,0,0,1223223,65535,65535,65535,65535,65535,65535,65535,65535,65535,65535,65535,65535
1685386110,0,1,0,0,1223223,65535,65535,65535,65535,65535,65535,65535,65535,65535,65535,65535,65535
1685386116,0,1,0,0,1223223,65535,65535,65535,65535,65535,65535,65535,65535,65535,65535,65535,65535
1685386122,0,1,0,0,1223223,65535,65535,65535,65535,65535,65535,65535,65535,65535,65535,65535,65535
1685386128,0,1,0,0,1223223,65535,65535,65535,65535,65535,65535,65535,65535,65535,65535,65535,65535
1685386134,0,1,0,0,1223223,65535,65535,65535,65535,65535,65535,65535,65535,65535,65535,65535,65535
1685386140,0,1,0,0,1223223,65535,65535,65535,65535,65535,65535,65535,65535,65535,65535,65535,65535
1685386146,0,1,0,0,1223223,65535,65535,65535,65535,65535,65535,65535,65535,65535,65535,65535,65535
1685386152,0,1,0,0,1223223,65535,65535,65535,65535,65535,65535,65535,65535,65535,65535,65535,65535
1685386158,0,1,0,0,1223223,65535,65535,65535,65535,65535,65535,65535,65535,65535,65535,65535,65535
1685386164,0,1,0,0,1223223,65535,65535,65535,65535,65535,65535,65535,65535,65535,65535,65535,65535
1685386170,0,1,0,0,1223223,65535,65535,65535,65535,65535,65535,65535,65535,65535,65535,65535,65535
1685386176,0,1,0,0,1223223,65535,65535,65535,65535,65535,65535,65535,65535,65535,65535,65535,65535
1685386182,0,1,0,0,1223223,65535,65535,65535,65535,65535,65535,65535,65535,65535,65535,65535,65535
1685386188,0,1,0,0,1223223,65535,65535,65535,65535,65535,65535,65535,65535,65535,65535,65535,65535
1685386194,0,1,0,0,1223223,65535,65535,65535,65535,65535,65535,65535,65535,65535,65535,65535,65535
1685386200,0,1,0,0,1223223,65535,65535,65535,65535,65535,65535,65535,65535,65535,65535,65535,65535
1685386206,0,1,0,0,1223223,65535,65535,65535,65535,65535,65535,65535,65535,65535,65535,65535,65535
1685386212,0,1,0,0,1223223,65535,65535,65535,65535,65535,65535,65535,65535,65535,65535,65535,65535
1685386218,0,1,0,0,1223223,65535,65535,65535,65535,65535,65535,65535,65535,65535,65535,65535,65535
1685386224,0,1,0,0,1223223,65535,65535,65535,65535,65535,65535,65535,65535,65535,65535,65535,65535
1685386230,0,1,0,0,1223223,65535,65535,65535,65535,65535,65535,65535,65535,65535,65535,65535,65535
1685386236,0,1,0,0,1223223,65535,65535,65535,65535,65535,65535,65535,65535,65535,65535,65535,65535
1685386242,0,1,0,0,1223223,65535,65535,65535,65535,65535,65535,65535,65535,65535,65535,65535,65535
1685386248,0,1,0,0,1223223,65535,65535,65535,65535,65535,65535,65535,65535,65535,65535,65535,65535
1685386254,0,1,0,0,1223223,65535,65535,65535,65535,65535,65535,65535,65535,65535,65535,65535,65535
1685386260,0,1,0,0,1223223,65535,65535,65535,65535,65535,65535,65535,65535,65535,65535,65535,65535
1685386266,0,1,0,0,1223223,65535,65535,65535,65535,65535,65535,65535,65535,65535,65535,65535,65535
1685386272,0,1,0,0,1223223,65535,65535,65535,65535,65535,65535,65535,65535,65535,65535,65535,65535
1685386278,0,1,0,0,1223223,65535,65535,65535,65535,65535,65535,65535,65535,65535,65535,65535,65535
1685386284,0,1,0,0,1223223,65535,65535,65535,65535,65535,65535,65535,65535,65535,65535,65535,65535
1685386290,0,1,0,0,1223223,65535,65535,65535,65535,65535,65535,65535,65535,65535,65535,65535,65535
1685386296,0,1,0,0,1223223,65535,65535,65535,65535,65535,65535,65535,65535,65535,65535,65535,65535
1685386302,0,1,0,0,1223223,65535,65535,65535,65535,65535,65535,65535,65535,65535,65535,65535,65535
1685386308,0,1,0,0,1223223,65535,65535,65535,65535,65535,65535,65535,65535,65535,65535,65535,65535
1685386314,0,1,0,0,1223223,65535,65535,65535,65535,65535,65535,65535,65535,65535,65535,65535,65535
1685386320,0,1,0,0,1223223,65535,65535,65535,65535,65535,65535,65535,65535,65535,65535,65535,65535
1685386326,0,1,0,0,1223223,65535,65535,65535,65535,65535,65535,65535,65535,65535,65535,65535,65535
1685386332,0,1,0,0,1223223,65535,65535,65535,65535,65535,65535,65535,65535,65535,65535,65535,65535
1685386338,0,1,0,0,1223223,65535,65535,65535,65535,65535,65535,65535,65535,65535,65535,65535,65535
1685386344,0,1,0,0,1223223,65535,65535,65535,65535,65535,65535,65535,65535,65535,65535,65535,65535
1685386350,0,1,0,0,1223223,65535,65535,65535,65535,65535,65535,65535,65535,65535,65535,65535,65535
1685386356,0,1,0,0,1223223,65535,65535,65535,65535,65535,65535,65535,65535,65535,65535,65535,65535
1685386362,0,1,0,0,1223223,65535,65535,65535,65535,65535,65535,65535,65535,65535,65535,65535,65535
1685386368,0,1,0,0,1223223,65535,65535,65535,65535,65535,65535,65535,65535,65535,65535,65535,65535
1685386374,0,1,0,0,1223223,65535,65535,65535,65535,65535,65535,65535,65535,65535,65535,65535,65535
1685386380,0,1,0,0,1223223,65535,65535,65535,65535,65535,65535,65535,65535,65535,65535,65535,65535
1685386386,0,1,0,0,1223223,65535,65535,65535,65535,65535,65535,65535,65535,65535,65535,65535,65535
1685386392,0,1,0,0,1223223,65535,65535,65535,65535,65535,65535,65535,65535,65535,65535,65535,65535
1685386398,0,1,0,0,1223223,65535,65535,65535,65535,65535,65535,65535,65535,65535,65535,65535,65535
1685386404,0,1,0,0,1223223,65535,65535,65535,65535,65535,65535,65535,65535,65535,65535,65535,65535
1685386410,0,1,0,0,1223223,65535,65535,65535,65535,65535,65535,65535,65535,65535,65535,65535,65535
1685386416,0,1,0,0,1223223,65535,65535,65535,65535,65535,65535,65535,65535,65535,65535,65535,65535
1685386422,0,1,0,0,1223223,65535,65535,65535,65535,65535,65535,65535,65535,65535,65535,65535,65535
1685386428,0,1,0,0,1223223,65535,65535,65535,65535,65535,65535,65535,65535,65535,65535,65535,65535
1685386434,0,1,0,0,1223223,65535,65535,65535,65535,65535,65535,65535,65535,65535,65535,65535,65535
1685386440,0,1,0,0,1223223,65535,65535,65535,65535,65535,65535,65535,65535,65535,65535,65535,65535
1685386446,0,1,0,0,1223223,65535,65535,65535,65535,65535,65535,65535,65535,65535,65535,65535,65535
1685386452,0,1,0,0,1223223,65535,65535,65535,65535,65535,65535,65535,65535,65535,65535,65535,65535
1685386458,0,1,0,0,1223223,65535,65535,65535,65535,65535,65535,65535,65535,65535,65535,65535,65535
1685386464,0,1,0,0,1223223,65535,65535,65535,65535,65535,65535,65535,65535,65535,65535,65535,65535
1685386470,0,1,0,0,1223223,65535,65535,65535,65535,65535,65535,65535,65535,65535,65535,65535,65535
1685386476,0,1,0,0,1223223,65535,65535,65535,65535,65535,65535,65535,65535,65535,65535,65535,65535
1685386482,0,1,0,0,1223223,65535,65535,65535,65535,65535,65535,65535,65535,65535,65535,65535,65535
1685386488,0,1,0,0,1223223,65535,65535,65535,65535,65535,65535,65535,65535,65535,65535,65535,65535
1685386494,0,1,0,0,1223223,65535,65535,65535,65535,65535,65535,65535,65535,65535,65535,65535,65535
1685386500,0,1,0,0,1223223,65535,65535,65535,65535,65535,65535,65535,65535,65535,65535,65535,65535
1685386506,0,1,0,0,1223223,65535,65535,65535,65535,65535,65535,65535,65535,65535,65535,65535,65535
1685386512,0,1,0,0,1223223,65535,65535,65535,65535,65535,65535,65535,65535,65535,65535,65535,65535
1685386518,0,1,0,0,1223223,65535,65535,65535,65535,65535,65535,65535,65535,65535,65535,65535,65535
1685386524,0,1,0,0,1223223,65535,65535,65535,65535,65535,65535,65535,65535,65535,65535,65535,65535
1685386530,0,1,0,0,1223223,65535,65535,65535,65535,65535,65535,65535,65535,65535,65535,65535,65535
1685386536,0,1,0,0,1223223,65535,65535,65535,65535,65535,65535,65535,65535,65535,65535,65535,65535
1685386542,0,1,0,0,1223223,65535,65535,65535,65535,65535,65535,65535,65535,65535,65535,65535,65535
1685386548,0,1,0,0,1223223,65535,65535,65535,65535,65535,65535,65535,65535,65535,65535,65535,65535
1685386554,0,1,0,0,1223223,65535,65535,65535,65535,65535,65535,65535,65535,65535,65535,65535,65535
1685386560,0,1,0,0,1223223,65535,65535,65535,65535,65535,65535,65535,65535,65535,65535,65535,65535
1685386566,0,1,0,0,1223223,65535,65535,65535,65535,65535,65535,65535,65535,65535,65535,65535,65535
1685386572,0,1,0,0,1223223,65535,65535,65535,65535,65535,65535,65535,65535,65535,65535,65535,65535
1685386578,0,1,0,0,1223223,65535,65535,65535,65535,65535,65535,65535,65535,65535,65535,65535,65535
1685386584,0,1,0,0,1223223,65535,65535,65535,65535,65535,65535,65535,65535,65535,65535,65535,65535
1685386590,0,1,0,0,1223223,65535,65535,65535,65535,65535,65535,65535,65535,65535,65535,65535,65535
1685386596,0,1,0,0,1223223,65535,65535,65535,65535,65535,65535,65535,65535,65535,65535,65535,65535
1685386602,0,1,0,0,1223223,65535,65535,65535,65535,65535,65535,65535,65535,65535,65535,65535,65535
1685386608,0,1,0,0,1223223,65535,65535,65535,65535,65535,65535,65535,65535,65535,65535,65535,65535
1685386614,0,1,0,0,1223223,65535,65535,65535,65535,65535,65535,65535,65535,65535,65535,65535,65535
1685386620,0,1,0,0,1223223,65535,65535,65535,65535,65535,65535,65535,65535,65535,65535,65535,65535
1685386626,0,1,0,0,1223223,65535,65535,65535,65535,65535,65535,65535,65535,65535,65535,65535,65535
1685386632,0,1,0,0,1223223,65535,65535,65535,65535,65535,65535,65535,65535,65535,65535,65535,65535
1685386638,0,1,0,0,1223223,65535,65535,65535,65535,65535,65535,65535,65535,65535,65535,65535,65535
1685386644,0,1,0,0,1223223,65535,65535,65535,65535,65535,65535,65535,65535,65535,65535,65535,65535
1685386650,0,1,0,0,1223223,65535,65535,65535,65535,65535,65535,65535,65535,65535,65535,65535,65535
1685386656,0,1,0,0,1223223,65535,65535,65535,65535,65535,65535,65535,65535,65535,65535,65535,65535
1685386662,0,1,0,0,1223223,65535,65535,65535,65535,65535,65535,65535,65535,65535,65535,65535,65535
1685386668,0,1,0,0,1223223,65535,65535,65535,65535,65535,65535,65535,65535,65535,65535,65535,65535
1685386674,0,1,0,0,1223223,65535,65535,65535,65535,65535,65535,65535,65535,65535,65535,65535,65535
1685386680,0,1,0,0,1223223,65535,65535,65535,65535,65535,65535,65535,65535,65535,65535,65535,65535
1685386686,0,1,0,0,1223223,65535,65535,65535,65535,65535,65535,65535,65535,65535,65535,65535,65535
1685386692,0,1,0,0,1223223,65535,65535,65535,65535,65535,65535,65535,65535,65535,65535,65535,65535
1685386698,0,1,0,0,1223223,65535,65535,65535,65535,65535,65535,65535,65535,65535,65535,65535,65535
1685386704,0,1,0,0,1223223,65535,65535,65535,65535,65535,65535,65535,65535,65535,65535,65535,65535
1685386710,0,1,0,0,1223223,65535,65535,65535,65535,65535,65535,65535,65535,65535,65535,65535,65535
1685386716,0,1,0,0,1223223,65535,65535,65535,65535,65535,65535,65535,65535,65535,65535,65535,65535
1685386722,0,1,0,0,1223223,65535,65535,65535,65535,65535,65535,65535,65535,65535,65535,65535,65535
1685386728,0,1,0,0,1223223,65535,65535,65535,65535,65535,65535,65535,65535,65535,65535,65535,65535
1685386734,0,1,0,0,1223223,65535,65535,65535,65535,65535,65535,65535,65535,65535,65535,65535,65535
1685386740,0,1,0,0,1223223,65535,65535,65535,65535,65535,65535,65535,65535,65535,65535,65535,65535
1685386746,0,1,0,0,1223223,65535,65535,65535,65535,65535,65535,65535,65535,65535,65535,65535,65535
1685386752,0,1,0,0,1223223,65535,65535,65535,65535,65535,65535,65535,65535,65535,65535,65535,65535
1685386758,0,1,0,0,1223223,65535,65535,65535,65535,65535,65535,65535,65535,65535,65535,65535,65535
1685386764,0,1,0,0,1223223,65535,65535,65535,65535,65535,65535,65535,65535,65535,65535,65535,65535
1685386770,0,1,0,0,1223223,65535,65535,65535,65535,65535,65535,65535,65535,65535,65535,65535,65535
1685386776,0,1,0,0,1223223,65535,65535,65535,65535,65535,65535,65535,65535,65535,65535,65535,65535
1685386782,0,1,0,0,1223223,65535,65535,65535,65535,65535,65535,65535,65535,65535,65535,65535,65535
1685386788,0,1,0,0,1223223,65535,65535,65535,65535,65535,65535,65535,65535,65535,65535,65535,65535
1685386794,0,1,0,0,1223223,65535,65535,65535,65535,65535,65535,65535,65535,65535,65535,65535,65535
