Timestamp,Amber,White,On,Override,Intensity,AS00,AS01,AS02,AS03,AS04,AS05,AS06,AS07,AS08,AS09,AS10,AS11
1685437200,0,1,0,0,0,3,5,10,15,112,6,51,53,63,15,112,6
1685437206,0,1,0,0,0,3,5,10,15,112,6,51,53,64,14,112,6
1685437212,0,1,0,0,0,3,5,10,15,112,6,51,53,63,15,112,6
1685437218,0,1,0,0,0,3,6,10,16,112,6,51,54,64,15,112,6
1685437224,0,1,0,0,0,3,5,10,15,112,6,51,54,64,15,112,6
1685437230,0,1,0,0,0,3,5,10,16,113,6,51,53,64,15,112,6
1685437236,0,1,0,0,0,3,5,9,15,112,6,51,53,64,14,112,6
1685437242,0,1,0,0,0,3,5,10,15,112,6,51,54,63,15,112,6
1685437248,0,1,0,0,0,3,5,10,15,112,6,52,53,63,14,112,6
1685437254,0,1,0,0,0,3,5,10,16,112,6,51,53,64,15,112,6
1685437260,0,1,0,0,0,3,6,10,16,112,6,51,53,63,15,112,6
1685437266,0,1,0,0,0,3,5,10,15,112,6,51,53,64,15,112,6
1685437272,0,1,0,0,0,3,5,9,15,112,6,51,53,64,14,112,6
1685437278,0,1,0,0,0,3,5,10,15,112,6,51,54,64,15,112,6
1685437284,0,1,0,0,0,3,5,10,16,112,6,51,53,63,15,112,6
1685437290,0,1,0,0,0,3,5,10,16,112,6,51,53,64,15,112,6
1685437296,0,1,0,0,0,3,6,10,16,112,6,51,53,64,14,112,6
1685437302,0,1,0,0,0,3,5,9,15,112,6,51,53,64,15,112,6
1685437308,0,1,0,0,0,3,5,10,16,112,6,51,53,63,14,112,6
1685437314,0,1,0,0,0,3,5,10,16,111,6,51,53,63,15,112,6
1685437320,0,1,0,0,0,3,5,9,16,112,6,51,53,64,14,112,6
1685437326,0,1,0,0,0,3,5,10,16,112,6,51,53,64,14,112,6
1685437332,0,1,0,0,0,3,5,9,15,112,6,51,54,64,14,112,6
1685437338,0,1,0,0,0,3,5,10,15,112,6,51,53,63,15,112,6
1685437344,0,1,0,0,0,3,5,9,15,112,6,51,53,64,15,112,6
1685437350,0,1,0,0,0,3,5,9,16,112,6,51,53,63,15,112,6
1685437356,0,1,0,0,0,3,5,10,16,112,6,51,54,63,15,112,6
1685437362,0,1,0,0,0,3,5,10,16,112,6,51,53,64,15,112,6
1685437368,0,1,0,0,0,3,5,10,15,112,6,51,53,63,14,112,6
1685437374,0,1,0,0,0,3,5,10,15,112,6,51,53,63,14,112,6
1685437380,0,1,0,0,0,3,5,10,16,112,6,51,53,63,15,112,6
1685437386,0,1,0,0,0,3,5,10,16,112,6,51,54,64,15,112,6
1685437392,0,1,0,0,0,3,5,10,16,112,6,51,53,63,14,112,6
1685437398,0,1,0,0,0,3,5,10,15,112,6,51,53,64,15,112,6
1685437404,0,1,0,0,0,3,5,10,16,112,6,51,53,63,15,112,6
1685437410,0,1,0,0,0,3,5,10,16,112,6,51,53,64,15,112,6
1685437416,0,1,0,0,0,3,5,10,16,112,6,52,53,64,15,112,6
1685437422,0,1,0,0,0,3,6,10,16,112,6,51,53,63,15,112,6
1685437428,0,1,0,0,0,3,5,10,15,112,6,51,53,63,15,112,6
1685437434,0,1,0,0,0,3,5,10,15,112,6,51,53,63,14,112,6
1685437440,0,1,0,0,0,3,5,10,16,112,6,51,53,63,15,112,6
1685437446,0,1,0,0,0,3,5,9,15,112,6,51,54,63,15,112,6
1685437452,0,1,0,0,0,3,5,10,16,113,6,52,54,63,15,112,6
1685437458,0,1,0,0,0,3,5,10,15,112,6,51,53,64,15,112,6
1685437464,0,1,0,0,0,3,6,10,16,112,6,51,53,64,15,112,6
1685437470,0,1,0,0,0,3,5,10,15,112,6,51,54,64,15,112,6
1685437476,0,1,0,0,0,3,5,10,15,112,6,51,53,63,15,112,6
1685437482,0,1,0,0,0,3,5,10,16,112,6,51,54,64,15,112,6
1685437488,0,1,0,0,0,3,5,10,16,113,6,51,53,64,15,112,6
1685437494,0,1,0,0,0,3,5,10,15,112,6,51,54,64,15,112,6
1685437500,0,1,0,0,0,3,6,10,16,112,6,52,54,64,15,113,6
1685437506,0,1,0,0,0,3,5,9,16,112,6,51,53,64,14,112,6
1685437512,0,1,0,0,0,3,5,10,16,112,6,51,53,63,15,112,6
1685437518,0,1,0,0,0,3,5,10,15,112,6,51,54,63,15,112,6
1685437524,0,1,0,0,0,3,5,9,15,112,6,51,53,63,15,112,6
1685437530,0,1,0,0,0,3,5,10,16,112,6,51,53,64,15,112,6
1685437536,0,1,0,0,0,3,5,10,16,112,6,51,53,64,15,112,6
1685437542,0,1,0,0,0,3,6,10,16,112,6,51,53,63,15,112,6
1685437548,0,1,0,0,0,3,5,10,16,112,6,51,53,64,15,112,6
1685437554,0,1,0,0,0,3,5,10,16,112,6,51,53,63,15,112,6
1685437560,0,1,0,0,0,3,5,9,15,112,6,51,53,63,15,112,6
1685437566,0,1,0,0,0,3,5,10,15,112,6,51,54,63,15,112,6
1685437572,0,1,0,0,0,3,5,10,15,112,6,51,53,64,15,112,6
1685437578,0,1,0,0,0,3,5,9,16,112,6,51,53,63,14,112,6
1685437584,0,1,0,0,0,3,5,10,15,112,6,51,53,64,15,112,6
1685437590,0,1,0,0,0,3,5,10,15,112,6,51,53,63,15,112,6
1685437596,0,1,0,0,0,3,6,10,15,112,6,51,54,64,15,112,6
1685437602,0,1,0,0,0,3,5,10,16,112,6,51,53,63,15,112,6
1685437608,0,1,0,0,0,3,5,9,15,112,6,52,53,63,15,112,6
1685437614,0,1,0,0,0,3,5,10,15,112,6,51,53,63,15,112,6
1685437620,0,1,0,0,0,3,5,10,15,112,6,51,54,63,14,112,6
1685437626,0,1,0,0,0,3,5,10,16,112,6,51,53,64,15,112,6
1685437632,0,1,0,0,0,3,5,10,16,112,6,51,53,64,15,112,6
1685437638,0,1,0,0,0,3,5,10,15,112,6,51,53,64,15,112,6
1685437644,0,1,0,0,0,3,5,10,16,112,6,52,53,63,15,112,6
1685437650,0,1,0,0,0,3,5,10,16,112,6,51,53,63,15,112,6
1685437656,0,1,0,0,0,3,5,10,16,112,6,51,53,63,15,112,6
1685437662,0,1,0,0,0,3,5,10,16,112,6,52,53,64,15,112,6
1685437668,0,1,0,0,0,3,5,9,16,112,6,51,53,64,15,112,6
1685437674,0,1,0,0,0,3,5,10,15,112,6,51,53,63,15,112,6
1685437680,0,1,0,0,0,3,5,9,15,112,6,52,53,63,15,112,6
1685437686,0,1,0,0,0,3,5,10,16,112,6,51,53,64,15,112,6
1685437692,0,1,0,0,0,3,5,10,16,112,6,51,53,64,15,112,6
1685437698,0,1,0,0,0,3,5,10,15,112,6,51,53,64,15,112,6
1685437704,0,1,0,0,0,3,5,10,15,112,6,51,53,64,15,112,6
1685437710,0,1,0,0,0,3,5,10,16,112,6,52,53,63,15,112,6
1685437716,0,1,0,0,0,3,5,10,15,112,6,51,54,64,15,112,6
1685437722,0,1,0,0,0,3,5,10,16,112,6,51,54,64,15,112,6
1685437728,0,1,0,0,0,3,5,10,16,112,6,51,54,63,15,112,6
1685437734,0,1,0,0,0,3,5,10,16,112,6,51,53,63,15,112,6
1685437740,0,1,0,0,0,3,5,10,16,112,6,51,53,64,15,112,6
1685437746,0,1,0,0,0,3,5,10,15,112,6,51,53,64,15,112,6
1685437752,0,1,0,0,0,3,5,10,15,112,6,51,53,63,14,112,6
1685437758,0,1,0,0,0,3,5,10,16,112,6,52,53,64,15,112,6
1685437764,0,1,0,0,0,3,5,10,15,112,6,51,53,64,15,112,6
1685437770,0,1,0,0,0,3,5,10,16,112,6,51,53,63,15,112,6
1685437776,0,1,0,0,0,3,5,10,16,112,6,52,54,64,15,112,6
1685437782,0,1,0,0,0,3,5,10,15,112,6,52,54,64,15,112,6
1685437788,0,1,0,0,0,3,6,10,15,112,6,52,53,64,15,112,6
1685437794,0,1,0,0,0,3,5,9,16,112,6,52,54,64,15,112,6
1685437800,0,1,0,0,0,3,5,10,15,112,6,51,54,64,15,112,6
1685437806,0,1,0,0,0,3,5,10,16,112,6,51,53,64,15,112,6
1685437812,0,1,0,0,0,3,5,9,15,112,6,51,53,64,14,112,6
1685437818,0,1,0,0,0,3,5,10,16,112,6,51,53,64,15,112,6
1685437824,0,1,0,0,0,3,5,10,16,112,6,51,53,63,15,112,6
1685437830,0,1,0,0,0,3,5,10,15,112,6,51,53,63,15,112,6
1685437836,0,1,0,0,0,3,5,10,15,112,6,51,53,64,15,112,6
1685437842,0,1,0,0,0,3,5,10,15,112,6,52,53,64,15,112,6
1685437848,0,1,0,0,0,3,5,10,15,112,6,51,54,64,15,112,6
1685437854,0,1,0,0,0,3,6,10,16,112,6,51,53,63,15,112,6
1685437860,0,1,0,0,0,3,5,10,15,112,6,51,53,63,15,112,6
1685437866,0,1,0,0,0,3,5,10,16,112,6,51,53,63,14,112,6
1685437872,0,1,0,0,0,3,5,10,15,112,6,51,53,63,15,112,6
1685437878,0,1,0,0,0,3,5,9,15,113,6,51,53,64,14,112,6
1685437884,0,1,0,0,0,3,5,10,16,112,6,51,53,64,14,112,6
1685437890,0,1,0,0,0,3,5,10,16,112,6,52,53,63,15,112,6
1685437896,0,1,0,0,0,3,5,10,16,112,6,51,53,64,15,112,6
1685437902,0,1,0,0,0,3,5,10,16,112,6,51,53,64,15,112,6
1685437908,0,1,0,0,0,3,5,10,16,112,6,51,53,64,15,112,6
1685437914,0,1,0,0,0,3,5,10,15,112,6,51,53,64,15,112,6
1685437920,0,1,0,0,0,3,5,10,16,112,6,51,53,64,15,112,6
1685437926,0,1,0,0,0,3,5,10,16,112,6,51,53,64,15,112,6
1685437932,0,1,0,0,0,3,5,10,15,112,6,52,54,64,15,113,6
1685437938,0,1,0,0,0,3,6,10,16,113,6,52,54,64,15,112,6
1685437944,0,1,0,0,0,3,5,10,16,112,6,51,53,64,15,112,6
1685437950,0,1,0,0,0,3,5,10,16,112,6,51,54,63,15,112,6
1685437956,0,1,0,0,0,3,5,10,16,112,6,52,53,64,15,112,6
1685437962,0,1,0,0,0,3,5,10,15,112,6,52,53,64,15,112,6
1685437968,0,1,0,0,0,3,5,10,15,112,6,52,54,64,15,112,6
1685437974,0,1,0,0,0,3,5,10,16,112,6,52,54,64,15,112,6
1685437980,0,1,0,0,0,3,5,10,15,112,6,52,53,64,15,112,6
1685437986,0,1,0,0,0,3,5,10,16,112,6,52,54,64,15,112,6
1685437992,0,1,0,0,0,3,5,10,16,113,6,51,53,63,15,112,6
1685437998,0,1,0,0,0,3,5,10,15,112,6,51,54,63,14,112,6
1685438004,0,1,0,0,0,3,5,10,15,112,6,51,54,64,15,112,6
1685438010,0,1,0,0,0,3,5,10,15,112,6,52,53,64,15,112,6
1685438016,0,1,0,0,0,3,5,10,15,112,6,51,54,63,15,112,6
1685438022,0,1,0,0,0,3,5,10,15,113,6,51,54,63,15,112,6
1685438028,0,1,0,0,0,3,5,10,16,112,6,52,53,63,15,112,6
1685438034,0,1,0,0,0,3,5,10,16,113,6,52,54,64,15,112,6
1685438040,0,1,0,0,0,3,5,10,16,112,6,51,54,64,15,112,6
1685438046,0,1,0,0,0,3,5,10,16,112,6,52,53,64,15,112,6
1685438052,0,1,0,0,0,3,5,10,15,112,6,52,53,64,15,112,6
1685438058,0,1,0,0,0,3,5,9,16,112,6,51,53,64,15,112,6
1685438064,0,1,0,0,0,3,5,9,16,112,6,51,54,64,15,112,6
1685438070,0,1,0,0,0,3,5,10,16,113,6,52,53,64,15,112,6
1685438076,0,1,0,0,0,2,5,10,16,112,6,52,53,64,15,112,6
1685438082,0,1,0,0,0,3,5,10,15,112,6,51,54,64,15,112,6
1685438088,0,1,0,0,0,3,5,9,16,112,6,52,54,63,15,113,6
1685438094,0,1,0,0,0,3,5,10,16,112,6,51,53,64,15,112,6
1685438100,0,1,0,0,0,3,5,10,15,112,6,51,53,64,15,112,6
1685438106,0,1,0,0,0,3,5,10,16,112,6,51,53,64,15,112,6
1685438112,0,1,0,0,0,3,5,10,15,112,6,51,54,63,15,112,6
1685438118,0,1,0,0,0,3,5,10,16,113,6,51,54,64,15,112,6
1685438124,0,1,0,0,0,3,5,10,15,112,6,52,53,63,15,112,6
1685438130,0,1,0,0,0,3,5,10,16,112,6,52,54,64,15,112,6
1685438136,0,1,0,0,0,3,5,10,15,112,6,52,53,64,14,112,6
1685438142,0,1,0,0,0,3,5,10,16,112,6,52,54,64,15,112,6
1685438148,0,1,0,0,0,3,5,10,15,113,6,51,53,64,14,112,6
1685438154,0,1,0,0,0,3,5,10,16,112,6,52,53,64,15,112,6
1685438160,0,1,0,0,0,3,5,10,16,112,6,52,53,63,15,112,6
1685438166,0,1,0,0,0,3,5,10,16,112,6,52,53,64,15,112,6
1685438172,0,1,0,0,0,3,5,10,16,112,6,52,53,64,15,112,6
1685438178,0,1,0,0,0,3,5,10,16,113,6,51,53,64,15,112,6
1685438184,0,1,0,0,0,3,5,10,15,112,6,52,54,63,15,112,6
1685438190,0,1,0,0,0,3,5,10,16,113,6,52,54,64,15,113,6
1685438196,0,1,0,0,0,3,5,10,15,112,6,52,54,64,15,113,6
1685438202,0,1,0,0,0,3,5,10,16,112,6,51,53,64,15,112,6
1685438208,0,1,0,0,0,3,5,10,16,113,6,52,54,64,15,113,6
1685438214,0,1,0,0,0,3,5,10,16,113,6,52,53,64,15,113,6
1685438220,0,1,0,0,0,3,5,10,16,113,6,52,54,64,15,113,6
1685438226,0,1,0,0,0,3,5,10,16,112,6,52,54,64,15,113,6
1685438232,0,1,0,0,0,3,5,10,15,112,6,52,54,64,15,113,6
1685438238,0,1,0,0,0,3,5,10,15,113,6,52,53,64,15,112,6
1685438244,0,1,0,0,0,3,5,10,15,113,6,52,54,64,15,113,6
1685438250,0,1,0,0,0,3,5,10,16,113,6,51,54,64,15,112,6
1685438256,0,1,0,0,0,3,5,10,16,113,6,51,54,64,15,113,6
1685438262,0,1,0,0,0,3,5,10,16,113,6,52,54,64,15,113,6
1685438268,0,1,0,0,0,3,5,10,16,113,6,52,53,64,15,112,6
1685438274,0,1,0,0,0,3,5,10,16,113,6,52,54,64,15,112,6
1685438280,0,1,0,0,0,3,5,10,16,113,6,52,54,64,15,112,6
1685438286,0,1,0,0,0,3,5,10,16,113,6,51,54,63,15,113,6
1685438292,0,1,0,0,0,3,5,10,16,113,6,52,54,64,15,112,6
1685438298,0,1,0,0,0,3,5,10,15,112,6,52,54,64,15,112,6
1685438304,0,1,0,0,0,3,5,10,15,113,6,51,54,64,15,113,6
1685438310,0,1,0,0,0,3,5,11,15,112,6,52,54,64,15,112,6
1685438316,0,1,0,0,0,3,5,10,15,112,6,52,53,64,15,113,6
1685438322,0,1,0,0,0,3,5,10,15,113,6,51,54,64,15,113,6
1685438328,0,1,0,0,0,3,5,10,15,112,6,52,53,64,15,112,6
1685438334,0,1,0,0,0,3,5,10,16,112,6,52,54,64,15,112,6
1685438340,0,1,0,0,0,3,5,10,15,112,6,51,54,64,15,112,6
1685438346,0,1,0,0,0,3,5,10,16,112,6,52,54,64,15,112,6
1685438352,0,1,0,0,0,3,5,10,16,113,6,52,53,64,15,112,6
1685438358,0,1,0,0,0,3,5,10,16,112,6,51,54,64,15,112,6
1685438364,0,1,0,0,0,3,5,10,16,112,6,52,53,64,15,112,6
1685438370,0,1,0,0,0,3,5,10,16,112,6,51,53,64,15,113,6
1685438376,0,1,0,0,0,3,5,10,16,112,6,51,53,64,15,112,6
1685438382,0,1,0,0,0,3,5,9,15,112,6,52,54,64,14,112,6
1685438388,0,1,0,0,0,3,5,10,16,112,6,52,53,64,15,112,6
1685438394,0,1,0,0,0,3,5,9,16,112,6,51,53,63,15,112,6
1685438400,0,1,0,0,0,3,5,9,16,112,6,51,54,64,15,113,6
1685438406,0,1,0,0,0,3,5,10,15,112,6,51,54,64,15,112,6
1685438412,0,1,0,0,0,3,6,10,15,112,6,51,54,64,14,112,6
1685438418,0,1,0,0,0,3,5,10,15,113,6,51,54,64,15,112,6
1685438424,0,1,0,0,0,3,5,10,16,112,6,51,54,63,15,112,6
1685438430,0,1,0,0,0,3,5,10,16,113,6,52,54,64,15,112,6
1685438436,0,1,0,0,0,3,5,10,16,112,6,51,54,64,15,112,6
1685438442,0,1,0,0,0,3,5,10,16,112,6,52,53,64,15,112,6
1685438448,0,1,0,0,0,3,5,10,16,112,6,51,53,64,15,112,6
1685438454,0,1,0,0,0,3,5,9,16,112,6,51,53,63,15,112,6
1685438460,0,1,0,0,0,3,5,10,16,112,6,51,53,64,15,112,6
1685438466,0,1,0,0,0,3,5,9,16,112,6,51,53,63,15,112,6
1685438472,0,1,0,0,0,3,5,10,15,112,6,52,53,64,15,112,6
1685438478,0,1,0,0,0,3,6,10,15,112,6,51,53,64,15,112,6
1685438484,0,1,0,0,0,3,5,10,16,113,6,51,54,64,15,112,6
1685438490,0,1,0,0,0,3,5,10,15,112,6,51,53,64,15,112,6
1685438496,0,1,0,0,0,3,5,10,16,112,6,51,53,64,15,112,6
1685438502,0,1,0,0,0,3,5,10,15,112,6,52,53,64,15,112,6
1685438508,0,1,0,0,0,3,5,10,15,112,6,51,53,64,15,112,6
1685438514,0,1,0,0,0,3,5,10,16,112,6,51,53,63,15,112,6
1685438520,0,1,0,0,0,3,5,10,16,113,6,51,54,64,15,113,6
1685438526,0,1,0,0,0,3,5,9,16,112,6,51,53,64,15,112,6
1685438532,0,1,0,0,0,3,5,10,15,112,6,51,53,64,15,113,6
1685438538,0,1,0,0,0,3,5,10,16,112,6,52,53,64,15,112,6
1685438544,0,1,0,0,0,3,5,10,15,112,6,51,54,64,15,113,6
1685438550,0,1,0,0,0,3,5,10,16,112,6,52,53,63,15,113,6
1685438556,0,1,0,0,0,3,5,10,16,113,6,51,53,64,15,112,6
1685438562,0,1,0,0,0,3,5,10,16,113,6,52,54,64,15,112,6
1685438568,0,1,0,0,0,3,5,10,16,112,6,52,53,64,15,112,6
1685438574,0,1,0,0,0,3,5,10,16,112,6,52,54,64,15,112,6
1685438580,0,1,0,0,0,3,5,10,15,112,6,51,53,64,15,112,6
1685438586,0,1,0,0,0,3,5,10,16,112,6,52,54,64,15,112,6
1685438592,0,1,0,0,0,3,5,10,16,113,6,52,53,64,14,113,6
1685438598,0,1,0,0,0,3,5,10,15,112,6,52,54,64,15,113,6
1685438604,0,1,0,0,0,3,5,10,16,112,6,52,54,64,15,113,6
1685438610,0,1,0,0,0,3,5,10,16,112,6,51,54,64,15,112,6
1685438616,0,1,0,0,0,3,5,10,16,113,6,52,53,64,15,113,6
1685438622,0,1,0,0,0,3,5,10,16,113,6,52,54,64,15,112,6
1685438628,0,1,0,0,0,3,5,9,15,112,6,52,54,63,15,113,6
1685438634,0,1,0,0,0,3,5,10,16,113,6,52,54,64,15,113,6
1685438640,0,1,0,0,0,3,5,10,16,112,6,51,53,64,15,112,6
1685438646,0,1,0,0,0,3,5,10,16,112,6,51,54,64,15,113,6
1685438652,0,1,0,0,0,3,5,10,16,113,6,52,54,64,15,113,6
1685438658,0,1,0,0,0,3,5,10,16,113,6,51,54,64,15,113,6
1685438664,0,1,0,0,0,3,5,10,16,112,6,51,54,64,15,113,6
1685438670,0,1,0,0,0,3,5,10,16,113,6,52,54,64,15,113,6
1685438676,0,1,0,0,0,3,5,10,15,112,6,52,54,64,15,113,6
1685438682,0,1,0,0,0,3,5,10,16,112,6,51,54,64,15,112,6
1685438688,0,1,0,0,0,3,5,10,16,112,6,52,54,64,15,113,6
1685438694,0,1,0,0,0,3,5,10,16,112,6,51,54,64,15,112,6
1685438700,0,1,0,0,0,3,5,10,15,112,6,52,53,64,15,113,6
1685438706,0,1,0,0,0,3,5,10,16,112,6,52,54,64,15,113,6
1685438712,0,1,0,0,0,3,6,10,16,112,6,52,54,64,15,112,6
1685438718,0,1,0,0,0,3,5,10,16,112,6,51,53,64,15,113,6
1685438724,0,1,0,0,0,3,5,9,15,112,6,52,54,64,15,112,6
1685438730,0,1,0,0,0,3,5,10,16,113,6,52,54,63,15,112,6
1685438736,0,1,0,0,0,3,5,10,16,113,6,51,53,63,14,112,6
1685438742,0,1,0,0,0,3,5,10,16,112,6,51,54,63,15,112,6
1685438748,0,1,0,0,0,3,5,10,16,112,6,52,54,63,15,112,6
1685438754,0,1,0,0,0,3,5,10,16,112,6,52,53,63,15,112,6
1685438760,0,1,0,0,0,3,5,10,15,112,6,51,54,63,14,112,6
1685438766,0,1,0,0,0,3,5,10,15,112,6,51,53,63,15,112,6
1685438772,0,1,0,0,0,3,5,10,15,112,6,51,54,63,15,112,6
1685438778,0,1,0,0,0,3,5,10,15,112,6,52,53,64,15,112,6
1685438784,0,1,0,0,0,3,5,9,15,112,6,52,53,64,15,112,6
1685438790,0,1,0,0,0,3,5,10,16,112,6,51,53,64,15,112,6
1685438796,0,1,0,0,0,3,5,10,16,112,6,51,54,64,15,112,6
1685438802,0,1,0,0,0,3,6,10,15,112,6,51,53,63,15,112,6
1685438808,0,1,0,0,0,3,5,10,16,112,6,51,53,63,15,112,6
1685438814,0,1,0,0,0,3,5,10,15,112,6,51,53,64,15,112,6
1685438820,0,1,0,0,0,3,5,10,16,112,6,51,53,64,15,112,6
1685438826,0,1,0,0,0,3,5,10,15,112,6,51,54,64,15,112,6
1685438832,0,1,0,0,0,3,5,10,16,112,6,52,53,64,15,112,6
1685438838,0,1,0,0,0,3,5,10,16,112,6,51,54,64,15,112,6
1685438844,0,1,0,0,0,3,5,10,16,112,6,51,54,64,15,111,6
1685438850,0,1,0,0,0,3,6,10,16,112,6,51,54,65,14,112,6
1685438856,0,1,0,0,0,3,5,10,16,112,6,51,53,64,15,113,6
1685438862,0,1,0,0,0,3,5,10,15,112,6,51,53,64,15,112,6
1685438868,0,1,0,0,0,3,5,10,16,112,6,52,54,64,15,113,6
1685438874,0,1,0,0,0,3,5,10,16,112,6,51,53,63,15,112,6
1685438880,0,1,0,0,0,3,5,10,16,112,6,52,54,64,15,112,6
1685438886,0,1,0,0,0,3,6,10,16,112,6,51,53,64,14,112,6
1685438892,0,1,0,0,0,3,5,10,16,112,6,51,53,63,15,112,6
1685438898,0,1,0,0,0,3,5,10,16,112,6,52,53,64,15,113,6
1685438904,0,1,0,0,0,3,5,10,16,112,6,51,54,64,15,112,6
1685438910,0,1,0,0,0,3,5,10,16,112,6,52,54,64,14,112,6
1685438916,0,1,0,0,0,3,5,10,15,112,6,52,53,64,14,112,6
1685438922,0,1,0,0,0,3,5,10,15,112,6,52,54,64,15,112,6
1685438928,0,1,0,0,0,3,5,10,15,113,6,51,53,64,15,112,6
1685438934,0,1,0,0,0,3,5,10,16,112,6,51,53,63,15,112,6
1685438940,0,1,0,0,0,3,5,10,16,112,6,51,53,63,15,112,6
1685438946,0,1,0,0,0,3,5,10,15,112,6,52,53,64,15,112,6
1685438952,0,1,0,0,0,3,5,9,16,112,6,51,53,64,14,112,6
1685438958,0,1,0,0,0,3,5,10,15,112,6,51,53,64,15,112,6
1685438964,0,1,0,0,0,3,5,10,16,112,6,52,54,64,15,112,6
1685438970,0,1,0,0,0,3,5,10,15,112,6,51,53,64,15,112,6
1685438976,0,1,0,0,0,3,5,10,16,113,6,51,53,64,15,112,6
1685438982,0,1,0,0,0,3,5,9,15,112,6,52,53,64,15,112,6
1685438988,0,1,0,0,0,3,5,10,16,112,6,52,53,64,15,112,4
1685438994,0,1,0,0,0,3,5,10,15,113,6,52,53,64,14,112,6
1685439000,0,1,0,0,0,3,5,10,16,113,6,52,54,63,15,112,6
1685439006,0,1,0,0,0,3,5,10,16,112,6,51,53,64,14,112,6
1685439012,0,1,0,0,0,3,5,10,16,113,6,52,54,64,15,113,6
1685439018,0,1,0,0,0,3,5,10,16,112,6,51,54,64,15,113,6
1685439024,0,1,0,0,0,3,5,10,16,113,6,52,53,64,15,112,6
1685439030,0,1,0,0,0,3,5,10,15,112,6,52,53,64,14,113,6
1685439036,0,1,0,0,0,3,5,10,15,112,6,52,53,63,15,112,6
1685439042,0,1,0,0,0,3,5,10,15,112,6,51,53,64,15,112,6
1685439048,0,1,0,0,0,3,5,10,15,112,6,51,53,64,15,112,6
1685439054,0,1,0,0,0,3,6,10,16,112,6,51,53,64,15,112,6
1685439060,0,1,0,0,0,3,5,10,16,112,6,52,53,63,15,112,6
1685439066,0,1,0,0,0,3,5,10,16,112,6,51,53,64,14,112,6
1685439072,0,1,0,0,0,3,5,10,16,112,6,51,54,64,15,112,6
1685439078,0,1,0,0,0,3,5,10,16,112,6,51,53,64,15,112,6
1685439084,0,1,0,0,0,3,5,10,16,112,6,51,53,64,15,112,6
1685439090,0,1,0,0,0,3,5,9,16,112,6,51,53,64,15,112,6
1685439096,0,1,0,0,0,3,5,10,15,113,6,52,54,64,15,112,6
1685439102,0,1,0,0,0,3,5,10,16,113,6,51,54,63,14,112,6
1685439108,0,1,0,0,0,3,6,10,15,112,6,51,54,64,15,112,6
1685439114,0,1,0,0,0,3,5,10,16,112,6,51,54,64,15,112,6
1685439120,0,1,0,0,0,3,5,10,16,112,6,52,53,63,15,112,6
1685439126,0,1,0,0,0,3,5,10,16,112,6,51,54,64,15,112,6
1685439132,0,1,0,0,0,3,5,9,15,112,6,51,53,64,15,112,6
1685439138,0,1,0,0,0,3,6,10,16,112,6,51,53,64,15,112,6
1685439144,0,1,0,0,0,3,5,10,16,113,6,52,53,64,15,112,6
1685439150,0,1,0,0,0,3,5,10,16,112,6,51,54,64,14,112,6
1685439156,0,1,0,0,0,3,5,9,16,112,6,51,53,64,15,112,6
1685439162,0,1,0,0,0,3,5,10,15,112,6,52,54,63,15,112,6
1685439168,0,1,0,0,0,3,5,9,16,112,6,51,54,64,15,113,6
1685439174,0,1,0,0,0,3,5,10,15,112,6,51,53,63,15,112,6
1685439180,0,1,0,0,0,3,5,10,16,112,6,51,54,64,14,112,6
1685439186,0,1,0,0,0,3,5,9,16,112,6,52,54,63,15,112,6
1685439192,0,1,0,0,0,3,5,9,16,112,6,51,54,64,15,112,6
1685439198,0,1,0,0,0,3,5,10,16,112,6,52,54,64,15,112,6
1685439204,0,1,0,0,0,3,5,10,16,113,6,51,53,64,15,112,6
1685439210,0,1,0,0,0,3,5,10,16,112,6,51,53,64,15,113,6
1685439216,0,1,0,0,0,3,5,10,15,113,6,52,53,63,15,112,6
1685439222,0,1,0,0,0,3,5,10,16,112,6,52,54,64,15,112,6
1685439228,0,1,0,0,0,3,5,10,16,112,6,52,54,64,15,113,6
1685439234,0,1,0,0,0,3,5,10,16,112,6,52,54,63,15,112,6
1685439240,0,1,0,0,0,3,5,10,16,113,6,52,53,64,15,112,6
1685439246,0,1,0,0,0,3,6,10,16,113,6,51,54,63,15,112,6
1685439252,0,1,0,0,0,3,5,10,16,112,6,51,53,63,15,112,6
1685439258,0,1,0,0,0,3,5,10,15,112,6,52,53,64,15,112,6
1685439264,0,1,0,0,0,3,5,9,16,112,6,51,53,64,15,112,6
1685439270,0,1,0,0,0,3,5,10,15,112,6,51,53,64,15,112,6
1685439276,0,1,0,0,0,3,5,10,16,112,6,51,53,64,15,112,6
1685439282,0,1,0,0,0,3,5,10,16,112,6,52,53,64,15,112,6
1685439288,0,1,0,0,0,3,5,10,16,112,6,51,54,64,15,112,6
1685439294,0,1,0,0,0,3,5,10,16,112,6,51,54,63,14,112,6
1685439300,0,1,0,0,0,3,5,10,15,112,6,51,53,64,15,112,6
1685439306,0,1,0,0,0,3,5,10,15,112,6,51,54,64,15,112,6
1685439312,0,1,0,0,0,3,5,10,15,112,6,51,53,63,15,112,6
1685439318,0,1,0,0,0,3,5,10,16,112,6,51,53,64,15,112,6
1685439324,0,1,0,0,0,3,5,10,16,112,6,51,53,64,15,112,6
1685439330,0,1,0,0,0,3,5,10,16,112,6,52,54,63,14,112,6
1685439336,0,1,0,0,0,3,5,10,16,112,6,51,53,63,15,112,6
1685439342,0,1,0,0,0,3,5,10,15,112,6,52,53,63,15,112,6
1685439348,0,1,0,0,0,3,5,10,16,112,6,52,53,64,15,112,6
1685439354,0,1,0,0,0,3,5,10,15,112,6,51,53,63,15,112,6
1685439360,0,1,0,0,0,3,5,10,16,112,6,51,53,64,15,112,6
1685439366,0,1,0,0,0,3,5,10,15,112,6,52,54,64,15,112,6
1685439372,0,1,0,0,0,3,5,10,16,112,6,51,53,63,15,112,6
1685439378,0,1,0,0,0,3,5,10,15,112,6,51,53,63,15,112,6
1685439384,0,1,0,0,0,3,5,10,16,112,6,52,54,64,15,112,6
1685439390,0,1,0,0,0,3,5,10,16,112,6,52,54,64,15,112,6
1685439396,0,1,0,0,0,3,5,10,16,112,6,51,53,63,15,112,6
1685439402,0,1,0,0,0,3,5,10,16,112,6,51,53,63,15,112,6
1685439408,0,1,0,0,0,3,5,10,16,112,6,51,53,64,15,112,6
1685439414,0,1,0,0,0,3,5,10,16,112,6,52,54,64,15,113,6
1685439420,0,1,0,0,0,3,5,10,16,112,6,51,54,64,15,113,6
1685439426,0,1,0,0,0,3,5,10,15,112,6,51,54,64,15,113,6
1685439432,0,1,0,0,0,3,6,10,15,112,6,51,54,64,15,112,6
1685439438,0,1,0,0,0,3,5,10,16,112,6,52,54,63,15,112,6
1685439444,0,1,0,0,0,3,5,10,15,112,6,51,53,64,14,113,6
1685439450,0,1,0,0,0,3,5,10,16,112,6,51,53,63,15,112,6
1685439456,0,1,0,0,0,3,5,10,15,112,6,51,54,64,15,112,6
1685439462,0,1,0,0,0,3,5,10,16,112,6,52,54,64,15,113,6
1685439468,0,1,0,0,0,3,5,9,15,112,6,51,53,64,15,112,6
1685439474,0,1,0,0,0,3,5,10,16,112,6,52,53,64,15,113,6
1685439480,0,1,0,0,0,3,5,10,16,112,6,51,54,64,15,113,6
1685439486,0,1,0,0,0,3,5,10,15,112,6,52,54,63,15,113,6
1685439492,0,1,0,0,0,3,5,10,16,113,6,52,53,64,15,113,6
1685439498,0,1,0,0,0,3,5,10,16,112,6,51,53,64,15,113,6
1685439504,0,1,0,0,0,3,5,10,16,113,6,51,55,64,15,112,6
1685439510,0,1,0,0,0,3,5,10,16,113,6,51,53,64,15,113,6
1685439516,0,1,0,0,0,3,5,10,15,112,6,51,54,63,15,112,6
1685439522,0,1,0,0,0,3,5,10,15,113,6,51,54,64,15,113,6
1685439528,0,1,0,0,0,3,5,10,16,113,6,52,54,64,15,113,6
1685439534,0,1,0,0,0,3,5,10,16,113,6,52,54,63,15,113,6
1685439540,0,1,0,0,0,3,5,10,16,112,6,52,53,64,15,112,6
1685439546,0,1,0,0,0,3,5,10,16,113,6,52,53,64,15,112,6
1685439552,0,1,0,0,0,3,5,10,15,113,6,52,53,64,15,113,6
1685439558,0,1,0,0,0,3,6,10,16,112,6,52,54,64,14,113,6
1685439564,0,1,0,0,0,3,5,10,16,113,6,52,53,64,15,113,6
1685439570,0,1,0,0,0,3,5,10,15,112,6,52,54,64,15,112,6
1685439576,0,1,0,0,0,3,5,10,16,112,6,51,53,64,15,113,6
1685439582,0,1,0,0,0,3,5,10,16,113,6,52,54,64,15,112,6
1685439588,0,1,0,0,0,3,5,10,16,113,6,52,54,64,15,113,6
1685439594,0,1,0,0,0,3,5,10,16,113,6,52,53,64,15,113,6
1685439600,0,1,0,0,0,3,5,10,16,112,6,52,54,64,15,113,6
1685439606,0,1,0,0,0,3,6,10,16,112,6,52,53,64,15,112,6
1685439612,0,1,0,0,0,3,5,10,16,112,6,52,53,63,15,112,6
1685439618,0,1,0,0,0,3,5,10,16,112,6,51,53,64,15,113,6
1685439624,0,1,0,0,0,3,5,10,16,113,6,52,54,63,15,113,6
1685439630,0,1,0,0,0,3,5,10,16,112,6,52,53,64,15,113,6
1685439636,0,1,0,0,0,3,5,10,16,113,6,51,54,64,15,112,6
1685439642,0,1,0,0,0,3,5,10,16,113,6,51,53,64,15,112,6
1685439648,0,1,0,0,0,3,5,10,16,112,6,51,54,64,15,112,6
1685439654,0,1,0,0,0,3,5,10,16,112,6,52,53,64,15,112,6
1685439660,0,1,0,0,0,3,5,10,16,112,6,52,54,64,15,112,6
1685439666,0,1,0,0,0,3,5,10,15,112,6,52,53,64,14,112,6
1685439672,0,1,0,0,0,3,5,10,16,112,6,52,53,64,15,112,6
1685439678,0,1,0,0,0,3,5,10,16,112,6,52,54,64,15,112,6
1685439684,0,1,0,0,0,3,6,10,16,113,6,51,53,63,15,112,6
1685439690,0,1,0,0,0,3,5,10,16,112,6,51,54,63,14,112,6
1685439696,0,1,0,0,0,3,5,10,16,112,6,52,53,64,15,112,6
1685439702,0,1,0,0,0,3,5,10,16,112,6,51,53,64,15,112,6
1685439708,0,1,0,0,0,3,5,10,16,112,6,51,53,64,15,112,6
1685439714,0,1,0,0,0,3,5,10,16,112,6,51,53,64,15,112,6
1685439720,0,1,0,0,0,3,5,10,16,112,6,51,53,64,15,113,6
1685439726,0,1,0,0,0,3,5,10,15,112,6,51,54,64,15,112,6
1685439732,0,1,0,0,0,3,5,10,15,112,6,52,54,63,15,112,6
1685439738,0,1,0,0,0,3,5,10,15,112,6,52,53,64,15,113,6
1685439744,0,1,0,0,0,3,5,10,16,113,6,51,54,64,15,112,6
1685439750,0,1,0,0,0,3,5,10,16,112,6,51,54,64,15,112,6
1685439756,0,1,0,0,0,3,5,10,16,112,6,51,54,64,15,112,6
1685439762,0,1,0,0,0,3,5,10,16,112,6,51,53,63,14,112,6
1685439768,0,1,0,0,0,3,5,10,16,112,6,51,53,64,15,112,6
1685439774,0,1,0,0,0,3,5,10,15,112,6,51,54,64,15,112,6
1685439780,0,1,0,0,0,3,5,10,16,113,6,52,53,64,14,112,6
1685439786,0,1,0,0,0,3,5,10,16,112,6,52,54,63,15,112,6
1685439792,0,1,0,0,0,3,5,10,16,112,6,52,53,64,15,112,6
1685439798,0,1,0,0,0,3,5,10,16,113,6,52,53,64,15,112,6
1685439804,0,1,0,0,0,3,5,10,16,113,6,52,54,64,15,113,6
1685439810,0,1,0,0,0,3,5,10,15,113,6,52,54,64,15,113,6
1685439816,0,1,0,0,0,3,5,10,16,113,6,52,54,64,15,112,6
1685439822,0,1,0,0,0,3,5,9,16,112,6,52,54,64,15,113,6
1685439828,0,1,0,0,0,3,5,10,16,112,6,52,54,64,15,113,6
1685439834,0,1,0,0,0,3,5,10,15,113,6,52,54,64,15,112,6
1685439840,0,1,0,0,0,3,5,10,16,113,6,52,54,64,15,112,6
1685439846,0,1,0,0,0,3,5,10,16,112,6,52,53,64,15,112,6
1685439852,0,1,0,0,0,3,5,10,16,113,6,52,54,64,15,113,6
1685439858,0,1,0,0,0,3,5,10,15,112,6,52,53,64,14,112,6
1685439864,0,1,0,0,0,3,5,10,16,112,6,51,53,64,15,112,6
1685439870,0,1,0,0,0,3,5,10,16,112,6,52,53,64,14,112,6
1685439876,0,1,0,0,0,3,5,10,16,113,6,52,53,64,15,112,6
1685439882,0,1,0,0,0,3,6,10,15,112,6,51,54,63,14,112,6
1685439888,0,1,0,0,0,3,5,10,16,112,6,52,54,63,15,112,6
1685439894,0,1,0,0,0,3,5,10,16,112,6,52,53,63,15,112,6
1685439900,0,1,0,0,0,3,5,10,16,112,6,52,54,64,15,112,6
1685439906,0,1,0,0,0,3,5,10,16,112,6,51,54,64,15,112,6
1685439912,0,1,0,0,0,3,5,10,16,112,6,51,53,63,15,112,6
1685439918,0,1,0,0,0,3,5,10,16,113,6,52,54,63,15,112,6
1685439924,0,1,0,0,0,3,6,10,15,112,6,52,54,64,15,112,6
1685439930,0,1,0,0,0,3,5,10,15,113,6,52,53,64,15,112,6
1685439936,0,1,0,0,0,3,5,10,16,113,6,51,53,64,15,113,6
1685439942,0,1,0,0,0,3,5,10,15,113,6,52,53,64,15,112,6
1685439948,0,1,0,0,0,3,5,10,16,112,6,52,54,63,15,112,6
1685439954,0,1,0,0,0,3,5,10,15,112,6,51,53,64,15,112,6
1685439960,0,1,0,0,0,3,5,10,16,112,6,51,54,64,15,112,6
1685439966,0,1,0,0,0,3,5,10,16,112,6,51,53,64,15,112,6
1685439972,0,1,0,0,0,3,5,10,16,112,6,51,54,64,15,112,6
1685439978,0,1,0,0,0,3,5,10,16,113,6,51,53,64,15,112,6
1685439984,0,1,0,0,0,3,5,10,15,112,6,51,53,63,15,112,6
1685439990,0,1,0,0,0,3,5,10,16,112,6,51,53,64,15,112,6
1685439996,0,1,0,0,0,3,5,10,15,112,6,51,53,63,15,112,6
1685440002,0,1,0,0,0,3,5,9,15,112,6,51,53,64,15,112,6
1685440008,0,1,0,0,0,3,5,10,16,112,6,51,54,63,14,112,6
1685440014,0,1,0,0,0,3,5,10,15,112,6,52,54,63,15,112,6
1685440020,0,1,0,0,0,3,5,10,16,112,6,51,54,63,15,112,6
1685440026,0,1,0,0,0,3,6,10,15,112,6,52,54,64,15,112,6
1685440032,0,1,0,0,0,3,5,10,15,112,6,51,54,63,15,112,6
1685440038,0,1,0,0,0,3,5,10,15,112,6,51,53,64,15,112,6
1685440044,0,1,0,0,0,3,5,10,16,112,6,51,54,63,15,112,6
1685440050,0,1,0,0,0,3,5,10,15,112,6,51,53,63,15,112,6
1685440056,0,1,0,0,0,3,5,10,16,112,6,51,54,63,15,112,6
1685440062,0,1,0,0,0,3,5,10,15,112,6,51,53,63,15,112,6
1685440068,0,1,0,0,0,3,5,10,16,112,6,51,53,63,15,112,6
1685440074,0,1,0,0,0,3,5,10,15,112,6,51,53,63,15,112,6
1685440080,0,1,0,0,0,3,6,10,15,112,6,51,53,64,15,112,6
1685440086,0,1,0,0,0,3,5,10,16,112,6,51,53,64,15,112,6
1685440092,0,1,0,0,0,3,5,10,15,112,6,51,53,64,15,112,6
1685440098,0,1,0,0,0,3,5,10,16,112,6,51,53,64,15,112,6
1685440104,0,1,0,0,0,3,5,10,16,112,6,51,53,63,15,112,6
1685440110,0,1,0,0,0,3,5,10,16,112,6,51,53,63,15,112,6
1685440116,0,1,0,0,0,3,5,10,15,113,6,51,53,63,14,112,6
1685440122,0,1,0,0,0,3,5,10,16,112,6,51,53,64,15,112,6
1685440128,0,1,0,0,0,3,5,10,16,112,6,52,53,63,15,112,6
1685440134,0,1,0,0,0,3,5,10,15,112,6,51,53,64,15,112,6
1685440140,0,1,0,0,0,3,5,10,16,112,6,51,54,64,15,112,6
1685440146,0,1,0,0,0,3,5,10,15,112,6,51,53,64,15,112,6
1685440152,0,1,0,0,0,3,5,10,15,112,6,51,54,63,15,112,6
1685440158,0,1,0,0,0,3,5,10,15,112,6,51,54,63,14,112,6
1685440164,0,1,0,0,0,3,5,10,15,112,6,52,53,64,15,113,6
1685440170,0,1,0,0,0,3,5,10,16,112,6,51,53,64,15,112,6
1685440176,0,1,0,0,0,3,5,10,16,112,6,52,54,63,15,112,6
1685440182,0,1,0,0,0,3,5,10,16,112,6,51,53,64,15,112,6
1685440188,0,1,0,0,0,3,5,10,16,112,6,51,53,63,15,112,6
1685440194,0,1,0,0,0,3,5,10,16,112,6,52,53,64,15,112,6
1685440200,0,1,0,0,0,3,5,10,16,113,6,52,53,63,15,113,6
1685440206,0,1,0,0,0,3,5,10,16,113,6,51,53,64,15,112,6
1685440212,0,1,0,0,0,3,6,10,16,112,6,51,53,64,15,112,6
1685440218,0,1,0,0,0,3,5,10,16,112,6,52,54,64,15,113,6
1685440224,0,1,0,0,0,3,5,10,16,113,6,51,53,64,15,113,6
1685440230,0,1,0,0,0,3,5,10,16,113,6,51,53,64,15,112,6
1685440236,0,1,0,0,0,3,5,10,15,112,6,52,53,64,15,112,6
1685440242,0,1,0,0,0,3,5,10,15,112,6,52,54,63,15,113,6
1685440248,0,1,0,0,0,3,5,10,16,113,6,52,53,64,15,113,6
1685440254,0,1,0,0,0,3,5,10,16,112,6,52,53,64,15,112,6
1685440260,0,1,0,0,0,3,5,10,16,113,6,52,54,64,15,112,6
1685440266,0,1,0,0,0,3,6,10,15,112,6,51,53,64,15,112,6
1685440272,0,1,0,0,0,3,6,10,16,113,6,51,53,63,15,112,6
1685440278,0,1,0,0,0,3,5,10,15,113,6,51,54,64,15,113,6
1685440284,0,1,0,0,0,3,5,10,16,113,6,52,54,64,15,112,6
1685440290,0,1,0,0,0,3,5,10,16,112,6,51,54,64,15,113,6
1685440296,0,1,0,0,0,3,5,10,16,112,6,52,53,64,15,112,6
1685440302,0,1,0,0,0,3,6,10,16,112,6,52,54,64,15,112,6
1685440308,0,1,0,0,0,3,5,10,16,113,6,52,54,64,15,113,6
1685440314,0,1,0,0,0,3,5,10,16,113,6,52,53,64,15,112,6
1685440320,0,1,0,0,0,3,5,10,16,112,6,52,54,64,15,112,6
1685440326,0,1,0,0,0,3,5,10,16,112,6,52,53,64,15,112,6
1685440332,0,1,0,0,0,3,5,10,15,112,6,52,54,64,15,113,6
1685440338,0,1,0,0,0,3,5,10,16,113,6,52,53,64,15,113,6
1685440344,0,1,0,0,0,3,6,10,16,112,6,51,53,64,15,112,6
1685440350,0,1,0,0,0,3,5,10,15,112,6,51,54,64,15,113,6
1685440356,0,1,0,0,0,3,5,10,16,112,6,51,54,63,15,113,6
1685440362,0,1,0,0,0,3,5,10,15,112,6,51,53,63,15,112,6
1685440368,0,1,0,0,0,3,5,10,15,112,6,51,54,63,15,112,6
1685440374,0,1,0,0,0,3,5,10,16,113,6,52,54,64,15,112,6
1685440380,0,1,0,0,0,3,5,10,16,113,6,51,53,64,15,112,6
1685440386,0,1,0,0,0,3,5,10,16,112,6,52,53,64,15,112,6
1685440392,0,1,0,0,0,3,5,10,15,112,6,51,54,63,15,112,6
1685440398,0,1,0,0,0,3,5,10,15,112,6,52,54,64,15,112,6
1685440404,0,1,0,0,0,3,5,10,16,112,6,52,53,64,15,112,6
1685440410,0,1,0,0,0,3,5,10,16,112,6,52,54,64,15,112,6
1685440416,0,1,0,0,0,3,5,10,16,112,6,51,54,63,15,113,6
1685440422,0,1,0,0,0,3,5,10,16,112,6,51,53,64,15,112,6
1685440428,0,1,0,0,0,3,5,10,15,112,6,52,53,64,15,112,6
1685440434,0,1,0,0,0,3,5,10,15,112,6,51,54,64,14,112,6
1685440440,0,1,0,0,0,3,5,10,16,112,6,51,54,63,15,112,6
1685440446,0,1,0,0,0,3,5,10,16,112,6,52,54,63,15,112,6
1685440452,0,1,0,0,0,3,5,10,16,112,6,51,53,64,15,113,6
1685440458,0,1,0,0,0,3,6,10,16,113,6,51,54,64,15,113,6
1685440464,0,1,0,0,0,3,5,10,16,112,6,52,54,64,15,112,6
1685440470,0,1,0,0,0,3,5,10,15,113,6,52,53,64,15,113,6
1685440476,0,1,0,0,0,3,6,10,16,113,6,52,54,64,15,113,6
1685440482,0,1,0,0,0,3,6,10,16,112,6,52,54,64,15,113,4
1685440488,0,1,0,0,0,3,5,10,16,113,6,52,54,64,15,112,6
1685440494,0,1,0,0,0,3,5,10,16,113,6,52,53,64,15,113,6
1685440500,0,1,0,0,0,3,5,10,15,112,6,52,54,64,15,112,6
1685440506,0,1,0,0,0,3,5,10,15,112,6,52,53,64,15,113,6
1685440512,0,1,0,0,0,3,5,10,15,112,6,52,54,64,14,113,6
1685440518,0,1,0,0,0,3,5,10,16,113,6,51,54,64,15,112,6
1685440524,0,1,0,0,0,3,5,10,16,113,6,52,54,64,15,113,6
1685440530,0,1,0,0,0,3,5,10,16,112,6,52,54,64,15,113,6
1685440536,0,1,0,0,0,3,5,10,15,112,6,51,54,64,15,113,6
1685440542,0,1,0,0,0,3,5,10,16,113,6,51,54,64,15,113,6
1685440548,0,1,0,0,0,3,5,10,16,112,6,52,54,64,15,113,6
1685440554,0,1,0,0,0,3,5,10,15,112,6,52,54,63,15,113,6
1685440560,0,1,0,0,0,3,5,10,16,112,6,52,54,64,15,113,6
1685440566,0,1,0,0,0,3,5,10,16,113,6,51,54,63,15,112,6
1685440572,0,1,0,0,0,3,5,10,16,112,6,52,53,64,15,112,6
1685440578,0,1,0,0,0,3,5,10,16,113,6,51,54,64,15,112,6
1685440584,0,1,0,0,0,3,5,10,16,112,6,51,53,63,15,112,6
1685440590,0,1,0,0,0,3,5,10,16,112,6,52,53,63,15,112,6
1685440596,0,1,0,0,0,3,5,10,15,112,6,51,54,64,15,112,6
1685440602,0,1,0,0,0,3,6,10,15,112,6,51,54,63,15,112,6
1685440608,0,1,0,0,0,3,5,10,16,112,6,52,53,64,15,112,6
1685440614,0,1,0,0,0,3,5,9,16,112,6,52,54,64,15,112,6
1685440620,0,1,0,0,0,3,5,10,15,112,6,52,54,64,15,113,6
1685440626,0,1,0,0,0,3,5,10,16,112,6,52,54,63,15,112,6
1685440632,0,1,0,0,0,3,5,10,15,113,6,52,54,64,15,112,6
1685440638,0,1,0,0,0,3,5,10,16,112,6,52,54,64,15,113,6
1685440644,0,1,0,0,0,3,5,10,16,113,6,52,54,64,15,113,6
1685440650,0,1,0,0,0,3,5,10,16,112,6,51,54,63,15,112,6
1685440656,0,1,0,0,0,3,6,9,15,112,6,52,54,64,15,113,6
1685440662,0,1,0,0,0,3,5,10,16,112,6,52,54,64,15,113,6
1685440668,0,1,0,0,0,3,5,10,16,113,6,52,53,64,15,112,6
1685440674,0,1,0,0,0,3,5,10,16,112,6,52,53,64,15,112,6
1685440680,0,1,0,0,0,3,5,10,16,112,6,51,54,64,15,113,6
1685440686,0,1,0,0,0,3,5,10,16,112,6,52,54,64,15,112,6
1685440692,0,1,0,0,0,3,5,10,15,112,6,52,54,64,15,112,6
1685440698,0,1,0,0,0,3,5,10,16,113,6,51,54,64,15,112,6
1685440704,0,1,0,0,0,3,5,10,16,113,6,51,53,64,15,113,6
1685440710,0,1,0,0,0,3,5,10,16,112,6,51,54,64,15,113,6
1685440716,0,1,0,0,0,3,5,10,15,112,6,51,54,64,15,113,6
1685440722,0,1,0,0,0,3,5,10,16,112,6,52,54,64,15,112,6
1685440728,0,1,0,0,0,3,5,10,16,112,6,52,54,63,15,113,6
1685440734,0,1,0,0,0,3,5,10,16,112,6,52,53,64,15,113,6
1685440740,0,1,0,0,0,3,6,10,16,112,6,52,53,64,15,112,6
1685440746,0,1,0,0,0,3,5,10,16,112,6,51,53,63,15,112,6
1685440752,0,1,0,0,0,3,5,10,15,112,6,51,54,64,15,112,6
1685440758,0,1,0,0,0,3,5,10,16,112,6,51,53,64,15,112,6
1685440764,0,1,0,0,0,3,6,10,15,113,6,52,53,64,15,112,6
1685440770,0,1,0,0,0,3,5,10,16,112,6,51,53,64,15,112,6
1685440776,0,1,0,0,0,3,5,10,15,113,6,51,53,64,15,112,6
1685440782,0,1,0,0,0,3,5,10,16,112,6,52,53,64,14,112,6
1685440788,0,1,0,0,0,3,6,10,16,113,6,51,54,64,15,112,6
1685440794,0,1,0,0,0,3,5,10,16,112,6,52,54,64,15,113,6
