Timestamp,Amber,White,On,Override,Intensity,AS00,AS01,AS02,AS03,AS04,AS05,AS06,AS07,AS08,AS09,AS10,AS11
1685404800,0,1,0,0,3355,31316,43952,52113,55782,65535,65535,53524,51191,54208,53915,65535,65535
1685404806,0,1,0,0,3355,31310,43948,52098,55767,65535,65535,53514,51189,54194,53885,65535,65535
1685404812,0,1,0,0,3354,31314,43962,52086,55771,65535,65535,53591,51253,54244,53973,65535,65535
1685404818,0,1,0,0,3353,31330,43973,52149,55800,65535,65535,53520,51172,54213,53886,65535,65535
1685404824,0,1,0,0,3355,31344,44003,52163,55833,65535,65535,53567,51225,54278,53919,65535,65535
1685404830,0,1,0,0,3355,31318,43951,52143,55800,65535,65535,53558,51200,54262,53932,65535,65535
1685404836,0,1,0,0,3355,31323,43983,52160,55830,65535,65535,53607,51268,54297,53997,65535,65535
1685404842,0,1,0,0,3355,31335,44002,52193,55851,65535,65535,53623,51286,54326,54063,65535,65535
1685404848,0,1,0,0,3355,31296,43929,52147,55780,65535,65535,53624,51301,54308,54064,65535,65535
1685404854,0,1,0,0,3355,31300,43960,52151,55819,65535,65535,53585,51254,54288,54058,65535,65535
1685404860,0,1,0,0,3355,31298,43950,52144,55804,65535,65535,53558,51220,54257,53997,65535,65535
1685404866,0,1,0,0,3401,31277,43929,52099,55754,65535,65535,53537,51225,54245,53960,65535,65535
1685404872,0,1,0,0,3400,31275,43930,52125,55753,65535,65535,53553,51250,54255,54013,65535,65535
1685404878,0,1,0,0,3400,31264,43905,52067,55761,65535,65535,53536,51212,54266,54001,65535,65535
1685404884,0,1,0,0,3401,31252,43906,52062,55752,65535,65535,53532,51226,54271,54022,65535,65535
1685404890,0,1,0,0,3355,31275,43923,52131,55812,65535,65535,53596,51287,54311,54082,65535,65535
1685404896,0,1,0,0,3400,31273,43927,52102,55787,65535,65535,53588,51266,54297,54094,65535,65535
1685404902,0,1,0,0,3400,31281,43961,52155,55811,65535,65535,53574,51237,54319,54056,65535,65535
1685404908,0,1,0,0,3355,31249,43880,52062,55735,65535,65535,53529,51184,54261,53990,65535,65535
1685404914,0,1,0,0,3355,31248,43913,52069,55765,65535,65535,53516,51197,54258,54007,65535,65535
1685404920,0,1,0,0,3355,31237,43882,52057,55721,65535,65535,53506,51189,54226,53997,65535,65535
1685404926,0,1,0,0,3354,31249,43903,52071,55739,65535,65535,53514,51180,54218,53966,65535,65535
1685404932,0,1,0,0,3354,31243,43886,52049,55739,65535,65535,53477,51159,54188,53923,65535,65535
1685404938,0,1,0,0,3354,31196,43833,51990,55645,65535,65535,53426,51106,54160,53904,65535,65535
1685404944,0,1,0,0,3354,31212,43844,52009,55698,65535,65535,53460,51127,54163,53906,65535,65535
1685404950,0,1,0,0,3354,31234,43870,52041,55737,65535,65535,53497,51177,54213,53984,65535,65535
1685404956,0,1,0,0,3354,31269,43932,52122,55824,65535,65535,53613,51291,54355,54136,65535,65535
1685404962,0,1,0,0,3354,31279,43955,52171,55851,65535,65535,53617,51280,54358,54167,65535,65535
1685404968,0,1,0,0,3354,31220,43870,52053,55730,65535,65535,53512,51211,54303,54048,65535,65535
1685404974,0,1,0,0,3354,31251,43927,52116,55798,65535,65535,53603,51306,54384,54161,65535,65535
1685404980,0,1,0,0,3354,31246,43910,52100,55793,65535,65535,53593,51307,54410,54167,65535,65535
1685404986,0,1,0,0,3355,31227,43878,52083,55779,65535,65535,53626,51321,54411,54205,65535,65535
1685404992,0,1,0,0,3354,31233,43899,52110,55787,65535,65535,53653,51326,54433,54240,65535,65535
1685404998,0,1,0,0,3353,31268,43968,52191,55872,65535,65535,53636,51281,54414,54201,65535,65535
1685405004,0,1,0,0,3354,31256,43937,52147,55859,65535,65535,53660,51339,54445,54242,65535,65535
1685405010,0,1,0,0,3354,31147,43756,51970,55674,65535,65535,53482,51180,54284,54078,65535,65535
1685405016,0,1,0,0,3355,31249,43960,52175,55870,65535,65535,53701,51338,54510,54236,65535,65535
1685405022,0,1,0,0,3400,31258,43945,52159,55840,65535,65535,53610,51296,54413,54206,65535,65535
1685405028,0,1,0,0,3354,31241,43924,52142,55825,65535,65535,53675,51362,54475,54265,65535,65535
1685405034,0,1,0,0,3355,31235,43888,52130,55822,65535,65535,53642,51327,54443,54279,65535,65535
1685405040,0,1,0,0,3400,31235,43923,52141,55829,65535,65535,53778,51442,54577,54408,65535,65535
1685405046,0,1,0,0,3354,31211,43870,52082,55821,65535,65535,53643,51322,54451,54250,65535,65535
1685405052,0,1,0,0,3355,31205,43873,52104,55818,65535,65535,53618,51319,54457,54298,65535,65535
1685405058,0,1,0,0,3355,31259,43948,52197,55910,65535,65535,53750,51442,54603,54445,65535,65535
1685405064,0,1,0,0,3402,31259,43956,52206,55957,65535,65535,53898,51606,54782,54641,65535,65535
1685405070,0,1,0,0,3400,31287,44005,52279,56003,65535,65535,53773,51503,54673,54560,65535,65535
1685405076,0,1,0,0,3355,31284,43991,52272,56007,65535,65535,53931,51630,54835,54714,65535,65535
1685405082,0,1,0,0,3355,31266,43983,52241,55996,65535,65535,53856,51579,54748,54695,65535,65535
1685405088,0,1,0,0,3400,31193,43872,52140,55884,65535,65535,53852,51583,54777,54732,65535,65535
1685405094,0,1,0,0,3402,31282,44003,52271,56022,65535,65535,53960,51679,54876,54825,65535,65535
1685405100,0,1,0,0,3355,31312,44055,52342,56079,65535,65535,53889,51620,54815,54717,65535,65535
1685405106,0,1,0,0,3355,31300,44033,52324,56035,65535,65535,53831,51538,54695,54650,65535,65535
1685405112,0,1,0,0,3400,31313,44055,52326,56045,65535,65535,53796,51500,54668,54604,65535,65535
1685405118,0,1,0,0,3355,31238,43926,52183,55913,65535,65535,53777,51478,54638,54558,65535,65535
1685405124,0,1,0,0,3355,31201,43876,52117,55828,65535,65535,53780,51474,54655,54542,65535,65535
1685405130,0,1,0,0,3354,31185,43852,52102,55806,65535,65535,53725,51419,54623,54526,65535,65535
1685405136,0,1,0,0,3354,31234,43899,52184,55924,65535,65535,53890,51612,54774,54755,65535,65535
1685405142,0,1,0,0,3354,31251,43958,52236,55980,65535,65535,53874,51618,54785,54758,65535,65535
1685405148,0,1,0,0,3355,31156,43801,52071,55798,65535,65535,53736,51478,54612,54652,65535,65535
1685405154,0,1,0,0,3355,31208,43879,52140,55915,65535,65535,53853,51573,54790,54756,65535,65535
1685405160,0,1,0,0,3400,31225,43908,52224,55944,65535,65535,53843,51610,54780,54765,65535,65535
1685405166,0,1,0,0,3401,31269,43968,52237,56002,65535,65535,53941,51687,54880,54892,65535,65535
1685405172,0,1,0,0,3401,31236,43924,52214,55943,65535,65535,53910,51636,54845,54851,65535,65535
1685405178,0,1,0,0,3400,31228,43921,52206,55942,65535,65535,53897,51634,54861,54813,65535,65535
1685405184,0,1,0,0,3355,31200,43871,52145,55886,65535,65535,53835,51567,54761,54766,65535,65535
1685405190,0,1,0,0,3355,31204,43889,52176,55899,65535,65535,53837,51565,54814,54782,65535,65535
1685405196,0,1,0,0,3354,31187,43859,52152,55876,65535,65535,53826,51538,54793,54749,65535,65535
1685405202,0,1,0,0,3353,31166,43861,52123,55844,65535,65535,53780,51494,54705,54687,65535,65535
1685405208,0,1,0,0,3353,31160,43831,52099,55813,65535,65535,53732,51470,54650,54644,65535,65535
1685405214,0,1,0,0,3353,31159,43827,52089,55826,65535,65535,53730,51461,54676,54635,65535,65535
1685405220,0,1,0,0,3351,31122,43763,51996,55749,65535,65535,53637,51365,54561,54524,65535,65535
1685405226,0,1,0,0,3351,31095,43746,51968,55672,65535,65535,53607,51332,54519,54471,65535,65535
1685405232,0,1,0,0,3351,31109,43750,51988,55733,65535,65535,53633,51371,54558,54528,65535,65535
1685405238,0,1,0,0,3352,31064,43703,51960,55678,65535,65535,53603,51301,54536,54505,65535,65535
1685405244,0,1,0,0,3352,31123,43810,52050,55810,65535,65535,53755,51455,54707,54726,65535,65535
1685405250,0,1,0,0,3354,31191,43891,52174,55951,65535,65535,53855,51551,54836,54851,65535,65535
1685405256,0,1,0,0,3354,31190,43895,52183,55953,65535,65535,53939,51649,54934,54969,65535,65535
1685405262,0,1,0,0,3355,31217,43942,52251,56051,65535,65535,54000,51707,55032,55085,65535,65535
1685405268,0,1,0,0,3355,31223,43967,52281,56090,65535,65535,54093,51849,55142,55251,65535,65535
1685405274,0,1,0,0,3400,31244,43998,52325,56158,65535,65535,54152,51918,55227,55315,65535,65535
1685405280,0,1,0,0,3401,31265,44028,52378,56192,65535,65535,54204,51973,55296,55435,65535,65535
1685405286,0,1,0,0,3403,31269,44038,52377,56210,65535,65535,54207,51985,55299,55421,65535,65535
1685405292,0,1,0,0,3404,31239,43993,52332,56164,65535,65535,54151,51937,55256,55404,65535,65535
1685405298,0,1,0,0,3404,31246,44005,52341,56169,65535,65535,54169,51947,55283,55402,65535,65535
1685405304,0,1,0,0,3404,31240,43961,52311,56151,65535,65535,54137,51930,55248,55372,65535,65535
1685405310,0,1,0,0,3405,31253,43987,52321,56197,65535,65535,54162,51931,55283,55427,65535,65535
1685405316,0,1,0,0,3410,31230,43955,52293,56173,65535,65535,54147,51948,55310,55416,65535,65535
1685405322,0,1,0,0,3405,31223,43961,52288,56168,65535,65535,54147,51926,55281,55388,65535,65535
1685405328,0,1,0,0,3405,31176,43897,52206,56073,65535,65535,54027,51818,55157,55225,65535,65535
1685405334,0,1,0,0,3405,31114,43812,52110,55981,65535,65535,53926,51714,55075,55146,65535,65535
1685405340,0,1,0,0,3405,31055,43711,51999,55872,65535,65535,53942,51702,55066,55086,65535,65535
1685405346,0,1,0,0,3411,31075,43781,52042,55889,65535,65535,53775,51537,54921,54899,65535,65535
1685405352,0,1,0,0,3410,31066,43767,52018,55857,65535,65535,53610,51400,54734,54686,65535,65535
1685405358,0,1,0,0,3410,30923,43542,51745,55580,65535,65535,53465,51224,54602,54565,65535,65535
1685405364,0,1,0,0,3405,30929,43550,51759,55618,65535,65535,53483,51286,54618,54570,65535,65535
1685405370,0,1,0,0,3404,30917,43528,51729,55612,65535,65535,53518,51342,54721,54638,65535,65535
1685405376,0,1,0,0,3410,30951,43562,51795,55675,65535,65535,53588,51410,54812,54747,65535,65535
1685405382,0,1,0,0,3411,30968,43566,51820,55714,65535,65535,53610,51430,54823,54788,65535,65535
1685405388,0,1,0,0,3404,30861,43431,51635,55541,65535,65535,53503,51344,54751,54667,65535,65535
1685405394,0,1,0,0,3411,30912,43512,51724,55611,65535,65535,53509,51343,54753,54620,65535,65535
1685405400,0,1,0,0,3410,30898,43482,51677,55569,65535,65535,53491,51317,54733,54647,65535,65535
1685405406,0,1,0,0,3411,31093,43747,51996,55887,65535,65535,53808,51613,55068,54905,65535,65535
1685405412,0,1,0,0,3410,30940,43554,51746,55644,65535,65535,53455,51289,54681,54530,65535,65535
1685405418,0,1,0,0,3405,30830,43391,51557,55426,65535,65535,53284,51151,54503,54346,65535,65535
1685405424,0,1,0,0,3404,30787,43319,51479,55338,65535,65535,53205,51018,54365,54204,65535,65535
1685405430,0,1,0,0,3402,30731,43216,51401,55224,65535,65535,53086,50891,54235,54065,65535,65535
1685405436,0,1,0,0,3401,30725,43224,51379,55192,65535,65535,53057,50875,54200,54003,65535,65535
1685405442,0,1,0,0,3402,30734,43230,51349,55215,65535,65535,53061,50915,54268,54074,65535,65535
1685405448,0,1,0,0,3404,30769,43251,51423,55299,65535,65535,53164,51007,54373,54220,65535,65535
1685405454,0,1,0,0,3405,30835,43398,51577,55454,65535,65535,53391,51234,54623,54451,65535,65535
1685405460,0,1,0,0,3403,30771,43299,51468,55359,65535,65535,53261,51109,54491,54336,65535,65535
1685405466,0,1,0,0,3403,30698,43210,51378,55284,65535,65535,53195,51047,54454,54341,65535,65535
1685405472,0,1,0,0,3401,30759,43279,51467,55356,65535,65535,53327,51227,54651,54577,65535,65535
1685405478,0,1,0,0,3403,30828,43382,51598,55539,65535,65535,53551,51496,54953,54935,65535,65535
1685405484,0,1,0,0,3415,31216,43940,52295,56270,65535,65535,54048,51963,55519,55496,65535,65535
1685405490,0,1,0,0,3415,30948,43541,51806,55887,65535,65535,53905,51892,55458,55487,65535,65535
1685405496,0,1,0,0,3414,31029,43633,51980,56081,65535,65535,54099,52127,55687,55773,65535,65535
1685405502,0,1,0,0,3421,31045,43674,52026,56140,65535,65535,54201,52236,55818,55934,65535,65535
1685405508,0,1,0,0,3421,31157,43842,52232,56371,65535,65535,54278,52341,55936,56063,65535,65535
1685405514,0,1,0,0,3423,31143,43811,52192,56326,65535,65535,54359,52480,56091,56213,65535,65535
1685405520,0,1,0,0,3423,31116,43760,52143,56343,65535,65535,54327,52444,56063,56215,65535,65535
1685405526,0,1,0,0,3424,31152,43818,52207,56421,65535,65535,54356,52476,56123,56282,65535,65535
1685405532,0,1,0,0,3424,31166,43842,52243,56450,65535,65535,54412,52553,56188,56346,65535,65535
1685405538,0,1,0,0,3424,31126,43792,52187,56391,65535,65535,54323,52478,56056,56228,65535,65535
1685405544,0,1,0,0,3421,31008,43639,51964,56157,65535,65535,54089,52228,55762,55896,65535,65535
1685405550,0,1,0,0,3415,30922,43508,51824,55970,65535,65535,53872,51985,55498,55625,65535,65535
1685405556,0,1,0,0,3411,30819,43370,51628,55758,65535,65535,53671,51739,55279,55358,65535,65535
1685405562,0,1,0,0,3404,30747,43245,51497,55563,65535,65535,53459,51580,55076,55157,65535,65535
1685405568,0,1,0,0,3402,30746,43231,51484,55554,65535,65535,53365,51459,54958,55029,65535,65535
1685405574,0,1,0,0,3400,30711,43180,51373,55472,65535,65535,53384,51498,54974,55071,65535,65535
1685405580,0,1,0,0,3355,30699,43149,51365,55438,65535,65535,53374,51477,54966,55075,65535,65535
1685405586,0,1,0,0,3354,30705,43190,51424,55458,65535,65535,53367,51455,55015,55087,65535,65535
1685405592,0,1,0,0,3355,30641,43106,51301,55382,65535,65535,53262,51365,54917,54957,65535,65535
1685405598,0,1,0,0,3353,30585,43035,51223,55310,65535,65535,53263,51369,54925,55013,65535,65535
1685405604,0,1,0,0,3355,30616,43065,51297,55385,65535,65535,53373,51488,55086,55189,65535,65535
1685405610,0,1,0,0,3400,30592,43040,51281,55392,65535,65535,53418,51551,55186,55310,65535,65535
1685405616,0,1,0,0,3402,30621,43089,51369,55472,65535,65535,53532,51672,55373,55477,65535,65535
1685405622,0,1,0,0,3400,30513,42939,51169,55285,65535,65535,53490,51618,55328,55457,65535,65535
1685405628,0,1,0,0,3403,30617,43062,51378,55496,65535,65535,53618,51756,55542,55660,65535,65535
1685405634,0,1,0,0,3404,30784,43344,51675,55822,65535,65535,53855,52015,55796,55958,65535,65535
1685405640,0,1,0,0,3410,30670,43167,51476,55653,65535,65535,53792,51959,55787,55959,65535,65535
1685405646,0,1,0,0,3414,30792,43367,51684,55896,65535,65535,54145,52304,56177,56358,65535,65535
1685405652,0,1,0,0,3414,30697,43204,51558,55782,65535,65535,53934,52100,55994,56181,65535,65535
1685405658,0,1,0,0,3420,30751,43300,51637,55914,65535,65535,54061,52233,56161,56399,65535,65535
1685405664,0,1,0,0,3422,30839,43422,51819,56073,65535,65535,54239,52454,56387,56663,65535,65535
1685405670,0,1,0,0,3424,30881,43485,51919,56239,65535,65535,54431,52675,56635,56978,65535,65535
1685405676,0,1,0,0,3433,30969,43617,52113,56454,65535,65535,54675,52922,56961,57372,65535,65535
1685405682,0,1,0,0,3441,31060,43729,52287,56671,65535,65535,54945,53195,57289,57777,65535,65535
1685405688,0,1,0,0,3450,31147,43882,52500,56945,65535,65535,55218,53553,57645,58222,65535,65535
1685405694,0,1,0,0,3454,31253,44057,52728,57207,65535,65535,55563,53890,58082,58728,65535,65535
1685405700,0,1,0,0,3504,31381,44251,52964,57550,65535,65535,55932,54315,58537,59314,65535,65535
1685405706,0,1,0,0,3520,31629,44630,53442,58067,65535,65535,56756,55122,59477,60371,65535,65535
1685405712,0,1,0,0,3524,31597,44622,53498,58209,65535,65535,56664,55123,59468,60509,65535,65535
1685405718,0,1,0,0,3533,31716,44801,53718,58498,65535,65535,56967,55499,59888,61053,65535,65535
1685405724,0,1,0,0,3542,31896,45075,54091,58964,65535,65535,57510,56047,60527,61835,65535,65535
1685405730,0,1,0,0,3550,32042,45326,54420,59350,65535,65535,57916,56487,61027,62434,65535,65535
1685405736,0,1,0,0,3554,32096,45436,54567,59534,65535,65535,58183,56766,61370,62922,65535,65535
1685405742,0,1,0,0,4003,32216,45635,54811,59863,65535,65535,58532,57166,61825,63502,65535,65535
1685405748,0,1,0,0,4005,32287,45732,54968,60065,65535,65535,58716,57368,62030,63837,65535,65535
1685405754,0,1,0,0,4013,32361,45876,55148,60257,65535,65535,58964,57672,62357,64251,65535,65535
1685405760,0,1,0,0,4020,32462,46027,55343,60535,65535,65535,59238,57966,62683,64628,65535,65535
1685405766,0,1,0,0,4022,32504,46088,55412,60605,65535,65535,59341,58089,62826,64843,65535,65535
1685405772,0,1,0,0,4022,32468,46068,55420,60602,65535,65535,59327,58065,62794,64781,65535,65535
1685405778,0,1,0,0,4020,32327,45900,55214,60371,65535,65535,59096,57797,62520,64510,65535,65535
1685405784,0,1,0,0,4014,32308,45852,55133,60274,65535,65535,59001,57685,62391,64343,65535,65535
1685405790,0,1,0,0,4011,32281,45803,55031,60192,65535,65535,58867,57562,62227,64163,65535,65535
1685405796,0,1,0,0,4010,32348,45872,55173,60306,65535,65535,59052,57693,62494,64380,65535,65535
1685405802,0,1,0,0,4010,32320,45868,55168,60277,65535,65535,59079,57724,62553,64394,65535,65535
1685405808,0,1,0,0,4010,32400,45949,55298,60454,65535,65535,59174,57791,62697,64497,65535,65535
1685405814,0,1,0,0,4010,32395,45972,55315,60480,65535,65535,59287,57910,62842,64675,65535,65535
1685405820,0,1,0,0,4004,32332,45886,55259,60420,65535,65535,59236,57845,62827,64581,65535,65535
1685405826,0,1,0,0,4003,32291,45890,55268,60413,65535,65535,59271,57875,62872,64685,65535,65535
1685405832,0,1,0,0,4005,32424,46071,55488,60687,65535,65535,59600,58175,63306,65127,65535,65535
1685405838,0,1,0,0,4013,32564,46281,55766,61036,65535,65535,59989,58617,63863,65535,65535,65535
1685405844,0,1,0,0,4022,32684,46474,56024,61364,65535,65535,60394,59024,64387,65535,65535,65535
1685405850,0,1,0,0,4030,32821,46697,56326,61732,65535,65535,60795,59538,65006,65535,65535,65535
1685405856,0,1,0,0,4035,32896,46798,56500,61958,65535,65535,61052,59772,65354,65535,65535,65535
1685405862,0,1,0,0,4044,32999,46969,56707,62214,65535,65535,61346,60105,65535,65535,65535,65535
1685405868,0,1,0,0,4052,33076,47071,56863,62460,65535,65535,61626,60408,65535,65535,65535,65535
1685405874,0,1,0,0,4101,33129,47174,56964,62579,65535,65535,61771,60557,65535,65535,65535,65535
1685405880,0,1,0,0,4055,33002,47029,56837,62434,65535,65535,61562,60340,65535,65535,65535,65535
1685405886,0,1,0,0,4100,32944,46970,56759,62358,65535,65535,61477,60305,65535,65535,65535,65535
1685405892,0,1,0,0,4055,33033,47071,56890,62488,65535,65535,61625,60426,65535,65535,65535,65535
1685405898,0,1,0,0,4102,33126,47170,57037,62700,65535,65535,61919,60778,65535,65535,65535,65535
1685405904,0,1,0,0,4110,33330,47421,57385,63085,65535,65535,62392,61316,65535,65535,65535,65535
1685405910,0,1,0,0,4115,33472,47642,57680,63482,65535,65535,62798,61800,65535,65535,65535,65535
1685405916,0,1,0,0,4125,33657,47878,58005,63901,65535,65535,63275,62343,65535,65535,65535,65535
1685405922,0,1,0,0,4133,33733,48138,58373,64310,65535,65535,63718,62800,65535,65535,65535,65535
1685405928,0,1,0,0,4143,33923,48366,58671,64688,65535,65535,64189,63294,65535,65535,65535,65535
1685405934,0,1,0,0,4153,34156,48709,59111,65194,65535,65535,64660,63801,65535,65535,65535,65535
1685405940,0,1,0,0,4202,34347,49010,59497,65535,65535,65535,65199,64363,65535,65535,65535,65535
1685405946,0,1,0,0,4203,34501,49235,59831,65535,65535,65535,65535,64843,65535,65535,65535,65535
1685405952,0,1,0,0,4211,34683,49510,60216,65535,65535,65535,65535,65383,65535,65535,65535,65535
1685405958,0,1,0,0,4213,34908,49887,60689,65535,65535,65535,65535,65535,65535,65535,65535,65535
1685405964,0,1,0,0,4215,34945,49934,60784,65535,65535,65535,65535,65535,65535,65535,65535,65535
1685405970,0,1,0,0,4223,35054,50110,60993,65535,65535,65535,65535,65535,65535,65535,65535,65535
1685405976,0,1,0,0,4230,35193,50312,61295,65535,65535,65535,65535,65535,65535,65535,65535,65535
1685405982,0,1,0,0,4232,35287,50490,61463,65535,65535,65535,65535,65535,65535,65535,65535,65535
1685405988,0,1,0,0,4235,35460,50656,61864,65535,65535,65535,65535,65535,65535,65535,65535,65535
1685405994,0,1,0,0,4243,35538,50748,61940,65535,65535,65535,65535,65535,65535,65535,65535,65535
1685406000,0,1,0,0,4245,35522,50686,61908,65535,65535,65535,65535,65535,65535,65535,65535,65535
1685406006,0,1,0,0,4250,35606,50853,62071,65535,65535,65535,65535,65535,65535,65535,65535,65535
1685406012,0,1,0,0,4245,35636,50897,62114,65535,65535,65535,65535,65535,65535,65535,65535,65535
1685406018,0,1,0,0,4244,35643,50903,62119,65535,65535,65535,65535,65535,65535,65535,65535,65535
1685406024,0,1,0,0,4245,35640,50868,62089,65535,65535,65535,65535,65535,65535,65535,65535,65535
1685406030,0,1,0,0,4244,35572,50820,62009,65535,65535,65535,65535,65535,65535,65535,65535,65535
1685406036,0,1,0,0,4242,35529,50687,61860,65535,65535,65535,65535,65535,65535,65535,65535,65535
1685406042,0,1,0,0,4241,35504,50616,61804,65535,65535,65535,65535,65535,65535,65535,65535,65535
1685406048,0,1,0,0,4235,35460,50555,61711,65535,65535,65535,65535,65535,65535,65535,65535,65535
1685406054,0,1,0,0,4233,35405,50501,61629,65535,65535,65535,65535,65535,65535,65535,65535,65535
1685406060,0,1,0,0,4231,35335,50499,61527,65535,65535,65535,65535,65535,65535,65535,65535,65535
1685406066,0,1,0,0,4240,35447,50634,61760,65535,65535,65535,65535,65535,65535,65535,65535,65535
1685406072,0,1,0,0,4230,35285,50498,61435,65535,65535,65535,65535,65535,65535,65535,65535,65535
1685406078,0,1,0,0,4225,35201,50395,61328,65535,65535,65535,65535,65535,65535,65535,65535,65535
1685406084,0,1,0,0,4225,35051,50186,61104,65535,65535,65535,65535,65535,65535,65535,65535,65535
1685406090,0,1,0,0,4223,35001,50079,60922,65535,65535,65535,65535,65535,65535,65535,65535,65535
1685406096,0,1,0,0,4224,35016,50101,60975,65535,65535,65535,65535,65535,65535,65535,65535,65535
1685406102,0,1,0,0,4225,35050,50199,61124,65535,65535,65535,65535,65535,65535,65535,65535,65535
1685406108,0,1,0,0,4232,35128,50304,61262,65535,65535,65535,65535,65535,65535,65535,65535,65535
1685406114,0,1,0,0,4234,35199,50474,61466,65535,65535,65535,65535,65535,65535,65535,65535,65535
1685406120,0,1,0,0,4241,35280,50500,61572,65535,65535,65535,65535,65535,65535,65535,65535,65535
1685406126,0,1,0,0,4242,35304,50501,61632,65535,65535,65535,65535,65535,65535,65535,65535,65535
1685406132,0,1,0,0,4241,35317,50511,61707,65535,65535,65535,65535,65535,65535,65535,65535,65535
1685406138,0,1,0,0,4240,35230,50493,61585,65535,65535,65535,65535,65535,65535,65535,65535,65535
1685406144,0,1,0,0,4241,35170,50445,61497,65535,65535,65535,65535,65535,65535,65535,65535,65535
1685406150,0,1,0,0,4235,35126,50389,61476,65535,65535,65535,65535,65535,65535,65535,65535,65535
1685406156,0,1,0,0,4241,35092,50337,61399,65535,65535,65535,65535,65535,65535,65535,65535,65535
1685406162,0,1,0,0,4235,35239,50501,61703,65535,65535,65535,65535,65535,65535,65535,65535,65535
1685406168,0,1,0,0,4241,35381,50636,61977,65535,65535,65535,65535,65535,65535,65535,65535,65535
1685406174,0,1,0,0,4242,35542,50934,62282,65535,65535,65535,65535,65535,65535,65535,65535,65535
1685406180,0,1,0,0,4234,35673,51133,62578,65535,65535,65535,65535,65535,65535,65535,65535,65535
1685406186,0,1,0,0,4243,35676,51226,62666,65535,65535,65535,65535,65535,65535,65535,65535,65535
1685406192,0,1,0,0,4250,35684,51212,62684,65535,65535,65535,65535,65535,65535,65535,65535,65535
1685406198,0,1,0,0,4251,35642,51175,62661,65535,65535,65535,65535,65535,65535,65535,65535,65535
1685406204,0,1,0,0,4251,35620,51141,62631,65535,65535,65535,65535,65535,65535,65535,65535,65535
1685406210,0,1,0,0,4245,35529,51035,62486,65535,65535,65535,65535,65535,65535,65535,65535,65535
1685406216,0,1,0,0,4241,35527,51005,62412,65535,65535,65535,65535,65535,65535,65535,65535,65535
1685406222,0,1,0,0,4234,35468,50916,62310,65535,65535,65535,65535,65535,65535,65535,65535,65535
1685406228,0,1,0,0,4225,35410,50826,62172,65535,65535,65535,65535,65535,65535,65535,65535,65535
1685406234,0,1,0,0,4223,35413,50794,62188,65535,65535,65535,65535,65535,65535,65535,65535,65535
1685406240,0,1,0,0,4220,35425,50848,62208,65535,65535,65535,65535,65535,65535,65535,65535,65535
1685406246,0,1,0,0,4212,35415,50803,62151,65535,65535,65535,65535,65535,65535,65535,65535,65535
1685406252,0,1,0,0,4211,35428,50805,62200,65535,65535,65535,65535,65535,65535,65535,65535,65535
1685406258,0,1,0,0,4212,35520,50967,62355,65535,65535,65535,65535,65535,65535,65535,65535,65535
1685406264,0,1,0,0,4213,35572,51026,62483,65535,65535,65535,65535,65535,65535,65535,65535,65535
1685406270,0,1,0,0,4214,35669,51180,62689,65535,65535,65535,65535,65535,65535,65535,65535,65535
1685406276,0,1,0,0,4221,35715,51277,62764,65535,65535,65535,65535,65535,65535,65535,65535,65535
1685406282,0,1,0,0,4215,35648,51189,62683,65535,65535,65535,65535,65535,65535,65535,65535,65535
1685406288,0,1,0,0,4214,35701,51227,62746,65535,65535,65535,65535,65535,65535,65535,65535,65535
1685406294,0,1,0,0,4215,35736,51297,62784,65535,65535,65535,65535,65535,65535,65535,65535,65535
1685406300,0,1,0,0,4232,35634,51129,62591,65535,65535,65535,65535,65535,65535,65535,65535,65535
1685406306,0,1,0,0,4231,35839,51424,62955,65535,65535,65535,65535,65535,65535,65535,65535,65535
1685406312,0,1,0,0,4225,35865,51471,63010,65535,65535,65535,65535,65535,65535,65535,65535,65535
1685406318,0,1,0,0,4225,35885,51452,63032,65535,65535,65535,65535,65535,65535,65535,65535,65535
1685406324,0,1,0,0,4223,35853,51422,62967,65535,65535,65535,65535,65535,65535,65535,65535,65535
1685406330,0,1,0,0,4222,35759,51260,62781,65535,65535,65535,65535,65535,65535,65535,65535,65535
1685406336,0,1,0,0,4230,35827,51386,62851,65535,65535,65535,65535,65535,65535,65535,65535,65535
1685406342,0,1,0,0,4222,35701,51184,62591,65535,65535,65535,65535,65535,65535,65535,65535,65535
1685406348,0,1,0,0,4225,35585,50994,62375,65535,65535,65535,65535,65535,65535,65535,65535,65535
1685406354,0,1,0,0,4225,35427,50722,62082,65535,65535,65535,65535,65535,65535,65535,65535,65535
1685406360,0,1,0,0,4223,35577,50956,62315,65535,65535,65535,65535,65535,65535,65535,65535,65535
1685406366,0,1,0,0,4221,35487,50789,62096,65535,65535,65535,65535,65535,65535,65535,65535,65535
1685406372,0,1,0,0,4222,35601,50944,62261,65535,65535,65535,65535,65535,65535,65535,65535,65535
1685406378,0,1,0,0,4230,35598,50918,62226,65535,65535,65535,65535,65535,65535,65535,65535,65535
1685406384,0,1,0,0,4230,35573,50854,62116,65535,65535,65535,65535,65535,65535,65535,65535,65535
1685406390,0,1,0,0,4234,35480,50667,61895,65535,65535,65535,65535,65535,65535,65535,65535,65535
1685406396,0,1,0,0,4234,35463,50576,61825,65535,65535,65535,65535,65535,65535,65535,65535,65535
1685406402,0,1,0,0,4234,35460,50551,61772,65535,65535,65535,65535,65535,65535,65535,65535,65535
1685406408,0,1,0,0,4234,35404,50500,61608,65535,65535,65535,65535,65535,65535,65535,65535,65535
1685406414,0,1,0,0,4241,35417,50499,61543,65535,65535,65535,65535,65535,65535,65535,65535,65535
1685406420,0,1,0,0,4244,35448,50500,61571,65535,65535,65535,65535,65535,65535,65535,65535,65535
1685406426,0,1,0,0,4244,35480,50500,61604,65535,65535,65535,65535,65535,65535,65535,65535,65535
1685406432,0,1,0,0,4250,35471,50500,61542,65535,65535,65535,65535,65535,65535,65535,65535,65535
1685406438,0,1,0,0,4251,35461,50500,61527,65535,65535,65535,65535,65535,65535,65535,65535,65535
1685406444,0,1,0,0,4251,35385,50446,61355,65535,65535,65535,65535,65535,65535,65535,65535,65535
1685406450,0,1,0,0,4303,35494,50501,61547,65535,65535,65535,65535,65535,65535,65535,65535,65535
1685406456,0,1,0,0,4302,35496,50501,61561,65535,65535,65535,65535,65535,65535,65535,65535,65535
1685406462,0,1,0,0,4305,35492,50499,61529,65535,65535,65535,65535,65535,65535,65535,65535,65535
1685406468,0,1,0,0,4302,35387,50403,61336,65535,65535,65535,65535,65535,65535,65535,65535,65535
1685406474,0,1,0,0,4302,35308,50225,61103,65535,65535,65535,65535,65535,65535,65535,65535,65535
1685406480,0,1,0,0,4302,35275,50204,61055,65535,65535,65535,65535,65535,65535,65535,65535,65535
1685406486,0,1,0,0,4302,35261,50160,60983,65535,65535,65535,65535,65535,65535,65535,65535,65535
1685406492,0,1,0,0,4305,35236,50098,60908,65535,65535,65535,65535,65535,65535,65535,65535,65535
1685406498,0,1,0,0,4303,35218,50048,60817,65535,65535,65535,65535,65535,65535,65535,65535,65535
1685406504,0,1,0,0,4301,35068,49831,60540,65535,65535,65535,65535,65535,65535,65535,65535,65535
1685406510,0,1,0,0,4254,34759,49417,60021,65535,65535,65535,65535,65165,65535,65535,65535,65535
1685406516,0,1,0,0,4251,34643,49240,59759,65535,65535,65535,65257,64673,65535,65535,65535,65535
1685406522,0,1,0,0,4234,34434,48891,59341,65535,65535,65535,64629,63999,65535,65535,65535,65535
1685406528,0,1,0,0,4224,34094,48377,58681,65077,65535,65535,63964,63333,65535,65535,65535,65535
1685406534,0,1,0,0,4221,33942,48110,58346,64642,65535,65535,63535,62938,65535,65535,65535,65535
1685406540,0,1,0,0,4222,33955,48091,58235,64554,65535,65535,63203,62673,65535,65535,65535,65535
1685406546,0,1,0,0,4220,33736,47803,57886,64154,65535,65535,63000,62439,65535,65535,65535,65535
1685406552,0,1,0,0,4213,33675,47685,57690,63947,65535,65535,62704,62097,65535,65535,65535,65535
1685406558,0,1,0,0,4211,33659,47542,57535,63732,65535,65535,62469,61865,65535,65535,65535,65535
1685406564,0,1,0,0,4211,33583,47411,57370,63510,65535,65535,62185,61531,65535,65535,65535,65535
1685406570,0,1,0,0,4203,33320,47093,56937,62981,65535,65535,61659,61001,65535,65535,65535,65535
1685406576,0,1,0,0,4200,33202,46913,56694,62725,65535,65535,61322,60636,65535,65535,65535,65535
1685406582,0,1,0,0,4154,33093,46764,56500,62466,65535,65535,60977,60303,65535,65535,65535,65535
1685406588,0,1,0,0,4152,32819,46319,55975,61861,65535,65535,60683,60012,65526,65535,65535,65535
1685406594,0,1,0,0,4150,32917,46484,56156,62057,65535,65535,60603,59896,65401,65535,65535,65535
1685406600,0,1,0,0,4140,32763,46266,55857,61730,65535,65535,60354,59603,65031,65535,65535,65535
1685406606,0,1,0,0,4134,32713,46186,55761,61605,65535,65535,60178,59475,64876,65535,65535,65535
1685406612,0,1,0,0,4131,32630,46081,55636,61397,65535,65535,60017,59268,64584,65535,65535,65535
1685406618,0,1,0,0,4124,32522,45929,55501,61206,65535,65535,59869,59110,64412,65535,65535,65535
1685406624,0,1,0,0,4121,32428,45834,55347,61047,65535,65535,59664,58890,64143,65535,65535,65535
1685406630,0,1,0,0,4115,32433,45822,55352,61036,65535,65535,59714,58903,64141,65535,65535,65535
1685406636,0,1,0,0,4114,32445,45848,55361,61026,65535,65535,59710,58925,64117,65535,65535,65535
1685406642,0,1,0,0,4112,32418,45809,55323,60965,65535,65535,59623,58839,64050,65535,65535,65535
1685406648,0,1,0,0,4105,32365,45761,55229,60821,65535,65535,59521,58686,63871,65535,65535,65535
1685406654,0,1,0,0,4101,32255,45609,55050,60594,65535,65535,59259,58384,63485,65535,65535,65535
1685406660,0,1,0,0,4052,32065,45371,54766,60217,65535,65535,58906,57946,63054,65032,65535,65535
1685406666,0,1,0,0,4040,31946,45195,54540,59914,65535,65535,58536,57547,62542,64516,65535,65535
1685406672,0,1,0,0,4032,31868,45105,54403,59705,65535,65535,58387,57359,62340,64241,65535,65535
1685406678,0,1,0,0,4023,31829,45015,54304,59572,65535,65535,58235,57171,62133,64016,65535,65535
1685406684,0,1,0,0,4015,31747,44888,54128,59375,65535,65535,58041,56963,61844,63734,65535,65535
1685406690,0,1,0,0,4010,31654,44796,54010,59187,65535,65535,57859,56756,61595,63405,65535,65535
1685406696,0,1,0,0,3553,31457,44475,53666,58723,65535,65535,57795,56624,61433,63288,65535,65535
1685406702,0,1,0,0,3552,31491,44587,53768,58792,65535,65535,57408,56213,61019,62728,65535,65535
1685406708,0,1,0,0,3540,31299,44303,53411,58301,65535,65535,56951,55653,60387,62006,65535,65535
1685406714,0,1,0,0,3525,31064,43993,53011,57841,65535,65535,56460,55115,59791,61313,65535,65535
1685406720,0,1,0,0,3521,30965,43828,52827,57572,65535,65535,56230,54826,59496,60978,65535,65535
1685406726,0,1,0,0,3514,30878,43673,52640,57426,65535,65535,56148,54742,59418,60884,65535,65535
1685406732,0,1,0,0,3510,30963,43808,52831,57553,65535,65535,56306,54905,59650,61100,65535,65535
1685406738,0,1,0,0,3510,30952,43815,52821,57571,65535,65535,56283,54858,59626,61100,65535,65535
1685406744,0,1,0,0,3503,30975,43842,52884,57630,65535,65535,56435,54984,59773,61198,65535,65535
1685406750,0,1,0,0,3501,31055,43963,53029,57752,65535,65535,56579,55111,59945,61366,65535,65535
1685406756,0,1,0,0,3500,31065,43980,53075,57784,65535,65535,56678,55210,60101,61529,65535,65535
1685406762,0,1,0,0,3505,31257,44296,53429,58156,65535,65535,56964,55464,60383,61791,65535,65535
1685406768,0,1,0,0,3455,31025,43974,53075,57752,65535,65535,56582,55066,59974,61398,65535,65535
1685406774,0,1,0,0,3445,30857,43723,52800,57469,65535,65535,56356,54836,59725,61100,65535,65535
1685406780,0,1,0,0,3442,30870,43782,52845,57537,65535,65535,56490,54972,59893,61289,65535,65535
1685406786,0,1,0,0,3441,30854,43748,52833,57524,65535,65535,56363,54878,59791,61211,65535,65535
1685406792,0,1,0,0,3435,30899,43841,52917,57595,65535,65535,56432,54916,59888,61275,65535,65535
1685406798,0,1,0,0,3435,30848,43717,52776,57531,65535,65535,56484,55007,59992,61436,65535,65535
1685406804,0,1,0,0,3441,30926,43821,52930,57696,65535,65535,56620,55154,60164,61601,65535,65535
1685406810,0,1,0,0,3441,30881,43769,52880,57630,65535,65535,56542,55114,60073,61564,65535,65535
1685406816,0,1,0,0,3442,30898,43830,52937,57713,65535,65535,56624,55158,60192,61661,65535,65535
1685406822,0,1,0,0,3445,30902,43819,52957,57757,65535,65535,56768,55358,60421,61883,65535,65535
1685406828,0,1,0,0,3451,30983,43952,53137,57990,65535,65535,56917,55508,60624,62126,65535,65535
1685406834,0,1,0,0,3451,30875,43840,52965,57830,65535,65535,56755,55318,60432,61884,65535,65535
1685406840,0,1,0,0,3453,30913,43886,53030,57875,65535,65535,56777,55390,60464,62010,65535,65535
1685406846,0,1,0,0,3500,31008,44009,53206,58043,65535,65535,56957,55606,60691,62293,65535,65535
1685406852,0,1,0,0,3504,31095,44089,53259,58212,65535,65535,57161,55838,60956,62621,65535,65535
1685406858,0,1,0,0,3505,31106,44158,53347,58315,65535,65535,57303,56017,61078,62779,65535,65535
1685406864,0,1,0,0,3510,31158,44195,53456,58415,65535,65535,57329,56073,61142,62883,65535,65535
1685406870,0,1,0,0,3521,31260,44311,53610,58668,65535,65535,57693,56481,61605,63400,65535,65535
1685406876,0,1,0,0,3525,31370,44514,53844,58907,65535,65535,57824,56659,61794,63678,65535,65535
1685406882,0,1,0,0,3533,31410,44559,53887,59056,65535,65535,57958,56784,61970,63843,65535,65535
1685406888,0,1,0,0,3540,31371,44552,53895,59021,65535,65535,57879,56735,61915,63754,65535,65535
1685406894,0,1,0,0,3541,31346,44508,53860,59011,65535,65535,57914,56741,61936,63845,65535,65535
1685406900,0,1,0,0,3550,31391,44557,53906,59129,65535,65535,57938,56840,62066,63938,65535,65535
1685406906,0,1,0,0,3554,31472,44661,54044,59292,65535,65535,58245,57155,62440,64453,65535,65535
1685406912,0,1,0,0,4002,31657,44942,54375,59714,65535,65535,58698,57625,63029,65047,65535,65535
1685406918,0,1,0,0,4010,31791,45097,54606,59999,65535,65535,59015,57971,63429,65470,65535,65535
1685406924,0,1,0,0,4013,31933,45329,54829,60324,65535,65535,59321,58302,63786,65535,65535,65535
1685406930,0,1,0,0,4021,31996,45381,54950,60454,65535,65535,59479,58486,63985,65535,65535,65535
1685406936,0,1,0,0,4024,32120,45569,55176,60711,65535,65535,59687,58712,64253,65535,65535,65535
1685406942,0,1,0,0,4031,32137,45596,55230,60780,65535,65535,59785,58791,64346,65535,65535,65535
1685406948,0,1,0,0,4031,32157,45659,55313,60894,65535,65535,59839,58848,64471,65535,65535,65535
1685406954,0,1,0,0,4025,32067,45578,55227,60780,65535,65535,59802,58828,64437,65535,65535,65535
1685406960,0,1,0,0,4031,32122,45589,55244,60859,65535,65535,59876,58952,64606,65535,65535,65535
1685406966,0,1,0,0,4032,32190,45713,55415,61098,65535,65535,60157,59186,64933,65535,65535,65535
1685406972,0,1,0,0,4035,32257,45828,55604,61294,65535,65535,60409,59460,65241,65535,65535,65535
1685406978,0,1,0,0,4043,32401,46001,55800,61628,65535,65535,60644,59850,65535,65535,65535,65535
1685406984,0,1,0,0,4051,32527,46193,56038,61901,65535,65535,60955,60197,65535,65535,65535,65535
1685406990,0,1,0,0,4102,32692,46388,56308,62287,65535,65535,61403,60687,65535,65535,65535,65535
1685406996,0,1,0,0,4105,32768,46538,56500,62548,65535,65535,61626,60927,65535,65535,65535,65535
1685407002,0,1,0,0,4111,32816,46599,56636,62701,65535,65535,61820,61157,65535,65535,65535,65535
1685407008,0,1,0,0,4121,32987,46847,56913,63033,65535,65535,62239,61621,65535,65535,65535,65535
1685407014,0,1,0,0,4130,33026,46898,57019,63144,65535,65535,62294,61684,65535,65535,65535,65535
1685407020,0,1,0,0,4131,33090,46991,57083,63317,65535,65535,62469,61870,65535,65535,65535,65535
1685407026,0,1,0,0,4133,33035,46978,57081,63322,65535,65535,62499,61963,65535,65535,65535,65535
1685407032,0,1,0,0,4135,33138,47070,57221,63525,65535,65535,62626,62122,65535,65535,65535,65535
1685407038,0,1,0,0,4142,33148,47086,57248,63561,65535,65535,62696,62220,65535,65535,65535,65535
1685407044,0,1,0,0,4150,33232,47212,57389,63791,65535,65535,62886,62489,65535,65535,65535,65535
1685407050,0,1,0,0,4154,33325,47345,57537,63967,65535,65535,63085,62689,65535,65535,65535,65535
1685407056,0,1,0,0,4201,33219,47215,57412,63796,65535,65535,62931,62510,65535,65535,65535,65535
1685407062,0,1,0,0,4201,33189,47177,57372,63738,65535,65535,62812,62423,65535,65535,65535,65535
1685407068,0,1,0,0,4203,33212,47255,57455,63877,65535,65535,62968,62582,65535,65535,65535,65535
1685407074,0,1,0,0,4210,33330,47424,57662,64119,65535,65535,63315,62966,65535,65535,65535,65535
1685407080,0,1,0,0,4213,33320,47418,57740,64155,65535,65535,63344,63011,65535,65535,65535,65535
1685407086,0,1,0,0,4223,33458,47601,57937,64428,65535,65535,63591,63330,65535,65535,65535,65535
1685407092,0,1,0,0,4231,33656,47812,58231,64823,65535,65535,64096,63877,65535,65535,65535,65535
1685407098,0,1,0,0,4241,33711,48022,58520,65221,65535,65535,64522,64305,65535,65535,65535,65535
1685407104,0,1,0,0,4250,33852,48227,58809,65535,65535,65535,64821,64654,65535,65535,65535,65535
1685407110,0,1,0,0,4254,33928,48355,58940,65535,65535,65535,65083,64906,65535,65535,65535,65535
1685407116,0,1,0,0,4301,33972,48443,59086,65535,65535,65535,65251,65109,65535,65535,65535,65535
1685407122,0,1,0,0,4304,34059,48586,59242,65535,65535,65535,65473,65320,65535,65535,65535,65535
1685407128,0,1,0,0,4310,34008,48534,59203,65535,65535,65535,65421,65303,65535,65535,65535,65535
1685407134,0,1,0,0,4312,34039,48568,59255,65535,65535,65535,65535,65389,65535,65535,65535,65535
1685407140,0,1,0,0,4314,34072,48622,59330,65535,65535,65535,65535,65476,65535,65535,65535,65535
1685407146,0,1,0,0,4321,34119,48675,59415,65535,65535,65535,65535,65535,65535,65535,65535,65535
1685407152,0,1,0,0,4325,34289,48940,59742,65535,65535,65535,65535,65535,65535,65535,65535,65535
1685407158,0,1,0,0,4324,34247,48858,59686,65535,65535,65535,65535,65535,65535,65535,65535,65535
1685407164,0,1,0,0,4324,34217,48875,59689,65535,65535,65535,65535,65535,65535,65535,65535,65535
1685407170,0,1,0,0,4323,34218,48839,59684,65535,65535,65535,65535,65535,65535,65535,65535,65535
1685407176,0,1,0,0,4323,34135,48718,59590,65535,65535,65535,65535,65535,65535,65535,65535,65535
1685407182,0,1,0,0,4323,34240,48882,59797,65535,65535,65535,65535,65535,65535,65535,65535,65535
1685407188,0,1,0,0,4323,34261,48943,59906,65535,65535,65535,65535,65535,65535,65535,65535,65535
1685407194,0,1,0,0,4324,34321,49034,59995,65535,65535,65535,65535,65535,65535,65535,65535,65535
1685407200,0,1,0,0,4322,34345,49061,60084,65535,65535,65535,65535,65535,65535,65535,65535,65535
1685407206,0,1,0,0,4322,34474,49247,60304,65535,65535,65535,65535,65535,65535,65535,65535,65535
1685407212,0,1,0,0,4324,34593,49420,60554,65535,65535,65535,65535,65535,65535,65535,65535,65535
1685407218,0,1,0,0,4324,34651,49557,60714,65535,65535,65535,65535,65535,65535,65535,65535,65535
1685407224,0,1,0,0,4323,34705,49635,60821,65535,65535,65535,65535,65535,65535,65535,65535,65535
1685407230,0,1,0,0,4323,34742,49664,60924,65535,65535,65535,65535,65535,65535,65535,65535,65535
1685407236,0,1,0,0,4323,34801,49776,61011,65535,65535,65535,65535,65535,65535,65535,65535,65535
1685407242,0,1,0,0,4324,34871,49884,61183,65535,65535,65535,65535,65535,65535,65535,65535,65535
1685407248,0,1,0,0,4325,34950,50005,61362,65535,65535,65535,65535,65535,65535,65535,65535,65535
1685407254,0,1,0,0,4325,34992,50101,61462,65535,65535,65535,65535,65535,65535,65535,65535,65535
1685407260,0,1,0,0,4330,35041,50152,61533,65535,65535,65535,65535,65535,65535,65535,65535,65535
1685407266,0,1,0,0,4325,35070,50230,61617,65535,65535,65535,65535,65535,65535,65535,65535,65535
1685407272,0,1,0,0,4331,35089,50279,61708,65535,65535,65535,65535,65535,65535,65535,65535,65535
1685407278,0,1,0,0,4332,35218,50477,61962,65535,65535,65535,65535,65535,65535,65535,65535,65535
1685407284,0,1,0,0,4332,35316,50500,62158,65535,65535,65535,65535,65535,65535,65535,65535,65535
1685407290,0,1,0,0,4334,35410,50631,62345,65535,65535,65535,65535,65535,65535,65535,65535,65535
1685407296,0,1,0,0,4334,35379,50552,62337,65535,65535,65535,65535,65535,65535,65535,65535,65535
1685407302,0,1,0,0,4335,35378,50595,62316,65535,65535,65535,65535,65535,65535,65535,65535,65535
1685407308,0,1,0,0,4332,35396,50597,62352,65535,65535,65535,65535,65535,65535,65535,65535,65535
1685407314,0,1,0,0,4333,35379,50602,62345,65535,65535,65535,65535,65535,65535,65535,65535,65535
1685407320,0,1,0,0,4333,35335,50518,62280,65535,65535,65535,65535,65535,65535,65535,65535,65535
1685407326,0,1,0,0,4333,35321,50521,62254,65535,65535,65535,65535,65535,65535,65535,65535,65535
1685407332,0,1,0,0,4342,35294,50508,62223,65535,65535,65535,65535,65535,65535,65535,65535,65535
1685407338,0,1,0,0,4335,35206,50500,62073,65535,65535,65535,65535,65535,65535,65535,65535,65535
1685407344,0,1,0,0,4334,35224,50500,62103,65535,65535,65535,65535,65535,65535,65535,65535,65535
1685407350,0,1,0,0,4334,35237,50499,62123,65535,65535,65535,65535,65535,65535,65535,65535,65535
1685407356,0,1,0,0,4340,35197,50499,62107,65535,65535,65535,65535,65535,65535,65535,65535,65535
1685407362,0,1,0,0,4335,35207,50499,62116,65535,65535,65535,65535,65535,65535,65535,65535,65535
1685407368,0,1,0,0,4341,35195,50500,62126,65535,65535,65535,65535,65535,65535,65535,65535,65535
1685407374,0,1,0,0,4340,35193,50498,62086,65535,65535,65535,65535,65535,65535,65535,65535,65535
1685407380,0,1,0,0,4340,35147,50457,62035,65535,65535,65535,65535,65535,65535,65535,65535,65535
1685407386,0,1,0,0,4335,35087,50413,61925,65535,65535,65535,65535,65535,65535,65535,65535,65535
1685407392,0,1,0,0,4335,35118,50452,61993,65535,65535,65535,65535,65535,65535,65535,65535,65535
1685407398,0,1,0,0,4341,35152,50460,61999,65535,65535,65535,65535,65535,65535,65535,65535,65535
1685407404,0,1,0,0,4343,35175,50490,62029,65535,65535,65535,65535,65535,65535,65535,65535,65535
1685407410,0,1,0,0,4343,35190,50496,62106,65535,65535,65535,65535,65535,65535,65535,65535,65535
1685407416,0,1,0,0,4350,35228,50501,62163,65535,65535,65535,65535,65535,65535,65535,65535,65535
1685407422,0,1,0,0,4352,35284,50527,62270,65535,65535,65535,65535,65535,65535,65535,65535,65535
1685407428,0,1,0,0,4354,35341,50631,62464,65535,65535,65535,65535,65535,65535,65535,65535,65535
1685407434,0,1,0,0,4355,35428,50804,62650,65535,65535,65535,65535,65535,65535,65535,65535,65535
1685407440,0,1,0,0,4354,35502,50924,62774,65535,65535,65535,65535,65535,65535,65535,65535,65535
1685407446,0,1,0,0,4400,35528,50960,62834,65535,65535,65535,65535,65535,65535,65535,65535,65535
1685407452,0,1,0,0,4402,35614,51078,62970,65535,65535,65535,65535,65535,65535,65535,65535,65535
1685407458,0,1,0,0,4401,35492,50927,62780,65535,65535,65535,65535,65535,65535,65535,65535,65535
1685407464,0,1,0,0,4400,35498,50923,62771,65535,65535,65535,65535,65535,65535,65535,65535,65535
1685407470,0,1,0,0,4354,35417,50785,62631,65535,65535,65535,65535,65535,65535,65535,65535,65535
1685407476,0,1,0,0,4351,35291,50599,62416,65535,65535,65535,65535,65535,65535,65535,65535,65535
1685407482,0,1,0,0,4345,35224,50499,62260,65535,65535,65535,65535,65535,65535,65535,65535,65535
1685407488,0,1,0,0,4344,35169,50501,62178,65535,65535,65535,65535,65535,65535,65535,65535,65535
1685407494,0,1,0,0,4345,35093,50483,62111,65535,65535,65535,65535,65535,65535,65535,65535,65535
1685407500,0,1,0,0,4343,35038,50455,62027,65535,65535,65535,65535,65535,65535,65535,65535,65535
1685407506,0,1,0,0,4333,34889,50155,61735,65535,65535,65535,65535,65535,65535,65535,65535,65535
1685407512,0,1,0,0,4331,34917,50180,61765,65535,65535,65535,65535,65535,65535,65535,65535,65535
1685407518,0,1,0,0,4330,34929,50222,61769,65535,65535,65535,65535,65535,65535,65535,65535,65535
1685407524,0,1,0,0,4330,34922,50204,61794,65535,65535,65535,65535,65535,65535,65535,65535,65535
1685407530,0,1,0,0,4330,34934,50255,61858,65535,65535,65535,65535,65535,65535,65535,65535,65535
1685407536,0,1,0,0,4331,34881,50188,61776,65535,65535,65535,65535,65535,65535,65535,65535,65535
1685407542,0,1,0,0,4330,34852,50140,61730,65535,65535,65535,65535,65535,65535,65535,65535,65535
1685407548,0,1,0,0,4324,34824,50069,61630,65535,65535,65535,65535,65535,65535,65535,65535,65535
1685407554,0,1,0,0,4323,34675,49861,61388,65535,65535,65535,65535,65535,65535,65535,65535,65535
1685407560,0,1,0,0,4313,34574,49728,61169,65535,65535,65535,65535,65535,65535,65535,65535,65535
1685407566,0,1,0,0,4311,34459,49543,60920,65535,65535,65535,65535,65535,65535,65535,65535,65535
1685407572,0,1,0,0,4304,34415,49466,60821,65535,65535,65535,65535,65535,65535,65535,65535,65535
1685407578,0,1,0,0,4304,34409,49435,60822,65535,65535,65535,65535,65535,65535,65535,65535,65535
1685407584,0,1,0,0,4304,34293,49315,60630,65535,65535,65535,65535,65535,65535,65535,65535,65535
1685407590,0,1,0,0,4310,34206,49132,60418,65535,65535,65535,65535,65535,65535,65535,65535,65535
1685407596,0,1,0,0,4303,34139,49060,60341,65535,65535,65535,65535,65535,65535,65535,65535,65535
1685407602,0,1,0,0,4301,34157,49122,60390,65535,65535,65535,65535,65535,65535,65535,65535,65535
1685407608,0,1,0,0,4300,34146,49110,60349,65535,65535,65535,65535,65535,65535,65535,65535,65535
1685407614,0,1,0,0,4302,34128,49090,60316,65535,65535,65535,65535,65535,65535,65535,65535,65535
1685407620,0,1,0,0,4303,34119,49085,60321,65535,65535,65535,65535,65535,65535,65535,65535,65535
1685407626,0,1,0,0,4305,33991,48906,60127,65535,65535,65535,65535,65535,65535,65535,65535,65535
1685407632,0,1,0,0,4304,33923,48786,59976,65535,65535,65535,65535,65535,65535,65535,65535,65535
1685407638,0,1,0,0,4304,33828,48695,59828,65535,65535,65535,65535,65535,65535,65535,65535,65535
1685407644,0,1,0,0,4302,33768,48591,59716,65535,65535,65535,65535,65535,65535,65535,65535,65535
1685407650,0,1,0,0,4301,33787,48612,59746,65535,65535,65535,65535,65535,65535,65535,65535,65535
1685407656,0,1,0,0,4255,33792,48624,59750,65535,65535,65535,65535,65535,65535,65535,65535,65535
1685407662,0,1,0,0,4250,33726,48515,59629,65535,65535,65535,65535,65535,65535,65535,65535,65535
1685407668,0,1,0,0,4244,33677,48416,59542,65535,65535,65535,65535,65535,65535,65535,65535,65535
1685407674,0,1,0,0,4243,33707,48486,59612,65535,65535,65535,65535,65535,65535,65535,65535,65535
1685407680,0,1,0,0,4241,33743,48515,59691,65535,65535,65535,65535,65535,65535,65535,65535,65535
1685407686,0,1,0,0,4240,33789,48625,59805,65535,65535,65535,65535,65535,65535,65535,65535,65535
1685407692,0,1,0,0,4233,33754,48556,59737,65535,65535,65535,65535,65535,65535,65535,65535,65535
1685407698,0,1,0,0,4233,33672,48438,59559,65535,65535,65535,65535,65535,65535,65535,65535,65535
1685407704,0,1,0,0,4233,33666,48347,59403,65535,65535,65535,65535,65535,65535,65535,65535,65535
1685407710,0,1,0,0,4232,33651,48262,59325,65535,65535,65535,65535,65535,65535,65535,65535,65535
1685407716,0,1,0,0,4231,33561,48154,59161,65535,65535,65535,65535,65535,65535,65535,65535,65535
1685407722,0,1,0,0,4230,33490,48078,59071,65535,65535,65535,65535,65487,65535,65535,65535,65535
1685407728,0,1,0,0,4230,33377,47903,58861,65535,65535,65535,65535,65236,65535,65535,65535,65535
1685407734,0,1,0,0,4233,33436,47930,58884,65535,65535,65535,65535,65285,65535,65535,65535,65535
1685407740,0,1,0,0,4234,33451,47996,58963,65535,65535,65535,65535,65400,65535,65535,65535,65535
1685407746,0,1,0,0,4241,33590,48169,59142,65535,65535,65535,65535,65535,65535,65535,65535,65535
1685407752,0,1,0,0,4245,33596,48215,59267,65535,65535,65535,65535,65535,65535,65535,65535,65535
1685407758,0,1,0,0,4252,33622,48250,59283,65535,65535,65535,65535,65535,65535,65535,65535,65535
1685407764,0,1,0,0,4255,33630,48275,59341,65535,65535,65535,65535,65535,65535,65535,65535,65535
1685407770,0,1,0,0,4300,33639,48322,59373,65535,65535,65535,65535,65535,65535,65535,65535,65535
1685407776,0,1,0,0,4255,33650,48325,59388,65535,65535,65535,65535,65535,65535,65535,65535,65535
1685407782,0,1,0,0,4301,33646,48333,59375,65535,65535,65535,65535,65535,65535,65535,65535,65535
1685407788,0,1,0,0,4303,33657,48324,59420,65535,65535,65535,65535,65535,65535,65535,65535,65535
1685407794,0,1,0,0,4305,33660,48345,59376,65535,65535,65535,65535,65535,65535,65535,65535,65535
1685407800,0,1,0,0,4305,33574,48210,59249,65535,65535,65535,65535,65535,65535,65535,65535,65535
1685407806,0,1,0,0,4315,33667,48431,59483,65535,65535,65535,65535,65535,65535,65535,65535,65535
1685407812,0,1,0,0,4313,33557,48197,59248,65535,65535,65535,65535,65535,65535,65535,65535,65535
1685407818,0,1,0,0,4310,33415,47985,58980,65535,65535,65535,65535,65535,65535,65535,65535,65535
1685407824,0,1,0,0,4305,33373,47992,58940,65535,65535,65535,65535,65535,65535,65535,65535,65535
1685407830,0,1,0,0,4303,33355,47912,58817,65535,65535,65535,65535,65503,65535,65535,65535,65535
1685407836,0,1,0,0,4300,33324,47831,58730,65535,65535,65535,65535,65400,65535,65535,65535,65535
1685407842,0,1,0,0,4253,33292,47766,58650,65535,65535,65535,65535,65309,65535,65535,65535,65535
1685407848,0,1,0,0,4252,33259,47745,58600,65535,65535,65535,65486,65202,65535,65535,65535,65535
1685407854,0,1,0,0,4245,33219,47657,58494,65390,65535,65535,65368,65050,65535,65535,65535,65535
1685407860,0,1,0,0,4244,33247,47681,58515,65454,65535,65535,65419,65115,65535,65535,65535,65535
1685407866,0,1,0,0,4244,33265,47695,58544,65504,65535,65535,65433,65117,65535,65535,65535,65535
1685407872,0,1,0,0,4243,33221,47642,58467,65396,65535,65535,65358,65030,65535,65535,65535,65535
1685407878,0,1,0,0,4243,33176,47582,58345,65310,65535,65535,65231,64874,65535,65535,65535,65535
1685407884,0,1,0,0,4243,33166,47568,58350,65263,65535,65535,65188,64817,65535,65535,65535,65535
1685407890,0,1,0,0,4243,33169,47560,58351,65302,65535,65535,65203,64830,65535,65535,65535,65535
1685407896,0,1,0,0,4244,33169,47564,58342,65327,65535,65535,65242,64867,65535,65535,65535,65535
1685407902,0,1,0,0,4245,33150,47566,58315,65272,65535,65535,65203,64802,65535,65535,65535,65535
1685407908,0,1,0,0,4250,33117,47491,58287,65255,65535,65535,65164,64810,65535,65535,65535,65535
1685407914,0,1,0,0,4251,33149,47556,58341,65307,65535,65535,65239,64831,65535,65535,65535,65535
1685407920,0,1,0,0,4252,33132,47514,58306,65309,65535,65535,65202,64823,65535,65535,65535,65535
1685407926,0,1,0,0,4253,33140,47522,58313,65322,65535,65535,65191,64830,65535,65535,65535,65535
1685407932,0,1,0,0,4250,33057,47389,58134,65105,65535,65535,65009,64600,65535,65535,65535,65535
1685407938,0,1,0,0,4245,32977,47254,57938,64920,65535,65535,64836,64466,65535,65535,65535,65535
1685407944,0,1,0,0,4244,32937,47207,57893,64889,65535,65535,64680,64366,65535,65535,65535,65535
1685407950,0,1,0,0,4241,32904,47138,57793,64784,65535,65535,64591,64251,65535,65535,65535,65535
1685407956,0,1,0,0,4235,32820,47032,57659,64616,65535,65535,64429,64094,65535,65535,65535,65535
1685407962,0,1,0,0,4240,32796,46971,57614,64562,65535,65535,64315,64009,65535,65535,65535,65535
1685407968,0,1,0,0,4240,32766,46966,57574,64483,65535,65535,64282,63959,65535,65535,65535,65535
1685407974,0,1,0,0,4235,32721,46938,57535,64439,65535,65535,64258,63887,65535,65535,65535,65535
1685407980,0,1,0,0,4233,32643,46806,57399,64282,65535,65535,64042,63704,65535,65535,65535,65535
1685407986,0,1,0,0,4235,32604,46765,57269,64146,65535,65535,63937,63591,65535,65535,65535,65535
1685407992,0,1,0,0,4232,32457,46552,57039,63923,65535,65535,63652,63307,65535,65535,65535,65535
1685407998,0,1,0,0,4231,32464,46558,57046,63918,65535,65535,63680,63343,65535,65535,65535,65535
1685408004,0,1,0,0,4232,32461,46597,57105,63923,65535,65535,63709,63378,65535,65535,65535,65535
1685408010,0,1,0,0,4233,32467,46619,57146,64020,65535,65535,63823,63495,65535,65535,65535,65535
1685408016,0,1,0,0,4235,32525,46715,57312,64182,65535,65535,64043,63715,65535,65535,65535,65535
1685408022,0,1,0,0,4242,32532,46759,57346,64248,65535,65535,64174,63838,65535,65535,65535,65535
1685408028,0,1,0,0,4245,32622,46908,57554,64496,65535,65535,64352,64068,65535,65535,65535,65535
1685408034,0,1,0,0,4252,32593,46866,57473,64457,65535,65535,64485,64195,65535,65535,65535,65535
1685408040,0,1,0,0,4301,32750,47121,57846,64882,65535,65535,64863,64595,65535,65535,65535,65535
1685408046,0,1,0,0,4303,32835,47254,58042,65123,65535,65535,65210,64978,65535,65535,65535,65535
1685408052,0,1,0,0,4310,32942,47446,58314,65424,65535,65535,65535,65345,65535,65535,65535,65535
1685408058,0,1,0,0,4310,33052,47621,58570,65535,65535,65535,65535,65535,65535,65535,65535,65535
1685408064,0,1,0,0,4312,33174,47814,58838,65535,65535,65535,65535,65535,65535,65535,65535,65535
1685408070,0,1,0,0,4315,33286,47987,59105,65535,65535,65535,65535,65535,65535,65535,65535,65535
1685408076,0,1,0,0,4322,33468,48286,59480,65535,65535,65535,65535,65535,65535,65535,65535,65535
1685408082,0,1,0,0,4325,33659,48550,59831,65535,65535,65535,65535,65535,65535,65535,65535,65535
1685408088,0,1,0,0,4332,33684,48767,60172,65535,65535,65535,65535,65535,65535,65535,65535,65535
1685408094,0,1,0,0,4335,33823,48973,60462,65535,65535,65535,65535,65535,65535,65535,65535,65535
1685408100,0,1,0,0,4341,33904,49057,60619,65535,65535,65535,65535,65535,65535,65535,65535,65535
1685408106,0,1,0,0,4344,33934,49130,60691,65535,65535,65535,65535,65535,65535,65535,65535,65535
1685408112,0,1,0,0,4353,33983,49222,60813,65535,65535,65535,65535,65535,65535,65535,65535,65535
1685408118,0,1,0,0,4401,34050,49312,60936,65535,65535,65535,65535,65535,65535,65535,65535,65535
1685408124,0,1,0,0,4404,34052,49316,60951,65535,65535,65535,65535,65535,65535,65535,65535,65535
1685408130,0,1,0,0,4411,34020,49262,60913,65535,65535,65535,65535,65535,65535,65535,65535,65535
1685408136,0,1,0,0,4414,34002,49256,60870,65535,65535,65535,65535,65535,65535,65535,65535,65535
1685408142,0,1,0,0,4420,33976,49197,60830,65535,65535,65535,65535,65535,65535,65535,65535,65535
1685408148,0,1,0,0,4422,33996,49226,60876,65535,65535,65535,65535,65535,65535,65535,65535,65535
1685408154,0,1,0,0,4422,34008,49234,60854,65535,65535,65535,65535,65535,65535,65535,65535,65535
1685408160,0,1,0,0,4423,34005,49237,60865,65535,65535,65535,65535,65535,65535,65535,65535,65535
1685408166,0,1,0,0,4431,34186,49465,61209,65535,65535,65535,65535,65535,65535,65535,65535,65535
1685408172,0,1,0,0,4440,34428,49832,61698,65535,65535,65535,65535,65535,65535,65535,65535,65535
1685408178,0,1,0,0,4431,34395,49800,61693,65535,65535,65535,65535,65535,65535,65535,65535,65535
1685408184,0,1,0,0,4440,34620,50190,62128,65535,65535,65535,65535,65535,65535,65535,65535,65535
1685408190,0,1,0,0,4444,34878,50500,62680,65535,65535,65535,65535,65535,65535,65535,65535,65535
1685408196,0,1,0,0,4453,34904,50514,62818,65535,65535,65535,65535,65535,65535,65535,65535,65535
1685408202,0,1,0,0,4500,35142,50969,63277,65535,65535,65535,65535,65535,65535,65535,65535,65535
1685408208,0,1,0,0,4505,35337,51263,63686,65535,65535,65535,65535,65535,65535,65535,65535,65535
1685408214,0,1,0,0,4515,35471,51470,63978,65535,65535,65535,65535,65535,65535,65535,65535,65535
1685408220,0,1,0,0,4524,35572,51638,64181,65535,65535,65535,65535,65535,65535,65535,65535,65535
1685408226,0,1,0,0,4530,35637,51721,64323,65535,65535,65535,65535,65535,65535,65535,65535,65535
1685408232,0,1,0,0,4534,35675,51761,64360,65535,65535,65535,65535,65535,65535,65535,65535,65535
1685408238,0,1,0,0,4535,35698,51800,64414,65535,65535,65535,65535,65535,65535,65535,65535,65535
1685408244,0,1,0,0,4550,35872,52073,64780,65535,65535,65535,65535,65535,65535,65535,65535,65535
1685408250,0,1,0,0,4550,35976,52202,65007,65535,65535,65535,65535,65535,65535,65535,65535,65535
1685408256,0,1,0,0,4554,36093,52387,65229,65535,65535,65535,65535,65535,65535,65535,65535,65535
1685408262,0,1,0,0,5000,36295,52720,65535,65535,65535,65535,65535,65535,65535,65535,65535,65535
1685408268,0,1,0,0,5004,36498,53030,65535,65535,65535,65535,65535,65535,65535,65535,65535,65535
1685408274,0,1,0,0,5012,36701,53377,65535,65535,65535,65535,65535,65535,65535,65535,65535,65535
1685408280,0,1,0,0,5023,36797,53561,65535,65535,65535,65535,65535,65535,65535,65535,65535,65535
1685408286,0,1,0,0,5034,36868,53705,65535,65535,65535,65535,65535,65535,65535,65535,65535,65535
1685408292,0,1,0,0,5045,36974,53842,65535,65535,65535,65535,65535,65535,65535,65535,65535,65535
1685408298,0,1,0,0,5051,36900,53738,65535,65535,65535,65535,65535,65535,65535,65535,65535,65535
1685408304,0,1,0,0,5051,36819,53589,65535,65535,65535,65535,65535,65535,65535,65535,65535,65535
1685408310,0,1,0,0,5051,36761,53483,65535,65535,65535,65535,65535,65535,65535,65535,65535,65535
1685408316,0,1,0,0,5050,36722,53417,65535,65535,65535,65535,65535,65535,65535,65535,65535,65535
1685408322,0,1,0,0,5051,36742,53433,65535,65535,65535,65535,65535,65535,65535,65535,65535,65535
1685408328,0,1,0,0,5050,36747,53400,65535,65535,65535,65535,65535,65535,65535,65535,65535,65535
1685408334,0,1,0,0,5051,36802,53480,65535,65535,65535,65535,65535,65535,65535,65535,65535,65535
1685408340,0,1,0,0,5051,36835,53544,65535,65535,65535,65535,65535,65535,65535,65535,65535,65535
1685408346,0,1,0,0,5053,37023,53804,65535,65535,65535,65535,65535,65535,65535,65535,65535,65535
1685408352,0,1,0,0,5102,37288,54227,65535,65535,65535,65535,65535,65535,65535,65535,65535,65535
1685408358,0,1,0,0,5100,37357,54332,65535,65535,65535,65535,65535,65535,65535,65535,65535,65535
1685408364,0,1,0,0,5111,37614,54715,65535,65535,65535,65535,65535,65535,65535,65535,65535,65535
1685408370,0,1,0,0,5114,37726,54931,65535,65535,65535,65535,65535,65535,65535,65535,65535,65535
1685408376,0,1,0,0,5123,37880,55175,65535,65535,65535,65535,65535,65535,65535,65535,65535,65535
1685408382,0,1,0,0,5131,37916,55204,65535,65535,65535,65535,65535,65535,65535,65535,65535,65535
1685408388,0,1,0,0,5135,38004,55336,65535,65535,65535,65535,65535,65535,65535,65535,65535,65535
1685408394,0,1,0,0,5145,38128,55569,65535,65535,65535,65535,65535,65535,65535,65535,65535,65535
