Timestamp,Amber,White,On,Override,Intensity,AS00,AS01,AS02,AS03,AS04,AS05,AS06,AS07,AS08,AS09,AS10,AS11
1685448000,0,1,0,0,15,399,603,758,786,3717,1642,682,637,877,1177,3717,1642
1685448006,0,1,0,0,15,404,608,766,795,3757,1658,688,644,886,1189,3756,1658
1685448012,0,1,0,0,15,408,616,776,804,3796,1678,697,652,898,1204,3800,1678
1685448018,0,1,0,0,15,414,625,787,816,3843,1694,706,660,908,1219,3842,1694
1685448024,0,1,0,0,20,417,629,794,823,3876,1710,713,667,917,1231,3886,1712
1685448030,0,1,0,0,20,421,636,802,831,3917,1728,719,672,925,1242,3920,1728
1685448036,0,1,0,0,20,427,643,811,841,3958,1746,726,680,935,1254,3960,1746
1685448042,0,1,0,0,20,429,647,815,847,3991,1764,733,685,941,1263,3997,1766
1685448048,0,1,0,0,20,433,654,824,855,4029,1780,740,692,950,1275,4033,1782
1685448054,0,1,0,0,20,440,664,837,869,4082,1798,750,701,964,1293,4085,1800
1685448060,0,1,0,0,20,445,672,846,879,4128,1820,759,710,974,1307,4132,1820
1685448066,0,1,0,0,20,450,680,858,889,4174,1838,768,718,986,1322,4176,1838
1685448072,0,1,0,0,21,454,686,865,898,4214,1856,774,724,994,1334,4214,1858
1685448078,0,1,0,0,21,459,692,873,906,4254,1876,782,731,1004,1346,4256,1876
1685448084,0,1,0,0,21,464,701,884,918,4301,1894,791,739,1015,1362,4299,1894
1685448090,0,1,0,0,21,470,709,894,928,4347,1914,800,747,1025,1375,4346,1916
1685448096,0,1,0,0,21,477,721,908,943,4403,1936,813,759,1042,1399,4406,1936
1685448102,0,1,0,0,21,488,739,932,965,4478,1958,829,774,1062,1426,4477,1960
1685448108,0,1,0,0,21,484,732,924,959,4486,1974,827,772,1059,1421,4488,1976
1685448114,0,1,0,0,22,489,738,932,968,4528,1994,834,780,1068,1433,4531,1994
1685448120,0,1,0,0,22,494,747,942,979,4574,2012,844,788,1080,1449,4578,2014
1685448126,0,1,0,0,22,500,754,953,990,4620,2034,852,796,1091,1464,4623,2034
1685448132,0,1,0,0,22,502,760,959,997,4660,2054,858,802,1099,1474,4662,2054
1685448138,0,1,0,0,22,508,769,971,1008,4706,2074,868,811,1111,1490,4713,2074
1685448144,0,1,0,0,22,514,776,980,1018,4756,2096,876,819,1122,1505,4759,2096
1685448150,0,1,0,0,22,520,786,992,1031,4809,2116,887,829,1134,1523,4812,2118
1685448156,0,1,0,0,23,527,797,1006,1045,4864,2138,899,840,1149,1542,4869,2140
1685448162,0,1,0,0,23,532,804,1015,1055,4914,2162,909,850,1163,1560,4920,2162
1685448168,0,1,0,0,23,540,816,1030,1071,4973,2184,918,858,1175,1575,4971,2184
1685448174,0,1,0,0,23,543,821,1038,1079,5015,2204,929,868,1187,1593,5023,2206
1685448180,0,1,0,0,23,548,830,1048,1090,5066,2226,935,874,1195,1603,5063,2226
1685448186,0,1,0,0,23,553,837,1057,1099,5110,2246,945,883,1206,1617,5113,2248
1685448192,0,1,0,0,24,559,846,1069,1112,5168,2268,954,891,1219,1635,5163,2270
1685448198,0,1,0,0,24,564,853,1079,1122,5213,2292,964,901,1230,1650,5215,2292
1685448204,0,1,0,0,24,570,862,1091,1135,5265,2314,974,910,1244,1666,5269,2314
1685448210,0,1,0,0,24,575,870,1100,1145,5317,2336,983,919,1256,1682,5318,2338
1685448216,0,1,0,0,24,585,885,1118,1163,5378,2362,998,933,1273,1706,5383,2364
1685448222,0,1,0,0,24,588,889,1124,1170,5422,2382,1005,938,1282,1717,5425,2384
1685448228,0,1,0,0,25,593,897,1134,1181,5475,2406,1014,947,1292,1732,5476,2406
1685448234,0,1,0,0,25,599,906,1145,1193,5526,2428,1024,957,1307,1749,5532,2428
1685448240,0,1,0,0,25,605,915,1156,1205,5581,2452,1035,966,1320,1767,5586,2452
1685448246,0,1,0,0,25,611,924,1168,1218,5636,2474,1046,976,1333,1783,5640,2476
1685448252,0,1,0,0,25,618,936,1181,1232,5696,2498,1057,988,1347,1804,5698,2500
1685448258,0,1,0,0,25,623,943,1192,1243,5748,2522,1067,996,1357,1818,5750,2524
1685448264,0,1,0,0,30,636,962,1216,1266,5829,2550,1087,1015,1385,1854,5837,2552
1685448270,0,1,0,0,30,636,964,1219,1270,5866,2572,1091,1019,1389,1859,5872,2572
1685448276,0,1,0,0,30,645,976,1234,1286,5930,2600,1104,1031,1405,1879,5934,2600
1685448282,0,1,0,0,30,648,981,1242,1296,5977,2622,1113,1039,1415,1893,5983,2624
1685448288,0,1,0,0,30,655,991,1253,1307,6032,2646,1121,1047,1426,1906,6033,2648
1685448294,0,1,0,0,30,660,999,1264,1319,6087,2670,1129,1055,1436,1919,6080,2670
1685448300,0,1,0,0,31,665,1005,1274,1330,6139,2696,1141,1067,1451,1941,6144,2698
1685448306,0,1,0,0,31,669,1011,1280,1336,6178,2720,1149,1074,1461,1952,6188,2722
1685448312,0,1,0,0,31,679,1027,1300,1357,6257,2746,1165,1089,1480,1978,6260,2748
1685448318,0,1,0,0,31,687,1038,1314,1372,6319,2772,1177,1100,1495,1998,6324,2774
1685448324,0,1,0,0,31,693,1048,1326,1385,6381,2798,1189,1112,1510,2017,6385,2798
1685448330,0,1,0,0,32,699,1059,1340,1398,6440,2822,1200,1121,1524,2036,6443,2826
1685448336,0,1,0,0,32,706,1070,1354,1413,6501,2850,1213,1134,1539,2053,6503,2850
1685448342,0,1,0,0,32,713,1079,1366,1426,6563,2876,1223,1143,1554,2073,6568,2878
1685448348,0,1,0,0,32,720,1090,1379,1441,6623,2902,1236,1155,1569,2093,6630,2906
1685448354,0,1,0,0,33,734,1112,1407,1469,6721,2936,1256,1172,1593,2124,6716,2936
1685448360,0,1,0,0,33,734,1111,1408,1470,6753,2956,1262,1178,1600,2133,6757,2960
1685448366,0,1,0,0,33,742,1122,1422,1485,6821,2986,1277,1193,1618,2157,6835,2990
1685448372,0,1,0,0,33,757,1147,1453,1516,6919,3016,1298,1212,1645,2191,6917,3018
1685448378,0,1,0,0,33,757,1147,1453,1518,6953,3038,1302,1216,1650,2196,6960,3042
1685448384,0,1,0,0,33,763,1155,1464,1529,7011,3068,1313,1226,1663,2214,7017,3068
1685448390,0,1,0,0,34,771,1167,1479,1545,7074,3092,1324,1238,1677,2233,7077,3092
1685448396,0,1,0,0,34,777,1176,1490,1557,7136,3116,1335,1249,1691,2251,7134,3116
1685448402,0,1,0,0,34,783,1186,1502,1571,7192,3142,1348,1259,1704,2268,7195,3146
1685448408,0,1,0,0,34,790,1195,1516,1586,7255,3170,1359,1271,1720,2286,7259,3174
1685448414,0,1,0,0,34,798,1208,1530,1600,7317,3198,1372,1282,1736,2307,7321,3198
1685448420,0,1,0,0,35,804,1217,1543,1615,7385,3226,1385,1293,1752,2327,7389,3226
1685448426,0,1,0,0,35,811,1228,1556,1629,7446,3254,1397,1305,1765,2345,7451,3256
1685448432,0,1,0,0,35,819,1239,1571,1645,7519,3282,1412,1319,1784,2370,7523,3288
1685448438,0,1,0,0,35,828,1253,1588,1662,7596,3316,1427,1332,1802,2391,7598,3316
1685448444,0,1,0,0,40,847,1286,1630,1703,7721,3356,1454,1358,1836,2436,7715,3354
1685448450,0,1,0,0,40,841,1274,1616,1692,7735,3376,1454,1358,1836,2435,7742,3376
1685448456,0,1,0,0,40,850,1289,1634,1711,7813,3408,1469,1372,1854,2458,7817,3408
1685448462,0,1,0,0,40,858,1302,1648,1726,7881,3436,1483,1385,1870,2480,7888,3438
1685448468,0,1,0,0,40,866,1312,1664,1743,7954,3466,1497,1398,1888,2501,7958,3468
1685448474,0,1,0,0,41,875,1325,1680,1760,8027,3496,1510,1411,1905,2523,8031,3496
1685448480,0,1,0,0,41,881,1335,1694,1775,8092,3524,1524,1424,1921,2543,8094,3526
1685448486,0,1,0,0,41,879,1329,1687,1772,8101,3547,1526,1426,1922,2544,8109,3548
1685448492,0,1,0,0,41,891,1349,1710,1796,8207,3582,1548,1447,1950,2580,8228,3586
1685448498,0,1,0,0,41,899,1360,1726,1813,8274,3614,1557,1456,1961,2595,8285,3616
1685448504,0,1,0,0,42,912,1381,1751,1839,8374,3648,1579,1476,1988,2629,8383,3652
1685448510,0,1,0,0,42,926,1404,1780,1869,8489,3690,1601,1496,2015,2663,8479,3688
1685448516,0,1,0,0,42,934,1415,1796,1884,8568,3722,1617,1512,2035,2690,8573,3724
1685448522,0,1,0,0,43,941,1425,1808,1897,8640,3758,1630,1523,2051,2710,8647,3762
1685448528,0,1,0,0,43,950,1439,1825,1917,8729,3796,1646,1539,2071,2737,8729,3800
1685448534,0,1,0,0,43,959,1451,1842,1935,8814,3840,1662,1554,2091,2761,8817,3842
1685448540,0,1,0,0,43,966,1464,1858,1952,8900,3876,1679,1569,2112,2789,8908,3878
1685448546,0,1,0,0,44,978,1481,1882,1976,9002,3918,1696,1585,2133,2817,9001,3920
1685448552,0,1,0,0,44,986,1494,1899,1993,9090,3954,1713,1603,2155,2844,9094,3956
1685448558,0,1,0,0,44,995,1507,1913,2011,9173,3996,1730,1618,2174,2871,9175,3996
1685448564,0,1,0,0,44,1003,1520,1931,2029,9259,4034,1745,1633,2194,2895,9268,4036
1685448570,0,1,0,0,45,1014,1535,1950,2052,9357,4076,1764,1651,2217,2926,9358,4078
1685448576,0,1,0,0,45,1024,1550,1968,2071,9450,4120,1781,1666,2238,2953,9453,4122
1685448582,0,1,0,0,45,1033,1565,1988,2092,9540,4160,1801,1684,2263,2987,9545,4162
1685448588,0,1,0,0,50,1059,1608,2040,2143,9708,4214,1833,1716,2304,3040,9693,4212
1685448594,0,1,0,0,50,1051,1593,2024,2129,9727,4246,1833,1716,2305,3038,9736,4248
1685448600,0,1,0,0,50,1061,1608,2043,2151,9837,4298,1852,1734,2325,3071,9841,4298
1685448606,0,1,0,0,50,1071,1622,2062,2170,9935,4346,1871,1752,2351,3100,9940,4348
1685448612,0,1,0,0,51,1080,1637,2079,2190,10032,4390,1887,1767,2370,3128,10041,4394
1685448618,0,1,0,0,51,1094,1657,2108,2219,10149,4440,1913,1792,2404,3170,10156,4440
1685448624,0,1,0,0,51,1101,1668,2121,2235,10229,4476,1927,1804,2419,3192,10237,4480
1685448630,0,1,0,0,52,1110,1681,2139,2254,10328,4518,1943,1820,2440,3219,10328,4520
1685448636,0,1,0,0,52,1120,1698,2158,2274,10415,4562,1961,1838,2464,3248,10425,4566
1685448642,0,1,0,0,52,1133,1715,2183,2300,10525,4608,1982,1859,2491,3282,10532,4608
1685448648,0,1,0,0,52,1143,1734,2204,2325,10632,4654,2002,1876,2517,3314,10630,4658
1685448654,0,1,0,0,53,1152,1746,2221,2342,10723,4702,2020,1893,2537,3344,10728,4702
1685448660,0,1,0,0,53,1161,1760,2238,2363,10828,4750,2038,1912,2563,3372,10831,4754
1685448666,0,1,0,0,53,1171,1776,2259,2382,10930,4800,2057,1930,2585,3407,10942,4804
1685448672,0,1,0,0,54,1199,1820,2314,2439,11124,4864,2097,1966,2635,3471,11105,4862
1685448678,0,1,0,0,54,1194,1812,2303,2431,11154,4900,2102,1972,2640,3477,11160,4902
1685448684,0,1,0,0,54,1206,1829,2327,2455,11261,4944,2121,1990,2667,3512,11270,4946
1685448690,0,1,0,0,55,1215,1843,2346,2475,11348,4982,2139,2007,2688,3539,11357,4986
1685448696,0,1,0,0,55,1224,1859,2365,2497,11436,5016,2158,2023,2713,3570,11446,5016
1685448702,0,1,0,0,55,1235,1873,2381,2514,11504,5042,2174,2040,2732,3590,11516,5044
1685448708,0,1,0,0,100,1243,1888,2400,2534,11578,5068,2190,2056,2749,3615,11579,5070
1685448714,0,1,0,0,100,1253,1901,2420,2552,11653,5094,2209,2073,2772,3644,11658,5098
1685448720,0,1,0,0,100,1267,1922,2443,2579,11733,5124,2225,2089,2794,3669,11731,5122
1685448726,0,1,0,0,100,1276,1935,2461,2598,11805,5150,2245,2107,2815,3695,11799,5148
1685448732,0,1,0,0,101,1279,1938,2465,2604,11834,5164,2263,2123,2836,3721,11865,5170
1685448738,0,1,0,0,101,1294,1963,2496,2636,11936,5194,2277,2138,2856,3742,11931,5194
1685448744,0,1,0,0,101,1298,1969,2501,2643,11979,5212,2290,2151,2871,3758,11984,5212
1685448750,0,1,0,0,101,1309,1983,2520,2666,12043,5238,2304,2165,2889,3779,12051,5240
1685448756,0,1,0,0,102,1318,1997,2539,2681,12113,5264,2321,2180,2908,3803,12110,5266
1685448762,0,1,0,0,102,1325,2008,2550,2697,12174,5292,2333,2192,2924,3818,12177,5294
1685448768,0,1,0,0,102,1334,2020,2570,2716,12246,5326,2349,2208,2943,3842,12244,5324
1685448774,0,1,0,0,102,1344,2035,2587,2734,12326,5358,2368,2225,2965,3871,12333,5361
1685448780,0,1,0,0,103,1355,2051,2604,2755,12412,5392,2384,2241,2984,3896,12418,5396
1685448786,0,1,0,0,103,1364,2066,2625,2778,12511,5434,2406,2260,3010,3925,12514,5434
1685448792,0,1,0,0,103,1377,2082,2645,2797,12606,5474,2426,2279,3037,3958,12608,5478
1685448798,0,1,0,0,103,1387,2099,2668,2821,12690,5514,2445,2298,3060,3987,12698,5520
1685448804,0,1,0,0,104,1396,2112,2685,2843,12773,5552,2462,2315,3082,4016,12786,5554
1685448810,0,1,0,0,104,1408,2130,2706,2865,12869,5586,2482,2334,3108,4045,12869,5590
1685448816,0,1,0,0,104,1417,2145,2724,2883,12948,5622,2500,2349,3127,4069,12951,5626
1685448822,0,1,0,0,105,1427,2158,2743,2902,13032,5658,2517,2367,3149,4095,13038,5662
1685448828,0,1,0,0,105,1438,2175,2765,2925,13118,5692,2535,2386,3172,4124,13124,5694
1685448834,0,1,0,0,105,1447,2190,2783,2945,13203,5732,2554,2402,3194,4152,13206,5734
1685448840,0,1,0,0,105,1457,2204,2799,2965,13290,5768,2572,2418,3215,4175,13297,5772
1685448846,0,1,0,0,110,1469,2220,2824,2987,13392,5808,2594,2439,3240,4207,13396,5812
1685448852,0,1,0,0,110,1480,2237,2842,3007,13480,5848,2611,2456,3263,4236,13486,5850
1685448858,0,1,0,0,110,1490,2253,2862,3029,13575,5886,2632,2475,3288,4266,13577,5888
1685448864,0,1,0,0,111,1501,2268,2882,3052,13661,5926,2651,2491,3309,4295,13664,5924
1685448870,0,1,0,0,111,1510,2283,2904,3073,13747,5962,2669,2509,3331,4319,13751,5960
1685448876,0,1,0,0,111,1520,2298,2919,3091,13823,5994,2685,2525,3352,4344,13830,5996
1685448882,0,1,0,0,111,1530,2311,2936,3111,13898,6028,2704,2542,3373,4368,13908,6030
1685448888,0,1,0,0,112,1541,2327,2957,3130,13990,6062,2721,2560,3393,4392,13991,6066
1685448894,0,1,0,0,112,1549,2341,2973,3147,14060,6096,2739,2574,3414,4419,14071,6098
1685448900,0,1,0,0,112,1559,2354,2989,3169,14143,6130,2756,2590,3432,4444,14148,6132
1685448906,0,1,0,0,113,1571,2373,3013,3191,14233,6172,2771,2606,3452,4467,14223,6168
1685448912,0,1,0,0,113,1582,2391,3037,3216,14326,6204,2797,2630,3481,4500,14321,6204
1685448918,0,1,0,0,113,1592,2404,3051,3233,14405,6239,2812,2645,3500,4524,14407,6238
1685448924,0,1,0,0,114,1600,2418,3069,3253,14490,6276,2828,2663,3519,4550,14492,6278
1685448930,0,1,0,0,114,1609,2433,3088,3273,14576,6314,2848,2680,3543,4578,14580,6316
1685448936,0,1,0,0,114,1620,2447,3107,3294,14665,6358,2868,2699,3568,4604,14680,6360
1685448942,0,1,0,0,115,1633,2465,3130,3318,14772,6400,2891,2718,3593,4636,14781,6402
1685448948,0,1,0,0,115,1644,2482,3151,3340,14872,6442,2911,2738,3614,4665,14879,6448
1685448954,0,1,0,0,115,1658,2504,3178,3370,14989,6496,2934,2762,3646,4704,14989,6492
1685448960,0,1,0,0,120,1666,2516,3194,3387,15084,6534,2952,2779,3670,4730,15092,6538
1685448966,0,1,0,0,120,1676,2528,3211,3407,15170,6578,2969,2797,3689,4758,15179,6582
1685448972,0,1,0,0,120,1686,2544,3231,3428,15260,6616,2989,2814,3712,4784,15271,6622
1685448978,0,1,0,0,121,1698,2561,3252,3449,15370,6662,3009,2834,3736,4813,15376,6660
1685448984,0,1,0,0,121,1710,2579,3272,3472,15468,6698,3030,2852,3760,4842,15471,6704
1685448990,0,1,0,0,121,1720,2594,3296,3498,15570,6744,3052,2872,3786,4876,15575,6744
1685448996,0,1,0,0,122,1737,2620,3326,3530,15696,6792,3077,2897,3816,4913,15692,6794
1685449002,0,1,0,0,122,1743,2629,3338,3544,15786,6836,3093,2913,3837,4938,15787,6841
1685449008,0,1,0,0,122,1754,2644,3356,3565,15879,6881,3115,2933,3861,4969,15890,6880
1685449014,0,1,0,0,123,1765,2663,3380,3587,15989,6924,3137,2953,3887,4998,15996,6928
1685449020,0,1,0,0,123,1778,2682,3403,3615,16096,6966,3158,2975,3913,5033,16102,6970
1685449026,0,1,0,0,123,1786,2692,3417,3629,16189,7013,3176,2992,3936,5064,16202,7018
1685449032,0,1,0,0,124,1797,2710,3440,3656,16316,7072,3199,3015,3964,5096,16316,7076
1685449038,0,1,0,0,124,1815,2736,3473,3692,16471,7136,3229,3045,4002,5147,16476,7136
1685449044,0,1,0,0,124,1826,2756,3497,3717,16611,7199,3257,3070,4035,5191,16610,7197
1685449050,0,1,0,0,125,1841,2778,3524,3750,16755,7254,3283,3096,4069,5234,16752,7257
1685449056,0,1,0,0,125,1855,2801,3554,3780,16886,7310,3308,3121,4103,5275,16885,7306
1685449062,0,1,0,0,130,1867,2818,3577,3806,17012,7364,3333,3146,4134,5313,17021,7366
1685449068,0,1,0,0,130,1880,2839,3602,3835,17161,7424,3362,3172,4172,5360,17163,7430
1685449074,0,1,0,0,131,1892,2856,3627,3862,17300,7488,3389,3196,4202,5404,17309,7490
1685449080,0,1,0,0,131,1907,2880,3659,3896,17470,7560,3415,3226,4241,5454,17476,7561
1685449086,0,1,0,0,131,1923,2903,3687,3927,17624,7626,3445,3256,4279,5501,17629,7630
1685449092,0,1,0,0,132,1934,2924,3711,3955,17753,7682,3472,3281,4314,5545,17765,7686
1685449098,0,1,0,0,132,1947,2943,3737,3981,17874,7730,3496,3304,4342,5583,17872,7734
1685449104,0,1,0,0,132,1956,2958,3757,4003,17977,7780,3520,3327,4372,5623,17995,7788
1685449110,0,1,0,0,133,1972,2980,3784,4036,18119,7832,3548,3353,4403,5669,18120,7830
1685449116,0,1,0,0,133,1984,3002,3810,4063,18230,7872,3576,3379,4439,5710,18229,7872
1685449122,0,1,0,0,134,2000,3026,3842,4098,18377,7924,3608,3410,4481,5766,18385,7924
1685449128,0,1,0,0,134,2014,3049,3872,4131,18543,7996,3639,3441,4524,5821,18554,7996
1685449134,0,1,0,0,135,2031,3073,3904,4168,18732,8076,3674,3477,4571,5885,18743,8084
1685449140,0,1,0,0,135,2044,3096,3934,4201,18899,8146,3703,3504,4612,5938,18904,8148
1685449146,0,1,0,0,140,2055,3112,3954,4225,19004,8190,3727,3529,4641,5974,19020,8193
1685449152,0,1,0,0,140,2066,3127,3972,4249,19117,8232,3749,3551,4668,6008,19120,8240
1685449158,0,1,0,0,141,2080,3150,4006,4280,19269,8294,3780,3582,4710,6063,19282,8296
1685449164,0,1,0,0,141,2093,3170,4027,4311,19443,8376,3806,3613,4749,6110,19453,8380
1685449170,0,1,0,0,141,2108,3194,4061,4344,19611,8452,3841,3644,4794,6172,19627,8450
1685449176,0,1,0,0,142,2122,3215,4088,4380,19780,8516,3872,3676,4838,6233,19773,8515
1685449182,0,1,0,0,142,2139,3239,4121,4418,19949,8590,3908,3715,4888,6296,19953,8596
1685449188,0,1,0,0,143,2155,3266,4155,4456,20148,8674,3945,3750,4937,6371,20136,8678
1685449194,0,1,0,0,143,2167,3289,4185,4491,20338,8764,3981,3787,4989,6443,20336,8772
1685449200,0,1,0,0,144,2185,3319,4224,4528,20523,8842,4016,3824,5037,6506,20523,8844
1685449206,0,1,0,0,144,2196,3332,4244,4554,20666,8910,4045,3854,5084,6567,20687,8916
1685449212,0,1,0,0,145,2212,3360,4281,4599,20899,9008,4092,3899,5150,6659,20901,9014
1685449218,0,1,0,0,145,2230,3390,4322,4642,21112,9102,4135,3944,5213,6741,21130,9106
1685449224,0,1,0,0,145,2243,3413,4350,4678,21282,9166,4170,3979,5263,6817,21289,9172
1685449230,0,1,0,0,150,2253,3429,4373,4701,21375,9198,4192,4001,5297,6858,21374,9194
1685449236,0,1,0,0,150,2259,3440,4389,4722,21455,9219,4216,4028,5330,6905,21476,9224
1685449242,0,1,0,0,150,2276,3466,4426,4762,21635,9286,4252,4067,5382,6982,21633,9290
1685449248,0,1,0,0,151,2294,3497,4464,4805,21862,9382,4301,4114,5449,7077,21874,9390
1685449254,0,1,0,0,151,2308,3517,4499,4845,22096,9512,4343,4161,5515,7171,22125,9518
1685449260,0,1,0,0,152,2334,3562,4554,4906,22381,9616,4402,4221,5601,7293,22377,9614
1685449266,0,1,0,0,152,2331,3556,4548,4908,22390,9630,4407,4230,5607,7312,22385,9636
1685449272,0,1,0,0,152,2337,3565,4562,4925,22452,9654,4430,4258,5641,7365,22455,9660
1685449278,0,1,0,0,152,2350,3586,4585,4958,22588,9704,4459,4288,5686,7427,22590,9712
1685449284,0,1,0,0,152,2356,3594,4602,4980,22670,9744,4479,4316,5723,7476,22677,9752
1685449290,0,1,0,0,153,2371,3619,4635,5020,22825,9816,4525,4366,5789,7575,22832,9814
1685449296,0,1,0,0,153,2386,3639,4665,5061,22996,9886,4560,4408,5849,7654,23009,9886
1685449302,0,1,0,0,154,2401,3659,4694,5093,23163,9950,4599,4448,5905,7729,23176,9950
1685449308,0,1,0,0,154,2413,3676,4721,5125,23317,10006,4624,4476,5945,7777,23318,10004
1685449314,0,1,0,0,155,2424,3697,4746,5155,23461,10054,4658,4512,5992,7839,23469,10054
1685449320,0,1,0,0,155,2432,3710,4765,5178,23580,10104,4682,4541,6030,7891,23574,10108
1685449326,0,1,0,0,155,2440,3721,4781,5200,23672,10150,4701,4565,6063,7937,23673,10156
1685449332,0,1,0,0,200,2424,3695,4748,5175,23633,10173,4684,4555,6044,7920,23633,10172
1685449338,0,1,0,0,200,2438,3718,4782,5213,23772,10242,4727,4602,6109,8012,23793,10252
1685449344,0,1,0,0,200,2444,3728,4795,5233,23851,10281,4743,4622,6136,8047,23847,10288
1685449350,0,1,0,0,200,2447,3733,4803,5241,23904,10308,4756,4634,6156,8076,23898,10308
1685449356,0,1,0,0,200,2454,3740,4813,5255,23957,10330,4779,4658,6184,8116,23973,10334
1685449362,0,1,0,0,200,2457,3747,4820,5265,23971,10332,4785,4666,6196,8120,23976,10334
1685449368,0,1,0,0,200,2455,3741,4812,5261,23960,10336,4780,4665,6189,8112,23954,10332
1685449374,0,1,0,0,200,2452,3735,4805,5252,23910,10328,4772,4659,6171,8086,23915,10320
1685449380,0,1,0,0,200,2451,3732,4803,5255,23955,10340,4773,4662,6171,8088,23943,10342
1685449386,0,1,0,0,200,2452,3732,4802,5257,23991,10372,4773,4666,6172,8089,23983,10366
1685449392,0,1,0,0,200,2446,3718,4790,5245,23967,10374,4766,4660,6162,8074,23981,10374
1685449398,0,1,0,0,200,2447,3721,4792,5246,24018,10398,4769,4671,6168,8081,24023,10404
1685449404,0,1,0,0,200,2445,3718,4790,5245,24015,10418,4765,4668,6159,8074,24021,10416
1685449410,0,1,0,0,200,2446,3718,4788,5245,24049,10440,4764,4670,6159,8075,24041,10438
1685449416,0,1,0,0,200,2446,3719,4788,5245,24059,10462,4770,4679,6162,8087,24068,10466
1685449422,0,1,0,0,155,2449,3721,4791,5248,24119,10494,4777,4690,6169,8100,24108,10497
1685449428,0,1,0,0,155,2448,3719,4792,5247,24164,10536,4784,4694,6178,8110,24178,10542
1685449434,0,1,0,0,155,2449,3723,4798,5257,24259,10586,4784,4701,6183,8116,24234,10590
1685449440,0,1,0,0,155,2448,3722,4797,5257,24316,10632,4799,4714,6202,8153,24330,10636
1685449446,0,1,0,0,155,2449,3725,4800,5264,24358,10665,4805,4725,6215,8165,24380,10670
1685449452,0,1,0,0,155,2453,3734,4814,5277,24426,10695,4814,4737,6227,8183,24415,10700
1685449458,0,1,0,0,155,2449,3726,4805,5267,24402,10700,4812,4727,6220,8172,24408,10702
1685449464,0,1,0,0,155,2465,3754,4842,5299,24515,10740,4842,4758,6259,8221,24511,10736
1685449470,0,1,0,0,155,2475,3775,4868,5328,24599,10768,4882,4791,6309,8272,24613,10766
1685449476,0,1,0,0,155,2466,3765,4849,5307,24589,10746,4855,4771,6273,8224,24575,10750
1685449482,0,1,0,0,155,2457,3749,4833,5287,24511,10714,4836,4749,6243,8187,24503,10714
1685449488,0,1,0,0,154,2439,3722,4799,5255,24423,10674,4813,4726,6217,8138,24432,10674
1685449494,0,1,0,0,154,2427,3699,4770,5223,24345,10642,4762,4677,6144,8034,24282,10626
1685449500,0,1,0,0,154,2425,3705,4774,5222,24391,10656,4788,4695,6172,8061,24403,10658
1685449506,0,1,0,0,154,2418,3694,4761,5207,24384,10646,4770,4678,6148,8024,24392,10656
1685449512,0,1,0,0,154,2421,3701,4770,5216,24465,10664,4779,4687,6153,8029,24448,10662
1685449518,0,1,0,0,154,2422,3703,4773,5219,24474,10660,4784,4686,6155,8028,24483,10662
1685449524,0,1,0,0,154,2419,3699,4771,5215,24460,10648,4781,4679,6142,8010,24455,10641
1685449530,0,1,0,0,153,2417,3699,4767,5211,24431,10614,4780,4678,6135,7992,24420,10616
1685449536,0,1,0,0,153,2411,3689,4755,5195,24355,10576,4767,4664,6111,7962,24355,10575
1685449542,0,1,0,0,153,2401,3679,4739,5181,24310,10536,4748,4645,6084,7920,24293,10534
1685449548,0,1,0,0,153,2404,3685,4746,5190,24332,10531,4752,4645,6080,7911,24302,10522
1685449554,0,1,0,0,153,2399,3679,4735,5176,24302,10500,4744,4638,6067,7891,24266,10492
1685449560,0,1,0,0,153,2384,3659,4709,5151,24192,10442,4727,4618,6037,7850,24180,10440
1685449566,0,1,0,0,153,2380,3650,4699,5142,24124,10387,4719,4610,6022,7822,24118,10386
1685449572,0,1,0,0,153,2381,3648,4699,5138,24056,10330,4713,4601,6007,7796,24049,10326
1685449578,0,1,0,0,153,2376,3643,4689,5127,23964,10256,4701,4587,5987,7754,23967,10250
1685449584,0,1,0,0,151,2349,3594,4627,5063,23722,10154,4644,4532,5904,7639,23712,10146
1685449590,0,1,0,0,152,2363,3622,4659,5098,23815,10142,4673,4558,5939,7668,23818,10148
1685449596,0,1,0,0,152,2359,3615,4651,5092,23774,10096,4658,4547,5917,7632,23744,10094
1685449602,0,1,0,0,152,2364,3622,4657,5097,23745,10044,4663,4549,5919,7616,23720,10038
1685449608,0,1,0,0,152,2358,3615,4651,5087,23642,9970,4657,4541,5909,7592,23653,9964
1685449614,0,1,0,0,152,2357,3611,4646,5083,23571,9908,4652,4533,5900,7568,23568,9898
1685449620,0,1,0,0,152,2347,3596,4627,5067,23481,9836,4637,4520,5880,7534,23489,9834
1685449626,0,1,0,0,152,2344,3589,4616,5053,23391,9772,4627,4509,5862,7508,23391,9772
1685449632,0,1,0,0,151,2335,3575,4599,5033,23292,9718,4608,4490,5835,7465,23286,9716
1685449638,0,1,0,0,151,2332,3572,4594,5030,23254,9684,4606,4485,5831,7450,23249,9678
1685449644,0,1,0,0,151,2330,3571,4587,5030,23209,9650,4604,4488,5828,7449,23206,9650
1685449650,0,1,0,0,151,2331,3571,4590,5029,23205,9640,4607,4488,5829,7442,23196,9640
1685449656,0,1,0,0,151,2330,3568,4589,5031,23189,9628,4611,4490,5831,7446,23192,9634
1685449662,0,1,0,0,151,2325,3559,4578,5019,23139,9614,4608,4488,5822,7439,23157,9614
1685449668,0,1,0,0,151,2323,3556,4571,5013,23101,9598,4602,4484,5819,7431,23102,9600
1685449674,0,1,0,0,151,2319,3549,4565,5005,23058,9586,4597,4481,5813,7427,23060,9594
1685449680,0,1,0,0,151,2315,3545,4562,5002,23010,9584,4596,4481,5808,7426,23026,9580
1685449686,0,1,0,0,151,2317,3546,4560,5004,23018,9586,4594,4479,5808,7427,23018,9584
1685449692,0,1,0,0,151,2314,3541,4554,4998,23018,9592,4601,4484,5815,7432,23013,9600
1685449698,0,1,0,0,151,2312,3534,4547,4993,22997,9604,4591,4478,5805,7424,22989,9598
1685449704,0,1,0,0,151,2307,3527,4536,4984,22953,9606,4588,4478,5803,7419,22953,9606
1685449710,0,1,0,0,150,2304,3519,4527,4977,22935,9608,4583,4473,5798,7414,22927,9616
1685449716,0,1,0,0,150,2298,3505,4512,4962,22871,9618,4571,4468,5793,7400,22871,9614
1685449722,0,1,0,0,150,2287,3487,4487,4941,22803,9616,4561,4457,5783,7382,22821,9620
1685449728,0,1,0,0,151,2299,3505,4511,4968,22900,9654,4584,4483,5814,7422,22877,9652
1685449734,0,1,0,0,151,2295,3497,4500,4961,22888,9674,4581,4485,5823,7427,22899,9674
1685449740,0,1,0,0,151,2294,3493,4499,4962,22912,9692,4585,4490,5831,7435,22910,9690
1685449746,0,1,0,0,151,2287,3485,4486,4954,22906,9702,4582,4490,5834,7437,22922,9706
1685449752,0,1,0,0,151,2279,3471,4472,4937,22866,9714,4575,4481,5823,7426,22889,9714
1685449758,0,1,0,0,151,2281,3472,4473,4945,22921,9744,4582,4489,5837,7437,22931,9750
1685449764,0,1,0,0,151,2291,3486,4492,4965,23030,9796,4607,4513,5871,7482,23025,9802
1685449770,0,1,0,0,151,2294,3494,4503,4979,23103,9852,4625,4533,5903,7518,23122,9864
1685449776,0,1,0,0,153,2341,3570,4598,5085,23398,9980,4693,4594,5991,7636,23293,9956
1685449782,0,1,0,0,153,2336,3562,4591,5079,23463,10044,4722,4625,6029,7687,23472,10049
1685449788,0,1,0,0,153,2375,3628,4676,5166,23727,10164,4843,4739,6184,7901,23832,10194
1685449794,0,1,0,0,152,2324,3534,4560,5051,23491,10158,4716,4626,6027,7704,23513,10166
1685449800,0,1,0,0,153,2329,3542,4569,5066,23556,10227,4735,4648,6054,7743,23568,10232
1685449806,0,1,0,0,153,2343,3562,4598,5101,23682,10318,4766,4681,6102,7811,23681,10324
1685449812,0,1,0,0,153,2357,3580,4618,5128,23825,10421,4799,4716,6151,7876,23834,10432
1685449818,0,1,0,0,154,2382,3619,4672,5191,24056,10554,4830,4750,6200,7937,23974,10542
1685449824,0,1,0,0,154,2383,3616,4670,5195,24151,10650,4864,4791,6252,8003,24162,10654
1685449830,0,1,0,0,154,2404,3644,4709,5239,24394,10786,4913,4841,6320,8097,24408,10792
1685449836,0,1,0,0,155,2422,3669,4740,5279,24594,10922,4951,4883,6378,8177,24621,10930
1685449842,0,1,0,0,200,2439,3692,4772,5317,24813,11066,4995,4930,6437,8251,24849,11070
1685449848,0,1,0,0,201,2464,3728,4819,5368,25110,11234,5039,4978,6501,8331,25109,11232
1685449854,0,1,0,0,201,2506,3791,4897,5460,25522,11430,5129,5069,6626,8495,25519,11440
1685449860,0,1,0,0,201,2519,3805,4919,5484,25687,11546,5149,5094,6657,8531,25646,11538
1685449866,0,1,0,0,202,2576,3899,5042,5616,26257,11814,5283,5224,6839,8764,26242,11814
1685449872,0,1,0,0,203,2599,3937,5093,5665,26532,11966,5342,5279,6919,8867,26532,11972
1685449878,0,1,0,0,204,2625,3971,5137,5718,26827,12120,5391,5333,6981,8952,26838,12136
1685449884,0,1,0,0,210,2642,3998,5173,5756,27101,12284,5433,5375,7032,9031,27121,12288
1685449890,0,1,0,0,210,2692,4074,5273,5858,27638,12524,5508,5451,7127,9161,27557,12504
1685449896,0,1,0,0,211,2732,4131,5352,5941,28135,12761,5625,5565,7279,9357,28196,12783
1685449902,0,1,0,0,212,2784,4217,5460,6064,28718,13007,5726,5665,7409,9522,28745,13024
1685449908,0,1,0,0,214,2829,4282,5542,6148,29171,13213,5813,5750,7513,9659,29202,13225
1685449914,0,1,0,0,215,2857,4326,5600,6209,29538,13372,5867,5808,7578,9747,29561,13380
1685449920,0,1,0,0,220,2890,4379,5664,6281,29950,13537,5935,5870,7661,9844,29965,13549
1685449926,0,1,0,0,221,2932,4441,5743,6371,30402,13718,6015,5954,7759,9967,30416,13729
1685449932,0,1,0,0,222,2976,4505,5827,6463,30912,13911,6099,6034,7862,10091,30940,13930
1685449938,0,1,0,0,222,3010,4555,5894,6528,31259,14030,6162,6098,7936,10176,31289,14043
1685449944,0,1,0,0,223,3036,4596,5946,6591,31551,14120,6208,6142,7986,10234,31549,14128
1685449950,0,1,0,0,224,3053,4620,5974,6622,31707,14144,6231,6165,7998,10242,31714,14147
1685449956,0,1,0,0,225,3069,4643,6001,6649,31844,14157,6251,6182,8019,10244,31846,14155
1685449962,0,1,0,0,230,3091,4676,6044,6694,32059,14186,6284,6217,8044,10260,32054,14183
1685449968,0,1,0,0,231,3118,4717,6095,6752,32293,14227,6323,6249,8085,10296,32253,14213
1685449974,0,1,0,0,232,3143,4758,6145,6803,32521,14266,6381,6305,8145,10365,32573,14285
1685449980,0,1,0,0,232,3176,4810,6207,6870,32810,14313,6444,6359,8207,10431,32849,14325
1685449986,0,1,0,0,232,3203,4857,6268,6928,33014,14331,6488,6395,8247,10461,33030,14337
1685449992,0,1,0,0,233,3224,4890,6313,6972,33141,14295,6526,6428,8274,10490,33156,14296
1685449998,0,1,0,0,233,3236,4916,6347,6996,33137,14206,6542,6428,8271,10469,33127,14192
1685450004,0,1,0,0,233,3223,4900,6321,6965,32942,14042,6499,6378,8183,10347,32875,14016
1685450010,0,1,0,0,234,3247,4941,6372,7013,33000,13942,6550,6417,8221,10380,32987,13942
1685450016,0,1,0,0,234,3260,4972,6409,7043,33006,13833,6574,6431,8227,10370,33029,13840
1685450022,0,1,0,0,234,3282,5004,6451,7079,33073,13735,6609,6453,8241,10361,33079,13728
1685450028,0,1,0,0,234,3286,5015,6459,7083,32940,13562,6614,6445,8220,10318,32949,13551
1685450034,0,1,0,0,234,3294,5033,6488,7102,32783,13365,6611,6437,8191,10256,32768,13350
1685450040,0,1,0,0,234,3298,5042,6495,7107,32629,13174,6613,6427,8158,10201,32622,13178
1685450046,0,1,0,0,234,3308,5058,6511,7119,32551,13036,6617,6423,8136,10160,32549,13021
1685450052,0,1,0,0,235,3318,5076,6530,7134,32512,12906,6623,6418,8118,10122,32515,12908
1685450058,0,1,0,0,235,3330,5098,6551,7151,32492,12785,6633,6420,8101,10080,32491,12781
1685450064,0,1,0,0,235,3346,5119,6578,7172,32456,12655,6644,6423,8089,10047,32450,12646
1685450070,0,1,0,0,235,3349,5125,6583,7175,32342,12490,6635,6416,8057,9985,32336,12484
1685450076,0,1,0,0,240,3341,5108,6565,7154,32140,12326,6602,6377,8002,9899,32121,12324
1685450082,0,1,0,0,240,3329,5093,6542,7132,31970,12180,6587,6360,7966,9836,31987,12178
1685450088,0,1,0,0,240,3336,5105,6558,7145,31960,12088,6584,6352,7945,9788,31953,12084
1685450094,0,1,0,0,241,3354,5133,6594,7173,32020,12020,6619,6377,7968,9802,32040,12030
1685450100,0,1,0,0,242,3374,5168,6627,7215,32087,11966,6638,6389,7976,9793,32083,11966
1685450106,0,1,0,0,242,3388,5189,6654,7241,32118,11916,6656,6401,7983,9787,32112,11914
1685450112,0,1,0,0,242,3390,5191,6661,7247,32106,11848,6652,6398,7971,9755,32093,11844
1685450118,0,1,0,0,242,3400,5206,6678,7258,32107,11786,6668,6409,7978,9747,32131,11792
1685450124,0,1,0,0,242,3415,5231,6704,7283,32141,11736,6688,6421,7987,9744,32154,11740
1685450130,0,1,0,0,242,3416,5232,6705,7284,32120,11682,6679,6412,7969,9709,32109,11678
1685450136,0,1,0,0,242,3422,5242,6715,7293,32118,11632,6676,6401,7954,9673,32085,11629
1685450142,0,1,0,0,242,3419,5240,6711,7281,32045,11572,6672,6397,7941,9646,32029,11570
1685450148,0,1,0,0,241,3419,5237,6705,7280,31987,11534,6673,6393,7941,9631,32003,11533
1685450154,0,1,0,0,241,3422,5242,6714,7278,31976,11492,6671,6388,7935,9618,31973,11490
1685450160,0,1,0,0,241,3423,5246,6716,7281,31959,11450,6673,6386,7931,9607,31958,11456
1685450166,0,1,0,0,241,3422,5246,6715,7282,31947,11428,6673,6382,7925,9587,31942,11422
1685450172,0,1,0,0,241,3416,5235,6704,7266,31900,11394,6662,6373,7912,9570,31879,11394
1685450178,0,1,0,0,240,3409,5229,6691,7257,31880,11385,6650,6360,7901,9555,31867,11382
1685450184,0,1,0,0,240,3403,5217,6675,7244,31853,11369,6646,6356,7894,9542,31845,11366
1685450190,0,1,0,0,240,3392,5202,6660,7227,31793,11346,6634,6343,7882,9534,31795,11348
1685450196,0,1,0,0,240,3385,5192,6647,7211,31745,11318,6622,6333,7873,9516,31748,11318
1685450202,0,1,0,0,240,3378,5184,6632,7201,31709,11292,6616,6324,7865,9514,31704,11292
1685450208,0,1,0,0,240,3365,5164,6606,7174,31580,11240,6594,6307,7844,9486,31577,11238
1685450214,0,1,0,0,235,3353,5149,6583,7150,31434,11184,6576,6286,7825,9459,31447,11182
1685450220,0,1,0,0,235,3341,5134,6564,7135,31324,11136,6561,6269,7809,9438,31308,11132
1685450226,0,1,0,0,235,3311,5085,6504,7072,31085,11074,6511,6225,7758,9378,31065,11068
1685450232,0,1,0,0,234,3279,5037,6443,7016,30820,11008,6460,6176,7700,9305,30768,11000
1685450238,0,1,0,0,233,3256,5001,6400,6977,30598,10948,6469,6184,7713,9325,30712,10964
1685450244,0,1,0,0,234,3265,5021,6427,7002,30608,10946,6457,6173,7706,9318,30605,10948
1685450250,0,1,0,0,233,3254,5007,6409,6987,30523,10924,6460,6174,7710,9324,30516,10926
1685450256,0,1,0,0,233,3233,4975,6371,6950,30336,10884,6420,6136,7665,9268,30329,10877
1685450262,0,1,0,0,233,3218,4953,6338,6919,30202,10838,6397,6117,7636,9232,30162,10836
1685450268,0,1,0,0,232,3205,4933,6312,6898,30039,10798,6383,6101,7626,9212,30023,10794
1685450274,0,1,0,0,233,3185,4900,6274,6864,29847,10748,6353,6075,7591,9165,29841,10750
1685450280,0,1,0,0,232,3183,4897,6274,6866,29790,10724,6356,6083,7601,9171,29779,10724
1685450286,0,1,0,0,232,3174,4880,6254,6847,29694,10690,6345,6074,7593,9148,29698,10688
1685450292,0,1,0,0,232,3167,4872,6240,6846,29581,10664,6323,6054,7571,9116,29540,10650
1685450298,0,1,0,0,232,3155,4851,6217,6827,29469,10628,6335,6068,7583,9135,29472,10634
1685450304,0,1,0,0,232,3145,4837,6202,6815,29371,10620,6320,6056,7576,9118,29377,10620
1685450310,0,1,0,0,232,3175,4888,6269,6889,29516,10660,6390,6123,7659,9221,29510,10668
1685450316,0,1,0,0,232,3160,4862,6239,6859,29428,10654,6373,6110,7648,9202,29417,10654
1685450322,0,1,0,0,231,3147,4845,6226,6850,29369,10670,6375,6118,7652,9212,29393,10672
1685450328,0,1,0,0,232,3161,4867,6258,6886,29489,10714,6416,6151,7698,9276,29486,10718
1685450334,0,1,0,0,232,3168,4883,6276,6908,29559,10752,6437,6176,7727,9309,29538,10751
1685450340,0,1,0,0,232,3162,4871,6270,6898,29546,10774,6448,6188,7738,9327,29545,10782
1685450346,0,1,0,0,232,3162,4872,6275,6909,29551,10796,6458,6198,7761,9355,29550,10796
1685450352,0,1,0,0,232,3165,4875,6287,6921,29588,10816,6480,6220,7783,9378,29587,10812
1685450358,0,1,0,0,232,3168,4886,6303,6939,29658,10828,6495,6234,7797,9405,29657,10828
1685450364,0,1,0,0,233,3166,4881,6299,6936,29671,10832,6501,6241,7804,9401,29676,10832
1685450370,0,1,0,0,233,3171,4892,6316,6952,29746,10826,6523,6263,7826,9427,29753,10830
1685450376,0,1,0,0,233,3177,4900,6331,6975,29843,10838,6542,6279,7847,9439,29845,10836
1685450382,0,1,0,0,234,3177,4907,6335,6981,29861,10832,6596,6327,7914,9515,29996,10852
1685450388,0,1,0,0,234,3212,4967,6415,7072,30149,10872,6622,6348,7939,9541,30116,10864
1685450394,0,1,0,0,234,3180,4914,6354,7010,29976,10808,6598,6331,7912,9506,30017,10820
1685450400,0,1,0,0,234,3178,4912,6353,7010,29947,10782,6573,6307,7880,9464,29894,10776
1685450406,0,1,0,0,233,3197,4941,6394,7059,30065,10792,6624,6357,7943,9540,30000,10782
1685450412,0,1,0,0,234,3183,4920,6371,7044,30008,10766,6641,6374,7965,9555,30038,10768
1685450418,0,1,0,0,234,3179,4915,6368,7045,29965,10746,6628,6365,7951,9540,29929,10742
1685450424,0,1,0,0,234,3185,4930,6391,7068,29993,10731,6664,6399,7995,9592,30002,10728
1685450430,0,1,0,0,235,3201,4951,6421,7106,30064,10732,6697,6429,8033,9639,30048,10728
1685450436,0,1,0,0,235,3185,4925,6389,7083,29997,10684,6681,6420,8016,9607,29984,10682
1685450442,0,1,0,0,235,3186,4929,6391,7091,30000,10668,6697,6438,8030,9627,29988,10664
1685450448,0,1,0,0,235,3174,4912,6376,7074,29862,10622,6689,6428,8028,9617,29857,10618
1685450454,0,1,0,0,235,3160,4886,6347,7051,29712,10560,6670,6418,8008,9590,29717,10568
1685450460,0,1,0,0,235,3170,4906,6379,7085,29672,10542,6706,6450,8048,9638,29688,10536
1685450466,0,1,0,0,240,3187,4934,6420,7128,29755,10552,6753,6499,8105,9713,29764,10548
1685450472,0,1,0,0,240,3214,4976,6476,7194,29922,10590,6812,6560,8181,9816,29922,10596
1685450478,0,1,0,0,241,3230,5006,6513,7240,30083,10636,6864,6610,8238,9891,30061,10637
1685450484,0,1,0,0,241,3256,5049,6577,7308,30281,10690,6932,6676,8317,10001,30277,10692
1685450490,0,1,0,0,242,3277,5081,6621,7353,30438,10734,6968,6715,8367,10067,30403,10724
1685450496,0,1,0,0,242,3300,5117,6669,7398,30611,10778,7040,6784,8450,10176,30619,10778
1685450502,0,1,0,0,243,3308,5127,6687,7425,30676,10800,7071,6818,8492,10225,30709,10811
1685450508,0,1,0,0,244,3323,5151,6719,7466,30828,10852,7109,6861,8537,10284,30847,10864
1685450514,0,1,0,0,244,3344,5179,6762,7511,30998,10918,7148,6904,8596,10352,30986,10914
1685450520,0,1,0,0,245,3358,5201,6786,7546,31138,10974,7189,6951,8653,10434,31117,10976
1685450526,0,1,0,0,250,3352,5191,6772,7538,31142,11018,7187,6958,8660,10451,31146,11021
1685450532,0,1,0,0,250,3362,5197,6783,7562,31291,11108,7214,6989,8714,10515,31294,11116
1685450538,0,1,0,0,251,3376,5217,6811,7596,31519,11236,7251,7044,8777,10592,31529,11244
1685450544,0,1,0,0,251,3397,5240,6843,7641,31880,11410,7301,7101,8860,10700,31898,11420
1685450550,0,1,0,0,252,3424,5277,6892,7703,32301,11616,7365,7173,8961,10828,32328,11630
1685450556,0,1,0,0,252,3447,5306,6933,7755,32701,11835,7415,7241,9058,10957,32723,11850
1685450562,0,1,0,0,252,3449,5306,6923,7758,32940,12022,7425,7260,9093,11013,32953,12032
1685450568,0,1,0,0,252,3439,5285,6896,7740,33106,12196,7417,7271,9120,11047,33115,12207
1685450574,0,1,0,0,252,3437,5270,6875,7730,33359,12402,7414,7280,9150,11094,33355,12410
1685450580,0,1,0,0,252,3442,5272,6874,7734,33675,12643,7435,7315,9203,11183,33704,12652
1685450586,0,1,0,0,253,3456,5286,6894,7769,34043,12897,7475,7364,9274,11290,34060,12919
1685450592,0,1,0,0,254,3477,5313,6934,7819,34416,13169,7533,7437,9381,11446,34435,13187
1685450598,0,1,0,0,254,3502,5347,6974,7875,34840,13460,7599,7516,9489,11607,34855,13477
1685450604,0,1,0,0,255,3526,5377,7014,7928,35195,13751,7660,7587,9588,11759,35226,13773
1685450610,0,1,0,0,255,3549,5405,7049,7976,35540,14035,7721,7667,9696,11923,35535,14052
1685450616,0,1,0,0,300,3571,5429,7082,8024,35848,14322,7781,7739,9801,12089,35870,14343
1685450622,0,1,0,0,301,3612,5482,7154,8111,36371,14693,7885,7867,9959,12325,36399,14711
1685450628,0,1,0,0,303,3641,5516,7202,8183,36834,15056,7960,7958,10084,12516,36874,15068
1685450634,0,1,0,0,304,3674,5554,7256,8254,37357,15415,8043,8059,10223,12721,37381,15439
1685450640,0,1,0,0,311,3732,5643,7370,8390,38043,15844,8151,8186,10402,12974,37936,15826
1685450646,0,1,0,0,311,3764,5675,7415,8449,38395,16125,8251,8300,10549,13180,38402,16135
1685450652,0,1,0,0,312,3790,5703,7458,8511,38701,16375,8323,8399,10677,13355,38745,16398
1685450658,0,1,0,0,314,3840,5770,7546,8619,39240,16714,8432,8525,10861,13578,39272,16741
1685450664,0,1,0,0,320,3905,5858,7660,8764,40030,17152,8576,8698,11101,13882,40092,17169
1685450670,0,1,0,0,322,3991,5979,7819,8961,41136,17700,8777,8921,11414,14266,41182,17737
1685450676,0,1,0,0,324,4086,6115,8003,9172,42317,18286,8999,9161,11755,14692,42369,18317
1685450682,0,1,0,0,330,4181,6255,8191,9394,43526,18889,9226,9407,12102,15134,43597,18920
1685450688,0,1,0,0,332,4264,6379,8357,9579,44745,19473,9428,9630,12411,15536,44820,19512
1685450694,0,1,0,0,335,4334,6489,8502,9748,45895,20028,9607,9815,12673,15885,45936,20060
1685450700,0,1,0,0,340,4391,6580,8620,9881,46789,20468,9751,9962,12877,16174,46826,20495
1685450706,0,1,0,0,342,4451,6678,8742,10028,47628,20882,9904,10125,13095,16472,47670,20907
1685450712,0,1,0,0,343,4488,6735,8815,10118,48169,21178,9997,10226,13240,16658,48187,21194
1685450718,0,1,0,0,343,4516,6775,8874,10191,48562,21410,10082,10313,13377,16827,48593,21437
1685450724,0,1,0,0,345,4566,6859,8986,10320,49187,21704,10214,10453,13583,17083,49216,21719
1685450730,0,1,0,0,351,4605,6921,9062,10417,49697,21946,10316,10559,13735,17265,49729,21971
1685450736,0,1,0,0,352,4601,6916,9050,10415,49993,22096,10278,10526,13681,17192,49906,22073
1685450742,0,1,0,0,353,4615,6933,9074,10443,50201,22195,10342,10585,13750,17269,50230,22203
1685450748,0,1,0,0,354,4656,7001,9157,10534,50663,22393,10445,10679,13868,17422,50721,22410
1685450754,0,1,0,0,355,4730,7122,9310,10714,51471,22724,10621,10856,14095,17715,51550,22737
1685450760,0,1,0,0,355,4777,7203,9408,10814,51977,22872,10706,10933,14168,17819,51952,22866
1685450766,0,1,0,0,400,4774,7200,9402,10806,51766,22731,10686,10888,14085,17699,51780,22737
1685450772,0,1,0,0,402,4795,7236,9450,10856,51822,22692,10756,10945,14140,17754,51902,22728
1685450778,0,1,0,0,403,4798,7245,9454,10859,51943,22697,10800,10980,14165,17777,52137,22759
1685450784,0,1,0,0,404,4862,7347,9585,11009,52446,22824,10838,11017,14198,17798,52368,22802
1685450790,0,1,0,0,410,4858,7339,9569,10994,52409,22765,10857,11034,14198,17758,52463,22795
1685450796,0,1,0,0,410,4885,7378,9618,11035,52490,22717,10885,11055,14193,17730,52534,22732
1685450802,0,1,0,0,412,4912,7413,9670,11078,52479,22620,10909,11065,14190,17686,52503,22632
1685450808,0,1,0,0,412,4938,7448,9701,11122,52403,22511,10935,11083,14188,17672,52429,22507
1685450814,0,1,0,0,412,4955,7474,9732,11151,52311,22418,10945,11090,14185,17626,52295,22417
1685450820,0,1,0,0,412,4973,7498,9759,11185,52339,22440,10976,11125,14202,17659,52322,22433
1685450826,0,1,0,0,414,5001,7531,9810,11229,52545,22491,11016,11158,14220,17675,52569,22506
1685450832,0,1,0,0,420,5029,7574,9849,11282,52742,22485,11048,11195,14227,17671,52732,22492
1685450838,0,1,0,0,423,5085,7653,9949,11386,53170,22568,11136,11281,14310,17750,53215,22575
1685450844,0,1,0,0,424,5140,7728,10041,11489,53590,22638,11237,11378,14420,17853,53659,22650
1685450850,0,1,0,0,425,5177,7775,10098,11557,53776,22623,11278,11430,14452,17882,53806,22628
1685450856,0,1,0,0,425,5213,7820,10157,11620,54026,22667,11353,11510,14544,17993,54090,22700
1685450862,0,1,0,0,432,5344,8027,10415,11910,54907,22968,11649,11806,14921,18442,55116,23016
1685450868,0,1,0,0,433,5310,7956,10332,11829,54903,22944,11522,11692,14748,18206,54943,22958
1685450874,0,1,0,0,434,5376,8060,10455,11966,55411,23072,11583,11754,14804,18253,55338,23046
1685450880,0,1,0,0,434,5355,8015,10397,11906,55335,22986,11553,11720,14735,18141,55361,22989
1685450886,0,1,0,0,435,5345,7999,10381,11883,55336,22896,11509,11669,14641,17996,55343,22888
1685450892,0,1,0,0,440,5346,7999,10367,11877,55320,22763,11488,11639,14574,17856,55325,22758
1685450898,0,1,0,0,441,5348,8003,10365,11863,55314,22646,11400,11552,14429,17646,55139,22613
1685450904,0,1,0,0,441,5376,8045,10419,11916,55504,22605,11485,11617,14494,17683,55528,22603
1685450910,0,1,0,0,442,5443,8152,10550,12047,55955,22642,11592,11720,14604,17788,55922,22644
1685450916,0,1,0,0,442,5443,8153,10551,12039,55910,22542,11563,11671,14527,17652,55816,22521
1685450922,0,1,0,0,440,5426,8129,10525,12000,55642,22353,11542,11632,14460,17553,55633,22346
1685450928,0,1,0,0,440,5412,8113,10504,11966,55408,22187,11515,11593,14397,17451,55443,22196
1685450934,0,1,0,0,440,5412,8112,10506,11965,55256,22041,11491,11551,14328,17341,55268,22042
1685450940,0,1,0,0,440,5395,8097,10482,11925,55028,21868,11446,11499,14246,17218,55009,21880
1685450946,0,1,0,0,435,5398,8104,10493,11926,54899,21722,11445,11476,14211,17145,54920,21718
1685450952,0,1,0,0,441,5420,8142,10540,11955,54959,21659,11501,11515,14250,17161,55073,21682
1685450958,0,1,0,0,434,5425,8162,10563,11969,54945,21569,11471,11473,14190,17051,54941,21568
1685450964,0,1,0,0,434,5445,8192,10595,11994,54972,21503,11489,11469,14177,17018,54966,21504
1685450970,0,1,0,0,433,5450,8201,10612,11991,54969,21482,11510,11474,14174,17000,55011,21485
1685450976,0,1,0,0,434,5481,8255,10684,12058,55217,21522,11558,11514,14216,17032,55237,21541
1685450982,0,1,0,0,434,5494,8273,10707,12080,55398,21579,11579,11517,14239,17052,55408,21583
1685450988,0,1,0,0,433,5506,8289,10727,12093,55480,21589,11592,11529,14232,17039,55480,21589
1685450994,0,1,0,0,434,5505,8296,10731,12086,55521,21588,11590,11512,14217,17014,55561,21596
1685451000,0,1,0,0,434,5526,8329,10764,12120,55669,21591,11602,11519,14215,16996,55642,21579
1685451006,0,1,0,0,435,5534,8349,10781,12129,55704,21555,11638,11547,14248,17019,55772,21568
1685451012,0,1,0,0,435,5560,8390,10834,12174,55963,21604,11670,11571,14279,17061,55973,21596
1685451018,0,1,0,0,440,5588,8433,10892,12233,56308,21685,11723,11613,14327,17120,56332,21694
1685451024,0,1,0,0,440,5632,8507,10984,12314,56765,21814,11811,11697,14415,17224,56819,21830
1685451030,0,1,0,0,440,5667,8564,11048,12388,57188,21930,11877,11752,14473,17296,57216,21934
1685451036,0,1,0,0,440,5688,8603,11103,12428,57480,21996,11913,11779,14509,17330,57476,21996
1685451042,0,1,0,0,440,5697,8613,11108,12437,57615,22042,11915,11779,14501,17324,57645,22046
1685451048,0,1,0,0,440,5704,8630,11126,12441,57759,22058,11924,11779,14480,17323,57761,22062
1685451054,0,1,0,0,440,5697,8630,11125,12412,57697,22006,11908,11744,14428,17249,57663,22000
1685451060,0,1,0,0,440,5699,8633,11124,12402,57685,21963,11901,11728,14407,17215,57697,21979
1685451066,0,1,0,0,440,5717,8672,11166,12435,57991,22070,11936,11747,14414,17246,57978,22088
1685451072,0,1,0,0,440,5729,8697,11196,12467,58342,22219,11978,11771,14444,17291,58389,22235
1685451078,0,1,0,0,440,5731,8714,11214,12481,58507,22280,11981,11764,14433,17283,58508,22281
1685451084,0,1,0,0,440,5710,8695,11175,12438,58297,22196,11939,11714,14365,17184,58320,22198
1685451090,0,1,0,0,440,5704,8689,11164,12413,58126,22109,11916,11677,14316,17120,58112,22105
1685451096,0,1,0,0,435,5692,8676,11143,12385,58021,22038,11894,11645,14278,17066,57990,22039
1685451102,0,1,0,0,435,5667,8650,11100,12341,57814,21953,11858,11597,14229,16992,57812,21953
1685451108,0,1,0,0,435,5645,8615,11049,12285,57612,21838,11802,11540,14149,16894,57608,21833
1685451114,0,1,0,0,434,5620,8582,11001,12240,57427,21715,11758,11491,14092,16804,57422,21716
1685451120,0,1,0,0,434,5603,8558,10967,12204,57227,21583,11700,11440,14014,16695,57190,21566
1685451126,0,1,0,0,434,5585,8514,10925,12155,56909,21390,11647,11377,13941,16589,56860,21376
1685451132,0,1,0,0,433,5569,8495,10893,12118,56658,21240,11615,11353,13903,16520,56645,21237
1685451138,0,1,0,0,432,5533,8444,10815,12040,56296,21054,11533,11266,13798,16382,56288,21064
1685451144,0,1,0,0,432,5519,8417,10773,11999,56041,20926,11494,11227,13751,16310,56028,20919
1685451150,0,1,0,0,432,5479,8352,10693,11910,55565,20738,11398,11140,13635,16163,55493,20718
1685451156,0,1,0,0,431,5443,8295,10616,11842,55086,20527,11336,11084,13571,16077,55094,20522
1685451162,0,1,0,0,432,5405,8231,10532,11763,54602,20301,11301,11054,13526,16013,54679,20308
1685451168,0,1,0,0,431,5378,8191,10473,11707,54169,20117,11201,10964,13428,15880,54119,20107
1685451174,0,1,0,0,431,5326,8108,10370,11615,53689,19964,11111,10896,13322,15760,53661,19959
1685451180,0,1,0,0,431,5296,8054,10304,11554,53386,19884,11064,10855,13290,15707,53342,19884
1685451186,0,1,0,0,430,5270,8016,10255,11515,53108,19825,11034,10841,13284,15686,53116,19832
1685451192,0,1,0,0,430,5247,7975,10206,11477,52915,19801,10997,10809,13254,15645,52912,19803
1685451198,0,1,0,0,425,5228,7947,10169,11454,52637,19719,11029,10839,13300,15698,52773,19748
1685451204,0,1,0,0,425,5220,7930,10153,11440,52507,19650,10962,10786,13240,15621,52500,19657
1685451210,0,1,0,0,424,5167,7845,10048,11341,52075,19533,10870,10710,13147,15498,52052,19528
1685451216,0,1,0,0,423,5125,7779,9958,11267,51603,19390,10797,10642,13076,15405,51590,19389
1685451222,0,1,0,0,422,5091,7727,9892,11195,51130,19216,10736,10583,13000,15327,51114,19210
1685451228,0,1,0,0,420,5045,7648,9799,11089,50544,19011,10645,10495,12906,15189,50513,19003
1685451234,0,1,0,0,415,5006,7593,9732,11017,50002,18817,10578,10435,12824,15099,49952,18803
1685451240,0,1,0,0,414,4961,7520,9638,10920,49340,18606,10502,10356,12739,15003,49301,18598
1685451246,0,1,0,0,414,4918,7449,9556,10839,48649,18398,10435,10298,12670,14910,48646,18401
1685451252,0,1,0,0,412,4865,7368,9457,10737,47965,18183,10335,10209,12562,14794,47933,18174
1685451258,0,1,0,0,412,4820,7295,9373,10642,47339,18006,10263,10150,12487,14718,47318,17997
1685451264,0,1,0,0,411,4796,7262,9332,10610,47020,17917,10246,10137,12475,14729,47005,17919
1685451270,0,1,0,0,411,4793,7257,9328,10616,46944,17934,10269,10165,12513,14786,46951,17934
1685451276,0,1,0,0,411,4799,7264,9346,10639,46918,17947,10295,10201,12573,14868,46908,17946
1685451282,0,1,0,0,410,4788,7247,9330,10625,46707,17914,10300,10211,12582,14901,46685,17913
1685451288,0,1,0,0,405,4774,7229,9311,10616,46495,17877,10303,10215,12601,14918,46491,17879
1685451294,0,1,0,0,404,4761,7206,9292,10597,46284,17827,10292,10206,12590,14932,46278,17834
1685451300,0,1,0,0,404,4743,7176,9266,10570,46033,17774,10275,10195,12581,14919,46022,17773
1685451306,0,1,0,0,403,4715,7133,9213,10515,45712,17708,10234,10167,12546,14890,45706,17703
1685451312,0,1,0,0,402,4680,7075,9142,10442,45294,17605,10173,10108,12490,14818,45256,17606
1685451318,0,1,0,0,401,4649,7024,9080,10379,44930,17507,10122,10072,12444,14758,44895,17510
1685451324,0,1,0,0,400,4618,6975,9020,10325,44631,17444,10067,10021,12385,14699,44614,17444
1685451330,0,1,0,0,400,4587,6926,8961,10264,44329,17381,10014,9976,12341,14637,44324,17381
1685451336,0,1,0,0,355,4564,6894,8926,10226,44119,17357,9994,9952,12316,14614,44121,17351
1685451342,0,1,0,0,354,4546,6865,8895,10194,43948,17324,9978,9942,12312,14598,43948,17327
1685451348,0,1,0,0,354,4522,6838,8864,10165,43799,17295,9952,9911,12281,14556,43821,17299
1685451354,0,1,0,0,353,4512,6818,8843,10139,43721,17285,9934,9898,12264,14546,43725,17280
1685451360,0,1,0,0,352,4506,6817,8843,10134,43674,17284,9943,9904,12270,14552,43675,17291
1685451366,0,1,0,0,351,4504,6816,8850,10134,43711,17317,9950,9913,12285,14575,43699,17326
1685451372,0,1,0,0,351,4513,6837,8882,10163,43828,17398,10001,9960,12351,14657,43867,17407
1685451378,0,1,0,0,351,4527,6866,8920,10202,44023,17505,10054,10012,12411,14747,44017,17513
1685451384,0,1,0,0,351,4552,6909,8981,10274,44317,17655,10132,10090,12524,14883,44319,17666
1685451390,0,1,0,0,351,4580,6953,9048,10342,44620,17814,10214,10183,12643,15023,44621,17832
1685451396,0,1,0,0,351,4612,6998,9117,10424,44959,17994,10315,10290,12784,15211,44986,18010
1685451402,0,1,0,0,351,4638,7038,9174,10493,45274,18167,10394,10375,12905,15362,45301,18181
1685451408,0,1,0,0,352,4673,7095,9250,10575,45637,18348,10479,10468,13028,15523,45654,18359
1685451414,0,1,0,0,353,4705,7146,9323,10660,45998,18554,10584,10570,13171,15691,46039,18566
1685451420,0,1,0,0,354,4741,7202,9398,10742,46440,18777,10681,10673,13313,15875,46460,18800
1685451426,0,1,0,0,355,4807,7302,9543,10908,47162,19101,10860,10857,13563,16183,47192,19119
1685451432,0,1,0,0,355,4845,7362,9618,11002,47728,19373,10970,10977,13734,16389,47786,19392
1685451438,0,1,0,0,400,4853,7365,9637,11028,48157,19595,11046,11063,13852,16539,48320,19645
1685451444,0,1,0,0,402,4899,7446,9737,11143,48784,19843,11142,11164,13994,16700,48867,19892
1685451450,0,1,0,0,403,4934,7501,9811,11227,49376,20104,11193,11220,14061,16791,49290,20093
1685451456,0,1,0,0,404,5002,7612,9951,11392,50143,20403,11343,11370,14260,17038,50010,20374
1685451462,0,1,0,0,405,5046,7686,10047,11499,50789,20663,11509,11541,14476,17305,50810,20677
1685451468,0,1,0,0,411,5125,7819,10229,11702,51784,21056,11732,11760,14776,17677,51843,21066
1685451474,0,1,0,0,414,5181,7900,10340,11832,52640,21361,11894,11925,14994,17938,52692,21392
1685451480,0,1,0,0,421,5222,7971,10428,11935,53365,21642,11948,11981,15062,18021,53314,21643
1685451486,0,1,0,0,415,5197,7923,10365,11862,53538,21749,11905,11941,14997,17945,53592,21773
1685451492,0,1,0,0,420,5219,7957,10408,11919,53955,21918,11959,11998,15061,18028,53978,21930
1685451498,0,1,0,0,414,5187,7893,10328,11833,53845,21933,11869,11913,14945,17902,53866,21942
1685451504,0,1,0,0,420,5233,7961,10413,11927,54431,22150,11969,12019,15070,18062,54418,22153
1685451510,0,1,0,0,423,5246,7973,10423,11954,54693,22286,12092,12156,15226,18285,54999,22378
1685451516,0,1,0,0,422,5254,7979,10431,11964,54977,22421,12002,12078,15109,18144,54971,22436
1685451522,0,1,0,0,425,5244,7948,10392,11928,55209,22596,11931,12021,15018,18033,55135,22580
1685451528,0,1,0,0,424,5232,7918,10349,11900,55411,22742,11902,12002,14977,18006,55404,22742
1685451534,0,1,0,0,425,5215,7879,10289,11841,55471,22847,11834,11953,14892,17905,55457,22843
1685451540,0,1,0,0,432,5233,7904,10319,11886,55840,23044,11881,12015,14960,17992,55849,23054
1685451546,0,1,0,0,433,5226,7874,10279,11859,56113,23234,11833,11985,14909,17936,56096,23238
1685451552,0,1,0,0,433,5229,7869,10267,11866,56423,23449,11850,12013,14943,17968,56441,23461
1685451558,0,1,0,0,432,5222,7848,10248,11853,56549,23579,11838,12001,14937,17962,56590,23607
1685451564,0,1,0,0,433,5226,7849,10241,11859,56751,23705,11831,12016,14942,17979,56749,23716
1685451570,0,1,0,0,433,5204,7815,10195,11810,56791,23792,11790,11969,14896,17913,56801,23789
1685451576,0,1,0,0,434,5183,7778,10148,11765,56757,23830,11738,11927,14833,17824,56762,23837
1685451582,0,1,0,0,433,5147,7727,10072,11689,56575,23803,11665,11853,14737,17721,56580,23813
1685451588,0,1,0,0,433,5110,7671,9994,11612,56320,23746,11588,11781,14640,17592,56337,23739
1685451594,0,1,0,0,432,5086,7635,9943,11557,56074,23642,11526,11722,14571,17504,56073,23646
