Timestamp,Amber,White,On,Override,Intensity,AS00,AS01,AS02,AS03,AS04,AS05,AS06,AS07,AS08,AS09,AS10,AS11
1685440800,0,1,0,0,0,3,5,10,16,113,6,52,54,64,15,113,6
1685440806,0,1,0,0,0,3,5,10,16,113,6,51,54,64,15,113,6
1685440812,0,1,0,0,0,3,5,10,15,113,6,51,54,64,15,113,6
1685440818,0,1,0,0,0,3,5,10,15,113,6,51,54,64,15,113,6
1685440824,0,1,0,0,0,3,5,10,16,112,6,52,54,64,15,112,6
1685440830,0,1,0,0,0,3,5,10,15,112,6,51,53,64,14,112,6
1685440836,0,1,0,0,0,3,5,9,16,113,6,52,54,64,15,113,6
1685440842,0,1,0,0,0,3,5,10,16,113,6,52,53,64,15,113,6
1685440848,0,1,0,0,0,3,5,9,15,113,6,51,53,63,15,112,6
1685440854,0,1,0,0,0,3,5,9,16,112,6,51,53,64,14,112,6
1685440860,0,1,0,0,0,3,5,10,16,112,6,51,54,64,15,113,6
1685440866,0,1,0,0,0,3,5,10,15,112,6,52,53,64,15,112,6
1685440872,0,1,0,0,0,3,5,10,16,112,6,52,54,64,15,113,6
1685440878,0,1,0,0,0,3,5,10,16,112,6,51,53,64,15,112,6
1685440884,0,1,0,0,0,3,6,10,15,112,6,51,54,64,15,112,6
1685440890,0,1,0,0,0,3,5,9,15,113,6,51,53,64,15,113,6
1685440896,0,1,0,0,0,3,5,10,16,112,6,51,54,64,14,112,6
1685440902,0,1,0,0,0,3,5,10,15,112,6,52,53,64,14,112,6
1685440908,0,1,0,0,0,3,5,10,16,113,6,51,53,63,15,112,6
1685440914,0,1,0,0,0,3,5,10,16,112,6,51,53,64,15,112,6
1685440920,0,1,0,0,0,3,5,10,15,112,6,51,54,64,15,112,6
1685440926,0,1,0,0,0,3,6,10,16,113,6,52,53,64,14,112,6
1685440932,0,1,0,0,0,3,5,10,16,112,6,52,54,64,15,112,6
1685440938,0,1,0,0,0,3,5,10,16,112,6,51,53,64,15,112,6
1685440944,0,1,0,0,0,3,6,10,16,112,6,51,54,64,15,112,6
1685440950,0,1,0,0,0,3,5,10,16,112,6,51,53,63,15,112,6
1685440956,0,1,0,0,0,3,5,10,16,112,6,51,54,64,15,112,6
1685440962,0,1,0,0,0,3,5,10,15,112,6,51,54,64,15,112,6
1685440968,0,1,0,0,0,3,5,10,15,112,6,51,54,63,15,112,6
1685440974,0,1,0,0,0,3,5,10,15,112,6,52,54,64,15,112,6
1685440980,0,1,0,0,0,3,5,10,15,112,6,51,53,64,15,112,6
1685440986,0,1,0,0,0,3,5,10,16,112,6,51,53,63,15,112,6
1685440992,0,1,0,0,0,3,5,10,15,112,6,51,54,63,15,112,6
1685440998,0,1,0,0,0,3,5,10,16,112,6,51,54,64,15,112,6
1685441004,0,1,0,0,0,3,5,10,16,112,6,51,53,63,15,112,6
1685441010,0,1,0,0,0,3,5,10,16,112,6,51,53,63,15,112,6
1685441016,0,1,0,0,0,3,5,10,16,112,6,51,53,64,15,113,6
1685441022,0,1,0,0,0,3,5,10,16,112,6,51,54,63,15,112,6
1685441028,0,1,0,0,0,3,5,10,15,112,6,52,54,64,15,113,6
1685441034,0,1,0,0,0,3,5,10,16,112,6,51,53,64,15,112,6
1685441040,0,1,0,0,0,4,5,10,16,112,6,51,53,64,15,112,6
1685441046,0,1,0,0,0,3,5,10,16,112,6,51,53,63,15,112,6
1685441052,0,1,0,0,0,3,5,10,16,112,6,52,54,63,15,112,6
1685441058,0,1,0,0,0,3,5,10,16,112,6,52,53,64,15,112,6
1685441064,0,1,0,0,0,3,5,10,15,112,6,51,53,64,15,112,6
1685441070,0,1,0,0,0,3,5,10,16,112,6,52,53,64,15,112,6
1685441076,0,1,0,0,0,3,5,10,16,112,6,52,53,63,15,113,6
1685441082,0,1,0,0,0,3,5,10,16,113,6,51,53,64,15,112,6
1685441088,0,1,0,0,0,3,5,10,16,112,6,51,53,64,15,112,6
1685441094,0,1,0,0,0,3,5,10,15,112,6,51,53,63,15,112,6
1685441100,0,1,0,0,0,3,5,10,16,112,6,51,53,64,15,112,6
1685441106,0,1,0,0,0,3,5,10,15,112,6,51,53,63,15,112,6
1685441112,0,1,0,0,0,3,5,10,16,112,6,51,53,64,15,112,6
1685441118,0,1,0,0,0,3,5,10,16,112,6,52,53,63,14,112,6
1685441124,0,1,0,0,0,3,5,10,16,112,6,52,53,63,15,112,6
1685441130,0,1,0,0,0,3,5,10,15,113,6,51,53,64,15,112,6
1685441136,0,1,0,0,0,3,5,10,16,112,6,51,53,64,15,112,6
1685441142,0,1,0,0,0,3,5,10,15,112,6,52,53,64,15,112,6
1685441148,0,1,0,0,0,3,6,10,16,113,6,51,54,63,15,112,6
1685441154,0,1,0,0,0,3,5,10,16,112,6,51,53,63,15,112,6
1685441160,0,1,0,0,0,3,6,10,16,112,6,52,53,64,15,112,6
1685441166,0,1,0,0,0,3,5,10,16,112,6,51,53,63,15,112,6
1685441172,0,1,0,0,0,3,5,10,16,112,6,51,54,63,14,112,6
1685441178,0,1,0,0,0,3,5,10,15,112,6,51,53,64,15,112,6
1685441184,0,1,0,0,0,3,5,10,16,112,6,51,54,63,15,112,6
1685441190,0,1,0,0,0,3,5,10,16,112,6,51,53,63,15,112,6
1685441196,0,1,0,0,0,3,5,10,16,112,6,51,54,64,15,112,6
1685441202,0,1,0,0,0,3,5,10,16,112,6,52,53,63,14,112,6
1685441208,0,1,0,0,0,3,5,10,16,112,6,51,53,64,15,112,6
1685441214,0,1,0,0,0,3,5,10,15,112,6,52,54,63,15,112,6
1685441220,0,1,0,0,0,3,6,10,15,112,6,51,53,64,14,112,6
1685441226,0,1,0,0,0,3,5,10,16,112,6,51,53,64,15,112,6
1685441232,0,1,0,0,0,3,5,10,15,112,6,51,53,64,15,112,6
1685441238,0,1,0,0,0,3,5,10,15,112,6,51,53,63,14,112,6
1685441244,0,1,0,0,0,3,5,10,15,112,6,51,53,64,15,112,6
1685441250,0,1,0,0,0,3,5,9,15,112,6,51,53,63,15,112,6
1685441256,0,1,0,0,0,3,5,10,16,112,6,51,53,63,15,112,6
1685441262,0,1,0,0,0,3,5,10,16,112,6,51,53,64,15,112,6
1685441268,0,1,0,0,0,3,5,10,16,112,6,51,54,64,15,112,6
1685441274,0,1,0,0,0,3,5,10,16,112,6,51,54,64,15,112,6
1685441280,0,1,0,0,0,3,6,10,15,112,6,51,53,64,15,112,6
1685441286,0,1,0,0,0,3,5,10,16,112,6,51,53,63,15,112,6
1685441292,0,1,0,0,0,3,5,10,16,112,6,51,54,64,15,112,6
1685441298,0,1,0,0,0,3,5,10,16,112,6,51,54,64,15,112,6
1685441304,0,1,0,0,0,3,5,10,16,112,6,51,53,64,15,112,6
1685441310,0,1,0,0,0,3,5,10,16,112,6,51,53,63,15,112,6
1685441316,0,1,0,0,0,3,5,10,16,112,6,51,53,64,15,112,6
1685441322,0,1,0,0,0,3,5,10,16,112,6,51,53,63,15,112,6
1685441328,0,1,0,0,0,3,5,10,16,112,6,51,53,63,15,112,6
1685441334,0,1,0,0,0,3,5,10,16,112,6,51,53,63,15,112,6
1685441340,0,1,0,0,0,3,5,10,15,112,6,51,53,64,15,112,6
1685441346,0,1,0,0,0,3,5,10,16,112,6,52,54,64,15,113,6
1685441352,0,1,0,0,0,3,5,10,16,112,6,51,53,64,15,112,6
1685441358,0,1,0,0,0,3,5,10,16,112,6,51,53,64,15,112,6
1685441364,0,1,0,0,0,3,5,10,16,112,6,52,53,64,15,112,6
1685441370,0,1,0,0,0,3,5,10,16,112,6,51,53,63,15,112,6
1685441376,0,1,0,0,0,3,5,10,16,113,6,52,53,64,15,112,6
1685441382,0,1,0,0,0,3,6,10,16,112,6,52,53,64,15,112,6
1685441388,0,1,0,0,0,3,5,10,15,112,6,52,53,64,15,112,6
1685441394,0,1,0,0,0,3,6,10,15,112,6,51,53,64,15,112,6
1685441400,0,1,0,0,0,3,5,10,15,112,6,52,54,64,15,113,6
1685441406,0,1,0,0,0,3,5,9,16,112,6,51,54,64,15,112,6
1685441412,0,1,0,0,0,3,5,10,16,112,6,52,54,64,15,112,6
1685441418,0,1,0,0,0,3,5,10,16,112,6,51,53,64,15,112,6
1685441424,0,1,0,0,0,3,5,10,16,112,6,51,53,64,15,112,6
1685441430,0,1,0,0,0,3,5,10,16,112,6,52,54,64,14,112,6
1685441436,0,1,0,0,0,3,5,10,16,112,6,51,54,64,15,112,6
1685441442,0,1,0,0,0,3,5,10,15,112,6,51,54,63,14,112,6
1685441448,0,1,0,0,0,3,5,9,15,112,6,51,53,64,15,113,6
1685441454,0,1,0,0,0,3,6,10,15,112,6,51,53,64,15,112,6
1685441460,0,1,0,0,0,3,5,10,16,112,6,52,53,64,15,112,6
1685441466,0,1,0,0,0,3,5,10,16,112,6,52,53,64,15,112,6
1685441472,0,1,0,0,0,3,5,10,16,112,6,51,54,64,15,112,6
1685441478,0,1,0,0,0,3,6,10,16,112,6,52,53,64,15,112,6
1685441484,0,1,0,0,0,3,5,10,15,113,6,52,54,63,15,113,6
1685441490,0,1,0,0,0,3,5,10,16,113,6,51,53,63,15,112,6
1685441496,0,1,0,0,0,3,5,10,16,112,6,52,53,64,15,112,6
1685441502,0,1,0,0,0,3,5,10,16,112,6,51,54,63,15,112,6
1685441508,0,1,0,0,0,3,6,10,16,112,6,51,54,63,15,112,6
1685441514,0,1,0,0,0,3,5,10,15,112,6,51,54,63,15,112,6
1685441520,0,1,0,0,0,3,5,10,16,112,6,51,53,63,15,112,6
1685441526,0,1,0,0,0,3,5,10,16,112,6,51,54,64,15,112,6
1685441532,0,1,0,0,0,3,6,10,16,112,6,52,53,64,15,112,6
1685441538,0,1,0,0,0,3,6,10,16,112,6,51,53,64,15,112,6
1685441544,0,1,0,0,0,3,5,10,15,112,6,51,54,63,15,112,6
1685441550,0,1,0,0,0,3,5,10,16,112,6,51,53,63,15,112,6
1685441556,0,1,0,0,0,3,5,10,16,112,6,51,54,63,15,112,6
1685441562,0,1,0,0,0,3,5,10,16,112,6,51,54,63,15,112,6
1685441568,0,1,0,0,0,3,5,10,16,112,6,51,53,64,15,112,6
1685441574,0,1,0,0,0,3,5,10,16,112,6,51,53,63,15,112,6
1685441580,0,1,0,0,0,3,5,10,15,112,6,51,53,63,15,112,6
1685441586,0,1,0,0,0,3,5,10,15,112,6,51,53,63,15,112,6
1685441592,0,1,0,0,0,3,5,10,15,112,6,51,53,63,15,112,6
1685441598,0,1,0,0,0,3,5,10,16,112,6,52,53,63,15,112,6
1685441604,0,1,0,0,0,3,5,10,16,113,6,51,53,64,15,112,6
1685441610,0,1,0,0,0,3,5,10,15,112,6,51,54,63,15,112,6
1685441616,0,1,0,0,0,3,5,9,15,112,6,52,53,64,15,112,6
1685441622,0,1,0,0,0,3,5,10,16,112,6,51,53,64,15,112,6
1685441628,0,1,0,0,0,3,5,10,16,112,6,51,53,64,15,112,6
1685441634,0,1,0,0,0,3,5,10,16,112,6,52,53,64,15,112,6
1685441640,0,1,0,0,0,3,5,10,15,112,6,51,53,64,15,112,6
1685441646,0,1,0,0,0,3,6,10,16,112,6,51,54,63,15,112,6
1685441652,0,1,0,0,0,3,5,10,15,112,6,51,53,64,15,112,6
1685441658,0,1,0,0,0,3,5,10,16,112,6,52,54,64,15,113,6
1685441664,0,1,0,0,0,3,5,10,15,112,6,51,53,63,15,112,6
1685441670,0,1,0,0,0,3,6,10,15,112,6,51,53,64,15,112,6
1685441676,0,1,0,0,0,3,5,10,16,112,6,52,53,64,15,112,6
1685441682,0,1,0,0,0,3,5,10,15,112,6,51,54,64,15,112,6
1685441688,0,1,0,0,0,3,5,10,15,112,6,51,54,63,15,112,6
1685441694,0,1,0,0,0,3,5,10,16,112,6,51,53,63,15,112,6
1685441700,0,1,0,0,0,3,5,10,16,112,6,51,53,64,15,112,6
1685441706,0,1,0,0,0,3,5,10,16,112,6,51,53,63,15,112,6
1685441712,0,1,0,0,0,3,5,10,16,112,6,51,53,64,15,112,6
1685441718,0,1,0,0,0,3,5,10,15,112,6,51,53,64,15,112,6
1685441724,0,1,0,0,0,3,5,10,16,113,6,51,54,64,15,112,6
1685441730,0,1,0,0,0,3,6,10,16,112,6,51,54,63,15,112,6
1685441736,0,1,0,0,0,3,5,9,16,112,6,51,53,64,15,112,6
1685441742,0,1,0,0,0,3,6,9,16,113,6,51,54,64,15,112,6
1685441748,0,1,0,0,0,3,6,10,15,112,6,52,54,64,15,112,6
1685441754,0,1,0,0,0,3,5,10,16,112,6,52,53,64,15,112,6
1685441760,0,1,0,0,0,3,5,10,15,112,6,51,53,64,15,113,6
1685441766,0,1,0,0,0,3,5,10,16,112,6,52,54,64,15,112,6
1685441772,0,1,0,0,0,3,5,10,16,112,6,51,54,64,15,112,6
1685441778,0,1,0,0,0,3,6,10,16,112,6,52,54,63,15,112,6
1685441784,0,1,0,0,0,3,5,10,16,112,6,52,54,64,15,112,6
1685441790,0,1,0,0,0,3,6,10,15,112,6,51,54,64,15,113,6
1685441796,0,1,0,0,0,3,5,10,15,112,6,52,54,63,14,112,6
1685441802,0,1,0,0,0,3,5,10,16,112,6,51,53,64,15,112,6
1685441808,0,1,0,0,0,3,5,10,16,112,6,52,54,64,15,112,6
1685441814,0,1,0,0,0,3,5,10,15,112,6,51,54,64,15,113,6
1685441820,0,1,0,0,0,3,6,10,16,112,6,51,53,64,15,112,6
1685441826,0,1,0,0,0,3,5,10,16,112,6,52,53,63,15,112,6
1685441832,0,1,0,0,0,3,5,10,16,112,6,52,54,63,15,112,6
1685441838,0,1,0,0,0,3,5,10,15,112,6,51,54,64,15,112,6
1685441844,0,1,0,0,0,3,6,10,16,113,6,52,53,63,15,113,6
1685441850,0,1,0,0,0,3,6,10,16,112,6,52,54,64,14,112,6
1685441856,0,1,0,0,0,3,5,10,15,112,6,51,53,64,15,112,6
1685441862,0,1,0,0,0,3,5,10,16,112,6,51,54,63,15,112,6
1685441868,0,1,0,0,0,3,5,10,16,112,6,51,53,63,15,112,6
1685441874,0,1,0,0,0,3,5,9,15,112,6,51,54,63,15,112,6
1685441880,0,1,0,0,0,3,5,10,16,112,6,51,53,63,15,112,6
1685441886,0,1,0,0,0,3,5,10,15,112,6,51,53,63,15,112,6
1685441892,0,1,0,0,0,3,5,10,16,112,6,51,53,63,15,112,6
1685441898,0,1,0,0,0,3,5,10,15,112,6,52,54,64,15,112,6
1685441904,0,1,0,0,0,3,5,10,15,112,6,51,54,64,15,112,6
1685441910,0,1,0,0,0,3,5,10,16,112,6,51,53,64,15,112,6
1685441916,0,1,0,0,0,3,5,10,15,112,6,51,53,64,15,112,6
1685441922,0,1,0,0,0,3,5,10,16,112,6,51,53,64,15,112,6
1685441928,0,1,0,0,0,3,5,10,16,112,6,52,53,64,15,112,6
1685441934,0,1,0,0,0,3,5,10,16,112,6,51,53,64,14,111,6
1685441940,0,1,0,0,0,3,5,10,16,112,6,52,53,64,15,112,6
1685441946,0,1,0,0,0,3,5,10,16,112,6,51,54,63,15,112,6
1685441952,0,1,0,0,0,3,5,10,16,112,6,52,54,63,15,112,6
1685441958,0,1,0,0,0,3,5,10,15,112,6,51,54,63,15,113,6
1685441964,0,1,0,0,0,3,5,10,15,112,6,52,54,64,15,112,6
1685441970,0,1,0,0,0,3,5,10,15,112,6,52,54,64,15,112,6
1685441976,0,1,0,0,0,3,5,10,15,112,6,51,53,64,15,112,6
1685441982,0,1,0,0,0,3,5,10,16,112,6,51,54,63,14,112,6
1685441988,0,1,0,0,0,3,5,10,15,112,6,51,54,63,15,112,6
1685441994,0,1,0,0,0,3,5,10,16,112,6,52,53,64,15,112,6
1685442000,0,1,0,0,0,3,5,10,16,112,6,52,53,64,15,112,6
1685442006,0,1,0,0,0,3,5,10,16,112,6,51,53,63,15,112,6
1685442012,0,1,0,0,0,3,6,10,15,112,6,51,53,64,15,112,6
1685442018,0,1,0,0,0,3,5,10,16,112,6,51,53,63,15,112,6
1685442024,0,1,0,0,0,3,5,10,15,112,6,52,53,63,15,112,6
1685442030,0,1,0,0,0,3,5,10,16,112,6,51,53,64,15,112,6
1685442036,0,1,0,0,0,3,5,10,16,112,6,51,53,63,15,112,6
1685442042,0,1,0,0,0,3,5,10,15,112,6,51,54,64,14,112,6
1685442048,0,1,0,0,0,3,5,10,16,112,6,52,53,64,15,112,6
1685442054,0,1,0,0,0,3,5,10,16,112,6,51,53,63,15,112,6
1685442060,0,1,0,0,0,3,5,10,15,112,6,52,54,63,15,112,6
1685442066,0,1,0,0,0,3,5,10,16,113,6,52,54,64,15,112,6
1685442072,0,1,0,0,0,3,5,10,16,112,6,51,54,64,14,112,6
1685442078,0,1,0,0,0,3,5,10,16,112,6,51,53,64,15,112,6
1685442084,0,1,0,0,0,3,5,10,15,112,6,51,54,64,15,112,6
1685442090,0,1,0,0,0,3,5,10,16,112,6,51,53,64,15,113,6
1685442096,0,1,0,0,0,3,6,10,16,112,6,52,54,64,15,112,6
1685442102,0,1,0,0,0,3,5,10,16,112,6,51,53,64,15,112,6
1685442108,0,1,0,0,0,3,5,10,16,112,6,51,54,64,15,112,6
1685442114,0,1,0,0,0,3,5,10,16,112,6,52,53,63,15,112,6
1685442120,0,1,0,0,0,3,5,10,16,112,6,52,54,64,15,112,6
1685442126,0,1,0,0,0,3,6,10,16,112,6,51,53,64,15,113,6
1685442132,0,1,0,0,0,3,5,10,16,112,6,52,53,63,15,112,6
1685442138,0,1,0,0,0,3,5,10,16,112,6,51,53,64,15,112,6
1685442144,0,1,0,0,0,3,6,10,16,112,6,51,53,64,15,112,6
1685442150,0,1,0,0,0,3,5,9,16,112,6,52,54,64,14,112,6
1685442156,0,1,0,0,0,3,5,10,16,112,6,51,53,63,15,112,6
1685442162,0,1,0,0,0,3,5,10,15,112,6,51,53,63,15,112,6
1685442168,0,1,0,0,0,3,5,10,15,112,6,52,53,64,15,112,6
1685442174,0,1,0,0,0,3,5,10,15,112,6,51,53,64,15,112,6
1685442180,0,1,0,0,0,3,5,10,15,112,6,51,53,63,14,112,6
1685442186,0,1,0,0,0,3,5,10,15,112,6,51,53,64,15,112,6
1685442192,0,1,0,0,0,3,5,10,15,112,6,52,53,63,15,112,6
1685442198,0,1,0,0,0,3,5,10,16,112,6,51,53,64,15,112,6
1685442204,0,1,0,0,0,3,5,10,16,112,6,52,53,64,15,112,6
1685442210,0,1,0,0,0,3,5,9,15,112,6,51,53,63,15,112,6
1685442216,0,1,0,0,0,3,6,10,16,112,6,51,53,63,15,112,6
1685442222,0,1,0,0,0,3,5,10,16,112,6,51,53,63,15,112,6
1685442228,0,1,0,0,0,3,5,10,15,112,6,51,53,64,15,112,6
1685442234,0,1,0,0,0,3,5,10,16,112,6,52,54,63,15,112,6
1685442240,0,1,0,0,0,3,5,10,15,112,6,52,54,63,14,112,6
1685442246,0,1,0,0,0,3,5,10,15,112,6,51,54,63,15,112,6
1685442252,0,1,0,0,0,3,5,10,15,112,6,51,53,63,15,112,6
1685442258,0,1,0,0,0,3,5,10,16,112,6,52,53,64,15,112,6
1685442264,0,1,0,0,0,3,5,10,16,112,6,51,53,64,15,112,6
1685442270,0,1,0,0,0,3,6,10,15,112,6,51,53,63,15,112,6
1685442276,0,1,0,0,0,3,5,10,16,112,6,51,53,64,15,112,6
1685442282,0,1,0,0,0,3,5,10,16,112,6,51,53,64,15,112,6
1685442288,0,1,0,0,0,3,5,10,16,112,6,52,53,64,15,112,6
1685442294,0,1,0,0,0,3,5,10,15,112,6,51,53,64,15,112,6
1685442300,0,1,0,0,0,3,5,10,15,112,6,51,54,63,15,113,6
1685442306,0,1,0,0,0,3,5,10,16,112,6,51,53,64,15,112,6
1685442312,0,1,0,0,0,3,5,10,16,112,6,51,53,64,14,112,6
1685442318,0,1,0,0,0,3,5,10,15,112,6,51,53,64,15,112,6
1685442324,0,1,0,0,0,3,5,9,16,112,6,51,54,63,14,112,6
1685442330,0,1,0,0,0,3,6,10,16,112,6,51,53,64,15,112,6
1685442336,0,1,0,0,0,3,5,10,15,112,6,51,53,64,15,112,6
1685442342,0,1,0,0,0,3,5,10,16,112,6,51,53,64,15,113,6
1685442348,0,1,0,0,0,3,5,10,16,112,6,51,53,63,15,112,6
1685442354,0,1,0,0,0,3,6,10,16,112,6,52,54,64,15,112,6
1685442360,0,1,0,0,0,3,5,10,16,112,6,51,54,64,15,112,6
1685442366,0,1,0,0,0,3,6,10,16,112,6,52,54,64,15,112,6
1685442372,0,1,0,0,0,3,5,10,15,112,6,51,54,63,15,111,6
1685442378,0,1,0,0,0,3,5,10,16,112,6,52,53,64,15,112,6
1685442384,0,1,0,0,0,3,5,10,15,112,6,52,54,64,15,113,6
1685442390,0,1,0,0,0,3,5,10,16,112,6,51,54,64,14,112,6
1685442396,0,1,0,0,0,3,5,10,15,112,6,52,54,63,15,112,6
1685442402,0,1,0,0,0,3,5,10,16,112,6,51,53,64,15,112,6
1685442408,0,1,0,0,0,3,5,10,16,112,6,52,54,63,15,112,6
1685442414,0,1,0,0,0,3,5,10,16,112,6,51,53,64,15,113,6
1685442420,0,1,0,0,0,3,5,10,16,112,6,52,53,64,15,112,6
1685442426,0,1,0,0,0,3,5,10,15,112,6,52,54,64,15,112,6
1685442432,0,1,0,0,0,3,5,10,16,113,6,51,54,64,14,112,6
1685442438,0,1,0,0,0,3,5,10,15,113,6,51,54,64,15,113,6
1685442444,0,1,0,0,0,3,5,10,15,112,6,51,53,64,15,112,6
1685442450,0,1,0,0,0,3,5,10,16,112,6,51,53,64,15,112,6
1685442456,0,1,0,0,0,3,5,10,16,112,6,52,53,63,15,112,6
1685442462,0,1,0,0,0,3,5,10,16,112,6,51,54,63,15,112,6
1685442468,0,1,0,0,0,3,5,10,16,112,6,52,54,64,15,113,6
1685442474,0,1,0,0,0,3,5,10,16,112,6,52,54,64,15,112,6
1685442480,0,1,0,0,0,3,5,9,15,112,6,51,54,64,14,112,6
1685442486,0,1,0,0,0,3,5,10,15,112,6,51,54,63,15,112,6
1685442492,0,1,0,0,0,3,5,10,16,112,6,52,54,64,15,112,6
1685442498,0,1,0,0,0,3,6,10,15,112,6,52,54,64,14,112,6
1685442504,0,1,0,0,0,3,5,10,16,112,6,51,54,63,15,113,6
1685442510,0,1,0,0,0,3,5,10,16,112,6,51,54,64,15,112,6
1685442516,0,1,0,0,0,3,5,10,16,112,6,51,53,64,15,112,6
1685442522,0,1,0,0,0,3,5,10,15,112,6,51,54,64,15,112,6
1685442528,0,1,0,0,0,3,5,10,16,112,6,52,53,63,15,112,6
1685442534,0,1,0,0,0,3,5,10,15,112,6,51,54,64,15,113,6
1685442540,0,1,0,0,0,3,6,10,15,112,6,51,53,64,15,112,6
1685442546,0,1,0,0,0,3,5,10,16,112,6,52,54,64,15,113,6
1685442552,0,1,0,0,0,3,5,10,16,112,6,52,53,64,15,112,6
1685442558,0,1,0,0,0,3,5,10,16,112,6,51,54,64,15,112,6
1685442564,0,1,0,0,0,3,5,10,16,112,6,51,53,64,14,112,6
1685442570,0,1,0,0,0,3,5,10,16,112,6,51,53,64,15,113,6
1685442576,0,1,0,0,0,3,5,10,15,112,6,51,53,64,14,112,6
1685442582,0,1,0,0,0,3,5,10,15,112,6,51,53,64,15,112,6
1685442588,0,1,0,0,0,3,6,10,16,112,6,51,53,64,15,112,6
1685442594,0,1,0,0,0,3,5,10,16,112,6,51,53,64,15,112,6
1685442600,0,1,0,0,0,3,5,10,16,112,6,51,54,63,15,113,6
1685442606,0,1,0,0,0,3,5,10,15,112,6,51,53,63,15,112,6
1685442612,0,1,0,0,0,3,5,10,16,112,6,52,54,63,15,112,6
1685442618,0,1,0,0,0,3,5,10,16,112,6,52,54,64,15,112,6
1685442624,0,1,0,0,0,3,5,10,16,112,6,52,54,64,15,112,6
1685442630,0,1,0,0,0,3,5,10,16,112,6,51,53,63,14,112,6
1685442636,0,1,0,0,0,3,5,10,16,112,6,52,53,64,14,112,6
1685442642,0,1,0,0,0,3,5,10,16,112,6,52,53,64,15,112,6
1685442648,0,1,0,0,0,3,5,10,15,112,6,51,54,63,15,112,6
1685442654,0,1,0,0,0,3,5,10,15,112,6,52,53,63,15,112,6
1685442660,0,1,0,0,0,3,5,10,16,112,6,52,54,64,15,112,6
1685442666,0,1,0,0,0,3,5,10,16,112,6,52,54,64,15,112,6
1685442672,0,1,0,0,0,3,6,9,16,112,6,51,54,64,15,112,6
1685442678,0,1,0,0,0,3,5,9,15,112,6,52,53,63,15,112,6
1685442684,0,1,0,0,0,3,6,10,16,112,6,51,53,63,15,112,6
1685442690,0,1,0,0,0,3,5,10,15,112,6,51,53,63,15,112,6
1685442696,0,1,0,0,0,3,5,10,15,112,6,51,53,64,15,112,6
1685442702,0,1,0,0,0,3,5,10,15,112,6,52,54,63,15,112,6
1685442708,0,1,0,0,0,3,5,10,16,112,6,51,53,64,15,112,6
1685442714,0,1,0,0,0,3,5,10,15,112,6,51,53,64,15,112,6
1685442720,0,1,0,0,0,3,5,10,16,112,6,52,53,63,14,112,6
1685442726,0,1,0,0,0,3,5,10,16,112,6,51,53,63,15,112,6
1685442732,0,1,0,0,0,3,5,10,16,112,6,51,54,63,15,112,6
1685442738,0,1,0,0,0,3,5,10,16,112,6,52,53,64,15,112,6
1685442744,0,1,0,0,0,3,5,10,15,112,6,51,53,64,15,112,6
1685442750,0,1,0,0,0,3,6,10,16,112,6,51,53,64,15,112,6
1685442756,0,1,0,0,0,3,5,10,16,112,6,51,53,63,15,112,6
1685442762,0,1,0,0,0,3,5,10,16,112,6,51,53,64,15,112,6
1685442768,0,1,0,0,0,3,5,10,16,112,6,52,54,64,15,113,6
1685442774,0,1,0,0,0,3,6,10,15,112,6,51,54,64,15,112,6
1685442780,0,1,0,0,0,3,5,10,16,112,6,51,53,64,15,112,6
1685442786,0,1,0,0,0,3,5,10,15,112,6,51,53,63,15,112,6
1685442792,0,1,0,0,0,3,5,10,15,112,6,51,53,64,14,112,6
1685442798,0,1,0,0,0,3,5,9,16,112,6,51,53,63,15,112,6
1685442804,0,1,0,0,0,3,5,10,15,112,6,51,53,63,14,112,6
1685442810,0,1,0,0,0,3,5,10,16,112,6,51,53,63,15,112,6
1685442816,0,1,0,0,0,3,5,10,15,112,6,51,53,63,15,112,6
1685442822,0,1,0,0,0,3,5,10,16,112,6,51,53,63,15,112,6
1685442828,0,1,0,0,0,3,5,10,16,112,6,51,53,63,15,112,6
1685442834,0,1,0,0,0,3,5,10,16,112,6,51,53,63,15,112,6
1685442840,0,1,0,0,0,3,5,10,16,112,6,51,53,63,15,112,6
1685442846,0,1,0,0,0,3,5,10,15,112,6,51,53,63,15,112,6
1685442852,0,1,0,0,0,3,5,10,16,112,6,51,53,63,15,112,6
1685442858,0,1,0,0,0,3,6,10,16,112,6,51,53,63,15,112,6
1685442864,0,1,0,0,0,3,5,10,15,112,6,51,53,63,15,112,6
1685442870,0,1,0,0,0,3,5,10,15,112,6,51,53,63,15,112,6
1685442876,0,1,0,0,0,3,5,10,16,112,6,51,53,63,15,112,6
1685442882,0,1,0,0,0,3,5,10,16,112,6,51,53,63,15,112,6
1685442888,0,1,0,0,0,3,6,10,16,112,6,51,53,63,15,112,6
1685442894,0,1,0,0,0,3,5,10,15,112,6,51,53,63,15,112,6
1685442900,0,1,0,0,0,3,5,10,15,112,6,51,53,63,15,112,6
1685442906,0,1,0,0,0,3,5,10,15,112,6,52,53,63,15,112,6
1685442912,0,1,0,0,0,3,5,10,16,112,6,51,53,63,15,112,6
1685442918,0,1,0,0,0,3,5,10,15,112,6,51,53,63,15,112,6
1685442924,0,1,0,0,0,3,5,10,16,112,6,51,53,63,15,111,6
1685442930,0,1,0,0,0,3,5,10,16,112,6,51,53,64,15,112,6
1685442936,0,1,0,0,0,3,5,10,16,111,6,51,53,64,15,112,6
1685442942,0,1,0,0,0,3,5,10,16,112,6,51,53,63,15,112,6
1685442948,0,1,0,0,0,3,5,10,15,112,6,51,53,63,14,112,6
1685442954,0,1,0,0,0,3,5,10,16,112,6,51,53,63,15,112,6
1685442960,0,1,0,0,0,3,5,10,16,112,6,51,54,64,15,112,6
1685442966,0,1,0,0,0,3,5,10,16,112,6,51,53,64,15,112,6
1685442972,0,1,0,0,0,3,5,10,15,112,6,51,53,63,15,112,6
1685442978,0,1,0,0,0,3,5,10,16,112,6,51,53,64,15,112,6
1685442984,0,1,0,0,0,3,5,10,16,112,6,51,54,63,15,112,6
1685442990,0,1,0,0,0,3,5,10,16,112,6,51,53,64,15,112,6
1685442996,0,1,0,0,0,3,5,10,15,112,6,51,53,64,15,112,6
1685443002,0,1,0,0,0,3,5,10,15,112,6,51,53,64,15,112,6
1685443008,0,1,0,0,0,3,5,10,15,112,6,51,53,64,15,112,6
1685443014,0,1,0,0,0,3,5,10,16,112,6,51,53,63,15,112,6
1685443020,0,1,0,0,0,3,5,10,16,112,6,51,54,64,15,113,6
1685443026,0,1,0,0,0,3,5,10,16,112,6,52,53,64,15,112,6
1685443032,0,1,0,0,0,3,5,10,15,112,6,51,53,64,14,112,6
1685443038,0,1,0,0,0,3,5,10,15,112,6,51,53,64,15,112,6
1685443044,0,1,0,0,0,3,5,10,15,112,6,51,53,64,15,112,6
1685443050,0,1,0,0,0,3,5,10,16,112,6,51,53,63,15,112,6
1685443056,0,1,0,0,0,3,5,10,15,112,6,51,54,64,15,112,6
1685443062,0,1,0,0,0,3,5,10,16,112,6,51,53,64,15,112,6
1685443068,0,1,0,0,0,3,5,10,16,112,6,51,53,63,15,112,6
1685443074,0,1,0,0,0,3,5,10,15,112,6,51,53,63,15,112,6
1685443080,0,1,0,0,0,3,5,10,16,112,6,51,53,63,15,112,6
1685443086,0,1,0,0,0,3,5,10,16,112,6,51,53,64,15,112,6
1685443092,0,1,0,0,0,3,5,10,16,112,6,51,53,64,15,112,6
1685443098,0,1,0,0,0,3,5,10,15,112,6,51,53,63,15,112,6
1685443104,0,1,0,0,0,3,5,10,16,112,6,51,53,63,15,112,6
1685443110,0,1,0,0,0,3,6,10,16,112,6,51,54,63,15,112,6
1685443116,0,1,0,0,0,3,5,10,15,112,6,51,53,63,15,112,6
1685443122,0,1,0,0,0,3,5,10,15,112,6,51,53,63,14,112,6
1685443128,0,1,0,0,0,3,5,10,15,112,6,51,53,63,15,112,6
1685443134,0,1,0,0,0,3,5,10,16,112,6,51,53,63,15,112,6
1685443140,0,1,0,0,0,3,6,10,16,112,6,51,53,63,14,112,6
1685443146,0,1,0,0,0,3,5,10,16,112,6,51,53,63,15,112,6
1685443152,0,1,0,0,0,3,5,10,16,112,6,51,53,63,15,112,6
1685443158,0,1,0,0,0,3,6,10,16,112,6,52,53,63,15,112,6
1685443164,0,1,0,0,0,3,5,10,16,112,6,51,53,63,15,112,6
1685443170,0,1,0,0,0,3,6,10,15,112,6,51,53,64,15,112,6
1685443176,0,1,0,0,0,3,5,10,16,112,6,51,53,63,15,112,6
1685443182,0,1,0,0,0,3,5,10,16,112,6,51,54,64,15,112,6
1685443188,0,1,0,0,0,3,5,10,16,112,6,51,54,63,15,112,6
1685443194,0,1,0,0,0,3,5,10,15,112,6,51,53,64,15,112,6
1685443200,0,1,0,0,0,3,5,10,16,112,6,51,53,64,15,111,6
1685443206,0,1,0,0,0,3,5,10,16,112,6,52,53,64,14,112,6
1685443212,0,1,0,0,0,3,6,10,16,112,6,51,53,63,15,112,6
1685443218,0,1,0,0,0,3,5,9,16,112,6,51,54,63,15,112,6
1685443224,0,1,0,0,0,3,5,10,16,112,6,51,54,63,15,112,6
1685443230,0,1,0,0,0,3,5,10,16,112,6,51,54,64,15,112,6
1685443236,0,1,0,0,0,3,5,10,15,112,6,51,53,64,15,112,6
1685443242,0,1,0,0,0,3,6,10,16,112,6,51,53,63,15,112,6
1685443248,0,1,0,0,0,3,6,10,16,112,6,51,53,64,15,112,6
1685443254,0,1,0,0,0,3,5,10,16,112,6,51,53,63,15,112,6
1685443260,0,1,0,0,0,3,5,10,15,112,6,51,54,64,15,112,6
1685443266,0,1,0,0,0,3,5,10,16,112,6,51,53,63,15,112,6
1685443272,0,1,0,0,0,3,5,10,15,112,6,51,54,63,15,112,6
1685443278,0,1,0,0,0,3,5,9,16,112,6,51,54,64,15,112,6
1685443284,0,1,0,0,0,3,5,10,16,113,6,51,54,64,15,112,6
1685443290,0,1,0,0,0,4,5,10,16,112,6,51,54,64,15,112,6
1685443296,0,1,0,0,0,3,6,10,15,113,6,51,54,64,15,112,6
1685443302,0,1,0,0,0,3,5,10,16,112,6,51,54,64,15,112,6
1685443308,0,1,0,0,0,3,5,10,16,112,6,52,53,64,15,112,6
1685443314,0,1,0,0,0,3,5,10,15,112,6,51,53,63,15,112,6
1685443320,0,1,0,0,0,3,5,10,16,112,6,51,53,63,15,112,6
1685443326,0,1,0,0,0,3,6,10,16,112,6,51,53,64,15,112,6
1685443332,0,1,0,0,0,3,5,10,15,112,6,51,53,63,15,112,6
1685443338,0,1,0,0,0,3,5,10,15,112,6,52,53,64,15,112,6
1685443344,0,1,0,0,0,3,5,10,16,112,6,52,53,63,15,112,6
1685443350,0,1,0,0,0,3,5,10,16,113,6,52,53,64,14,113,6
1685443356,0,1,0,0,0,3,5,10,16,112,6,51,53,63,15,112,6
1685443362,0,1,0,0,0,3,5,10,16,112,6,51,53,63,15,112,6
1685443368,0,1,0,0,0,3,5,10,15,112,6,51,53,64,15,112,6
1685443374,0,1,0,0,0,3,5,10,16,112,6,52,54,64,15,112,6
1685443380,0,1,0,0,0,3,5,10,16,112,6,52,53,64,15,112,6
1685443386,0,1,0,0,0,3,5,10,16,112,6,52,54,63,15,112,6
1685443392,0,1,0,0,0,3,5,10,16,112,6,51,53,63,15,112,6
1685443398,0,1,0,0,0,3,5,10,15,112,6,51,53,64,15,112,6
1685443404,0,1,0,0,0,3,5,10,16,112,6,51,53,64,15,112,6
1685443410,0,1,0,0,0,3,5,10,16,112,6,51,54,64,15,112,6
1685443416,0,1,0,0,0,3,5,10,16,112,6,52,53,63,15,112,6
1685443422,0,1,0,0,0,3,5,10,15,112,6,51,53,63,15,112,6
1685443428,0,1,0,0,0,3,5,10,16,112,6,51,53,64,15,112,6
1685443434,0,1,0,0,0,3,5,10,16,112,6,51,53,63,15,112,6
1685443440,0,1,0,0,0,3,5,10,15,112,6,52,54,63,15,112,6
1685443446,0,1,0,0,0,3,5,10,16,112,6,52,54,64,15,112,6
1685443452,0,1,0,0,0,3,5,10,16,112,6,51,53,63,15,113,6
1685443458,0,1,0,0,0,3,5,10,16,112,6,51,53,63,15,112,6
1685443464,0,1,0,0,0,3,5,10,16,112,6,51,54,63,15,112,6
1685443470,0,1,0,0,0,3,5,10,16,112,6,51,53,64,15,112,6
1685443476,0,1,0,0,0,3,6,10,16,113,6,51,54,63,15,112,6
1685443482,0,1,0,0,0,3,5,10,15,113,6,51,53,64,15,112,6
1685443488,0,1,0,0,0,3,5,10,15,113,6,51,53,64,15,112,6
1685443494,0,1,0,0,0,3,5,10,15,112,6,51,54,64,15,112,6
1685443500,0,1,0,0,0,3,5,10,15,112,6,51,53,63,15,112,6
1685443506,0,1,0,0,0,3,5,10,16,112,6,52,53,64,15,112,6
1685443512,0,1,0,0,0,3,5,10,16,112,6,52,53,64,15,112,6
1685443518,0,1,0,0,0,3,5,10,15,112,6,51,53,64,15,112,6
1685443524,0,1,0,0,0,3,5,10,16,112,6,51,54,63,15,112,6
1685443530,0,1,0,0,0,3,5,10,16,112,6,51,53,63,15,112,6
1685443536,0,1,0,0,0,3,5,10,15,112,6,51,53,64,14,112,6
1685443542,0,1,0,0,0,3,6,10,16,112,6,51,53,64,15,112,6
1685443548,0,1,0,0,0,3,5,10,16,112,6,51,53,63,14,112,6
1685443554,0,1,0,0,0,3,5,10,16,112,6,51,53,64,15,112,6
1685443560,0,1,0,0,0,3,5,10,16,112,6,51,54,63,15,112,6
1685443566,0,1,0,0,0,3,5,10,16,112,6,51,53,64,15,112,6
1685443572,0,1,0,0,0,3,5,10,16,112,6,52,53,64,15,112,6
1685443578,0,1,0,0,0,3,5,10,15,112,6,51,53,64,15,112,6
1685443584,0,1,0,0,0,3,5,10,16,112,6,52,54,64,15,113,6
1685443590,0,1,0,0,0,3,5,10,15,112,6,52,54,63,15,112,6
1685443596,0,1,0,0,0,3,5,10,15,112,6,51,54,64,15,112,6
1685443602,0,1,0,0,0,3,6,10,16,112,6,51,53,64,15,112,6
1685443608,0,1,0,0,0,3,5,10,15,112,6,51,53,64,15,112,6
1685443614,0,1,0,0,0,3,5,10,15,112,6,51,54,63,15,112,6
1685443620,0,1,0,0,0,4,5,10,16,112,6,52,53,63,15,112,6
1685443626,0,1,0,0,0,3,5,10,16,112,6,51,53,64,15,112,6
1685443632,0,1,0,0,0,3,5,9,16,112,6,51,53,63,15,112,6
1685443638,0,1,0,0,0,3,5,10,16,113,6,51,54,64,15,113,6
1685443644,0,1,0,0,0,3,5,10,16,112,6,52,54,64,15,113,6
1685443650,0,1,0,0,0,3,5,10,16,112,6,52,53,63,15,112,6
1685443656,0,1,0,0,0,3,6,10,16,112,6,51,53,64,15,112,6
1685443662,0,1,0,0,0,3,6,10,16,112,6,51,53,64,15,112,6
1685443668,0,1,0,0,0,3,5,10,16,112,6,52,53,64,15,112,6
1685443674,0,1,0,0,0,3,6,10,16,112,6,51,53,64,15,112,6
1685443680,0,1,0,0,0,3,5,10,16,112,6,52,53,64,15,112,6
1685443686,0,1,0,0,0,3,5,10,15,112,6,52,54,63,15,112,6
1685443692,0,1,0,0,0,3,5,10,15,112,6,51,54,64,15,113,6
1685443698,0,1,0,0,0,3,6,10,15,112,6,51,53,64,15,112,6
1685443704,0,1,0,0,0,3,5,10,16,112,6,51,53,64,15,112,6
1685443710,0,1,0,0,0,3,5,10,16,112,6,51,53,63,15,112,6
1685443716,0,1,0,0,0,3,5,10,15,112,6,51,53,63,15,112,6
1685443722,0,1,0,0,0,3,5,10,16,112,6,51,53,64,15,112,6
1685443728,0,1,0,0,0,3,6,10,15,112,6,51,53,64,15,112,6
1685443734,0,1,0,0,0,3,6,10,16,113,6,51,53,64,15,112,6
1685443740,0,1,0,0,0,3,5,10,15,112,6,51,53,64,15,112,6
1685443746,0,1,0,0,0,3,5,10,16,112,6,51,53,64,15,112,6
1685443752,0,1,0,0,0,3,5,10,16,112,6,51,53,63,15,112,6
1685443758,0,1,0,0,0,3,5,10,16,112,6,51,53,63,15,112,6
1685443764,0,1,0,0,0,3,5,10,16,113,6,51,53,64,15,112,6
1685443770,0,1,0,0,0,3,5,10,16,112,6,51,53,63,15,112,6
1685443776,0,1,0,0,0,3,5,10,16,112,6,51,53,64,15,112,6
1685443782,0,1,0,0,0,3,5,10,16,112,6,52,53,63,15,112,6
1685443788,0,1,0,0,0,3,5,10,15,112,6,51,54,63,15,112,6
1685443794,0,1,0,0,0,3,5,10,16,112,6,51,53,63,15,112,6
1685443800,0,1,0,0,0,3,5,9,16,112,6,51,53,63,15,112,6
1685443806,0,1,0,0,0,3,5,10,16,112,6,51,53,64,14,112,6
1685443812,0,1,0,0,0,3,5,10,16,113,6,51,53,63,15,112,6
1685443818,0,1,0,0,0,3,5,10,15,112,6,51,53,64,15,112,6
1685443824,0,1,0,0,0,3,5,10,16,112,6,51,53,64,15,112,6
1685443830,0,1,0,0,0,3,5,10,16,113,6,51,53,63,15,112,6
1685443836,0,1,0,0,0,3,5,10,15,112,6,51,53,63,15,112,6
1685443842,0,1,0,0,0,3,5,10,16,112,6,51,53,64,15,112,6
1685443848,0,1,0,0,0,3,5,10,16,112,6,51,53,63,15,112,6
1685443854,0,1,0,0,0,3,5,10,16,113,6,51,53,64,15,113,6
1685443860,0,1,0,0,0,3,5,10,16,113,6,51,53,64,15,112,6
1685443866,0,1,0,0,0,3,5,10,16,112,6,52,53,64,15,112,6
1685443872,0,1,0,0,0,3,6,10,16,113,6,51,53,64,15,112,6
1685443878,0,1,0,0,0,3,5,10,16,112,6,51,53,64,15,112,6
1685443884,0,1,0,0,0,3,5,10,15,113,6,51,53,63,15,112,6
1685443890,0,1,0,0,0,3,5,10,15,112,6,52,53,64,15,112,6
1685443896,0,1,0,0,0,3,5,10,16,112,6,51,53,63,15,113,6
1685443902,0,1,0,0,0,3,5,10,16,113,6,51,54,64,15,112,6
1685443908,0,1,0,0,0,3,6,10,16,112,6,51,53,63,15,112,6
1685443914,0,1,0,0,0,3,5,10,16,113,6,51,53,63,15,112,6
1685443920,0,1,0,0,0,3,5,10,15,113,6,52,54,64,15,112,6
1685443926,0,1,0,0,0,3,5,10,16,113,6,52,53,63,15,113,6
1685443932,0,1,0,0,0,3,5,10,15,113,6,51,53,63,15,112,6
1685443938,0,1,0,0,0,3,5,10,16,112,6,52,54,63,15,113,6
1685443944,0,1,0,0,0,3,5,10,16,112,6,51,54,64,15,112,6
1685443950,0,1,0,0,0,3,6,10,16,113,6,51,53,64,15,112,6
1685443956,0,1,0,0,0,3,6,10,15,112,6,51,53,63,15,112,6
1685443962,0,1,0,0,0,3,5,10,16,113,6,51,53,64,15,113,6
1685443968,0,1,0,0,0,3,5,10,16,112,6,51,53,63,15,112,6
1685443974,0,1,0,0,0,3,6,10,16,113,6,51,53,63,15,113,6
1685443980,0,1,0,0,0,3,5,10,16,112,6,52,53,64,15,113,6
1685443986,0,1,0,0,0,3,5,10,15,112,6,51,53,63,15,113,6
1685443992,0,1,0,0,0,3,5,10,16,113,6,51,53,63,14,112,6
1685443998,0,1,0,0,0,3,5,10,16,112,6,51,53,63,15,112,6
1685444004,0,1,0,0,0,3,6,10,16,113,6,51,53,63,15,112,6
1685444010,0,1,0,0,0,3,5,10,15,112,6,51,53,64,15,112,6
1685444016,0,1,0,0,0,3,5,10,16,112,6,51,53,64,15,113,6
1685444022,0,1,0,0,0,3,5,10,16,113,6,51,54,63,15,112,6
1685444028,0,1,0,0,0,3,5,10,16,113,6,51,53,64,15,112,6
1685444034,0,1,0,0,0,3,5,10,16,112,6,51,53,63,15,112,6
1685444040,0,1,0,0,0,3,5,10,15,112,6,51,53,63,14,112,6
1685444046,0,1,0,0,0,3,6,10,16,112,6,51,53,63,15,112,6
1685444052,0,1,0,0,0,3,6,10,16,112,6,51,53,63,14,112,6
1685444058,0,1,0,0,0,3,5,10,15,112,6,51,54,63,15,112,6
1685444064,0,1,0,0,0,3,6,10,16,112,6,52,53,64,15,112,6
1685444070,0,1,0,0,0,3,6,10,16,112,6,51,53,64,15,112,6
1685444076,0,1,0,0,0,3,5,10,16,112,6,51,54,63,15,112,6
1685444082,0,1,0,0,0,3,5,10,16,112,6,51,53,63,15,112,6
1685444088,0,1,0,0,0,3,5,10,15,112,6,51,53,63,15,112,6
1685444094,0,1,0,0,0,3,6,10,15,112,6,51,53,64,15,112,6
1685444100,0,1,0,0,0,3,5,10,16,112,6,51,53,63,15,112,6
1685444106,0,1,0,0,0,3,6,10,16,112,6,52,53,63,15,112,6
1685444112,0,1,0,0,0,3,5,10,16,113,6,52,54,64,15,113,6
1685444118,0,1,0,0,0,3,5,10,16,112,6,51,53,63,15,112,6
1685444124,0,1,0,0,0,3,5,10,16,112,6,51,53,64,15,113,6
1685444130,0,1,0,0,0,3,6,10,16,113,6,51,53,64,15,112,6
1685444136,0,1,0,0,0,3,6,10,16,112,6,51,53,63,15,113,6
1685444142,0,1,0,0,0,3,5,10,16,113,6,52,53,64,15,113,6
1685444148,0,1,0,0,0,3,6,10,16,113,6,51,53,63,15,112,6
1685444154,0,1,0,0,0,3,6,10,16,113,6,51,53,64,15,112,6
1685444160,0,1,0,0,0,3,5,10,16,113,6,51,53,64,15,113,6
1685444166,0,1,0,0,0,3,6,10,16,113,6,52,53,64,15,113,6
1685444172,0,1,0,0,0,3,6,10,16,113,6,52,53,64,15,112,6
1685444178,0,1,0,0,0,3,5,10,16,113,6,51,53,64,15,112,6
1685444184,0,1,0,0,0,3,5,10,16,113,6,51,53,63,15,112,6
1685444190,0,1,0,0,0,3,6,10,16,113,6,51,53,63,15,112,6
1685444196,0,1,0,0,0,3,6,10,16,113,6,52,53,64,15,113,6
1685444202,0,1,0,0,0,3,6,10,16,113,6,51,53,63,15,113,6
1685444208,0,1,0,0,0,3,5,10,16,113,6,51,53,64,15,113,6
1685444214,0,1,0,0,0,3,6,10,16,113,6,51,54,64,15,113,6
1685444220,0,1,0,0,0,3,5,10,16,113,6,52,54,64,15,113,6
1685444226,0,1,0,0,0,3,6,10,16,113,6,51,53,64,15,113,6
1685444232,0,1,0,0,0,3,5,10,16,113,6,51,54,64,15,113,6
1685444238,0,1,0,0,0,3,5,10,16,113,6,51,54,64,15,113,6
1685444244,0,1,0,0,0,3,5,10,15,113,6,52,54,64,15,113,6
1685444250,0,1,0,0,0,3,5,10,16,113,6,52,53,64,15,113,6
1685444256,0,1,0,0,0,3,5,10,16,113,6,52,53,64,15,113,6
1685444262,0,1,0,0,0,3,6,10,16,113,6,51,54,64,15,113,6
1685444268,0,1,0,0,0,3,5,10,15,113,6,52,53,64,15,113,6
1685444274,0,1,0,0,0,3,5,10,16,113,6,52,54,64,15,113,6
1685444280,0,1,0,0,0,3,5,10,16,113,6,51,53,64,15,113,6
1685444286,0,1,0,0,0,3,5,10,16,113,6,51,53,64,15,113,6
1685444292,0,1,0,0,0,3,5,10,16,113,6,51,53,64,15,113,6
1685444298,0,1,0,0,0,3,5,10,16,113,6,51,53,64,15,113,6
1685444304,0,1,0,0,0,3,5,10,16,113,6,52,53,63,15,112,6
1685444310,0,1,0,0,0,3,6,10,16,113,6,52,53,63,15,113,6
1685444316,0,1,0,0,0,3,5,10,16,113,6,51,53,64,15,113,6
1685444322,0,1,0,0,0,3,6,10,16,113,6,51,53,64,15,113,6
1685444328,0,1,0,0,0,3,5,10,16,113,6,51,53,63,15,113,6
1685444334,0,1,0,0,0,3,5,10,16,113,6,52,53,64,15,113,6
1685444340,0,1,0,0,0,3,5,10,16,113,6,51,53,63,15,113,6
1685444346,0,1,0,0,0,3,6,10,16,113,6,51,53,63,15,113,6
1685444352,0,1,0,0,0,3,5,10,16,113,6,52,54,64,15,113,6
1685444358,0,1,0,0,0,3,6,10,16,113,6,51,53,64,15,113,6
1685444364,0,1,0,0,0,3,5,10,16,112,6,51,53,64,15,113,6
1685444370,0,1,0,0,0,3,5,10,16,113,6,52,53,64,15,113,6
1685444376,0,1,0,0,0,3,5,10,16,113,6,51,54,64,15,113,6
1685444382,0,1,0,0,0,3,6,10,16,113,6,52,54,64,15,113,6
1685444388,0,1,0,0,0,3,6,10,16,113,6,51,53,64,15,113,6
1685444394,0,1,0,0,0,3,6,10,16,113,6,51,53,64,15,113,6
