Timestamp,Amber,White,On,Override,Intensity,AS00,AS01,AS02,AS03,AS04,AS05,AS06,AS07,AS08,AS09,AS10,AS11
1685451600,0,1,0,0,435,5122,7689,10005,11642,56069,23593,11558,11749,14612,17528,55945,23573
1685451606,0,1,0,0,433,5065,7598,9892,11509,55534,23407,11424,11623,14454,17316,55390,23361
1685451612,0,1,0,0,432,5006,7504,9760,11377,54796,23135,11365,11558,14371,17194,54847,23134
1685451618,0,1,0,0,431,4980,7461,9704,11317,54226,22866,11263,11456,14250,17029,54162,22859
1685451624,0,1,0,0,430,4948,7413,9634,11245,53565,22590,11200,11384,14161,16902,53546,22590
1685451630,0,1,0,0,425,4947,7407,9641,11238,53202,22380,11201,11387,14150,16882,53177,22380
1685451636,0,1,0,0,424,4935,7385,9606,11210,52876,22226,11158,11348,14102,16817,52890,22233
1685451642,0,1,0,0,425,4979,7465,9702,11309,52975,22229,11245,11438,14206,16938,52905,22210
1685451648,0,1,0,0,424,4909,7345,9556,11155,52371,22066,11101,11293,14017,16715,52312,22059
1685451654,0,1,0,0,424,4901,7330,9538,11140,52201,22021,11106,11302,14020,16720,52206,22024
1685451660,0,1,0,0,424,4927,7364,9588,11196,52219,22010,11128,11320,14056,16743,52148,22006
1685451666,0,1,0,0,430,4950,7396,9632,11247,52317,22011,11223,11420,14183,16890,52319,22020
1685451672,0,1,0,0,425,4963,7414,9652,11282,52271,21996,11254,11457,14238,16937,52274,22000
1685451678,0,1,0,0,425,4969,7425,9669,11309,52190,21961,11274,11477,14272,16944,52131,21942
1685451684,0,1,0,0,432,5022,7512,9774,11440,52348,21971,11319,11534,14346,17030,52118,21919
1685451690,0,1,0,0,431,5004,7469,9733,11390,52126,21901,11388,11596,14443,17131,52182,21929
1685451696,0,1,0,0,434,5148,7699,10029,11720,52893,22130,11648,11851,14771,17508,52731,22088
1685451702,0,1,0,0,431,5048,7537,9832,11505,52379,22044,11472,11682,14557,17264,52318,22018
1685451708,0,1,0,0,430,5044,7524,9818,11491,52404,22066,11492,11713,14584,17296,52398,22074
1685451714,0,1,0,0,430,5074,7573,9892,11567,52708,22186,11590,11807,14715,17458,52748,22203
1685451720,0,1,0,0,432,5126,7660,9999,11681,53129,22353,11687,11897,14835,17615,53068,22343
1685451726,0,1,0,0,431,5080,7582,9903,11582,52979,22363,11635,11858,14779,17555,53055,22394
1685451732,0,1,0,0,431,5092,7608,9943,11622,53287,22498,11658,11887,14806,17613,53277,22503
1685451738,0,1,0,0,431,5113,7639,9987,11670,53571,22628,11742,11955,14904,17740,53593,22628
1685451744,0,1,0,0,433,5134,7679,10042,11731,53839,22750,11810,12029,14992,17858,53847,22774
1685451750,0,1,0,0,434,5127,7664,10028,11715,53992,22842,11825,12049,15010,17899,54065,22871
1685451756,0,1,0,0,434,5143,7701,10071,11778,54334,22995,11843,12072,15041,17931,54262,22991
1685451762,0,1,0,0,435,5199,7794,10197,11917,54915,23208,11993,12208,15237,18178,54810,23195
1685451768,0,1,0,0,435,5177,7762,10168,11883,55035,23314,11994,12216,15245,18195,55044,23322
1685451774,0,1,0,0,435,5176,7765,10179,11887,55257,23434,12037,12262,15308,18284,55335,23476
1685451780,0,1,0,0,440,5183,7783,10199,11919,55554,23588,12055,12276,15325,18314,55572,23609
1685451786,0,1,0,0,440,5190,7792,10214,11938,55855,23741,12094,12321,15366,18399,55909,23747
1685451792,0,1,0,0,441,5211,7829,10266,12007,56238,23881,12152,12379,15454,18492,56244,23897
1685451798,0,1,0,0,440,5196,7810,10243,11980,56226,23914,12148,12373,15447,18504,56259,23928
1685451804,0,1,0,0,440,5217,7844,10293,12043,56438,23984,12215,12452,15541,18616,56457,24003
1685451810,0,1,0,0,440,5211,7837,10290,12038,56358,23968,12211,12453,15549,18632,56371,23966
1685451816,0,1,0,0,440,5202,7822,10278,12030,56214,23925,12207,12454,15555,18642,56206,23924
1685451822,0,1,0,0,440,5189,7806,10262,12011,56067,23871,12208,12461,15563,18661,56094,23873
1685451828,0,1,0,0,435,5182,7796,10247,12003,55960,23820,12206,12461,15574,18657,55926,23822
1685451834,0,1,0,0,435,5172,7774,10224,11982,55797,23779,12189,12454,15570,18652,55830,23787
1685451840,0,1,0,0,435,5181,7796,10254,12018,55913,23817,12239,12514,15648,18749,55922,23839
1685451846,0,1,0,0,435,5198,7815,10276,12065,56102,23907,12287,12567,15716,18837,56085,23931
1685451852,0,1,0,0,435,5199,7820,10295,12082,56217,23985,12320,12597,15757,18884,56240,23988
1685451858,0,1,0,0,435,5211,7834,10314,12115,56353,24032,12348,12645,15808,18957,56338,24030
1685451864,0,1,0,0,435,5207,7826,10304,12099,56277,24017,12355,12650,15809,18954,56297,24027
1685451870,0,1,0,0,435,5204,7817,10289,12102,56245,24017,12346,12648,15800,18956,56243,24021
1685451876,0,1,0,0,440,5209,7827,10313,12123,56304,24044,12371,12672,15839,18988,56316,24051
1685451882,0,1,0,0,440,5213,7832,10319,12127,56339,24074,12381,12687,15848,18999,56340,24088
1685451888,0,1,0,0,441,5227,7853,10344,12168,56491,24168,12419,12721,15902,19060,56528,24168
1685451894,0,1,0,0,441,5231,7857,10353,12187,56618,24240,12428,12742,15913,19069,56593,24231
1685451900,0,1,0,0,442,5253,7884,10384,12241,56828,24336,12484,12812,15999,19160,56832,24364
1685451906,0,1,0,0,443,5262,7893,10394,12259,56905,24409,12514,12841,16034,19201,56915,24429
1685451912,0,1,0,0,443,5292,7935,10455,12337,57138,24546,12595,12932,16150,19348,57193,24563
1685451918,0,1,0,0,445,5358,8032,10588,12495,57643,24730,12754,13108,16365,19611,57653,24752
1685451924,0,1,0,0,450,5369,8041,10604,12522,57793,24838,12778,13140,16400,19662,57759,24858
1685451930,0,1,0,0,451,5382,8049,10611,12552,58010,25003,12815,13190,16470,19739,58007,25004
1685451936,0,1,0,0,452,5402,8072,10652,12600,58270,25154,12862,13260,16551,19831,58288,25170
1685451942,0,1,0,0,453,5437,8120,10715,12684,58617,25367,12953,13357,16675,19988,58610,25375
1685451948,0,1,0,0,455,5480,8184,10802,12790,59125,25613,13092,13510,16871,20230,59198,25646
1685451954,0,1,0,0,502,5543,8269,10926,12939,59804,25941,13253,13694,17094,20515,59881,25979
1685451960,0,1,0,0,505,5658,8445,11154,13221,60865,26385,13490,13945,17426,20912,60809,26392
1685451966,0,1,0,0,505,5674,8454,11177,13256,61387,26717,13595,14078,17588,21132,61476,26739
1685451972,0,1,0,0,512,5774,8597,11374,13502,62535,27190,13836,14336,17920,21535,62579,27235
1685451978,0,1,0,0,514,5837,8692,11497,13657,63325,27577,14011,14531,18170,21852,63408,27630
1685451984,0,1,0,0,520,5905,8783,11634,13819,64217,28034,14192,14723,18426,22189,64262,28046
1685451990,0,1,0,0,522,5966,8890,11774,13993,65090,28459,14379,14932,18683,22521,65148,28501
1685451996,0,1,0,0,524,6047,8999,11929,14168,65535,28881,14586,15141,18965,22870,65535,28914
1685452002,0,1,0,0,530,6081,9046,11989,14250,65535,29190,14681,15250,19100,23034,65535,29246
1685452008,0,1,0,0,532,6147,9152,12135,14428,65535,29574,14921,15502,19419,23434,65535,29643
1685452014,0,1,0,0,543,6400,9550,12654,15021,65535,30200,15610,16191,20312,24535,65535,30343
1685452020,0,1,0,0,541,6267,9333,12388,14711,65535,30084,15157,15744,19735,23809,65535,30086
1685452026,0,1,0,0,540,6275,9332,12397,14723,65535,30213,15189,15780,19796,23861,65535,30234
1685452032,0,1,0,0,541,6340,9427,12524,14866,65535,30498,15336,15933,19980,24081,65535,30516
1685452038,0,1,0,0,542,6409,9533,12677,15038,65535,30813,15539,16133,20239,24380,65535,30858
1685452044,0,1,0,0,543,6441,9586,12746,15114,65535,31002,15611,16212,20331,24482,65535,31036
1685452050,0,1,0,0,544,6496,9674,12861,15244,65535,31221,15731,16326,20479,24655,65535,31243
1685452056,0,1,0,0,552,6569,9792,13012,15431,65535,31542,15888,16488,20678,24877,65535,31521
1685452062,0,1,0,0,552,6599,9835,13078,15495,65535,31737,16002,16601,20831,25033,65535,31758
1685452068,0,1,0,0,552,6609,9857,13110,15520,65535,31872,16032,16613,20865,25049,65535,31886
1685452074,0,1,0,0,553,6617,9876,13126,15553,65535,31962,16037,16614,20870,25050,65535,31950
1685452080,0,1,0,0,553,6623,9892,13143,15559,65535,32027,16057,16636,20894,25064,65535,32031
1685452086,0,1,0,0,552,6602,9862,13099,15508,65535,31977,16018,16581,20832,24979,65535,31989
1685452092,0,1,0,0,551,6538,9765,12967,15360,65535,31833,15862,16409,20613,24710,65535,31839
1685452098,0,1,0,0,552,6513,9730,12923,15305,65535,31812,15794,16351,20525,24615,65535,31815
1685452104,0,1,0,0,553,6516,9738,12930,15312,65535,31860,15814,16366,20522,24609,65535,31881
1685452110,0,1,0,0,555,6515,9736,12929,15299,65535,31911,15774,16327,20469,24553,65535,31911
1685452116,0,1,0,0,555,6517,9750,12939,15309,65535,31959,15801,16354,20478,24588,65535,31974
1685452122,0,1,0,0,554,6465,9678,12833,15188,65535,31823,15680,16225,20315,24396,65535,31821
1685452128,0,1,0,0,553,6400,9581,12699,15040,65535,31566,15501,16029,20062,24090,65535,31551
1685452134,0,1,0,0,553,6336,9486,12561,14872,65535,31239,15324,15858,19820,23797,65535,31224
1685452140,0,1,0,0,553,6301,9437,12485,14791,65535,30996,15241,15758,19689,23624,65535,30996
1685452146,0,1,0,0,553,6290,9417,12461,14750,65535,30840,15209,15714,19625,23545,65535,30849
1685452152,0,1,0,0,552,6257,9366,12395,14680,65535,30696,15107,15620,19500,23367,65535,30680
1685452158,0,1,0,0,551,6252,9356,12375,14640,65535,30507,15076,15580,19434,23271,65535,30528
1685452164,0,1,0,0,550,6228,9326,12331,14589,65535,30258,15012,15500,19335,23125,65535,30255
1685452170,0,1,0,0,544,6228,9323,12327,14572,65535,30049,15047,15529,19361,23146,65535,30107
1685452176,0,1,0,0,543,6254,9377,12384,14624,65535,29842,15052,15513,19339,23085,65535,29835
1685452182,0,1,0,0,542,6236,9344,12337,14555,65535,29569,14979,15439,19217,22945,65535,29565
1685452188,0,1,0,0,540,6255,9374,12384,14583,65535,29481,14991,15445,19224,22936,65535,29466
1685452194,0,1,0,0,540,6269,9398,12410,14596,65535,29419,15017,15457,19234,22937,65535,29403
1685452200,0,1,0,0,535,6307,9454,12484,14682,65535,29399,15096,15531,19312,23019,65535,29407
1685452206,0,1,0,0,533,6314,9451,12482,14672,65535,29261,15050,15483,19225,22929,65535,29235
1685452212,0,1,0,0,534,6328,9472,12497,14695,65535,29099,15095,15540,19271,22966,65535,29115
1685452218,0,1,0,0,534,6371,9532,12577,14769,65535,29053,15146,15577,19310,22989,65535,29066
1685452224,0,1,0,0,535,6419,9592,12654,14844,65535,29111,15211,15642,19385,23068,65535,29126
1685452230,0,1,0,0,541,6450,9644,12706,14914,65535,29162,15300,15734,19487,23159,65535,29177
1685452236,0,1,0,0,543,6509,9734,12830,15037,65535,29270,15412,15826,19623,23267,65535,29276
1685452242,0,1,0,0,550,6575,9834,12964,15191,65535,29469,15550,15964,19787,23450,65535,29474
1685452248,0,1,0,0,552,6650,9961,13116,15358,65535,29721,15734,16152,20015,23701,65535,29768
1685452254,0,1,0,0,553,6736,10093,13288,15549,65535,30053,15914,16319,20236,23955,65535,30087
1685452260,0,1,0,0,552,6767,10150,13354,15623,65535,30182,15981,16380,20313,24026,65535,30192
1685452266,0,1,0,0,551,6758,10136,13333,15596,65535,30105,15944,16338,20253,23940,65535,30090
1685452272,0,1,0,0,550,6744,10116,13301,15549,65535,29924,15892,16260,20173,23814,65535,29929
1685452278,0,1,0,0,545,6712,10075,13238,15459,65535,29681,15806,16158,20052,23633,65535,29667
1685452284,0,1,0,0,545,6689,10044,13191,15403,65535,29462,15731,16073,19947,23487,65535,29444
1685452290,0,1,0,0,545,6686,10048,13186,15386,65535,29271,15730,16057,19933,23447,65535,29273
1685452296,0,1,0,0,545,6696,10062,13201,15410,65535,29255,15746,16064,19944,23441,65535,29264
1685452302,0,1,0,0,544,6689,10053,13183,15390,65535,29192,15719,16033,19902,23373,65535,29196
1685452308,0,1,0,0,544,6654,9998,13106,15298,65535,29064,15595,15908,19738,23163,65535,29070
1685452314,0,1,0,0,544,6644,9978,13085,15266,65535,29091,15592,15908,19715,23146,65535,29085
1685452320,0,1,0,0,545,6641,9984,13075,15261,65535,29145,15596,15899,19715,23138,65535,29172
1685452326,0,1,0,0,550,6641,9983,13077,15272,65535,29225,15586,15895,19692,23114,65535,29258
1685452332,0,1,0,0,550,6639,9978,13064,15247,65535,29273,15562,15875,19652,23067,65535,29288
1685452338,0,1,0,0,544,6611,9947,13019,15197,65535,29123,15480,15779,19531,22917,65535,29120
1685452344,0,1,0,0,543,6558,9862,12901,15065,65535,28835,15342,15624,19344,22684,65535,28805
1685452350,0,1,0,0,542,6496,9771,12772,14912,65535,28466,15175,15458,19126,22391,65535,28464
1685452356,0,1,0,0,540,6428,9664,12630,14745,65535,28084,14999,15268,18875,22096,65535,28062
1685452362,0,1,0,0,541,6414,9652,12596,14697,65535,27780,14885,15143,18701,21905,65535,27717
1685452368,0,1,0,0,540,6330,9516,12415,14488,65535,27275,14714,14961,18461,21600,65535,27265
1685452374,0,1,0,0,531,6159,9229,12045,14068,65535,26649,14280,14541,17909,20915,65535,26644
1685452380,0,1,0,0,530,6118,9165,11960,13962,65126,26320,14155,14403,17750,20684,65114,26315
1685452386,0,1,0,0,525,6073,9096,11861,13854,64497,26030,14016,14270,17570,20454,64456,26014
1685452392,0,1,0,0,523,6013,8997,11722,13693,63692,25702,13850,14100,17361,20164,63656,25690
1685452398,0,1,0,0,522,5967,8926,11631,13586,63114,25462,13726,13980,17185,19960,63070,25448
1685452404,0,1,0,0,520,5939,8883,11574,13513,62768,25292,13655,13904,17092,19841,62763,25290
1685452410,0,1,0,0,515,5915,8854,11525,13448,62588,25202,13627,13850,17029,19773,62608,25229
1685452416,0,1,0,0,513,5882,8801,11458,13370,62320,25119,13504,13739,16878,19596,62264,25098
1685452422,0,1,0,0,512,5888,8820,11478,13383,62340,25088,13526,13739,16885,19613,62302,25060
1685452428,0,1,0,0,510,5838,8743,11387,13270,61831,24895,13419,13629,16736,19440,61801,24873
1685452434,0,1,0,0,504,5784,8663,11278,13146,61259,24673,13299,13506,16586,19259,61236,24667
1685452440,0,1,0,0,503,5735,8585,11174,13018,60629,24459,13185,13384,16432,19074,60605,24442
1685452446,0,1,0,0,501,5682,8506,11069,12902,60048,24269,13070,13269,16290,18906,59992,24246
1685452452,0,1,0,0,500,5634,8424,10971,12792,59542,24090,12966,13170,16170,18767,59552,24109
1685452458,0,1,0,0,500,5639,8440,10986,12810,59507,24093,12976,13174,16175,18779,59446,24087
1685452464,0,1,0,0,500,5673,8507,11070,12891,59727,24148,13063,13249,16282,18914,59646,24160
1685452470,0,1,0,0,454,5542,8289,10791,12599,58938,23981,12809,13014,15985,18576,59024,24007
1685452476,0,1,0,0,453,5512,8242,10739,12543,58803,23980,12744,12949,15899,18482,58822,23988
1685452482,0,1,0,0,451,5406,8086,10537,12327,58139,23826,12478,12696,15592,18126,57970,23790
1685452488,0,1,0,0,450,5434,8125,10591,12388,58397,23899,12590,12806,15736,18304,58370,23908
1685452494,0,1,0,0,445,5388,8052,10498,12290,58124,23884,12480,12696,15598,18162,58044,23860
1685452500,0,1,0,0,444,5342,7985,10408,12192,57974,23911,12462,12679,15581,18149,58226,23984
1685452506,0,1,0,0,451,5453,8171,10646,12464,59104,24272,12713,12929,15899,18543,59205,24325
1685452512,0,1,0,0,451,5443,8155,10635,12450,59345,24423,12687,12902,15861,18515,59332,24427
1685452518,0,1,0,0,451,5408,8096,10557,12377,59301,24481,12633,12862,15793,18462,59358,24498
1685452524,0,1,0,0,450,5378,8052,10510,12313,59214,24484,12549,12787,15702,18354,59172,24487
1685452530,0,1,0,0,445,5358,8024,10465,12265,59025,24431,12507,12744,15649,18287,58997,24439
1685452536,0,1,0,0,445,5323,7967,10395,12190,58659,24298,12425,12652,15537,18175,58637,24310
1685452542,0,1,0,0,444,5294,7927,10340,12120,58299,24183,12376,12596,15479,18093,58288,24177
1685452548,0,1,0,0,443,5250,7861,10257,12024,57895,24057,12266,12490,15349,17936,57861,24048
1685452554,0,1,0,0,442,5218,7812,10192,11956,57585,23938,12202,12437,15277,17835,57554,23930
1685452560,0,1,0,0,441,5191,7763,10126,11887,57240,23846,12143,12369,15193,17740,57209,23840
1685452566,0,1,0,0,440,5152,7704,10062,11814,56897,23715,12078,12298,15124,17649,56909,23733
1685452572,0,1,0,0,435,5111,7645,9977,11714,56433,23583,11984,12208,15005,17521,56439,23575
1685452578,0,1,0,0,434,5085,7595,9917,11647,56068,23461,11920,12140,14925,17428,56091,23456
1685452584,0,1,0,0,432,5048,7540,9847,11568,55693,23331,11842,12064,14836,17307,55727,23337
1685452590,0,1,0,0,431,5013,7496,9787,11496,55326,23184,11766,11984,14739,17190,55288,23174
1685452596,0,1,0,0,430,4975,7431,9703,11399,54846,22990,11685,11905,14648,17070,54863,22994
1685452602,0,1,0,0,425,4947,7395,9652,11342,54462,22817,11616,11833,14559,16963,54453,22827
1685452608,0,1,0,0,424,4910,7338,9586,11261,54039,22638,11549,11755,14466,16859,54026,22642
1685452614,0,1,0,0,423,4882,7293,9528,11194,53655,22492,11481,11687,14385,16753,53670,22504
1685452620,0,1,0,0,422,4864,7266,9495,11152,53380,22364,11490,11695,14393,16773,53489,22395
1685452626,0,1,0,0,420,4820,7205,9402,11045,52902,22181,11333,11534,14194,16531,52894,22191
1685452632,0,1,0,0,414,4776,7132,9313,10939,52414,21994,11225,11423,14045,16358,52387,21979
1685452638,0,1,0,0,413,4737,7070,9236,10851,51955,21813,11169,11359,13975,16272,52013,21824
1685452644,0,1,0,0,411,4676,6984,9112,10716,51417,21611,11009,11206,13776,16039,51438,21605
1685452650,0,1,0,0,410,4639,6920,9037,10623,51028,21463,10901,11090,13641,15872,51006,21467
1685452656,0,1,0,0,411,4612,6876,8977,10554,50789,21369,10878,11068,13603,15829,50868,21393
1685452662,0,1,0,0,405,4567,6808,8892,10448,50462,21254,10737,10930,13427,15622,50456,21258
1685452668,0,1,0,0,404,4544,6769,8843,10399,50284,21184,10687,10876,13356,15548,50265,21196
1685452674,0,1,0,0,404,4520,6739,8801,10353,50167,21148,10639,10832,13297,15474,50138,21146
1685452680,0,1,0,0,404,4496,6694,8749,10290,50001,21088,10585,10775,13236,15391,49971,21089
1685452686,0,1,0,0,403,4474,6660,8698,10242,49827,21031,10531,10724,13175,15317,49819,21020
1685452692,0,1,0,0,403,4447,6620,8643,10181,49586,20946,10475,10660,13105,15234,49575,20945
1685452698,0,1,0,0,402,4419,6577,8590,10119,49369,20866,10417,10602,13037,15137,49323,20868
1685452704,0,1,0,0,402,4394,6537,8538,10062,49110,20781,10367,10552,12975,15070,49132,20781
1685452710,0,1,0,0,401,4370,6497,8484,10008,48881,20694,10306,10493,12904,14976,48890,20701
1685452716,0,1,0,0,400,4332,6438,8411,9926,48579,20581,10224,10413,12805,14865,48563,20579
1685452722,0,1,0,0,355,4295,6377,8335,9841,48176,20457,10139,10337,12712,14740,48159,20452
1685452728,0,1,0,0,354,4253,6312,8250,9753,47740,20315,10053,10246,12602,14617,47740,20321
1685452734,0,1,0,0,352,4210,6248,8164,9663,47289,20160,9962,10156,12487,14481,47266,20159
1685452740,0,1,0,0,351,4167,6180,8074,9562,46806,20024,9867,10055,12374,14340,46812,20024
1685452746,0,1,0,0,350,4130,6120,8000,9486,46443,19910,9790,9981,12281,14224,46421,19907
1685452752,0,1,0,0,345,4100,6076,7941,9425,46093,19799,9733,9917,12210,14145,46074,19794
1685452758,0,1,0,0,344,4068,6024,7874,9357,45703,19689,9663,9856,12136,14048,45688,19684
1685452764,0,1,0,0,344,4046,5988,7833,9312,45419,19594,9628,9814,12097,14001,45390,19590
1685452770,0,1,0,0,343,4037,5975,7815,9294,45204,19525,9623,9815,12093,13990,45210,19534
1685452776,0,1,0,0,343,4037,5969,7810,9293,45156,19509,9622,9818,12099,14004,45154,19507
1685452782,0,1,0,0,343,4027,5959,7798,9278,45043,19481,9607,9811,12086,13998,45032,19478
1685452788,0,1,0,0,344,4018,5936,7770,9263,44917,19448,9587,9800,12069,13978,44909,19449
1685452794,0,1,0,0,344,4012,5919,7752,9254,44809,19433,9579,9798,12077,13977,44796,19441
1685452800,0,1,0,0,344,4006,5905,7736,9245,44707,19413,9579,9806,12092,13992,44706,19428
1685452806,0,1,0,0,345,4009,5902,7746,9260,44666,19419,9593,9828,12124,14020,44672,19420
1685452812,0,1,0,0,345,4012,5907,7747,9274,44646,19443,9610,9859,12158,14071,44668,19437
1685452818,0,1,0,0,350,4018,5914,7760,9300,44683,19461,9639,9897,12203,14131,44675,19461
1685452824,0,1,0,0,350,4021,5921,7772,9319,44701,19492,9673,9926,12258,14194,44709,19495
1685452830,0,1,0,0,350,4023,5923,7779,9331,44699,19523,9697,9957,12305,14246,44712,19534
1685452836,0,1,0,0,350,4020,5918,7778,9334,44660,19556,9712,9979,12335,14286,44665,19564
1685452842,0,1,0,0,351,4028,5931,7801,9365,44755,19623,9750,10018,12387,14365,44763,19623
1685452848,0,1,0,0,352,4037,5945,7824,9395,44844,19689,9803,10069,12453,14446,44882,19697
1685452854,0,1,0,0,352,4053,5970,7863,9450,45053,19785,9862,10136,12546,14558,45064,19793
1685452860,0,1,0,0,353,4073,6003,7912,9508,45282,19917,9936,10219,12655,14694,45296,19921
1685452866,0,1,0,0,354,4104,6047,7976,9596,45586,20073,10037,10322,12795,14873,45604,20086
1685452872,0,1,0,0,355,4133,6090,8037,9674,45931,20239,10127,10428,12929,15034,45953,20253
1685452878,0,1,0,0,400,4182,6164,8139,9806,46452,20464,10260,10573,13121,15263,46481,20487
1685452884,0,1,0,0,402,4235,6253,8257,9949,47042,20728,10424,10745,13353,15537,47060,20738
1685452890,0,1,0,0,403,4276,6315,8345,10062,47567,20974,10556,10883,13534,15756,47581,20998
1685452896,0,1,0,0,404,4337,6402,8473,10218,48241,21250,10735,11076,13783,16057,48273,21285
1685452902,0,1,0,0,410,4396,6496,8603,10378,48893,21560,10909,11263,14022,16349,48931,21567
1685452908,0,1,0,0,412,4444,6568,8706,10512,49523,21832,11054,11419,14227,16589,49558,21852
1685452914,0,1,0,0,414,4495,6644,8814,10649,50134,22119,11207,11590,14446,16858,50172,22140
1685452920,0,1,0,0,421,4554,6735,8940,10810,50803,22418,11390,11783,14697,17160,50845,22440
1685452926,0,1,0,0,423,4606,6812,9046,10941,51336,22682,11530,11927,14890,17392,51357,22704
1685452932,0,1,0,0,424,4651,6882,9140,11060,51867,22930,11664,12075,15078,17612,51858,22946
1685452938,0,1,0,0,430,4697,6949,9235,11193,52410,23185,11810,12228,15278,17852,52432,23201
1685452944,0,1,0,0,432,4759,7043,9365,11354,53076,23467,11982,12410,15520,18140,53117,23480
1685452950,0,1,0,0,434,4810,7123,9468,11488,53636,23707,12124,12564,15718,18357,53666,23726
1685452956,0,1,0,0,440,4853,7188,9562,11610,54162,23933,12248,12699,15887,18562,54163,23950
1685452962,0,1,0,0,441,4897,7255,9651,11719,54658,24148,12376,12834,16062,18771,54671,24179
1685452968,0,1,0,0,443,4957,7350,9779,11877,55326,24447,12554,13021,16308,19049,55378,24464
1685452974,0,1,0,0,445,5015,7438,9903,12030,56006,24718,12719,13191,16530,19312,56011,24739
1685452980,0,1,0,0,451,5068,7525,10017,12169,56624,24983,12873,13356,16743,19559,56629,24995
1685452986,0,1,0,0,453,5121,7603,10137,12313,57235,25237,13026,13515,16952,19821,57240,25243
1685452992,0,1,0,0,455,5209,7749,10326,12546,58036,25555,13299,13797,17314,20255,58160,25586
1685452998,0,1,0,0,501,5236,7782,10378,12609,58387,25748,13404,13904,17447,20417,58527,25768
1685453004,0,1,0,0,502,5269,7835,10450,12709,58803,25939,13457,13970,17519,20518,58821,25942
1685453010,0,1,0,0,504,5320,7913,10566,12842,59351,26179,13610,14133,17732,20773,59367,26198
1685453016,0,1,0,0,505,5358,7969,10640,12941,59766,26401,13726,14261,17888,20958,59798,26414
1685453022,0,1,0,0,511,5407,8039,10739,13065,60268,26666,13867,14409,18077,21206,60268,26685
1685453028,0,1,0,0,513,5459,8123,10859,13201,60841,26941,14022,14588,18293,21478,60875,26964
1685453034,0,1,0,0,520,5515,8210,10974,13346,61476,27262,14187,14768,18521,21749,61516,27291
1685453040,0,1,0,0,524,5627,8382,11215,13644,62525,27724,14487,15087,18928,22258,62548,27738
1685453046,0,1,0,0,525,5660,8423,11275,13730,63098,28073,14608,15225,19110,22471,63175,28091
1685453052,0,1,0,0,532,5744,8548,11452,13951,64123,28524,14853,15490,19442,22874,64155,28551
1685453058,0,1,0,0,535,5821,8667,11611,14147,65058,28968,15082,15744,19763,23266,65160,29019
1685453064,0,1,0,0,541,5903,8786,11784,14368,65535,29421,15315,15987,20087,23642,65535,29460
1685453070,0,1,0,0,544,5974,8900,11932,14561,65535,29842,15521,16204,20370,23982,65535,29857
1685453076,0,1,0,0,551,6052,9019,12096,14759,65535,30264,15740,16438,20680,24336,65535,30294
1685453082,0,1,0,0,553,6110,9102,12209,14920,65535,30654,15891,16611,20892,24585,65535,30682
1685453088,0,1,0,0,555,6180,9207,12371,15098,65535,31086,16120,16848,21200,24957,65535,31102
1685453094,0,1,0,0,1002,6245,9306,12502,15261,65535,31473,16345,17075,21505,25311,65535,31524
1685453100,0,1,0,0,1010,6384,9534,12801,15627,65535,32001,16766,17510,22069,25972,65535,32086
1685453106,0,1,0,0,1012,6409,9565,12852,15693,65535,32266,16725,17485,21997,25923,65535,32268
1685453112,0,1,0,0,1014,6448,9617,12924,15797,65535,32598,16868,17639,22201,26158,65535,32646
1685453118,0,1,0,0,1021,6525,9734,13079,15982,65535,33054,17092,17883,22488,26522,65535,33077
1685453124,0,1,0,0,1024,6601,9848,13244,16186,65535,33502,17310,18110,22782,26878,65535,33524
1685453130,0,1,0,0,1031,6679,9971,13410,16376,65535,33921,17526,18347,23076,27241,65535,33954
1685453136,0,1,0,0,1034,6787,10138,13630,16658,65535,34417,17859,18694,23517,27784,65535,34476
1685453142,0,1,0,0,1042,6915,10333,13894,16981,65535,34938,18159,19024,23916,28265,65535,34982
1685453148,0,1,0,0,1043,6994,10454,14065,17185,65535,35339,18492,19394,24374,28820,65535,35461
1685453154,0,1,0,0,1050,7105,10615,14281,17445,65535,35788,18663,19574,24590,29078,65535,35817
1685453160,0,1,0,0,1051,7164,10695,14396,17589,65535,36164,18800,19746,24788,29324,65535,36200
1685453166,0,1,0,0,1054,7255,10832,14582,17810,65535,36600,19063,20026,25132,29728,65535,36648
1685453172,0,1,0,0,1101,7365,10986,14806,18074,65535,37094,19325,20310,25478,30154,65535,37136
1685453178,0,1,0,0,1105,7510,11211,15102,18435,65535,37730,19733,20746,26020,30797,65535,37787
1685453184,0,1,0,0,1113,7635,11402,15358,18731,65535,38302,20067,21101,26470,31297,65535,38370
1685453190,0,1,0,0,1120,7782,11629,15663,19105,65535,38956,20442,21495,26971,31898,65535,39005
1685453196,0,1,0,0,1123,7915,11840,15952,19442,65535,39541,20790,21868,27434,32417,65535,39585
1685453202,0,1,0,0,1125,8006,11967,16129,19654,65535,39971,21026,22123,27750,32805,65535,40006
1685453208,0,1,0,0,1133,8120,12155,16373,19936,65535,40448,21322,22435,28129,33246,65535,40477
1685453214,0,1,0,0,1141,8239,12333,16624,20228,65535,40972,21643,22764,28555,33770,65535,41047
1685453220,0,1,0,0,1145,8358,12511,16863,20507,65535,41559,21945,23103,28953,34251,65535,41616
1685453226,0,1,0,0,1153,8479,12698,17129,20820,65535,42145,22279,23451,29391,34786,65535,42200
1685453232,0,1,0,0,1200,8568,12849,17314,21034,65535,42660,22524,23680,29692,35147,65535,42706
1685453238,0,1,0,0,1204,8652,12981,17493,21247,65535,43147,22761,23928,29996,35531,65535,43200
1685453244,0,1,0,0,1212,8742,13126,17690,21492,65535,43668,23022,24219,30337,35958,65535,43694
1685453250,0,1,0,0,1220,8876,13333,17966,21838,65535,44388,23398,24624,30841,36573,65535,44470
1685453256,0,1,0,0,1223,8954,13446,18126,22040,65535,44974,23614,24845,31137,36928,65535,45024
1685453262,0,1,0,0,1232,9002,13529,18231,22173,65535,45511,23765,25033,31324,37202,65535,45574
1685453268,0,1,0,0,1235,9073,13628,18371,22370,65535,46117,23965,25243,31597,37508,65535,46139
1685453274,0,1,0,0,1242,9129,13724,18482,22521,65535,46640,24142,25428,31829,37847,65535,46723
1685453280,0,1,0,0,1242,9149,13747,18530,22600,65535,46980,24229,25537,31952,37983,65535,47070
1685453286,0,1,0,0,1245,9194,13804,18615,22710,65535,47378,24333,25659,32098,38129,65535,47405
1685453292,0,1,0,0,1251,9203,13827,18624,22756,65535,47656,24368,25709,32163,38198,65535,47705
1685453298,0,1,0,0,1253,9221,13847,18646,22811,65535,47972,24426,25799,32271,38308,65535,48012
1685453304,0,1,0,0,1255,9260,13897,18737,22934,65535,48440,24563,25963,32479,38546,65535,48471
1685453310,0,1,0,0,1302,9273,13903,18752,22979,65535,48786,24606,26019,32593,38644,65535,48830
1685453316,0,1,0,0,1305,9317,13960,18826,23120,65535,49232,24745,26197,32811,38907,65535,49303
1685453322,0,1,0,0,1312,9332,13977,18863,23166,65535,49595,24819,26288,32937,39051,65535,49632
1685453328,0,1,0,0,1314,9378,14031,18942,23282,65535,49975,24954,26456,33115,39266,65535,50048
1685453334,0,1,0,0,1315,9432,14103,19053,23438,65535,50396,25109,26652,33379,39568,65535,50469
1685453340,0,1,0,0,1320,9492,14202,19172,23618,65535,50869,25276,26851,33658,39924,65535,50919
1685453346,0,1,0,0,1322,9527,14247,19256,23730,65535,51262,25419,27013,33765,40173,65535,51305
1685453352,0,1,0,0,1323,9562,14293,19322,23825,65535,51640,25539,27145,33963,40381,65535,51715
1685453358,0,1,0,0,1325,9577,14313,19356,23880,65535,51969,25593,27231,34061,40544,65535,52008
1685453364,0,1,0,0,1335,9712,14529,19648,24254,65535,52470,26220,27883,34900,41526,65535,52747
1685453370,0,1,0,0,1402,10051,15036,20314,25099,65535,53318,26977,28704,35942,42801,65535,53483
1685453376,0,1,0,0,1353,9881,14764,19969,24679,65535,53380,26477,28200,35300,42033,65535,53404
1685453382,0,1,0,0,1351,9789,14614,19780,24467,65535,53376,26237,27978,35008,41708,65535,53410
1685453388,0,1,0,0,1351,9762,14545,19697,24422,65535,53570,26190,27970,34990,41663,65535,53595
1685453394,0,1,0,0,1352,9776,14542,19696,24435,65535,53797,26218,28052,35086,41769,65535,53843
1685453400,0,1,0,0,1355,9803,14585,19755,24532,65535,54094,26318,28181,35235,41946,65535,54122
1685453406,0,1,0,0,1401,9829,14609,19789,24611,65535,54321,26402,28291,35386,42126,65535,54377
1685453412,0,1,0,0,1402,9857,14645,19841,24700,65535,54607,26490,28406,35540,42275,65535,54649
1685453418,0,1,0,0,1404,9897,14698,19926,24809,65535,54914,26610,28554,35726,42516,65535,54958
1685453424,0,1,0,0,1410,9901,14688,19921,24825,65535,55182,26607,28565,35747,42522,65535,55197
1685453430,0,1,0,0,1411,9925,14724,19965,24903,65535,55461,26719,28704,35917,42744,65535,55525
1685453436,0,1,0,0,1412,9924,14712,19966,24904,65535,55645,26728,28706,35923,42764,65535,55650
1685453442,0,1,0,0,1412,9962,14773,20049,25017,65535,55827,26813,28807,36064,42916,65535,55832
1685453448,0,1,0,0,1412,9946,14742,19996,24970,65535,55882,26797,28805,36036,42872,65535,55893
1685453454,0,1,0,0,1412,9956,14756,20017,24989,65535,55888,26809,28827,36066,42884,65535,55907
1685453460,0,1,0,0,1411,9940,14723,19975,24926,65535,55839,26743,28735,35962,42738,65535,55853
1685453466,0,1,0,0,1410,9911,14676,19912,24844,65535,55698,26693,28694,35886,42634,65535,55742
1685453472,0,1,0,0,1410,9908,14674,19899,24835,65535,55585,26651,28628,35808,42539,65535,55611
1685453478,0,1,0,0,1405,9877,14618,19824,24738,65535,55391,26527,28493,35624,42329,65535,55401
1685453484,0,1,0,0,1403,9848,14571,19767,24641,65535,55238,26415,28372,35443,42090,65535,55212
1685453490,0,1,0,0,1402,9811,14509,19674,24526,65535,55010,26308,28242,35297,41899,65535,55033
1685453496,0,1,0,0,1402,9801,14499,19653,24469,65535,54877,26224,28134,35138,41724,65535,54883
1685453502,0,1,0,0,1400,9802,14498,19643,24466,65535,54788,26194,28108,35061,41634,65535,54773
1685453508,0,1,0,0,1355,9764,14435,19554,24354,65535,54601,26098,27982,34897,41436,65535,54606
1685453514,0,1,0,0,1353,9698,14338,19402,24149,65535,54324,25883,27768,34577,41067,65535,54334
1685453520,0,1,0,0,1353,9718,14371,19451,24198,65535,54231,25904,27753,34609,41035,65535,54238
1685453526,0,1,0,0,1352,9710,14365,19435,24173,65535,54090,25845,27693,34491,40916,65535,54111
1685453532,0,1,0,0,1351,9635,14247,19275,23953,65535,53822,25685,27529,34269,40614,65535,53872
1685453538,0,1,0,0,1345,9639,14256,19278,23953,65535,53777,25650,27479,34202,40541,65535,53823
1685453544,0,1,0,0,1344,9646,14270,19312,23954,65535,53824,25677,27478,34195,40554,65535,53819
1685453550,0,1,0,0,1351,9726,14419,19481,24164,65535,54017,25826,27608,34363,40731,65535,54001
1685453556,0,1,0,0,1350,9656,14308,19328,23978,65535,53860,25590,27367,34020,40358,65535,53865
1685453562,0,1,0,0,1345,9610,14237,19246,23848,65535,53814,25360,27140,33677,39969,65535,53726
1685453568,0,1,0,0,1343,9612,14239,19230,23823,65535,53905,25481,27246,33806,40115,65535,53897
1685453574,0,1,0,0,1340,9586,14190,19177,23746,65535,53934,25406,27150,33701,39965,65535,53924
1685453580,0,1,0,0,1341,9607,14221,19215,23779,65535,53990,25474,27205,33747,40058,65535,54050
1685453586,0,1,0,0,1343,9647,14293,19318,23899,65535,54139,25578,27305,33904,40211,65535,54128
1685453592,0,1,0,0,1343,9637,14282,19279,23853,65535,54147,25529,27257,33801,40093,65535,54160
1685453598,0,1,0,0,1350,9683,14347,19366,23966,65535,54318,25693,27438,34021,40355,65535,54408
1685453604,0,1,0,0,1344,9635,14267,19263,23845,65535,54353,25546,27274,33811,40118,65535,54399
1685453610,0,1,0,0,1350,9718,14395,19438,24051,65535,54664,25748,27501,34107,40428,65535,54729
1685453616,0,1,0,0,1351,9755,14459,19518,24151,65535,54885,25973,27709,34374,40741,65535,55030
1685453622,0,1,0,0,1353,9808,14534,19634,24276,65535,55058,26040,27798,34459,40855,65535,55152
1685453628,0,1,0,0,1402,9925,14730,19874,24571,65535,55551,26391,28147,34946,41374,65535,55629
1685453634,0,1,0,0,1400,9918,14704,19849,24556,65535,55689,26301,28069,34792,41246,65535,55732
1685453640,0,1,0,0,1402,9976,14793,19972,24694,65535,55979,26469,28226,35031,41480,65535,56053
1685453646,0,1,0,0,1404,10045,14903,20135,24888,65535,56328,26662,28457,35291,41780,65535,56392
1685453652,0,1,0,0,1410,10114,15019,20268,25081,65535,56692,26878,28692,35588,42151,65535,56757
1685453658,0,1,0,0,1413,10185,15122,20407,25246,65535,57051,27054,28866,35802,42385,65535,57128
1685453664,0,1,0,0,1415,10257,15224,20567,25413,65535,57498,27272,29097,36070,42727,65535,57564
1685453670,0,1,0,0,1422,10342,15365,20748,25648,65535,57981,27510,29347,36386,43094,65535,58033
1685453676,0,1,0,0,1424,10427,15480,20919,25849,65535,58433,27739,29592,36720,43466,65535,58514
1685453682,0,1,0,0,1431,10505,15613,21081,26053,65535,58882,27970,29830,37018,43815,65535,58916
1685453688,0,1,0,0,1434,10598,15748,21275,26312,65535,59300,28218,30101,37343,44231,65535,59311
1685453694,0,1,0,0,1441,10682,15889,21460,26536,65535,59691,28476,30367,37709,44643,65535,59746
1685453700,0,1,0,0,1445,10783,16038,21676,26788,65535,60204,28783,30687,38121,45102,65535,60272
1685453706,0,1,0,0,1452,10857,16150,21827,26989,65535,60610,28984,30929,38408,45431,65535,60672
1685453712,0,1,0,0,1500,10947,16287,22007,27224,65535,61100,29236,31224,38785,45866,65535,61157
1685453718,0,1,0,0,1504,11058,16461,22238,27523,65535,61708,29569,31569,39220,46379,65535,61758
1685453724,0,1,0,0,1512,11182,16646,22511,27855,65535,62326,29920,31950,39687,46979,65535,62377
1685453730,0,1,0,0,1515,11298,16817,22735,28135,65535,62899,30251,32305,40136,47482,65535,63000
1685453736,0,1,0,0,1524,11408,16985,22967,28432,65535,63470,30551,32638,40552,48002,65535,63562
1685453742,0,1,0,0,1532,11528,17166,23211,28724,65535,64098,30884,33005,41015,48525,65535,64166
1685453748,0,1,0,0,1541,11647,17349,23461,29038,65535,64740,31268,33413,41533,49117,65535,64834
1685453754,0,1,0,0,1545,11775,17534,23728,29382,65535,65398,31580,33703,41937,49665,65535,65474
1685453760,0,1,0,0,1554,11898,17713,23969,29655,65535,65535,31899,34100,42381,50176,65535,65535
1685453766,0,1,0,0,2003,12043,17938,24277,30039,65535,65535,32313,34545,42941,50787,65535,65535
1685453772,0,1,0,0,2011,12161,18111,24506,30333,65535,65535,32631,34895,43356,51299,65535,65535
1685453778,0,1,0,0,2020,12316,18340,24820,30720,65535,65535,33061,35351,43950,51986,65535,65535
1685453784,0,1,0,0,2034,12617,18813,25463,31519,65535,65535,33808,36169,44958,53250,65535,65535
1685453790,0,1,0,0,2033,12653,18849,25513,31570,65535,65535,33927,36311,45130,53388,65535,65535
1685453796,0,1,0,0,2040,12730,18959,25668,31758,65535,65535,34199,36590,45459,53827,65535,65535
1685453802,0,1,0,0,2050,12923,19263,26079,32258,65535,65535,34705,37133,46134,54603,65535,65535
1685453808,0,1,0,0,2054,13098,19536,26448,32669,65535,65535,35111,37554,46660,55243,65535,65535
1685453814,0,1,0,0,2104,13193,19683,26634,32906,65535,65535,35276,37725,46854,55443,65535,65535
1685453820,0,1,0,0,2110,13257,19774,26755,33061,65535,65535,35578,38026,47239,55941,65535,65535
1685453826,0,1,0,0,2111,13302,19822,26826,33149,65535,65535,35674,38156,47364,56058,65535,65535
1685453832,0,1,0,0,2114,13402,19976,27025,33392,65535,65535,35903,38404,47645,56410,65535,65535
1685453838,0,1,0,0,2121,13502,20122,27211,33635,65535,65535,36143,38645,47970,56810,65535,65535
1685453844,0,1,0,0,2124,13593,20240,27408,33807,65535,65535,36368,38889,48270,57154,65535,65535
1685453850,0,1,0,0,2131,13678,20377,27557,33983,65535,65535,36545,39099,48438,57397,65535,65535
1685453856,0,1,0,0,2133,13740,20458,27662,34115,65535,65535,36706,39267,48666,57613,65535,65535
1685453862,0,1,0,0,2135,13789,20525,27753,34235,65535,65535,36794,39366,48755,57725,65535,65535
1685453868,0,1,0,0,2142,13840,20589,27839,34336,65535,65535,36883,39463,48856,57804,65535,65535
1685453874,0,1,0,0,2144,13881,20646,27889,34398,65535,65535,36953,39538,48932,57900,65535,65535
1685453880,0,1,0,0,2145,13918,20689,27956,34476,65535,65535,36990,39585,48944,57945,65535,65535
1685453886,0,1,0,0,2151,13934,20711,27956,34478,65535,65535,36982,39558,48943,57870,65535,65535
1685453892,0,1,0,0,2151,13945,20697,27947,34484,65535,65535,36959,39567,48875,57795,65535,65535
1685453898,0,1,0,0,2152,13955,20710,27954,34475,65535,65535,36930,39543,48825,57690,65535,65535
1685453904,0,1,0,0,2152,13949,20687,27904,34411,65535,65535,36821,39437,48649,57518,65535,65535
1685453910,0,1,0,0,2153,13952,20687,27907,34390,65535,65535,36804,39421,48601,57456,65535,65535
1685453916,0,1,0,0,2153,13941,20648,27859,34343,65535,65535,36740,39350,48528,57308,65535,65535
1685453922,0,1,0,0,2152,13943,20675,27875,34356,65535,65535,36729,39321,48483,57257,65535,65535
1685453928,0,1,0,0,2145,13886,20562,27718,34141,65535,65535,36416,39030,48080,56716,65535,65535
1685453934,0,1,0,0,2142,13846,20491,27627,34026,65535,65535,36326,38914,47937,56538,65535,65535
1685453940,0,1,0,0,2143,13882,20570,27703,34124,65535,65535,36412,38981,48013,56653,65535,65535
1685453946,0,1,0,0,2142,13857,20525,27640,34016,65535,65535,36348,38918,47893,56508,65535,65535
1685453952,0,1,0,0,2141,13842,20516,27616,33962,65535,65535,36281,38826,47777,56336,65535,65535
1685453958,0,1,0,0,2142,13813,20476,27567,33897,65535,65535,36223,38744,47690,56213,65535,65535
1685453964,0,1,0,0,2135,13800,20475,27549,33822,65535,65535,36137,38634,47538,56051,65535,65535
1685453970,0,1,0,0,2133,13770,20441,27498,33719,65535,65535,36046,38512,47381,55853,65535,65535
1685453976,0,1,0,0,2130,13734,20395,27434,33666,65535,65535,35917,38352,47182,55584,65535,65535
1685453982,0,1,0,0,2124,13698,20351,27351,33564,65535,65535,35772,38145,46923,55284,65535,65535
1685453988,0,1,0,0,2121,13630,20250,27231,33345,65535,65535,35579,37916,46649,54911,65535,65535
1685453994,0,1,0,0,2113,13558,20174,27092,33157,65535,65535,35363,37660,46313,54535,65535,65535
1685454000,0,1,0,0,2105,13467,20047,26917,32902,65535,65535,35084,37370,45931,54062,65535,65535
1685454006,0,1,0,0,2102,13379,19922,26731,32647,65535,65535,34838,37072,45563,53598,65535,65535
1685454012,0,1,0,0,2054,13287,19784,26531,32397,65535,65535,34540,36730,45138,53045,65535,65535
1685454018,0,1,0,0,2050,13188,19641,26327,32131,65535,65535,34261,36412,44718,52544,65535,65535
1685454024,0,1,0,0,2042,13086,19496,26130,31854,65535,65535,33965,36088,44318,52035,65535,65535
1685454030,0,1,0,0,2040,13020,19409,25994,31669,65535,65535,33849,35930,44128,51810,65535,65535
1685454036,0,1,0,0,2035,13019,19445,26023,31691,65535,65535,33666,35677,43829,51398,65535,65535
1685454042,0,1,0,0,2024,12780,19035,25468,31022,65535,65535,33019,34992,42961,50397,65535,65535
1685454048,0,1,0,0,2015,12651,18846,25233,30694,65535,65535,32717,34660,42567,49874,65535,65535
1685454054,0,1,0,0,2005,12544,18676,24993,30408,65535,64873,32366,34270,42052,49262,65535,64886
1685454060,0,1,0,0,2002,12447,18536,24772,30146,65535,64159,32064,33933,41637,48740,65535,64155
1685454066,0,1,0,0,1554,12325,18351,24512,29815,65535,63411,31727,33618,41185,48155,65535,63368
1685454072,0,1,0,0,1550,12231,18207,24313,29582,65535,62736,31432,33289,40785,47652,65535,62734
1685454078,0,1,0,0,1542,12124,18041,24085,29289,65535,62027,31135,32953,40363,47158,65535,62025
1685454084,0,1,0,0,1534,12020,17888,23885,29029,65535,61405,30841,32631,39976,46648,65535,61400
1685454090,0,1,0,0,1531,11915,17713,23649,28743,65535,60728,30530,32281,39516,46142,65535,60741
1685454096,0,1,0,0,1523,11811,17552,23421,28465,65535,60078,30242,31981,39131,45633,65535,60112
1685454102,0,1,0,0,1515,11714,17410,23215,28213,65535,59510,29942,31638,38692,45150,65535,59514
1685454108,0,1,0,0,1512,11638,17282,23058,28016,65535,58963,29731,31421,38390,44760,65535,58968
1685454114,0,1,0,0,1505,11556,17168,22885,27794,65535,58450,29482,31160,38065,44348,65535,58482
1685454120,0,1,0,0,1502,11473,17042,22719,27600,65535,57956,29254,30907,37750,43973,65535,57984
1685454126,0,1,0,0,1500,11400,16921,22548,27396,65535,57526,29070,30674,37442,43645,65535,57500
1685454132,0,1,0,0,1453,11329,16815,22399,27198,65535,57043,28855,30465,37174,43295,65535,57096
1685454138,0,1,0,0,1451,11281,16741,22300,27062,65535,56673,28678,30278,36921,43010,65535,56670
1685454144,0,1,0,0,1443,11217,16646,22159,26912,65535,56437,28562,30142,36767,42806,65535,56482
1685454150,0,1,0,0,1441,11155,16542,22035,26742,65535,56091,28295,29878,36415,42353,65535,56049
1685454156,0,1,0,0,1441,11130,16514,21986,26673,65535,55820,28237,29799,36298,42267,65535,55829
1685454162,0,1,0,0,1440,11100,16466,21915,26591,65535,55578,28173,29731,36216,42137,65535,55607
1685454168,0,1,0,0,1435,11078,16437,21876,26509,65535,55392,28081,29612,36075,41964,65535,55410
1685454174,0,1,0,0,1433,11039,16375,21791,26420,65535,55152,27968,29505,35915,41743,65535,55180
1685454180,0,1,0,0,1432,11033,16364,21773,26375,65535,54998,27914,29426,35804,41652,65535,54985
1685454186,0,1,0,0,1433,11070,16425,21857,26475,65535,54944,28005,29500,35904,41750,65535,54946
1685454192,0,1,0,0,1431,11019,16333,21741,26331,65535,54760,27874,29376,35730,41519,65535,54812
1685454198,0,1,0,0,1430,11002,16312,21695,26264,65535,54690,27828,29318,35636,41418,65535,54726
1685454204,0,1,0,0,1425,10997,16302,21682,26247,65535,54643,27760,29250,35547,41306,65535,54609
1685454210,0,1,0,0,1425,10997,16306,21687,26249,65535,54558,27773,29241,35539,41266,65535,54615
1685454216,0,1,0,0,1425,11014,16326,21708,26259,65535,54592,27799,29270,35551,41283,65535,54604
1685454222,0,1,0,0,1422,10965,16230,21601,26133,65535,54503,27584,29064,35261,40940,65535,54425
1685454228,0,1,0,0,1422,11000,16294,21665,26194,65535,54578,27710,29174,35409,41120,65535,54561
1685454234,0,1,0,0,1430,11079,16426,21848,26387,65535,54766,27873,29324,35595,41331,65535,54739
1685454240,0,1,0,0,1425,11112,16487,21909,26472,65535,54854,28009,29465,35733,41505,65535,54865
1685454246,0,1,0,0,1425,11122,16495,21941,26479,65535,54938,28038,29490,35762,41513,65535,54975
1685454252,0,1,0,0,1430,11167,16568,22026,26597,65535,55121,28136,29576,35872,41633,65535,55153
1685454258,0,1,0,0,1431,11198,16618,22105,26674,65535,55287,28217,29666,35968,41736,65535,55321
1685454264,0,1,0,0,1432,11226,16675,22157,26725,65535,55488,28300,29736,36055,41872,65535,55535
1685454270,0,1,0,0,1432,11256,16710,22220,26806,65535,55633,28364,29803,36122,41943,65535,55670
1685454276,0,1,0,0,1434,11283,16764,22277,26872,65535,55814,28462,29892,36232,42062,65535,55852
1685454282,0,1,0,0,1434,11299,16779,22315,26913,65535,55999,28487,29922,36257,42101,65535,56017
1685454288,0,1,0,0,1435,11337,16840,22406,27018,65535,56194,28603,30036,36400,42267,65535,56237
1685454294,0,1,0,0,1440,11362,16872,22455,27077,65535,56371,28657,30111,36464,42342,65535,56424
1685454300,0,1,0,0,1441,11383,16919,22500,27123,65535,56555,28742,30169,36552,42453,65535,56595
1685454306,0,1,0,0,1440,11389,16931,22527,27155,65535,56690,28761,30203,36579,42469,65535,56710
1685454312,0,1,0,0,1434,11362,16874,22466,27081,65535,56720,28724,30150,36520,42417,65535,56793
1685454318,0,1,0,0,1440,11374,16913,22513,27138,65535,56793,28769,30192,36589,42469,65535,56845
1685454324,0,1,0,0,1442,11422,16995,22613,27264,65535,56970,28901,30330,36743,42650,65535,57041
1685454330,0,1,0,0,1443,11433,17014,22648,27287,65535,57061,28929,30350,36786,42672,65535,57098
1685454336,0,1,0,0,1443,11444,17035,22684,27342,65535,57168,28979,30395,36842,42760,65535,57228
1685454342,0,1,0,0,1443,11458,17077,22733,27398,65535,57290,29044,30478,36925,42830,65535,57305
1685454348,0,1,0,0,1444,11461,17085,22726,27405,65535,57306,29061,30477,36952,42855,65535,57349
1685454354,0,1,0,0,1444,11460,17086,22745,27424,65535,57312,29075,30492,36960,42882,65535,57336
1685454360,0,1,0,0,1444,11451,17093,22745,27414,65535,57278,29089,30490,36993,42897,65535,57344
1685454366,0,1,0,0,1444,11444,17076,22730,27411,65535,57235,29073,30477,36939,42867,65535,57271
1685454372,0,1,0,0,1444,11437,17077,22751,27418,65535,57222,29083,30470,36962,42856,65535,57252
1685454378,0,1,0,0,1444,11445,17089,22747,27416,65535,57157,29093,30476,36975,42838,65535,57220
1685454384,0,1,0,0,1444,11448,17103,22762,27445,65535,57150,29123,30498,37002,42869,65535,57203
1685454390,0,1,0,0,1444,11453,17115,22782,27467,65535,57134,29119,30505,37006,42877,65535,57174
1685454396,0,1,0,0,1444,11455,17119,22783,27462,65535,57148,29167,30541,37054,42924,65535,57141
1685454402,0,1,0,0,1445,11468,17141,22822,27510,65535,57114,29203,30587,37094,42965,65535,57168
1685454408,0,1,0,0,1445,11474,17154,22844,27535,65535,57121,29219,30577,37098,42969,65535,57137
1685454414,0,1,0,0,1445,11489,17182,22880,27574,65535,57070,29260,30633,37152,43026,65535,57096
1685454420,0,1,0,0,1450,11511,17219,22925,27611,65535,57035,29310,30677,37227,43065,65535,57094
1685454426,0,1,0,0,1450,11521,17242,22957,27651,65535,56981,29337,30715,37227,43104,65535,57010
1685454432,0,1,0,0,1450,11538,17266,22977,27686,65535,56902,29378,30736,37287,43105,65535,56935
1685454438,0,1,0,0,1451,11541,17279,22995,27681,65535,56762,29369,30720,37220,43084,65535,56775
1685454444,0,1,0,0,1450,11547,17281,22989,27681,65535,56590,29354,30716,37223,43030,65535,56591
1685454450,0,1,0,0,1450,11547,17280,22997,27672,65535,56386,29334,30673,37144,42939,65535,56404
1685454456,0,1,0,0,1450,11547,17290,22990,27647,65535,56164,29290,30638,37077,42852,65535,56209
1685454462,0,1,0,0,1450,11540,17275,22966,27616,65535,55921,29242,30575,36983,42711,65535,55947
1685454468,0,1,0,0,1445,11530,17261,22938,27547,65535,55689,29141,30452,36835,42512,65535,55670
1685454474,0,1,0,0,1444,11526,17244,22911,27537,65535,55484,29126,30422,36787,42456,65535,55500
1685454480,0,1,0,0,1443,11530,17250,22910,27501,65535,55259,29089,30371,36713,42325,65535,55316
1685454486,0,1,0,0,1442,11519,17239,22874,27466,65535,55047,29029,30316,36610,42189,65535,55022
1685454492,0,1,0,0,1443,11521,17235,22866,27438,65535,54825,28987,30252,36528,42085,65535,54814
1685454498,0,1,0,0,1442,11522,17235,22863,27409,65535,54631,28929,30210,36444,41976,65535,54615
1685454504,0,1,0,0,1441,11511,17226,22830,27373,65535,54419,28876,30130,36339,41821,65535,54433
1685454510,0,1,0,0,1441,11505,17219,22810,27324,65535,54217,28827,30055,36253,41705,65535,54230
1685454516,0,1,0,0,1442,11477,17175,22736,27245,65535,53970,28754,29971,36135,41533,65535,54027
1685454522,0,1,0,0,1441,11470,17159,22718,27184,65535,53710,28640,29849,35937,41334,65535,53697
1685454528,0,1,0,0,1434,11428,17096,22600,27043,65535,53303,28487,29683,35719,41070,65535,53311
1685454534,0,1,0,0,1433,11406,17067,22549,26967,65535,52969,28367,29544,35527,40813,65535,52945
1685454540,0,1,0,0,1432,11392,17038,22518,26900,65535,52602,28377,29531,35497,40758,65535,52644
1685454546,0,1,0,0,1430,11347,16962,22403,26754,65535,52187,28112,29249,35137,40310,65535,52163
1685454552,0,1,0,0,1425,11314,16923,22335,26652,65535,51799,27965,29089,34927,40016,65535,51822
1685454558,0,1,0,0,1423,11269,16847,22217,26490,65535,51417,27802,28912,34690,39710,65535,51446
1685454564,0,1,0,0,1421,11229,16787,22111,26355,65535,51005,27623,28698,34425,39403,65535,51003
1685454570,0,1,0,0,1420,11185,16714,22002,26220,65535,50579,27478,28545,34205,39126,65535,50557
1685454576,0,1,0,0,1413,11160,16671,21937,26109,65535,50177,27325,28358,33976,38810,65535,50189
1685454582,0,1,0,0,1411,11097,16561,21778,25904,65535,49592,27092,28114,33667,38388,65535,49580
1685454588,0,1,0,0,1404,11023,16449,21618,25699,65535,49057,26887,27869,33347,38028,65535,49071
1685454594,0,1,0,0,1404,11025,16466,21604,25664,65535,48640,26782,27746,33160,37798,65535,48627
1685454600,0,1,0,0,1400,10925,16311,21387,25385,65535,48037,26510,27443,32773,37328,65535,48078
1685454606,0,1,0,0,1353,10876,16220,21260,25228,65535,47520,26255,27167,32413,36858,65535,47482
1685454612,0,1,0,0,1351,10832,16156,21156,25078,65535,46999,26072,26960,32158,36517,65535,47018
1685454618,0,1,0,0,1344,10777,16072,21035,24902,65535,46504,25875,26737,31849,36172,65535,46487
1685454624,0,1,0,0,1342,10734,16003,20930,24752,65535,46028,25680,26520,31565,35797,65535,46031
1685454630,0,1,0,0,1340,10695,15937,20823,24598,65535,45608,25530,26360,31332,35524,65535,45615
1685454636,0,1,0,0,1335,10640,15845,20691,24438,65535,45107,25300,26121,31017,35145,65535,45119
1685454642,0,1,0,0,1332,10601,15791,20608,24314,65535,44739,25209,25975,30828,34876,65535,44744
1685454648,0,1,0,0,1330,10560,15718,20493,24170,65535,44324,25029,25783,30576,34590,65535,44333
1685454654,0,1,0,0,1325,10530,15668,20422,24052,65535,43949,24887,25624,30370,34309,65535,43943
1685454660,0,1,0,0,1322,10497,15617,20337,23942,65535,43589,24758,25471,30169,34062,65535,43589
1685454666,0,1,0,0,1320,10438,15514,20208,23770,65535,43131,24551,25251,29874,33678,65535,43093
1685454672,0,1,0,0,1320,10458,15557,20228,23779,65535,42776,24527,25234,29813,33640,65535,42749
1685454678,0,1,0,0,1312,10364,15408,20031,23517,65535,42294,24263,24930,29456,33184,65535,42300
1685454684,0,1,0,0,1310,10302,15302,19878,23333,65535,41913,24060,24715,29172,32835,65535,41886
1685454690,0,1,0,0,1304,10246,15221,19770,23193,65535,41520,23879,24509,28926,32525,65535,41530
1685454696,0,1,0,0,1302,10198,15138,19653,23033,65535,41177,23725,24351,28707,32263,65535,41187
1685454702,0,1,0,0,1300,10156,15069,19555,22919,65535,40873,23585,24177,28506,32014,65535,40858
1685454708,0,1,0,0,1254,10111,14991,19450,22790,65535,40519,23427,24011,28284,31744,65535,40509
1685454714,0,1,0,0,1252,10061,14908,19328,22644,65535,40177,23262,23835,28062,31476,65535,40183
1685454720,0,1,0,0,1250,9999,14819,19201,22475,65535,39821,23082,23653,27819,31184,65535,39811
1685454726,0,1,0,0,1244,9946,14731,19091,22325,65535,39502,22930,23478,27600,30935,65535,39494
1685454732,0,1,0,0,1242,9887,14648,18969,22190,65535,39146,22764,23306,27387,30654,65535,39134
1685454738,0,1,0,0,1240,9834,14559,18846,22038,65535,38815,22593,23136,27142,30391,65535,38805
1685454744,0,1,0,0,1234,9778,14462,18720,21878,65535,38470,22428,22959,26933,30125,65535,38478
1685454750,0,1,0,0,1232,9727,14391,18608,21734,65535,38124,22268,22782,26710,29871,65535,38141
1685454756,0,1,0,0,1225,9669,14310,18504,21606,65535,37822,22127,22629,26519,29628,65535,37828
1685454762,0,1,0,0,1223,9620,14227,18385,21459,65535,37525,21977,22475,26322,29393,65535,37526
1685454768,0,1,0,0,1221,9556,14120,18257,21310,65535,37230,21807,22284,26087,29110,65535,37252
1685454774,0,1,0,0,1220,9500,14038,18131,21162,65535,36970,21665,22135,25912,28896,65535,36972
1685454780,0,1,0,0,1214,9455,13976,18048,21057,65535,36726,21544,22000,25737,28714,65535,36741
1685454786,0,1,0,0,1211,9416,13905,17968,20944,65535,36505,21429,21889,25584,28539,65535,36507
1685454792,0,1,0,0,1210,9374,13854,17888,20846,65535,36325,21331,21756,25445,28355,65535,36327
1685454798,0,1,0,0,1204,9329,13784,17805,20743,65535,36165,21222,21650,25301,28220,65535,36172
1685454804,0,1,0,0,1204,9326,13783,17801,20723,65535,36079,21206,21618,25260,28166,65535,36081
1685454810,0,1,0,0,1204,9351,13825,17848,20777,65535,36063,21186,21606,25249,28123,65535,36042
1685454816,0,1,0,0,1203,9294,13735,17732,20643,65535,35919,21121,21515,25140,28015,65535,35920
1685454822,0,1,0,0,1200,9218,13616,17583,20467,65535,35790,20966,21359,24959,27814,65535,35804
1685454828,0,1,0,0,1154,9169,13540,17482,20351,65535,35678,20860,21255,24813,27661,65535,35684
1685454834,0,1,0,0,1153,9169,13542,17483,20333,65535,35647,20837,21216,24770,27598,65535,35644
1685454840,0,1,0,0,1153,9150,13518,17446,20299,65535,35582,20785,21175,24702,27525,65535,35614
1685454846,0,1,0,0,1152,9138,13506,17429,20273,65535,35546,20762,21152,24679,27497,65535,35575
1685454852,0,1,0,0,1151,9137,13499,17421,20243,65535,35520,20750,21118,24653,27465,65535,35534
1685454858,0,1,0,0,1151,9128,13479,17402,20228,65535,35510,20728,21095,24606,27423,65535,35522
1685454864,0,1,0,0,1150,9114,13475,17395,20200,65535,35483,20703,21063,24583,27382,65535,35495
1685454870,0,1,0,0,1150,9102,13441,17352,20162,65535,35495,20657,21032,24530,27334,65535,35497
1685454876,0,1,0,0,1145,9107,13451,17371,20178,65535,35540,20679,21035,24535,27339,65535,35546
1685454882,0,1,0,0,1150,9132,13493,17435,20237,65535,35654,20733,21081,24582,27407,65535,35636
1685454888,0,1,0,0,1150,9133,13490,17431,20233,65535,35677,20748,21108,24600,27415,65535,35682
1685454894,0,1,0,0,1145,9128,13474,17399,20203,65535,35690,20720,21078,24565,27392,65535,35706
1685454900,0,1,0,0,1144,9093,13430,17342,20132,65535,35672,20624,20983,24449,27257,65535,35679
1685454906,0,1,0,0,1144,9083,13413,17328,20111,65535,35798,20702,21051,24544,27362,65535,35842
1685454912,0,1,0,0,1150,9153,13528,17467,20266,65535,36034,20813,21170,24677,27515,65535,36046
1685454918,0,1,0,0,1151,9170,13545,17498,20327,65535,36228,20866,21240,24759,27623,65535,36253
1685454924,0,1,0,0,1152,9250,13668,17658,20502,65535,36442,21136,21488,25060,27984,65535,36530
1685454930,0,1,0,0,1155,9307,13758,17782,20640,65535,36732,21179,21544,25126,28068,65535,36734
1685454936,0,1,0,0,1155,9286,13725,17733,20593,65535,36932,21182,21570,25143,28090,65535,36967
1685454942,0,1,0,0,1200,9311,13756,17780,20668,65535,37181,21248,21643,25244,28220,65535,37223
1685454948,0,1,0,0,1201,9353,13816,17863,20772,65535,37471,21373,21774,25387,28396,65535,37493
1685454954,0,1,0,0,1202,9385,13855,17927,20830,65535,37729,21445,21850,25490,28508,65535,37757
1685454960,0,1,0,0,1203,9431,13933,18026,20951,65535,38027,21590,22010,25685,28740,65535,38084
1685454966,0,1,0,0,1205,9479,13999,18112,21056,65535,38320,21703,22138,25826,28923,65535,38352
1685454972,0,1,0,0,1211,9523,14066,18220,21191,65535,38684,21839,22292,26014,29139,65535,38682
1685454978,0,1,0,0,1212,9575,14136,18313,21303,65535,39043,21980,22443,26176,29360,65535,39077
1685454984,0,1,0,0,1215,9636,14231,18427,21461,65535,39467,22144,22621,26400,29624,65535,39520
1685454990,0,1,0,0,1221,9706,14338,18569,21625,65535,39935,22331,22821,26667,29917,65535,39990
1685454996,0,1,0,0,1223,9773,14432,18700,21788,65535,40392,22523,23022,26896,30205,65535,40428
1685455002,0,1,0,0,1230,9839,14522,18836,21965,65535,40865,22732,23251,27165,30531,65535,40919
1685455008,0,1,0,0,1233,9906,14631,18969,22141,65535,41394,22881,23418,27365,30805,65535,41403
1685455014,0,1,0,0,1244,10008,14775,19175,22383,65535,41896,23239,23783,27829,31310,65535,41994
1685455020,0,1,0,0,1245,10095,14910,19352,22602,65535,42454,23415,23987,28090,31601,65535,42481
1685455026,0,1,0,0,1251,10175,15021,19511,22796,65535,43028,23632,24219,28368,31965,65535,43082
1685455032,0,1,0,0,1254,10227,15109,19624,22950,65535,43575,23795,24422,28611,32261,65535,43613
1685455038,0,1,0,0,1301,10315,15226,19793,23177,65535,44131,24034,24677,28942,32645,65535,44207
1685455044,0,1,0,0,1303,10393,15348,19949,23368,65535,44699,24252,24919,29238,32979,65535,44715
1685455050,0,1,0,0,1310,10459,15441,20095,23545,65535,45226,24459,25162,29510,33343,65535,45282
1685455056,0,1,0,0,1313,10526,15536,20208,23711,65535,45766,24639,25331,29755,33658,65535,45808
1685455062,0,1,0,0,1320,10618,15679,20393,23949,65535,46374,24896,25625,30088,34031,65535,46426
1685455068,0,1,0,0,1324,10691,15779,20547,24145,65535,46938,25109,25845,30379,34371,65535,46990
1685455074,0,1,0,0,1330,10763,15884,20691,24316,65535,47464,25259,26057,30628,34652,65535,47494
1685455080,0,1,0,0,1334,10836,15996,20843,24516,65535,48050,25531,26333,30979,35073,65535,48091
1685455086,0,1,0,0,1342,10937,16145,21042,24788,65535,48708,25808,26636,31337,35533,65535,48761
1685455092,0,1,0,0,1350,11040,16301,21250,25039,65535,49382,26099,26963,31749,35998,65535,49435
1685455098,0,1,0,0,1354,11135,16432,21435,25273,65535,50077,26385,27274,32127,36481,65535,50139
1685455104,0,1,0,0,1402,11237,16588,21656,25552,65535,50763,26667,27586,32530,36941,65535,50810
1685455110,0,1,0,0,1410,11344,16739,21868,25816,65535,51317,26977,27927,32949,37397,65535,51359
1685455116,0,1,0,0,1424,11770,17415,22709,26777,65535,52172,27913,28856,34079,38704,65535,52148
1685455122,0,1,0,0,1422,11574,17067,22304,26343,65535,52340,27528,28531,33667,38260,65535,52378
1685455128,0,1,0,0,1424,11615,17124,22383,26455,65535,52694,27658,28663,33811,38460,65535,52737
1685455134,0,1,0,0,1434,11719,17273,22590,26720,65535,53190,27930,28966,34206,38895,65535,53208
1685455140,0,1,0,0,1435,11826,17422,22791,26957,65535,53895,28229,29277,34588,39361,65535,53941
1685455146,0,1,0,0,1443,12018,17742,23184,27432,65535,54605,28486,29546,34925,39748,65535,54492
1685455152,0,1,0,0,1443,11935,17581,23012,27260,65535,54986,28553,29669,35050,39896,65535,54987
1685455158,0,1,0,0,1450,12039,17728,23222,27514,65535,55501,28831,29951,35420,40336,65535,55600
1685455164,0,1,0,0,1453,12118,17852,23378,27701,65535,56125,29050,30214,35725,40712,65535,56177
1685455170,0,1,0,0,1504,12326,18179,23806,28215,65535,56871,29571,30743,36386,41445,65535,56903
1685455176,0,1,0,0,1505,12336,18182,23826,28270,65535,57447,29668,30884,36583,41676,65535,57504
1685455182,0,1,0,0,1513,12427,18302,24019,28532,65535,58234,29959,31223,36978,42192,65535,58305
1685455188,0,1,0,0,1522,12551,18500,24273,28863,65535,59124,30334,31631,37499,42807,65535,59232
1685455194,0,1,0,0,1532,12702,18734,24597,29259,65535,60181,30841,32169,38142,43578,65535,60287
