Timestamp,Amber,White,On,Override,Intensity,AS00,AS01,AS02,AS03,AS04,AS05,AS06,AS07,AS08,AS09,AS10,AS11
1685487600,0,1,0,0,10220,51641,65535,65535,65535,65535,65535,65535,65535,65535,65535,65535,65535
1685487606,0,1,0,0,10215,51641,65535,65535,65535,65535,65535,65535,65535,65535,65535,65535,65535
1685487612,0,1,0,0,10220,51643,65535,65535,65535,65535,65535,65535,65535,65535,65535,65535,65535
1685487618,0,1,0,0,10215,51663,65535,65535,65535,65535,65535,65535,65535,65535,65535,65535,65535
1685487624,0,1,0,0,10220,51677,65535,65535,65535,65535,65535,65535,65535,65535,65535,65535,65535
1685487630,0,1,0,0,10220,51640,65535,65535,65535,65535,65535,65535,65535,65535,65535,65535,65535
1685487636,0,1,0,0,10215,51660,65535,65535,65535,65535,65535,65535,65535,65535,65535,65535,65535
1685487642,0,1,0,0,10214,51596,65535,65535,65535,65535,65535,65535,65535,65535,65535,65535,65535
1685487648,0,1,0,0,10214,51631,65535,65535,65535,65535,65535,65535,65535,65535,65535,65535,65535
1685487654,0,1,0,0,10214,51615,65535,65535,65535,65535,65535,65535,65535,65535,65535,65535,65535
1685487660,0,1,0,0,10213,51565,65535,65535,65535,65535,65535,65535,65535,65535,65535,65535,65535
1685487666,0,1,0,0,10212,51546,65535,65535,65535,65535,65535,65535,65535,65535,65535,65535,65535
1685487672,0,1,0,0,10212,51500,65535,65535,65535,65535,65535,65535,65535,65535,65535,65535,65535
1685487678,0,1,0,0,10213,51508,65535,65535,65535,65535,65535,65535,65535,65535,65535,65535,65535
1685487684,0,1,0,0,10214,51543,65535,65535,65535,65535,65535,65535,65535,65535,65535,65535,65535
1685487690,0,1,0,0,10213,51508,65535,65535,65535,65535,65535,65535,65535,65535,65535,65535,65535
1685487696,0,1,0,0,10214,51510,65535,65535,65535,65535,65535,65535,65535,65535,65535,65535,65535
1685487702,0,1,0,0,10214,51520,65535,65535,65535,65535,65535,65535,65535,65535,65535,65535,65535
1685487708,0,1,0,0,10214,51496,65535,65535,65535,65535,65535,65535,65535,65535,65535,65535,65535
1685487714,0,1,0,0,10214,51543,65535,65535,65535,65535,65535,65535,65535,65535,65535,65535,65535
1685487720,0,1,0,0,10214,51558,65535,65535,65535,65535,65535,65535,65535,65535,65535,65535,65535
1685487726,0,1,0,0,10214,51544,65535,65535,65535,65535,65535,65535,65535,65535,65535,65535,65535
1685487732,0,1,0,0,10214,51522,65535,65535,65535,65535,65535,65535,65535,65535,65535,65535,65535
1685487738,0,1,0,0,10214,51529,65535,65535,65535,65535,65535,65535,65535,65535,65535,65535,65535
1685487744,0,1,0,0,10214,51514,65535,65535,65535,65535,65535,65535,65535,65535,65535,65535,65535
1685487750,0,1,0,0,10214,51494,65535,65535,65535,65535,65535,65535,65535,65535,65535,65535,65535
1685487756,0,1,0,0,10214,51472,65535,65535,65535,65535,65535,65535,65535,65535,65535,65535,65535
1685487762,0,1,0,0,10213,51437,65535,65535,65535,65535,65535,65535,65535,65535,65535,65535,65535
1685487768,0,1,0,0,10212,51448,65535,65535,65535,65535,65535,65535,65535,65535,65535,65535,65535
1685487774,0,1,0,0,10212,51445,65535,65535,65535,65535,65535,65535,65535,65535,65535,65535,65535
1685487780,0,1,0,0,10210,51399,65535,65535,65535,65535,65535,65535,65535,65535,65535,65535,65535
1685487786,0,1,0,0,10204,51349,65535,65535,65535,65535,65535,65535,65535,65535,65535,65535,65535
1685487792,0,1,0,0,10204,51337,65535,65535,65535,65535,65535,65535,65535,65535,65535,65535,65535
1685487798,0,1,0,0,10204,51294,65535,65535,65535,65535,65535,65535,65535,65535,65535,65535,65535
1685487804,0,1,0,0,10203,51263,65535,65535,65535,65535,65535,65535,65535,65535,65535,65535,65535
1685487810,0,1,0,0,10203,51264,65535,65535,65535,65535,65535,65535,65535,65535,65535,65535,65535
1685487816,0,1,0,0,10203,51262,65535,65535,65535,65535,65535,65535,65535,65535,65535,65535,65535
1685487822,0,1,0,0,10202,51263,65535,65535,65535,65535,65535,65535,65535,65535,65535,65535,65535
1685487828,0,1,0,0,10202,51261,65535,65535,65535,65535,65535,65535,65535,65535,65535,65535,65535
1685487834,0,1,0,0,10203,51229,65535,65535,65535,65535,65535,65535,65535,65535,65535,65535,65535
1685487840,0,1,0,0,10202,51185,65535,65535,65535,65535,65535,65535,65535,65535,65535,65535,65535
1685487846,0,1,0,0,10201,51180,65535,65535,65535,65535,65535,65535,65535,65535,65535,65535,65535
1685487852,0,1,0,0,10201,51075,65535,65535,65535,65535,65535,65535,65535,65535,65535,65535,65535
1685487858,0,1,0,0,10201,51105,65535,65535,65535,65535,65535,65535,65535,65535,65535,65535,65535
1685487864,0,1,0,0,10201,51160,65535,65535,65535,65535,65535,65535,65535,65535,65535,65535,65535
1685487870,0,1,0,0,10203,51216,65535,65535,65535,65535,65535,65535,65535,65535,65535,65535,65535
1685487876,0,1,0,0,10203,51192,65535,65535,65535,65535,65535,65535,65535,65535,65535,65535,65535
1685487882,0,1,0,0,10204,51167,65535,65535,65535,65535,65535,65535,65535,65535,65535,65535,65535
1685487888,0,1,0,0,10204,51179,65535,65535,65535,65535,65535,65535,65535,65535,65535,65535,65535
1685487894,0,1,0,0,10205,51227,65535,65535,65535,65535,65535,65535,65535,65535,65535,65535,65535
1685487900,0,1,0,0,10204,51195,65535,65535,65535,65535,65535,65535,65535,65535,65535,65535,65535
1685487906,0,1,0,0,10211,51303,65535,65535,65535,65535,65535,65535,65535,65535,65535,65535,65535
1685487912,0,1,0,0,10211,51315,65535,65535,65535,65535,65535,65535,65535,65535,65535,65535,65535
1685487918,0,1,0,0,10210,51272,65535,65535,65535,65535,65535,65535,65535,65535,65535,65535,65535
1685487924,0,1,0,0,10211,51303,65535,65535,65535,65535,65535,65535,65535,65535,65535,65535,65535
1685487930,0,1,0,0,10211,51308,65535,65535,65535,65535,65535,65535,65535,65535,65535,65535,65535
1685487936,0,1,0,0,10210,51289,65535,65535,65535,65535,65535,65535,65535,65535,65535,65535,65535
1685487942,0,1,0,0,10204,51251,65535,65535,65535,65535,65535,65535,65535,65535,65535,65535,65535
1685487948,0,1,0,0,10202,51193,65535,65535,65535,65535,65535,65535,65535,65535,65535,65535,65535
1685487954,0,1,0,0,10201,51159,65535,65535,65535,65535,65535,65535,65535,65535,65535,65535,65535
1685487960,0,1,0,0,10155,51124,65535,65535,65535,65535,65535,65535,65535,65535,65535,65535,65535
1685487966,0,1,0,0,10153,51078,65535,65535,65535,65535,65535,65535,65535,65535,65535,65535,65535
1685487972,0,1,0,0,10153,51018,65535,65535,65535,65535,65535,65535,65535,65535,65535,65535,65535
1685487978,0,1,0,0,10152,50994,65535,65535,65535,65535,65535,65535,65535,65535,65535,65535,65535
1685487984,0,1,0,0,10152,50996,65535,65535,65535,65535,65535,65535,65535,65535,65535,65535,65535
1685487990,0,1,0,0,10151,50959,65535,65535,65535,65535,65535,65535,65535,65535,65535,65535,65535
1685487996,0,1,0,0,10151,50913,65535,65535,65535,65535,65535,65535,65535,65535,65535,65535,65535
1685488002,0,1,0,0,10145,50773,65535,65535,65535,65535,65535,65535,65535,65535,65535,65535,65535
1685488008,0,1,0,0,10145,50827,65535,65535,65535,65535,65535,65535,65535,65535,65535,65535,65535
1685488014,0,1,0,0,10145,50781,65535,65535,65535,65535,65535,65535,65535,65535,65535,65535,65535
1685488020,0,1,0,0,10144,50766,65535,65535,65535,65535,65535,65535,65535,65535,65535,65535,65535
1685488026,0,1,0,0,10143,50737,65535,65535,65535,65535,65535,65535,65535,65535,65535,65535,65535
1685488032,0,1,0,0,10142,50678,65535,65535,65535,65535,65535,65535,65535,65535,65535,65535,65535
1685488038,0,1,0,0,10143,50612,65535,65535,65535,65535,65535,65535,65535,65535,65535,65535,65535
1685488044,0,1,0,0,10141,50602,65535,65535,65535,65535,65535,65535,65535,65535,65535,65535,65535
1685488050,0,1,0,0,10140,50574,65535,65535,65535,65535,65535,65535,65535,65535,65535,65535,65535
1685488056,0,1,0,0,10134,50507,65535,65535,65535,65535,65535,65535,65535,65535,65535,65535,65535
1685488062,0,1,0,0,10134,50510,65535,65535,65535,65535,65535,65535,65535,65535,65535,65535,65535
1685488068,0,1,0,0,10134,50500,65535,65535,65535,65535,65535,65535,65535,65535,65535,65535,65535
1685488074,0,1,0,0,10134,50501,65535,65535,65535,65535,65535,65535,65535,65535,65535,65535,65535
1685488080,0,1,0,0,10134,50503,65535,65535,65535,65535,65535,65535,65535,65535,65535,65535,65535
1685488086,0,1,0,0,10134,50500,65535,65535,65535,65535,65535,65535,65535,65535,65535,65535,65535
1685488092,0,1,0,0,10133,50500,65535,65535,65535,65535,65535,65535,65535,65535,65535,65535,65535
1685488098,0,1,0,0,10132,50500,65535,65535,65535,65535,65535,65535,65535,65535,65535,65535,65535
1685488104,0,1,0,0,10132,50500,65535,65535,65535,65535,65535,65535,65535,65535,65535,65535,65535
1685488110,0,1,0,0,10132,50499,65535,65535,65535,65535,65535,65535,65535,65535,65535,65535,65535
1685488116,0,1,0,0,10131,50497,65535,65535,65535,65535,65535,65535,65535,65535,65535,65535,65535
1685488122,0,1,0,0,10130,50498,65535,65535,65535,65535,65535,65535,65535,65535,65535,65535,65535
1685488128,0,1,0,0,10125,50492,65535,65535,65535,65535,65535,65535,65535,65535,65535,65535,65535
1685488134,0,1,0,0,10124,50469,65535,65535,65535,65535,65535,65535,65535,65535,65535,65535,65535
1685488140,0,1,0,0,10123,50473,65535,65535,65535,65535,65535,65535,65535,65535,65535,65535,65535
1685488146,0,1,0,0,10123,50450,65535,65535,65535,65535,65535,65535,65535,65535,65535,65535,65535
1685488152,0,1,0,0,10123,50441,65535,65535,65535,65535,65535,65535,65535,65535,65535,65535,65535
1685488158,0,1,0,0,10123,50442,65535,65535,65535,65535,65535,65535,65535,65535,65535,65535,65535
1685488164,0,1,0,0,10122,50413,65535,65535,65535,65535,65535,65535,65535,65535,65535,65535,65535
1685488170,0,1,0,0,10122,50400,65535,65535,65535,65535,65535,65535,65535,65535,65535,65535,65535
1685488176,0,1,0,0,10123,50407,65535,65535,65535,65535,65535,65535,65535,65535,65535,65535,65535
1685488182,0,1,0,0,10122,50343,65535,65535,65535,65535,65535,65535,65535,65535,65535,65535,65535
1685488188,0,1,0,0,10122,50327,65535,65535,65535,65535,65535,65535,65535,65535,65535,65535,65535
1685488194,0,1,0,0,10121,50297,65535,65535,65535,65535,65535,65535,65535,65535,65535,65535,65535
1685488200,0,1,0,0,10120,50251,65535,65535,65535,65535,65535,65535,65535,65535,65535,65535,65535
1685488206,0,1,0,0,10115,50194,65535,65535,65535,65535,65535,65535,65535,65535,65535,65535,65535
1685488212,0,1,0,0,10114,50134,65535,65535,65535,65535,65535,65535,65535,65535,65535,65535,65535
1685488218,0,1,0,0,10111,50119,65535,65535,65535,65535,65535,65535,65535,65535,65535,65535,65535
1685488224,0,1,0,0,10104,50028,65535,65535,65535,65535,65535,65535,65535,65535,65535,65535,65535
1685488230,0,1,0,0,10103,49968,65535,65535,65535,65535,65535,65535,65535,65535,65535,65535,65535
1685488236,0,1,0,0,10102,49952,65535,65535,65535,65535,65535,65535,65535,65535,65535,65535,65535
1685488242,0,1,0,0,10100,49886,65535,65535,65535,65535,65535,65535,65535,65535,65535,65535,65535
1685488248,0,1,0,0,10100,49861,65535,65535,65535,65535,65535,65535,65535,65535,65535,65535,65535
1685488254,0,1,0,0,10100,49880,65535,65535,65535,65535,65535,65535,65535,65535,65535,65535,65535
1685488260,0,1,0,0,10100,49836,65535,65535,65535,65535,65535,65535,65535,65535,65535,65535,65535
1685488266,0,1,0,0,10100,49877,65535,65535,65535,65535,65535,65535,65535,65535,65535,65535,65535
1685488272,0,1,0,0,10100,49832,65535,65535,65535,65535,65535,65535,65535,65535,65535,65535,65535
1685488278,0,1,0,0,10100,49834,65535,65535,65535,65535,65535,65535,65535,65535,65535,65535,65535
1685488284,0,1,0,0,10055,49837,65535,65535,65535,65535,65535,65535,65535,65535,65535,65535,65535
1685488290,0,1,0,0,10054,49764,65535,65535,65535,65535,65535,65535,65535,65535,65535,65535,65535
1685488296,0,1,0,0,10052,49726,65535,65535,65535,65535,65535,65535,65535,65535,65535,65535,65535
1685488302,0,1,0,0,10052,49676,65535,65535,65535,65535,65535,65535,65535,65535,65535,65535,65535
1685488308,0,1,0,0,10052,49663,65535,65535,65535,65535,65535,65535,65535,65535,65535,65535,65535
1685488314,0,1,0,0,10051,49651,65535,65535,65535,65535,65535,65535,65535,65535,65535,65535,65535
1685488320,0,1,0,0,10050,49610,65535,65535,65535,65535,65535,65535,65535,65535,65535,65535,65535
1685488326,0,1,0,0,10043,49512,65535,65535,65535,65535,65535,65535,65535,65535,65535,65535,65535
1685488332,0,1,0,0,10043,49494,65535,65535,65535,65535,65535,65535,65535,65535,65535,65535,65535
1685488338,0,1,0,0,10042,49412,65535,65535,65535,65535,65535,65535,65535,65535,65535,65535,65535
1685488344,0,1,0,0,10041,49440,65535,65535,65535,65535,65535,65535,65535,65535,65535,65535,65535
1685488350,0,1,0,0,10041,49356,65535,65535,65535,65535,65535,65535,65535,65535,65535,65535,65535
1685488356,0,1,0,0,10041,49352,65535,65535,65535,65535,65535,65535,65535,65535,65535,65535,65535
1685488362,0,1,0,0,10042,49385,65535,65535,65535,65535,65535,65535,65535,65535,65535,65535,65535
1685488368,0,1,0,0,10042,49384,65535,65535,65535,65535,65535,65535,65535,65535,65535,65535,65535
1685488374,0,1,0,0,10043,49427,65535,65535,65535,65535,65535,65535,65535,65535,65535,65535,65535
1685488380,0,1,0,0,10043,49395,65535,65535,65535,65535,65535,65535,65535,65535,65535,65535,65535
1685488386,0,1,0,0,10042,49399,65535,65535,65535,65535,65535,65535,65535,65535,65535,65535,65535
1685488392,0,1,0,0,10042,49383,65535,65535,65535,65535,65535,65535,65535,65535,65535,65535,65535
1685488398,0,1,0,0,10042,49379,65535,65535,65535,65535,65535,65535,65535,65535,65535,65535,65535
1685488404,0,1,0,0,10042,49400,65535,65535,65535,65535,65535,65535,65535,65535,65535,65535,65535
1685488410,0,1,0,0,10040,49348,65535,65535,65535,65535,65535,65535,65535,65535,65535,65535,65535
1685488416,0,1,0,0,10041,49334,65535,65535,65535,65535,65535,65535,65535,65535,65535,65535,65535
1685488422,0,1,0,0,10040,49321,65535,65535,65535,65535,65535,65535,65535,65535,65535,65535,65535
1685488428,0,1,0,0,10035,49282,65535,65535,65535,65535,65535,65535,65535,65535,65535,65535,65535
1685488434,0,1,0,0,10034,49251,65535,65535,65535,65535,65535,65535,65535,65535,65535,65535,65535
1685488440,0,1,0,0,10034,49280,65535,65535,65535,65535,65535,65535,65535,65535,65535,65535,65535
1685488446,0,1,0,0,10034,49227,65535,65535,65535,65535,65535,65535,65535,65535,65535,65535,65535
1685488452,0,1,0,0,10033,49190,65535,65535,65535,65535,65535,65535,65535,65535,65535,65535,65535
1685488458,0,1,0,0,10031,49167,65535,65535,65535,65535,65535,65535,65535,65535,65535,65535,65535
1685488464,0,1,0,0,10031,49142,65535,65535,65535,65535,65535,65535,65535,65535,65535,65535,65535
1685488470,0,1,0,0,10030,49081,65535,65535,65535,65535,65535,65535,65535,65535,65535,65535,65535
1685488476,0,1,0,0,10025,49008,65535,65535,65535,65535,65535,65535,65535,65535,65535,65535,65535
1685488482,0,1,0,0,10025,49009,65535,65535,65535,65535,65535,65535,65535,65535,65535,65535,65535
1685488488,0,1,0,0,10024,48979,65535,65535,65535,65535,65535,65535,65535,65535,65535,65535,65535
1685488494,0,1,0,0,10024,48910,65535,65535,65535,65535,65535,65535,65535,65535,65535,65535,65535
1685488500,0,1,0,0,10024,48939,65535,65535,65535,65535,65535,65535,65535,65535,65535,65535,65535
1685488506,0,1,0,0,10023,48876,65535,65535,65535,65535,65535,65535,65535,65535,65535,65535,65535
1685488512,0,1,0,0,10015,48807,65535,65535,65535,65535,65535,65535,65535,65535,65535,65535,65535
1685488518,0,1,0,0,10020,48836,65535,65535,65535,65535,65535,65535,65535,65535,65535,65535,65535
1685488524,0,1,0,0,10020,48850,65535,65535,65535,65535,65535,65535,65535,65535,65535,65535,65535
1685488530,0,1,0,0,10015,48809,65535,65535,65535,65535,65535,65535,65535,65535,65535,65535,65535
1685488536,0,1,0,0,10013,48789,65535,65535,65535,65535,65535,65535,65535,65535,65535,65535,65535
1685488542,0,1,0,0,10012,48764,65535,65535,65535,65535,65535,65535,65535,65535,65535,65535,65535
1685488548,0,1,0,0,10012,48741,65535,65535,65535,65535,65535,65535,65535,65535,65535,65535,65535
1685488554,0,1,0,0,10010,48715,65535,65535,65535,65535,65535,65535,65535,65535,65535,65535,65535
1685488560,0,1,0,0,10010,48687,65535,65535,65535,65535,65535,65535,65535,65535,65535,65535,65535
1685488566,0,1,0,0,10010,48680,65535,65535,65535,65535,65535,65535,65535,65535,65535,65535,65535
1685488572,0,1,0,0,10005,48653,65535,65535,65535,65535,65535,65535,65535,65535,65535,65535,65535
1685488578,0,1,0,0,10004,48630,65535,65535,65535,65535,65535,65535,65535,65535,65535,65535,65535
1685488584,0,1,0,0,10004,48567,65535,65535,65535,65535,65535,65535,65535,65535,65535,65535,65535
1685488590,0,1,0,0,10003,48542,65535,65535,65535,65535,65535,65535,65535,65535,65535,65535,65535
1685488596,0,1,0,0,10004,48567,65535,65535,65535,65535,65535,65535,65535,65535,65535,65535,65535
1685488602,0,1,0,0,10003,48549,65535,65535,65535,65535,65535,65535,65535,65535,65535,65535,65535
1685488608,0,1,0,0,10003,48534,65535,65535,65535,65535,65535,65535,65535,65535,65535,65535,65535
1685488614,0,1,0,0,10003,48525,65535,65535,65535,65535,65535,65535,65535,65535,65535,65535,65535
1685488620,0,1,0,0,10003,48474,65535,65535,65535,65535,65535,65535,65535,65535,65535,65535,65535
1685488626,0,1,0,0,10003,48464,65535,65535,65535,65535,65535,65535,65535,65535,65535,65535,65535
1685488632,0,1,0,0,10003,48446,65535,65535,65535,65535,65535,65535,65535,65535,65535,65535,65535
1685488638,0,1,0,0,10003,48463,65535,65535,65535,65535,65535,65535,65535,65535,65535,65535,65535
1685488644,0,1,0,0,10003,48461,65535,65535,65535,65535,65535,65535,65535,65535,65535,65535,65535
1685488650,0,1,0,0,10004,48471,65535,65535,65535,65535,65535,65535,65535,65535,65535,65535,65535
1685488656,0,1,0,0,10005,48512,65535,65535,65535,65535,65535,65535,65535,65535,65535,65535,65535
1685488662,0,1,0,0,10005,48508,65535,65535,65535,65535,65535,65535,65535,65535,65535,65535,65535
1685488668,0,1,0,0,10010,48510,65535,65535,65535,65535,65535,65535,65535,65535,65535,65535,65535
1685488674,0,1,0,0,10005,48497,65535,65535,65535,65535,65535,65535,65535,65535,65535,65535,65535
1685488680,0,1,0,0,10005,48487,65535,65535,65535,65535,65535,65535,65535,65535,65535,65535,65535
1685488686,0,1,0,0,10005,48498,65535,65535,65535,65535,65535,65535,65535,65535,65535,65535,65535
1685488692,0,1,0,0,10005,48474,65535,65535,65535,65535,65535,65535,65535,65535,65535,65535,65535
1685488698,0,1,0,0,10010,48502,65535,65535,65535,65535,65535,65535,65535,65535,65535,65535,65535
1685488704,0,1,0,0,10010,48507,65535,65535,65535,65535,65535,65535,65535,65535,65535,65535,65535
1685488710,0,1,0,0,10010,48494,65535,65535,65535,65535,65535,65535,65535,65535,65535,65535,65535
1685488716,0,1,0,0,10010,48489,65535,65535,65535,65535,65535,65535,65535,65535,65535,65535,65535
1685488722,0,1,0,0,10005,48465,65535,65535,65535,65535,65535,65535,65535,65535,65535,65535,65535
1685488728,0,1,0,0,10005,48458,65535,65535,65535,65535,65535,65535,65535,65535,65535,65535,65535
1685488734,0,1,0,0,10004,48431,65535,65535,65535,65535,65535,65535,65535,65535,65535,65535,65535
1685488740,0,1,0,0,10004,48424,65535,65535,65535,65535,65535,65535,65535,65535,65535,65535,65535
1685488746,0,1,0,0,10004,48412,65535,65535,65535,65535,65535,65535,65535,65535,65535,65535,65535
1685488752,0,1,0,0,10003,48400,65535,65535,65535,65535,65535,65535,65535,65535,65535,65535,65535
1685488758,0,1,0,0,10003,48370,65535,65535,65535,65535,65535,65535,65535,65535,65535,65535,65535
1685488764,0,1,0,0,10003,48354,65535,65535,65535,65535,65535,65535,65535,65535,65535,65535,65535
1685488770,0,1,0,0,10004,48328,65535,65535,65535,65535,65535,65535,65535,65535,65535,65535,65535
1685488776,0,1,0,0,10003,48319,65535,65535,65535,65535,65535,65535,65535,65535,65535,65535,65535
1685488782,0,1,0,0,10002,48244,65535,65535,65535,65535,65535,65535,65535,65535,65535,65535,65535
1685488788,0,1,0,0,10002,48265,65535,65535,65535,65535,65535,65535,65535,65535,65535,65535,65535
1685488794,0,1,0,0,10002,48277,65535,65535,65535,65535,65535,65535,65535,65535,65535,65535,65535
1685488800,0,1,0,0,10003,48268,65535,65535,65535,65535,65535,65535,65535,65535,65535,65535,65535
1685488806,0,1,0,0,10003,48299,65535,65535,65535,65535,65535,65535,65535,65535,65535,65535,65535
1685488812,0,1,0,0,10004,48306,65535,65535,65535,65535,65535,65535,65535,65535,65535,65535,65535
1685488818,0,1,0,0,10004,48307,65535,65535,65535,65535,65535,65535,65535,65535,65535,65535,65535
1685488824,0,1,0,0,10005,48316,65535,65535,65535,65535,65535,65535,65535,65535,65535,65535,65535
1685488830,0,1,0,0,10005,48300,65535,65535,65535,65535,65535,65535,65535,65535,65535,65535,65535
1685488836,0,1,0,0,10005,48253,65535,65535,65535,65535,65535,65535,65535,65535,65535,65535,65535
1685488842,0,1,0,0,10005,48303,65535,65535,65535,65535,65535,65535,65535,65535,65535,65535,65535
1685488848,0,1,0,0,10005,48331,65535,65535,65535,65535,65535,65535,65535,65535,65535,65535,65535
1685488854,0,1,0,0,10011,48345,65535,65535,65535,65535,65535,65535,65535,65535,65535,65535,65535
1685488860,0,1,0,0,10011,48344,65535,65535,65535,65535,65535,65535,65535,65535,65535,65535,65535
1685488866,0,1,0,0,10011,48306,65535,65535,65535,65535,65535,65535,65535,65535,65535,65535,65535
1685488872,0,1,0,0,10012,48333,65535,65535,65535,65535,65535,65535,65535,65535,65535,65535,65535
1685488878,0,1,0,0,10013,48329,65535,65535,65535,65535,65535,65535,65535,65535,65535,65535,65535
1685488884,0,1,0,0,10013,48352,65535,65535,65535,65535,65535,65535,65535,65535,65535,65535,65535
1685488890,0,1,0,0,10013,48302,65535,65535,65535,65535,65535,65535,65535,65535,65535,65535,65535
1685488896,0,1,0,0,10013,48316,65535,65535,65535,65535,65535,65535,65535,65535,65535,65535,65535
1685488902,0,1,0,0,10012,48288,65535,65535,65535,65535,65535,65535,65535,65535,65535,65535,65535
1685488908,0,1,0,0,10012,48325,65535,65535,65535,65535,65535,65535,65535,65535,65535,65535,65535
1685488914,0,1,0,0,10011,48313,65535,65535,65535,65535,65535,65535,65535,65535,65535,65535,65535
1685488920,0,1,0,0,10010,48281,65535,65535,65535,65535,65535,65535,65535,65535,65535,65535,65535
1685488926,0,1,0,0,10011,48282,65535,65535,65535,65535,65535,65535,65535,65535,65535,65535,65535
1685488932,0,1,0,0,10011,48291,65535,65535,65535,65535,65535,65535,65535,65535,65535,65535,65535
1685488938,0,1,0,0,10011,48282,65535,65535,65535,65535,65535,65535,65535,65535,65535,65535,65535
1685488944,0,1,0,0,10012,48274,65535,65535,65535,65535,65535,65535,65535,65535,65535,65535,65535
1685488950,0,1,0,0,10014,48287,65535,65535,65535,65535,65535,65535,65535,65535,65535,65535,65535
1685488956,0,1,0,0,10014,48319,65535,65535,65535,65535,65535,65535,65535,65535,65535,65535,65535
1685488962,0,1,0,0,10020,48343,65535,65535,65535,65535,65535,65535,65535,65535,65535,65535,65535
1685488968,0,1,0,0,10020,48325,65535,65535,65535,65535,65535,65535,65535,65535,65535,65535,65535
1685488974,0,1,0,0,10020,48303,65535,65535,65535,65535,65535,65535,65535,65535,65535,65535,65535
1685488980,0,1,0,0,10021,48369,65535,65535,65535,65535,65535,65535,65535,65535,65535,65535,65535
1685488986,0,1,0,0,10022,48395,65535,65535,65535,65535,65535,65535,65535,65535,65535,65535,65535
1685488992,0,1,0,0,10023,48428,65535,65535,65535,65535,65535,65535,65535,65535,65535,65535,65535
1685488998,0,1,0,0,10024,48460,65535,65535,65535,65535,65535,65535,65535,65535,65535,65535,65535
1685489004,0,1,0,0,10025,48462,65535,65535,65535,65535,65535,65535,65535,65535,65535,65535,65535
1685489010,0,1,0,0,10025,48482,65535,65535,65535,65535,65535,65535,65535,65535,65535,65535,65535
1685489016,0,1,0,0,10025,48521,65535,65535,65535,65535,65535,65535,65535,65535,65535,65535,65535
1685489022,0,1,0,0,10025,48494,65535,65535,65535,65535,65535,65535,65535,65535,65535,65535,65535
1685489028,0,1,0,0,10025,48481,65535,65535,65535,65535,65535,65535,65535,65535,65535,65535,65535
1685489034,0,1,0,0,10024,48459,65535,65535,65535,65535,65535,65535,65535,65535,65535,65535,65535
1685489040,0,1,0,0,10023,48411,65535,65535,65535,65535,65535,65535,65535,65535,65535,65535,65535
1685489046,0,1,0,0,10022,48415,65535,65535,65535,65535,65535,65535,65535,65535,65535,65535,65535
1685489052,0,1,0,0,10020,48363,65535,65535,65535,65535,65535,65535,65535,65535,65535,65535,65535
1685489058,0,1,0,0,10015,48366,65535,65535,65535,65535,65535,65535,65535,65535,65535,65535,65535
1685489064,0,1,0,0,10014,48300,65535,65535,65535,65535,65535,65535,65535,65535,65535,65535,65535
1685489070,0,1,0,0,10014,48302,65535,65535,65535,65535,65535,65535,65535,65535,65535,65535,65535
1685489076,0,1,0,0,10014,48290,65535,65535,65535,65535,65535,65535,65535,65535,65535,65535,65535
1685489082,0,1,0,0,10015,48294,65535,65535,65535,65535,65535,65535,65535,65535,65535,65535,65535
1685489088,0,1,0,0,10021,48316,65535,65535,65535,65535,65535,65535,65535,65535,65535,65535,65535
1685489094,0,1,0,0,10022,48323,65535,65535,65535,65535,65535,65535,65535,65535,65535,65535,65535
1685489100,0,1,0,0,10023,48341,65535,65535,65535,65535,65535,65535,65535,65535,65535,65535,65535
1685489106,0,1,0,0,10024,48345,65535,65535,65535,65535,65535,65535,65535,65535,65535,65535,65535
1685489112,0,1,0,0,10025,48386,65535,65535,65535,65535,65535,65535,65535,65535,65535,65535,65535
1685489118,0,1,0,0,10030,48391,65535,65535,65535,65535,65535,65535,65535,65535,65535,65535,65535
1685489124,0,1,0,0,10030,48427,65535,65535,65535,65535,65535,65535,65535,65535,65535,65535,65535
1685489130,0,1,0,0,10031,48438,65535,65535,65535,65535,65535,65535,65535,65535,65535,65535,65535
1685489136,0,1,0,0,10032,48438,65535,65535,65535,65535,65535,65535,65535,65535,65535,65535,65535
1685489142,0,1,0,0,10033,48458,65535,65535,65535,65535,65535,65535,65535,65535,65535,65535,65535
1685489148,0,1,0,0,10032,48454,65535,65535,65535,65535,65535,65535,65535,65535,65535,65535,65535
1685489154,0,1,0,0,10033,48505,65535,65535,65535,65535,65535,65535,65535,65535,65535,65535,65535
1685489160,0,1,0,0,10034,48483,65535,65535,65535,65535,65535,65535,65535,65535,65535,65535,65535
1685489166,0,1,0,0,10034,48529,65535,65535,65535,65535,65535,65535,65535,65535,65535,65535,65535
1685489172,0,1,0,0,10040,48516,65535,65535,65535,65535,65535,65535,65535,65535,65535,65535,65535
1685489178,0,1,0,0,10041,48581,65535,65535,65535,65535,65535,65535,65535,65535,65535,65535,65535
1685489184,0,1,0,0,10042,48618,65535,65535,65535,65535,65535,65535,65535,65535,65535,65535,65535
1685489190,0,1,0,0,10043,48643,65535,65535,65535,65535,65535,65535,65535,65535,65535,65535,65535
1685489196,0,1,0,0,10045,48647,65535,65535,65535,65535,65535,65535,65535,65535,65535,65535,65535
1685489202,0,1,0,0,10045,48654,65535,65535,65535,65535,65535,65535,65535,65535,65535,65535,65535
1685489208,0,1,0,0,10050,48678,65535,65535,65535,65535,65535,65535,65535,65535,65535,65535,65535
1685489214,0,1,0,0,10050,48637,65535,65535,65535,65535,65535,65535,65535,65535,65535,65535,65535
1685489220,0,1,0,0,10050,48648,65535,65535,65535,65535,65535,65535,65535,65535,65535,65535,65535
1685489226,0,1,0,0,10050,48645,65535,65535,65535,65535,65535,65535,65535,65535,65535,65535,65535
1685489232,0,1,0,0,10050,48621,65535,65535,65535,65535,65535,65535,65535,65535,65535,65535,65535
1685489238,0,1,0,0,10050,48630,65535,65535,65535,65535,65535,65535,65535,65535,65535,65535,65535
1685489244,0,1,0,0,10050,48649,65535,65535,65535,65535,65535,65535,65535,65535,65535,65535,65535
1685489250,0,1,0,0,10045,48616,65535,65535,65535,65535,65535,65535,65535,65535,65535,65535,65535
1685489256,0,1,0,0,10044,48620,65535,65535,65535,65535,65535,65535,65535,65535,65535,65535,65535
1685489262,0,1,0,0,10044,48580,65535,65535,65535,65535,65535,65535,65535,65535,65535,65535,65535
1685489268,0,1,0,0,10042,48487,65535,65535,65535,65535,65535,65535,65535,65535,65535,65535,65535
1685489274,0,1,0,0,10041,48457,65535,65535,65535,65535,65535,65535,65535,65535,65535,65535,65535
1685489280,0,1,0,0,10040,48394,65535,65535,65535,65535,65535,65535,65535,65535,65535,65535,65535
1685489286,0,1,0,0,10034,48358,65535,65535,65535,65535,65535,65535,65535,65535,65535,65535,65535
1685489292,0,1,0,0,10033,48310,65535,65535,65535,65535,65535,65535,65535,65535,65535,65535,65535
1685489298,0,1,0,0,10031,48232,65535,65535,65535,65535,65535,65535,65535,65535,65535,65535,65535
1685489304,0,1,0,0,10030,48171,65535,65535,65535,65535,65535,65535,65535,65535,65535,65535,65535
1685489310,0,1,0,0,10030,48145,65535,65535,65535,65535,65535,65535,65535,65535,65535,65535,65535
1685489316,0,1,0,0,10024,48107,65535,65535,65535,65535,65535,65535,65535,65535,65535,65535,65535
1685489322,0,1,0,0,10023,48056,65535,65535,65535,65535,65535,65535,65535,65535,65535,65535,65535
1685489328,0,1,0,0,10022,48015,65535,65535,65535,65535,65535,65535,65535,65535,65535,65535,65535
1685489334,0,1,0,0,10021,47934,65535,65535,65535,65535,65535,65535,65535,65535,65535,65535,65535
1685489340,0,1,0,0,10014,47902,65535,65535,65535,65535,65535,65535,65535,65535,65535,65535,65535
1685489346,0,1,0,0,10015,47829,65535,65535,65535,65535,65535,65535,65535,65535,65535,65535,65535
1685489352,0,1,0,0,10012,47824,65535,65535,65535,65535,65535,65535,65535,65535,65535,65535,65535
1685489358,0,1,0,0,10011,47692,65535,65535,65535,65535,65535,65535,65535,65535,65535,65535,65535
1685489364,0,1,0,0,10005,47644,65535,65535,65535,65535,65535,65535,65535,65535,65535,65535,65535
1685489370,0,1,0,0,10004,47639,65535,65535,65535,65535,65535,65535,65535,65535,65535,65535,65535
1685489376,0,1,0,0,10003,47606,65535,65535,65535,65535,65535,65535,65535,65535,65535,65535,65535
1685489382,0,1,0,0,10001,47548,65535,65535,65535,65535,65535,65535,65535,65535,65535,65535,65535
1685489388,0,1,0,0,10001,47550,65535,65535,65535,65535,65535,65535,65535,65535,65535,65535,65535
1685489394,0,1,0,0,10001,47552,65535,65535,65535,65535,65535,65535,65535,65535,65535,65535,65535
1685489400,0,1,0,0,10003,47527,65535,65535,65535,65535,65535,65535,65535,65535,65535,65535,65535
1685489406,0,1,0,0,10003,47554,65535,65535,65535,65535,65535,65535,65535,65535,65535,65535,65535
1685489412,0,1,0,0,10004,47592,65535,65535,65535,65535,65535,65535,65535,65535,65535,65535,65535
1685489418,0,1,0,0,10005,47607,65535,65535,65535,65535,65535,65535,65535,65535,65535,65535,65535
1685489424,0,1,0,0,10011,47644,65535,65535,65535,65535,65535,65535,65535,65535,65535,65535,65535
1685489430,0,1,0,0,10012,47668,65535,65535,65535,65535,65535,65535,65535,65535,65535,65535,65535
1685489436,0,1,0,0,10013,47749,65535,65535,65535,65535,65535,65535,65535,65535,65535,65535,65535
1685489442,0,1,0,0,10020,47792,65535,65535,65535,65535,65535,65535,65535,65535,65535,65535,65535
1685489448,0,1,0,0,10022,47850,65535,65535,65535,65535,65535,65535,65535,65535,65535,65535,65535
1685489454,0,1,0,0,10024,47875,65535,65535,65535,65535,65535,65535,65535,65535,65535,65535,65535
1685489460,0,1,0,0,10024,47899,65535,65535,65535,65535,65535,65535,65535,65535,65535,65535,65535
1685489466,0,1,0,0,10030,47921,65535,65535,65535,65535,65535,65535,65535,65535,65535,65535,65535
1685489472,0,1,0,0,10030,47928,65535,65535,65535,65535,65535,65535,65535,65535,65535,65535,65535
1685489478,0,1,0,0,10031,47940,65535,65535,65535,65535,65535,65535,65535,65535,65535,65535,65535
1685489484,0,1,0,0,10030,47912,65535,65535,65535,65535,65535,65535,65535,65535,65535,65535,65535
1685489490,0,1,0,0,10031,47935,65535,65535,65535,65535,65535,65535,65535,65535,65535,65535,65535
1685489496,0,1,0,0,10030,47931,65535,65535,65535,65535,65535,65535,65535,65535,65535,65535,65535
1685489502,0,1,0,0,10030,47902,65535,65535,65535,65535,65535,65535,65535,65535,65535,65535,65535
1685489508,0,1,0,0,10025,47887,65535,65535,65535,65535,65535,65535,65535,65535,65535,65535,65535
1685489514,0,1,0,0,10024,47840,65535,65535,65535,65535,65535,65535,65535,65535,65535,65535,65535
1685489520,0,1,0,0,10024,47766,65535,65535,65535,65535,65535,65535,65535,65535,65535,65535,65535
1685489526,0,1,0,0,10022,47719,65535,65535,65535,65535,65535,65535,65535,65535,65535,65535,65535
1685489532,0,1,0,0,10021,47616,65535,65535,65535,65535,65535,65535,65535,65535,65535,65535,65535
1685489538,0,1,0,0,10020,47606,65535,65535,65535,65535,65535,65535,65535,65535,65535,65535,65535
1685489544,0,1,0,0,10012,47555,65535,65535,65535,65535,65535,65535,65535,65535,65535,65535,65535
1685489550,0,1,0,0,10011,47558,65535,65535,65535,65535,65535,65535,65535,65535,65535,65535,65535
1685489556,0,1,0,0,10010,47530,65535,65535,65535,65535,65535,65535,65535,65535,65535,65535,65535
1685489562,0,1,0,0,10005,47524,65535,65535,65535,65535,65535,65535,65535,65535,65535,65535,65535
1685489568,0,1,0,0,10010,47508,65535,65535,65535,65535,65535,65535,65535,65535,65535,65535,65535
1685489574,0,1,0,0,10005,47480,65535,65535,65535,65535,65535,65535,65535,65535,65535,65535,65535
1685489580,0,1,0,0,10005,47481,65535,65535,65535,65535,65535,65535,65535,65535,65535,65535,65535
1685489586,0,1,0,0,10005,47496,65535,65535,65535,65535,65535,65535,65535,65535,65535,65535,65535
1685489592,0,1,0,0,10010,47513,65535,65535,65535,65535,65535,65535,65535,65535,65535,65535,65535
1685489598,0,1,0,0,10010,47460,65535,65535,65535,65535,65535,65535,65535,65535,65535,65535,65535
1685489604,0,1,0,0,10011,47547,65535,65535,65535,65535,65535,65535,65535,65535,65535,65535,65535
1685489610,0,1,0,0,10013,47575,65535,65535,65535,65535,65535,65535,65535,65535,65535,65535,65535
1685489616,0,1,0,0,10014,47593,65535,65535,65535,65535,65535,65535,65535,65535,65535,65535,65535
1685489622,0,1,0,0,10021,47685,65535,65535,65535,65535,65535,65535,65535,65535,65535,65535,65535
1685489628,0,1,0,0,10022,47682,65535,65535,65535,65535,65535,65535,65535,65535,65535,65535,65535
1685489634,0,1,0,0,10022,47684,65535,65535,65535,65535,65535,65535,65535,65535,65535,65535,65535
1685489640,0,1,0,0,10024,47731,65535,65535,65535,65535,65535,65535,65535,65535,65535,65535,65535
1685489646,0,1,0,0,10025,47810,65535,65535,65535,65535,65535,65535,65535,65535,65535,65535,65535
1685489652,0,1,0,0,10030,47832,65535,65535,65535,65535,65535,65535,65535,65535,65535,65535,65535
1685489658,0,1,0,0,10030,47843,65535,65535,65535,65535,65535,65535,65535,65535,65535,65535,65535
1685489664,0,1,0,0,10031,47866,65535,65535,65535,65535,65535,65535,65535,65535,65535,65535,65535
1685489670,0,1,0,0,10031,47844,65535,65535,65535,65535,65535,65535,65535,65535,65535,65535,65535
1685489676,0,1,0,0,10035,48017,65535,65535,65535,65535,65535,65535,65535,65535,65535,65535,65535
1685489682,0,1,0,0,10032,47868,65535,65535,65535,65535,65535,65535,65535,65535,65535,65535,65535
1685489688,0,1,0,0,10032,47838,65535,65535,65535,65535,65535,65535,65535,65535,65535,65535,65535
1685489694,0,1,0,0,10033,47882,65535,65535,65535,65535,65535,65535,65535,65535,65535,65535,65535
1685489700,0,1,0,0,10033,47885,65535,65535,65535,65535,65535,65535,65535,65535,65535,65535,65535
1685489706,0,1,0,0,10033,47897,65535,65535,65535,65535,65535,65535,65535,65535,65535,65535,65535
1685489712,0,1,0,0,10033,47855,65535,65535,65535,65535,65535,65535,65535,65535,65535,65535,65535
1685489718,0,1,0,0,10033,47852,65535,65535,65535,65535,65535,65535,65535,65535,65535,65535,65535
1685489724,0,1,0,0,10033,47839,65535,65535,65535,65535,65535,65535,65535,65535,65535,65535,65535
1685489730,0,1,0,0,10033,47871,65535,65535,65535,65535,65535,65535,65535,65535,65535,65535,65535
1685489736,0,1,0,0,10033,47871,65535,65535,65535,65535,65535,65535,65535,65535,65535,65535,65535
1685489742,0,1,0,0,10033,47864,65535,65535,65535,65535,65535,65535,65535,65535,65535,65535,65535
1685489748,0,1,0,0,10035,47891,65535,65535,65535,65535,65535,65535,65535,65535,65535,65535,65535
1685489754,0,1,0,0,10035,47890,65535,65535,65535,65535,65535,65535,65535,65535,65535,65535,65535
1685489760,0,1,0,0,10041,47916,65535,65535,65535,65535,65535,65535,65535,65535,65535,65535,65535
1685489766,0,1,0,0,10042,47948,65535,65535,65535,65535,65535,65535,65535,65535,65535,65535,65535
1685489772,0,1,0,0,10043,47952,65535,65535,65535,65535,65535,65535,65535,65535,65535,65535,65535
1685489778,0,1,0,0,10044,47981,65535,65535,65535,65535,65535,65535,65535,65535,65535,65535,65535
1685489784,0,1,0,0,10044,48008,65535,65535,65535,65535,65535,65535,65535,65535,65535,65535,65535
1685489790,0,1,0,0,10045,48052,65535,65535,65535,65535,65535,65535,65535,65535,65535,65535,65535
1685489796,0,1,0,0,10050,48025,65535,65535,65535,65535,65535,65535,65535,65535,65535,65535,65535
1685489802,0,1,0,0,10051,48082,65535,65535,65535,65535,65535,65535,65535,65535,65535,65535,65535
1685489808,0,1,0,0,10051,48139,65535,65535,65535,65535,65535,65535,65535,65535,65535,65535,65535
1685489814,0,1,0,0,10052,48160,65535,65535,65535,65535,65535,65535,65535,65535,65535,65535,65535
1685489820,0,1,0,0,10052,48134,65535,65535,65535,65535,65535,65535,65535,65535,65535,65535,65535
1685489826,0,1,0,0,10051,48163,65535,65535,65535,65535,65535,65535,65535,65535,65535,65535,65535
1685489832,0,1,0,0,10052,48161,65535,65535,65535,65535,65535,65535,65535,65535,65535,65535,65535
1685489838,0,1,0,0,10051,48129,65535,65535,65535,65535,65535,65535,65535,65535,65535,65535,65535
1685489844,0,1,0,0,10051,48121,65535,65535,65535,65535,65535,65535,65535,65535,65535,65535,65535
1685489850,0,1,0,0,10052,48134,65535,65535,65535,65535,65535,65535,65535,65535,65535,65535,65535
1685489856,0,1,0,0,10051,48119,65535,65535,65535,65535,65535,65535,65535,65535,65535,65535,65535
1685489862,0,1,0,0,10052,48098,65535,65535,65535,65535,65535,65535,65535,65535,65535,65535,65535
1685489868,0,1,0,0,10051,48115,65535,65535,65535,65535,65535,65535,65535,65535,65535,65535,65535
1685489874,0,1,0,0,10051,48058,65535,65535,65535,65535,65535,65535,65535,65535,65535,65535,65535
1685489880,0,1,0,0,10051,48067,65535,65535,65535,65535,65535,65535,65535,65535,65535,65535,65535
1685489886,0,1,0,0,10045,48034,65535,65535,65535,65535,65535,65535,65535,65535,65535,65535,65535
1685489892,0,1,0,0,10045,48009,65535,65535,65535,65535,65535,65535,65535,65535,65535,65535,65535
1685489898,0,1,0,0,10045,47971,65535,65535,65535,65535,65535,65535,65535,65535,65535,65535,65535
1685489904,0,1,0,0,10044,47945,65535,65535,65535,65535,65535,65535,65535,65535,65535,65535,65535
1685489910,0,1,0,0,10044,47916,65535,65535,65535,65535,65535,65535,65535,65535,65535,65535,65535
1685489916,0,1,0,0,10044,47910,65535,65535,65535,65535,65535,65535,65535,65535,65535,65535,65535
1685489922,0,1,0,0,10043,47878,65535,65535,65535,65535,65535,65535,65535,65535,65535,65535,65535
1685489928,0,1,0,0,10042,47819,65535,65535,65535,65535,65535,65535,65535,65535,65535,65535,65535
1685489934,0,1,0,0,10042,47822,65535,65535,65535,65535,65535,65535,65535,65535,65535,65535,65535
1685489940,0,1,0,0,10041,47792,65535,65535,65535,65535,65535,65535,65535,65535,65535,65535,65535
1685489946,0,1,0,0,10041,47715,65535,65535,65535,65535,65535,65535,65535,65535,65535,65535,65535
1685489952,0,1,0,0,10041,47755,65535,65535,65535,65535,65535,65535,65535,65535,65535,65535,65535
1685489958,0,1,0,0,10040,47728,65535,65535,65535,65535,65535,65535,65535,65535,65535,65535,65535
1685489964,0,1,0,0,10035,47691,65535,65535,65535,65535,65535,65535,65535,65535,65535,65535,65535
1685489970,0,1,0,0,10035,47637,65535,65535,65535,65535,65535,65535,65535,65535,65535,65535,65535
1685489976,0,1,0,0,10034,47585,65535,65535,65535,65535,65535,65535,65535,65535,65535,65535,65535
1685489982,0,1,0,0,10034,47634,65535,65535,65535,65535,65535,65535,65535,65535,65535,65535,65535
1685489988,0,1,0,0,10033,47609,65535,65535,65535,65535,65535,65535,65535,65535,65535,65535,65535
1685489994,0,1,0,0,10033,47567,65535,65535,65535,65535,65535,65535,65535,65535,65535,65535,65535
1685490000,0,1,0,0,10032,47511,65535,65535,65535,65535,65535,65535,65535,65535,65535,65535,65535
1685490006,0,1,0,0,10032,47561,65535,65535,65535,65535,65535,65535,65535,65535,65535,65535,65535
1685490012,0,1,0,0,10032,47543,65535,65535,65535,65535,65535,65535,65535,65535,65535,65535,65535
1685490018,0,1,0,0,10032,47524,65535,65535,65535,65535,65535,65535,65535,65535,65535,65535,65535
1685490024,0,1,0,0,10032,47505,65535,65535,65535,65535,65535,65535,65535,65535,65535,65535,65535
1685490030,0,1,0,0,10031,47472,65535,65535,65535,65535,65535,65535,65535,65535,65535,65535,65535
1685490036,0,1,0,0,10032,47490,65535,65535,65535,65535,65535,65535,65535,65535,65535,65535,65535
1685490042,0,1,0,0,10031,47400,65535,65535,65535,65535,65535,65535,65535,65535,65535,65535,65535
1685490048,0,1,0,0,10032,47461,65535,65535,65535,65535,65535,65535,65535,65535,65535,65535,65535
1685490054,0,1,0,0,10032,47439,65535,65535,65535,65535,65535,65535,65535,65535,65535,65535,65535
1685490060,0,1,0,0,10032,47454,65535,65535,65535,65535,65535,65535,65535,65535,65535,65535,65535
1685490066,0,1,0,0,10032,47410,65535,65535,65535,65535,65535,65535,65535,65535,65535,65535,65535
1685490072,0,1,0,0,10032,47437,65535,65535,65535,65535,65535,65535,65535,65535,65535,65535,65535
1685490078,0,1,0,0,10031,47435,65535,65535,65535,65535,65535,65535,65535,65535,65535,65535,65535
1685490084,0,1,0,0,10032,47425,65535,65535,65535,65535,65535,65535,65535,65535,65535,65535,65535
1685490090,0,1,0,0,10032,47402,65535,65535,65535,65535,65535,65535,65535,65535,65535,65535,65535
1685490096,0,1,0,0,10032,47405,65535,65535,65535,65535,65535,65535,65535,65535,65535,65535,65535
1685490102,0,1,0,0,10031,47355,65535,65535,65535,65535,65535,65535,65535,65535,65535,65535,65535
1685490108,0,1,0,0,10031,47290,65535,65535,65535,65535,65535,65535,65535,65535,65535,65535,65535
1685490114,0,1,0,0,10031,47231,65535,65535,65535,65535,65535,65535,65535,65535,65535,65535,65535
1685490120,0,1,0,0,10025,47268,65535,65535,65535,65535,65535,65535,65535,65535,65535,65535,65535
1685490126,0,1,0,0,10031,47343,65535,65535,65535,65535,65535,65535,65535,65535,65535,65535,65535
1685490132,0,1,0,0,10031,47292,65535,65535,65535,65535,65535,65535,65535,65535,65535,65535,65535
1685490138,0,1,0,0,10031,47310,65535,65535,65535,65535,65535,65535,65535,65535,65535,65535,65535
1685490144,0,1,0,0,10031,47288,65535,65535,65535,65535,65535,65535,65535,65535,65535,65535,65535
1685490150,0,1,0,0,10031,47293,65535,65535,65535,65535,65535,65535,65535,65535,65535,65535,65535
1685490156,0,1,0,0,10030,47289,65535,65535,65535,65535,65535,65535,65535,65535,65535,65535,65535
1685490162,0,1,0,0,10030,47279,65535,65535,65535,65535,65535,65535,65535,65535,65535,65535,65535
1685490168,0,1,0,0,10030,47264,65535,65535,65535,65535,65535,65535,65535,65535,65535,65535,65535
1685490174,0,1,0,0,10030,47207,65535,65535,65535,65535,65535,65535,65535,65535,65535,65535,65535
1685490180,0,1,0,0,10030,47239,65535,65535,65535,65535,65535,65535,65535,65535,65535,65535,65535
1685490186,0,1,0,0,10025,47219,65535,65535,65535,65535,65535,65535,65535,65535,65535,65535,65535
1685490192,0,1,0,0,10025,47226,65535,65535,65535,65535,65535,65535,65535,65535,65535,65535,65535
1685490198,0,1,0,0,10030,47230,65535,65535,65535,65535,65535,65535,65535,65535,65535,65535,65535
1685490204,0,1,0,0,10030,47207,65535,65535,65535,65535,65535,65535,65535,65535,65535,65535,65535
1685490210,0,1,0,0,10031,47227,65535,65535,65535,65535,65535,65535,65535,65535,65535,65535,65535
1685490216,0,1,0,0,10030,47178,65535,65535,65535,65535,65535,65535,65535,65535,65535,65535,65535
1685490222,0,1,0,0,10030,47104,65535,65535,65535,65535,65535,65535,65535,65535,65535,65535,65535
1685490228,0,1,0,0,10035,47272,65535,65535,65535,65535,65535,65535,65535,65535,65535,65535,65535
1685490234,0,1,0,0,10034,47205,65535,65535,65535,65535,65535,65535,65535,65535,65535,65535,65535
1685490240,0,1,0,0,10034,47195,65535,65535,65535,65535,65535,65535,65535,65535,65535,65535,65535
1685490246,0,1,0,0,10034,47233,65535,65535,65535,65535,65535,65535,65535,65535,65535,65535,65535
1685490252,0,1,0,0,10034,47190,65535,65535,65535,65535,65535,65535,65535,65535,65535,65535,65535
1685490258,0,1,0,0,10034,47222,65535,65535,65535,65535,65535,65535,65535,65535,65535,65535,65535
1685490264,0,1,0,0,10034,47161,65535,65535,65535,65535,65535,65535,65535,65535,65535,65535,65535
1685490270,0,1,0,0,10033,47200,65535,65535,65535,65535,65535,65535,65535,65535,65535,65535,65535
1685490276,0,1,0,0,10033,47125,65535,65535,65535,65535,65535,65535,65535,65535,65535,65535,65535
1685490282,0,1,0,0,10032,47139,65535,65535,65535,65535,65535,65535,65535,65535,65535,65535,65535
1685490288,0,1,0,0,10032,47129,65535,65535,65535,65535,65535,65535,65535,65535,65535,65535,65535
1685490294,0,1,0,0,10032,47130,65535,65535,65535,65535,65535,65535,65535,65535,65535,65535,65535
1685490300,0,1,0,0,10033,47120,65535,65535,65535,65535,65535,65535,65535,65535,65535,65535,65535
1685490306,0,1,0,0,10032,47102,65535,65535,65535,65535,65535,65535,65535,65535,65535,65535,65535
1685490312,0,1,0,0,10032,47034,65535,65535,65535,65535,65535,65535,65535,65535,65535,65535,65535
1685490318,0,1,0,0,10030,47050,65535,65535,65535,65535,65535,65535,65535,65535,65535,65535,65535
1685490324,0,1,0,0,10031,47032,65535,65535,65535,65535,65535,65535,65535,65535,65535,65535,65535
1685490330,0,1,0,0,10030,47018,65535,65535,65535,65535,65535,65535,65535,65535,65535,65535,65535
1685490336,0,1,0,0,10025,46984,65535,65535,65535,65535,65535,65535,65535,65535,65535,65535,65535
1685490342,0,1,0,0,10025,46936,65535,65535,65535,65535,65535,65535,65535,65535,65535,65535,65535
1685490348,0,1,0,0,10025,46954,65535,65535,65535,65535,65535,65535,65535,65535,65535,65535,65535
1685490354,0,1,0,0,10025,46952,65535,65535,65535,65535,65535,65535,65535,65535,65535,65535,65535
1685490360,0,1,0,0,10030,46929,65535,65535,65535,65535,65535,65535,65535,65535,65535,65535,65535
1685490366,0,1,0,0,10025,46914,65535,65535,65535,65535,65535,65535,65535,65535,65535,65535,65535
1685490372,0,1,0,0,10025,46908,65535,65535,65535,65535,65535,65535,65535,65535,65535,65535,65535
1685490378,0,1,0,0,10025,46886,65535,65535,65535,65535,65535,65535,65535,65535,65535,65535,65535
1685490384,0,1,0,0,10025,46822,65535,65535,65535,65535,65535,65535,65535,65535,65535,65535,65535
1685490390,0,1,0,0,10025,46850,65535,65535,65535,65535,65535,65535,65535,65535,65535,65535,65535
1685490396,0,1,0,0,10024,46835,65535,65535,65535,65535,65535,65535,65535,65535,65535,65535,65535
1685490402,0,1,0,0,10024,46774,65535,65535,65535,65535,65535,65535,65535,65535,65535,65535,65535
1685490408,0,1,0,0,10023,46792,65535,65535,65535,65535,65535,65535,65535,65535,65535,65535,65535
1685490414,0,1,0,0,10023,46769,65535,65535,65535,65535,65535,65535,65535,65535,65535,65535,65535
1685490420,0,1,0,0,10023,46748,65535,65535,65535,65535,65535,65535,65535,65535,65535,65535,65535
1685490426,0,1,0,0,10021,46702,65535,65535,65535,65535,65535,65535,65535,65535,65535,65535,65535
1685490432,0,1,0,0,10020,46674,65535,65535,65535,65535,65535,65535,65535,65535,65535,65535,65535
1685490438,0,1,0,0,10015,46617,65535,65535,65535,65535,65535,65535,65535,65535,65535,65535,65535
1685490444,0,1,0,0,10014,46626,65535,65535,65535,65535,65535,65535,65535,65535,65535,65535,65535
1685490450,0,1,0,0,10015,46595,65535,65535,65535,65535,65535,65535,65535,65535,65535,65535,65535
1685490456,0,1,0,0,10014,46586,65535,65535,65535,65535,65535,65535,65535,65535,65535,65535,65535
1685490462,0,1,0,0,10014,46576,65535,65535,65535,65535,65535,65535,65535,65535,65535,65535,65535
1685490468,0,1,0,0,10014,46555,65535,65535,65535,65535,65535,65535,65535,65535,65535,65535,65535
1685490474,0,1,0,0,10014,46544,65535,65535,65535,65535,65535,65535,65535,65535,65535,65535,65535
1685490480,0,1,0,0,10014,46526,65535,65535,65535,65535,65535,65535,65535,65535,65535,65535,65535
1685490486,0,1,0,0,10014,46534,65535,65535,65535,65535,65535,65535,65535,65535,65535,65535,65535
1685490492,0,1,0,0,10014,46529,65535,65535,65535,65535,65535,65535,65535,65535,65535,65535,65535
1685490498,0,1,0,0,10014,46522,65535,65535,65535,65535,65535,65535,65535,65535,65535,65535,65535
1685490504,0,1,0,0,10014,46471,65535,65535,65535,65535,65535,65535,65535,65535,65535,65535,65535
1685490510,0,1,0,0,10013,46472,65535,65535,65535,65535,65535,65535,65535,65535,65535,65535,65535
1685490516,0,1,0,0,10013,46501,65535,65535,65535,65535,65535,65535,65535,65535,65535,65535,65535
1685490522,0,1,0,0,10014,46463,65535,65535,65535,65535,65535,65535,65535,65535,65535,65535,65535
1685490528,0,1,0,0,10014,46505,65535,65535,65535,65535,65535,65535,65535,65535,65535,65535,65535
1685490534,0,1,0,0,10013,46477,65535,65535,65535,65535,65535,65535,65535,65535,65535,65535,65535
1685490540,0,1,0,0,10014,46484,65535,65535,65535,65535,65535,65535,65535,65535,65535,65535,65535
1685490546,0,1,0,0,10014,46525,65535,65535,65535,65535,65535,65535,65535,65535,65535,65535,65535
1685490552,0,1,0,0,10021,46520,65535,65535,65535,65535,65535,65535,65535,65535,65535,65535,65535
1685490558,0,1,0,0,10020,46463,65535,65535,65535,65535,65535,65535,65535,65535,65535,65535,65535
1685490564,0,1,0,0,10021,46489,65535,65535,65535,65535,65535,65535,65535,65535,65535,65535,65535
1685490570,0,1,0,0,10022,46456,65535,65535,65535,65535,65535,65535,65535,65535,65535,65535,65535
1685490576,0,1,0,0,10021,46461,65535,65535,65535,65535,65535,65535,65535,65535,65535,65535,65535
1685490582,0,1,0,0,10022,46506,65535,65535,65535,65535,65535,65535,65535,65535,65535,65535,65535
1685490588,0,1,0,0,10021,46477,65535,65535,65535,65535,65535,65535,65535,65535,65535,65535,65535
1685490594,0,1,0,0,10021,46424,65535,65535,65535,65535,65535,65535,65535,65535,65535,65535,65535
1685490600,0,1,0,0,10020,46425,65535,65535,65535,65535,65535,65535,65535,65535,65535,65535,65535
1685490606,0,1,0,0,10020,46415,65535,65535,65535,65535,65535,65535,65535,65535,65535,65535,65535
1685490612,0,1,0,0,10015,46393,65535,65535,65535,65535,65535,65535,65535,65535,65535,65535,65535
1685490618,0,1,0,0,10014,46349,65535,65535,65535,65535,65535,65535,65535,65535,65535,65535,65535
1685490624,0,1,0,0,10013,46327,65535,65535,65535,65535,65535,65535,65535,65535,65535,65535,65535
1685490630,0,1,0,0,10013,46302,65535,65535,65535,65535,65535,65535,65535,65535,65535,65535,65535
1685490636,0,1,0,0,10014,46270,65535,65535,65535,65535,65535,65535,65535,65535,65535,65535,65535
1685490642,0,1,0,0,10012,46251,65535,65535,65535,65535,65535,65535,65535,65535,65535,65535,65535
1685490648,0,1,0,0,10011,46157,65535,65535,65535,65535,65535,65535,65535,65535,65535,65535,65535
1685490654,0,1,0,0,10000,46032,65535,65535,65535,65535,65535,65535,65535,65535,65535,65535,65535
1685490660,0,1,0,0,5553,45849,65535,65535,65535,65535,65535,65535,65535,65535,65535,65535,65535
1685490666,0,1,0,0,5543,45594,65535,65535,65535,65535,65535,65535,65535,65535,65535,65535,65535
1685490672,0,1,0,0,5530,45259,65535,65535,65535,65535,65535,65535,65535,65535,65535,65535,65535
1685490678,0,1,0,0,5521,45156,65535,65535,65535,65535,65535,65535,65535,65535,65535,65535,65535
1685490684,0,1,0,0,5511,44997,65347,65535,65535,65535,65535,65535,65535,65535,65535,65535,65535
1685490690,0,1,0,0,5452,44600,64749,65535,65535,65535,65535,65535,65535,65535,65535,65535,65535
1685490696,0,1,0,0,5450,44606,64744,65535,65535,65535,65535,65535,65535,65535,65535,65535,65535
1685490702,0,1,0,0,5450,44623,64750,65535,65535,65535,65535,65535,65535,65535,65535,65535,65535
1685490708,0,1,0,0,5501,44839,65112,65535,65535,65535,65535,65535,65535,65535,65535,65535,65535
1685490714,0,1,0,0,5511,45063,65435,65535,65535,65535,65535,65535,65535,65535,65535,65535,65535
1685490720,0,1,0,0,5520,45198,65535,65535,65535,65535,65535,65535,65535,65535,65535,65535,65535
1685490726,0,1,0,0,5524,45297,65535,65535,65535,65535,65535,65535,65535,65535,65535,65535,65535
1685490732,0,1,0,0,5531,45363,65535,65535,65535,65535,65535,65535,65535,65535,65535,65535,65535
1685490738,0,1,0,0,5534,45451,65535,65535,65535,65535,65535,65535,65535,65535,65535,65535,65535
1685490744,0,1,0,0,5540,45472,65535,65535,65535,65535,65535,65535,65535,65535,65535,65535,65535
1685490750,0,1,0,0,5543,45572,65535,65535,65535,65535,65535,65535,65535,65535,65535,65535,65535
1685490756,0,1,0,0,5545,45565,65535,65535,65535,65535,65535,65535,65535,65535,65535,65535,65535
1685490762,0,1,0,0,5550,45632,65535,65535,65535,65535,65535,65535,65535,65535,65535,65535,65535
1685490768,0,1,0,0,5551,45663,65535,65535,65535,65535,65535,65535,65535,65535,65535,65535,65535
1685490774,0,1,0,0,5552,45675,65535,65535,65535,65535,65535,65535,65535,65535,65535,65535,65535
1685490780,0,1,0,0,5554,45661,65535,65535,65535,65535,65535,65535,65535,65535,65535,65535,65535
1685490786,0,1,0,0,5554,45672,65535,65535,65535,65535,65535,65535,65535,65535,65535,65535,65535
1685490792,0,1,0,0,5554,45638,65535,65535,65535,65535,65535,65535,65535,65535,65535,65535,65535
1685490798,0,1,0,0,5553,45538,65535,65535,65535,65535,65535,65535,65535,65535,65535,65535,65535
1685490804,0,1,0,0,5552,45550,65535,65535,65535,65535,65535,65535,65535,65535,65535,65535,65535
1685490810,0,1,0,0,5551,45499,65535,65535,65535,65535,65535,65535,65535,65535,65535,65535,65535
1685490816,0,1,0,0,5552,45462,65535,65535,65535,65535,65535,65535,65535,65535,65535,65535,65535
1685490822,0,1,0,0,5551,45403,65535,65535,65535,65535,65535,65535,65535,65535,65535,65535,65535
1685490828,0,1,0,0,5550,45359,65535,65535,65535,65535,65535,65535,65535,65535,65535,65535,65535
1685490834,0,1,0,0,5544,45333,65535,65535,65535,65535,65535,65535,65535,65535,65535,65535,65535
1685490840,0,1,0,0,5544,45341,65535,65535,65535,65535,65535,65535,65535,65535,65535,65535,65535
1685490846,0,1,0,0,5544,45307,65535,65535,65535,65535,65535,65535,65535,65535,65535,65535,65535
1685490852,0,1,0,0,5543,45267,65535,65535,65535,65535,65535,65535,65535,65535,65535,65535,65535
1685490858,0,1,0,0,5543,45251,65535,65535,65535,65535,65535,65535,65535,65535,65535,65535,65535
1685490864,0,1,0,0,5542,45230,65535,65535,65535,65535,65535,65535,65535,65535,65535,65535,65535
1685490870,0,1,0,0,5543,45231,65535,65535,65535,65535,65535,65535,65535,65535,65535,65535,65535
1685490876,0,1,0,0,5544,45264,65535,65535,65535,65535,65535,65535,65535,65535,65535,65535,65535
1685490882,0,1,0,0,5545,45283,65535,65535,65535,65535,65535,65535,65535,65535,65535,65535,65535
1685490888,0,1,0,0,5551,45345,65535,65535,65535,65535,65535,65535,65535,65535,65535,65535,65535
1685490894,0,1,0,0,5554,45318,65535,65535,65535,65535,65535,65535,65535,65535,65535,65535,65535
1685490900,0,1,0,0,10001,45465,65535,65535,65535,65535,65535,65535,65535,65535,65535,65535,65535
1685490906,0,1,0,0,10010,45611,65535,65535,65535,65535,65535,65535,65535,65535,65535,65535,65535
1685490912,0,1,0,0,10014,45700,65535,65535,65535,65535,65535,65535,65535,65535,65535,65535,65535
1685490918,0,1,0,0,10021,45723,65535,65535,65535,65535,65535,65535,65535,65535,65535,65535,65535
1685490924,0,1,0,0,10024,45843,65535,65535,65535,65535,65535,65535,65535,65535,65535,65535,65535
1685490930,0,1,0,0,10031,45953,65535,65535,65535,65535,65535,65535,65535,65535,65535,65535,65535
1685490936,0,1,0,0,10032,45941,65535,65535,65535,65535,65535,65535,65535,65535,65535,65535,65535
1685490942,0,1,0,0,10034,45962,65535,65535,65535,65535,65535,65535,65535,65535,65535,65535,65535
1685490948,0,1,0,0,10035,45895,65535,65535,65535,65535,65535,65535,65535,65535,65535,65535,65535
1685490954,0,1,0,0,10041,46042,65535,65535,65535,65535,65535,65535,65535,65535,65535,65535,65535
1685490960,0,1,0,0,10050,46114,65535,65535,65535,65535,65535,65535,65535,65535,65535,65535,65535
1685490966,0,1,0,0,10053,46207,65535,65535,65535,65535,65535,65535,65535,65535,65535,65535,65535
1685490972,0,1,0,0,10101,46284,65535,65535,65535,65535,65535,65535,65535,65535,65535,65535,65535
1685490978,0,1,0,0,10110,46354,65535,65535,65535,65535,65535,65535,65535,65535,65535,65535,65535
1685490984,0,1,0,0,10115,46460,65535,65535,65535,65535,65535,65535,65535,65535,65535,65535,65535
1685490990,0,1,0,0,10124,46569,65535,65535,65535,65535,65535,65535,65535,65535,65535,65535,65535
1685490996,0,1,0,0,10130,46653,65535,65535,65535,65535,65535,65535,65535,65535,65535,65535,65535
1685491002,0,1,0,0,10141,46799,65535,65535,65535,65535,65535,65535,65535,65535,65535,65535,65535
1685491008,0,1,0,0,10150,46920,65535,65535,65535,65535,65535,65535,65535,65535,65535,65535,65535
1685491014,0,1,0,0,10154,46967,65535,65535,65535,65535,65535,65535,65535,65535,65535,65535,65535
1685491020,0,1,0,0,10202,47000,65535,65535,65535,65535,65535,65535,65535,65535,65535,65535,65535
1685491026,0,1,0,0,10205,47033,65535,65535,65535,65535,65535,65535,65535,65535,65535,65535,65535
1685491032,0,1,0,0,10211,47093,65535,65535,65535,65535,65535,65535,65535,65535,65535,65535,65535
1685491038,0,1,0,0,10213,47111,65535,65535,65535,65535,65535,65535,65535,65535,65535,65535,65535
1685491044,0,1,0,0,10215,47124,65535,65535,65535,65535,65535,65535,65535,65535,65535,65535,65535
1685491050,0,1,0,0,10215,47135,65535,65535,65535,65535,65535,65535,65535,65535,65535,65535,65535
1685491056,0,1,0,0,10220,47116,65535,65535,65535,65535,65535,65535,65535,65535,65535,65535,65535
1685491062,0,1,0,0,10222,47178,65535,65535,65535,65535,65535,65535,65535,65535,65535,65535,65535
1685491068,0,1,0,0,10225,47226,65535,65535,65535,65535,65535,65535,65535,65535,65535,65535,65535
1685491074,0,1,0,0,10230,47286,65535,65535,65535,65535,65535,65535,65535,65535,65535,65535,65535
1685491080,0,1,0,0,10232,47343,65535,65535,65535,65535,65535,65535,65535,65535,65535,65535,65535
1685491086,0,1,0,0,10233,47359,65535,65535,65535,65535,65535,65535,65535,65535,65535,65535,65535
1685491092,0,1,0,0,10235,47409,65535,65535,65535,65535,65535,65535,65535,65535,65535,65535,65535
1685491098,0,1,0,0,10241,47453,65535,65535,65535,65535,65535,65535,65535,65535,65535,65535,65535
1685491104,0,1,0,0,10243,47503,65535,65535,65535,65535,65535,65535,65535,65535,65535,65535,65535
1685491110,0,1,0,0,10245,47561,65535,65535,65535,65535,65535,65535,65535,65535,65535,65535,65535
1685491116,0,1,0,0,10250,47554,65535,65535,65535,65535,65535,65535,65535,65535,65535,65535,65535
1685491122,0,1,0,0,10251,47566,65535,65535,65535,65535,65535,65535,65535,65535,65535,65535,65535
1685491128,0,1,0,0,10251,47576,65535,65535,65535,65535,65535,65535,65535,65535,65535,65535,65535
1685491134,0,1,0,0,10251,47580,65535,65535,65535,65535,65535,65535,65535,65535,65535,65535,65535
1685491140,0,1,0,0,10250,47563,65535,65535,65535,65535,65535,65535,65535,65535,65535,65535,65535
1685491146,0,1,0,0,10245,47539,65535,65535,65535,65535,65535,65535,65535,65535,65535,65535,65535
1685491152,0,1,0,0,10244,47504,65535,65535,65535,65535,65535,65535,65535,65535,65535,65535,65535
1685491158,0,1,0,0,10243,47475,65535,65535,65535,65535,65535,65535,65535,65535,65535,65535,65535
1685491164,0,1,0,0,10242,47431,65535,65535,65535,65535,65535,65535,65535,65535,65535,65535,65535
1685491170,0,1,0,0,10240,47381,65535,65535,65535,65535,65535,65535,65535,65535,65535,65535,65535
1685491176,0,1,0,0,10234,47327,65535,65535,65535,65535,65535,65535,65535,65535,65535,65535,65535
1685491182,0,1,0,0,10232,47264,65535,65535,65535,65535,65535,65535,65535,65535,65535,65535,65535
1685491188,0,1,0,0,10230,47221,65535,65535,65535,65535,65535,65535,65535,65535,65535,65535,65535
1685491194,0,1,0,0,10224,47178,65535,65535,65535,65535,65535,65535,65535,65535,65535,65535,65535
