Timestamp,Amber,White,On,Override,Intensity,AS00,AS01,AS02,AS03,AS04,AS05,AS06,AS07,AS08,AS09,AS10,AS11
1685433600,0,1,0,0,0,3,5,10,15,112,6,51,53,63,15,112,6
1685433606,0,1,0,0,0,3,5,10,16,112,6,51,53,63,14,112,6
1685433612,0,1,0,0,0,3,5,9,15,112,6,51,53,63,15,112,6
1685433618,0,1,0,0,0,3,5,9,15,111,6,51,53,63,14,112,6
1685433624,0,1,0,0,0,3,5,10,16,112,6,51,53,63,15,112,6
1685433630,0,1,0,0,0,3,5,10,16,112,6,51,54,63,15,112,6
1685433636,0,1,0,0,0,3,5,9,15,112,6,51,53,64,14,112,6
1685433642,0,1,0,0,0,3,5,9,15,112,6,51,53,64,15,112,6
1685433648,0,1,0,0,0,3,5,10,16,112,6,51,53,63,14,112,6
1685433654,0,1,0,0,0,3,5,9,15,112,6,51,53,63,15,112,6
1685433660,0,1,0,0,0,3,6,10,15,112,6,51,53,64,15,112,6
1685433666,0,1,0,0,0,3,5,10,15,112,6,51,53,63,15,112,6
1685433672,0,1,0,0,0,3,5,10,16,112,6,51,53,64,15,112,6
1685433678,0,1,0,0,0,3,5,9,15,112,6,51,53,63,15,112,6
1685433684,0,1,0,0,0,3,5,10,16,112,6,51,53,63,15,112,6
1685433690,0,1,0,0,0,3,5,10,15,112,6,51,53,63,15,112,6
1685433696,0,1,0,0,0,3,5,9,16,112,6,51,53,63,14,112,6
1685433702,0,1,0,0,0,3,5,10,16,112,6,52,53,64,15,112,6
1685433708,0,1,0,0,0,3,5,9,16,112,6,51,53,63,14,112,6
1685433714,0,1,0,0,0,3,5,10,16,112,6,51,53,63,14,112,6
1685433720,0,1,0,0,0,3,5,10,15,112,6,51,53,64,14,112,6
1685433726,0,1,0,0,0,3,5,9,15,112,6,51,53,63,15,112,6
1685433732,0,1,0,0,0,3,5,10,15,112,6,51,53,63,14,112,6
1685433738,0,1,0,0,0,3,5,10,15,112,6,51,53,63,15,112,6
1685433744,0,1,0,0,0,3,5,10,15,112,6,51,53,63,14,112,6
1685433750,0,1,0,0,0,3,5,9,16,112,6,51,53,63,15,112,6
1685433756,0,1,0,0,0,3,5,10,16,112,6,51,53,64,15,112,6
1685433762,0,1,0,0,0,3,5,9,15,112,6,52,53,63,15,112,6
1685433768,0,1,0,0,0,3,5,10,15,112,6,51,53,63,14,112,6
1685433774,0,1,0,0,0,3,5,10,16,112,6,52,53,64,15,112,6
1685433780,0,1,0,0,0,3,5,9,16,112,6,51,53,63,15,112,6
1685433786,0,1,0,0,0,3,5,10,16,112,6,51,53,63,14,113,6
1685433792,0,1,0,0,0,3,5,10,15,112,6,51,54,64,15,112,6
1685433798,0,1,0,0,0,3,5,10,15,112,6,52,53,63,14,112,6
1685433804,0,1,0,0,0,3,5,10,15,112,6,51,53,64,15,112,6
1685433810,0,1,0,0,0,3,5,10,16,112,6,52,53,63,15,112,6
1685433816,0,1,0,0,0,3,5,10,16,112,6,51,54,64,15,112,6
1685433822,0,1,0,0,0,3,5,10,15,112,6,51,54,64,14,112,6
1685433828,0,1,0,0,0,3,5,10,15,113,6,52,53,63,15,112,6
1685433834,0,1,0,0,0,3,5,10,15,112,6,51,54,63,15,112,6
1685433840,0,1,0,0,0,3,6,10,16,112,6,51,54,64,15,112,6
1685433846,0,1,0,0,0,3,5,10,16,113,6,52,53,63,15,112,6
1685433852,0,1,0,0,0,3,5,9,15,112,6,52,53,63,15,112,6
1685433858,0,1,0,0,0,3,5,9,15,112,6,51,53,63,14,112,6
1685433864,0,1,0,0,0,3,5,10,15,112,6,51,53,63,14,112,6
1685433870,0,1,0,0,0,3,5,10,16,112,6,51,54,64,14,112,6
1685433876,0,1,0,0,0,3,5,10,15,113,6,52,54,64,14,112,6
1685433882,0,1,0,0,0,3,5,9,16,112,6,51,53,63,15,112,6
1685433888,0,1,0,0,0,3,5,9,15,112,6,51,53,64,14,112,6
1685433894,0,1,0,0,0,3,5,10,15,112,6,51,53,65,15,112,6
1685433900,0,1,0,0,0,3,5,9,15,111,6,51,53,63,15,112,6
1685433906,0,1,0,0,0,3,5,10,15,112,6,52,53,63,15,112,6
1685433912,0,1,0,0,0,3,5,10,15,112,6,51,53,63,14,112,6
1685433918,0,1,0,0,0,3,5,9,15,112,6,51,53,64,15,112,6
1685433924,0,1,0,0,0,3,5,10,16,113,6,51,53,64,15,112,6
1685433930,0,1,0,0,0,3,5,10,16,112,6,51,53,63,15,112,6
1685433936,0,1,0,0,0,3,5,10,15,112,6,51,53,64,15,112,6
1685433942,0,1,0,0,0,3,5,10,15,112,6,52,53,64,14,112,6
1685433948,0,1,0,0,0,3,5,10,16,112,6,51,53,63,14,112,6
1685433954,0,1,0,0,0,3,5,9,15,112,6,52,53,63,14,112,6
1685433960,0,1,0,0,0,3,5,9,15,112,6,51,54,63,14,112,6
1685433966,0,1,0,0,0,3,5,10,16,112,6,51,53,63,15,112,6
1685433972,0,1,0,0,0,3,5,9,16,112,6,51,53,64,15,112,6
1685433978,0,1,0,0,0,3,5,10,15,112,6,51,53,64,15,112,6
1685433984,0,1,0,0,0,3,5,10,15,112,6,51,53,63,15,112,6
1685433990,0,1,0,0,0,3,5,10,15,112,6,51,53,63,15,112,6
1685433996,0,1,0,0,0,3,5,10,15,112,6,51,53,63,15,112,6
1685434002,0,1,0,0,0,3,5,10,16,111,6,51,53,63,15,112,6
1685434008,0,1,0,0,0,3,5,10,15,112,6,51,53,63,14,111,4
1685434014,0,1,0,0,0,3,5,9,15,112,6,51,53,63,14,112,6
1685434020,0,1,0,0,0,3,5,10,15,112,6,51,53,63,15,111,6
1685434026,0,1,0,0,0,3,5,10,15,112,6,51,53,63,14,112,6
1685434032,0,1,0,0,0,3,5,10,15,112,6,51,53,63,14,112,6
1685434038,0,1,0,0,0,3,5,10,15,112,6,51,53,63,14,112,6
1685434044,0,1,0,0,0,3,5,10,16,112,6,51,53,63,14,112,6
1685434050,0,1,0,0,0,3,5,9,15,112,6,51,53,63,14,112,6
1685434056,0,1,0,0,0,3,5,9,15,112,6,51,53,63,15,112,6
1685434062,0,1,0,0,0,3,5,10,16,112,6,51,53,63,14,112,6
1685434068,0,1,0,0,0,3,5,9,16,112,6,51,53,63,14,112,6
1685434074,0,1,0,0,0,3,5,10,16,112,6,51,53,63,14,111,6
1685434080,0,1,0,0,0,3,5,10,16,112,6,51,53,63,15,112,6
1685434086,0,1,0,0,0,3,5,10,16,112,6,51,53,63,15,112,6
1685434092,0,1,0,0,0,3,5,10,16,112,6,51,53,63,15,112,6
1685434098,0,1,0,0,0,3,5,9,15,112,6,51,53,63,15,112,6
1685434104,0,1,0,0,0,3,5,10,15,112,6,51,53,63,15,112,6
1685434110,0,1,0,0,0,3,5,10,15,112,6,51,53,63,15,112,6
1685434116,0,1,0,0,0,3,5,10,15,112,6,51,53,63,14,112,6
1685434122,0,1,0,0,0,3,5,10,15,112,6,51,53,63,15,112,6
1685434128,0,1,0,0,0,3,5,10,16,112,6,52,53,63,15,112,6
1685434134,0,1,0,0,0,3,5,10,15,112,6,52,53,63,14,112,6
1685434140,0,1,0,0,0,3,5,10,15,111,6,51,53,63,14,112,6
1685434146,0,1,0,0,0,3,5,9,15,112,6,51,53,63,15,112,6
1685434152,0,1,0,0,0,3,5,10,16,112,6,51,53,63,15,112,6
1685434158,0,1,0,0,0,3,5,9,16,112,6,51,53,63,14,112,6
1685434164,0,1,0,0,0,3,5,9,15,112,6,51,53,64,14,112,6
1685434170,0,1,0,0,0,3,5,10,15,112,6,51,53,63,15,112,6
1685434176,0,1,0,0,0,3,5,10,15,112,6,51,53,63,14,112,6
1685434182,0,1,0,0,0,3,5,10,15,112,6,52,53,63,15,112,6
1685434188,0,1,0,0,0,3,5,10,15,112,6,51,54,63,15,112,6
1685434194,0,1,0,0,0,3,5,10,15,112,6,51,53,63,14,112,6
1685434200,0,1,0,0,0,3,5,9,15,112,6,51,53,64,15,112,6
1685434206,0,1,0,0,0,3,5,10,15,111,6,51,53,63,15,112,6
1685434212,0,1,0,0,0,3,5,10,15,112,6,51,53,63,15,112,6
1685434218,0,1,0,0,0,3,5,10,15,112,6,51,53,64,15,112,6
1685434224,0,1,0,0,0,3,5,10,15,112,6,51,53,63,15,113,6
1685434230,0,1,0,0,0,3,5,10,16,112,6,51,53,64,15,112,6
1685434236,0,1,0,0,0,3,5,10,16,112,6,51,53,63,15,112,6
1685434242,0,1,0,0,0,3,5,10,15,112,6,51,53,63,15,112,6
1685434248,0,1,0,0,0,3,5,10,16,112,6,51,53,63,15,112,6
1685434254,0,1,0,0,0,3,5,10,15,112,6,51,53,63,14,112,6
1685434260,0,1,0,0,0,3,5,9,16,112,6,51,53,64,15,112,6
1685434266,0,1,0,0,0,3,5,10,15,112,6,51,53,64,15,112,6
1685434272,0,1,0,0,0,3,5,10,15,112,6,51,53,63,14,112,6
1685434278,0,1,0,0,0,3,5,9,15,111,6,51,53,63,15,112,6
1685434284,0,1,0,0,0,3,5,10,15,112,6,51,53,63,15,112,6
1685434290,0,1,0,0,0,3,5,10,16,112,6,51,53,63,15,112,6
1685434296,0,1,0,0,0,3,5,9,15,112,6,51,53,63,15,112,6
1685434302,0,1,0,0,0,3,5,10,16,112,6,51,53,63,15,112,6
1685434308,0,1,0,0,0,3,5,10,15,112,6,51,53,63,15,112,6
1685434314,0,1,0,0,0,3,5,10,15,111,6,51,53,63,14,112,6
1685434320,0,1,0,0,0,3,5,10,15,112,6,51,53,63,15,112,6
1685434326,0,1,0,0,0,3,5,10,15,112,6,51,53,63,14,112,6
1685434332,0,1,0,0,0,3,5,9,16,112,6,51,53,63,14,112,6
1685434338,0,1,0,0,0,3,5,10,15,112,6,51,53,63,15,112,6
1685434344,0,1,0,0,0,3,5,10,15,112,6,51,53,63,15,112,6
1685434350,0,1,0,0,0,3,5,10,15,112,6,51,53,63,15,112,6
1685434356,0,1,0,0,0,3,5,10,15,112,6,51,53,63,14,111,6
1685434362,0,1,0,0,0,3,5,10,16,112,6,51,53,63,14,112,6
1685434368,0,1,0,0,0,3,5,10,15,112,6,51,53,63,15,112,6
1685434374,0,1,0,0,0,3,5,10,15,112,6,51,53,63,15,112,6
1685434380,0,1,0,0,0,3,5,10,16,112,6,51,53,63,14,112,6
1685434386,0,1,0,0,0,3,5,9,16,112,6,51,53,63,15,112,6
1685434392,0,1,0,0,0,3,5,10,15,111,6,51,53,64,14,112,6
1685434398,0,1,0,0,0,3,5,10,15,111,6,51,53,63,15,112,6
1685434404,0,1,0,0,0,3,5,9,15,112,6,51,53,63,15,112,6
1685434410,0,1,0,0,0,3,5,9,15,112,6,51,53,64,14,111,6
1685434416,0,1,0,0,0,3,5,9,15,112,6,51,53,63,15,112,6
1685434422,0,1,0,0,0,3,5,10,15,112,6,51,53,63,15,112,6
1685434428,0,1,0,0,0,3,5,10,15,111,6,51,53,63,14,112,6
1685434434,0,1,0,0,0,3,5,10,16,111,6,51,53,63,14,112,6
1685434440,0,1,0,0,0,3,5,10,15,112,6,51,53,63,15,112,6
1685434446,0,1,0,0,0,3,5,10,15,112,6,51,54,63,15,112,6
1685434452,0,1,0,0,0,3,5,10,15,112,6,51,53,63,14,112,6
1685434458,0,1,0,0,0,3,5,9,15,112,6,51,53,64,14,112,6
1685434464,0,1,0,0,0,3,5,10,16,112,6,51,53,63,15,112,6
1685434470,0,1,0,0,0,3,5,10,15,112,6,51,53,63,15,112,6
1685434476,0,1,0,0,0,3,5,9,15,112,6,51,53,63,14,112,6
1685434482,0,1,0,0,0,3,5,10,16,112,6,51,53,63,15,112,6
1685434488,0,1,0,0,0,3,5,10,16,112,6,51,53,63,15,112,6
1685434494,0,1,0,0,0,3,6,10,16,112,6,51,53,63,15,112,6
1685434500,0,1,0,0,0,3,5,9,15,112,6,51,53,63,15,112,6
1685434506,0,1,0,0,0,3,5,10,16,112,6,51,53,63,15,112,6
1685434512,0,1,0,0,0,3,5,9,15,112,6,51,53,63,15,112,6
1685434518,0,1,0,0,0,3,5,10,16,112,6,51,53,63,14,112,6
1685434524,0,1,0,0,0,3,5,10,16,112,6,51,53,64,15,112,6
1685434530,0,1,0,0,0,3,5,10,16,112,6,51,53,63,15,112,6
1685434536,0,1,0,0,0,3,5,9,15,112,6,51,53,63,15,112,6
1685434542,0,1,0,0,0,3,5,10,16,112,6,51,53,63,15,112,6
1685434548,0,1,0,0,0,3,5,10,15,112,6,51,53,63,15,112,6
1685434554,0,1,0,0,0,3,5,10,16,112,6,51,53,63,15,112,6
1685434560,0,1,0,0,0,3,5,10,16,112,6,51,53,63,15,112,6
1685434566,0,1,0,0,0,3,5,10,15,112,6,51,53,63,15,112,6
1685434572,0,1,0,0,0,3,5,9,15,112,6,51,53,63,15,112,6
1685434578,0,1,0,0,0,3,5,9,16,112,6,51,53,63,14,112,6
1685434584,0,1,0,0,0,3,5,10,16,112,6,51,53,63,14,112,6
1685434590,0,1,0,0,0,3,5,10,15,112,6,51,53,63,15,112,6
1685434596,0,1,0,0,0,3,5,10,15,111,6,51,53,63,15,112,6
1685434602,0,1,0,0,0,3,5,10,15,111,6,51,53,63,15,112,6
1685434608,0,1,0,0,0,3,5,10,15,112,6,51,53,63,14,112,6
1685434614,0,1,0,0,0,3,5,10,15,112,6,51,53,63,15,112,6
1685434620,0,1,0,0,0,3,5,9,15,112,6,51,53,63,15,112,6
1685434626,0,1,0,0,0,3,5,9,15,112,6,51,53,63,15,112,6
1685434632,0,1,0,0,0,3,5,10,16,112,6,51,53,64,15,112,6
1685434638,0,1,0,0,0,3,5,10,16,112,6,51,53,64,14,112,6
1685434644,0,1,0,0,0,3,5,10,15,112,6,51,53,63,15,112,6
1685434650,0,1,0,0,0,3,5,10,16,112,6,51,53,63,14,112,6
1685434656,0,1,0,0,0,3,5,9,15,111,6,51,53,63,14,112,6
1685434662,0,1,0,0,0,3,5,10,15,112,6,51,53,63,15,112,6
1685434668,0,1,0,0,0,3,5,9,15,111,6,51,53,64,14,111,4
1685434674,0,1,0,0,0,3,5,9,16,112,6,51,53,63,15,112,6
1685434680,0,1,0,0,0,3,5,9,15,112,6,51,53,63,15,111,4
1685434686,0,1,0,0,0,3,5,10,16,111,6,51,53,63,15,112,6
1685434692,0,1,0,0,0,3,5,9,16,112,6,51,54,63,14,112,6
1685434698,0,1,0,0,0,3,6,10,15,112,6,51,53,63,15,112,6
1685434704,0,1,0,0,0,3,5,10,15,112,6,51,53,63,15,112,6
1685434710,0,1,0,0,0,3,5,10,15,112,6,51,53,63,15,112,6
1685434716,0,1,0,0,0,3,5,10,15,112,6,51,53,63,15,112,6
1685434722,0,1,0,0,0,3,5,10,15,111,6,51,53,63,15,112,6
1685434728,0,1,0,0,0,3,6,10,15,112,6,51,53,63,15,112,6
1685434734,0,1,0,0,0,3,5,9,15,112,6,51,53,63,15,112,6
1685434740,0,1,0,0,0,3,5,10,15,112,6,51,53,63,15,112,6
1685434746,0,1,0,0,0,3,5,10,16,112,6,51,53,63,14,112,6
1685434752,0,1,0,0,0,3,5,9,15,112,6,51,53,63,15,112,6
1685434758,0,1,0,0,0,3,5,9,16,112,6,51,53,63,15,112,6
1685434764,0,1,0,0,0,3,5,10,15,112,6,51,54,63,15,112,6
1685434770,0,1,0,0,0,3,5,9,15,112,6,51,53,63,15,112,6
1685434776,0,1,0,0,0,3,5,10,15,112,6,51,53,64,14,112,6
1685434782,0,1,0,0,0,3,5,10,15,112,6,51,53,63,14,112,6
1685434788,0,1,0,0,0,3,5,10,16,112,6,52,53,63,15,112,6
1685434794,0,1,0,0,0,3,5,10,15,112,6,51,53,63,14,112,6
1685434800,0,1,0,0,0,3,5,10,15,112,6,52,53,63,15,112,6
1685434806,0,1,0,0,0,3,5,10,15,112,6,51,53,63,15,112,6
1685434812,0,1,0,0,0,3,5,10,15,112,6,51,53,63,15,112,6
1685434818,0,1,0,0,0,3,5,10,15,112,6,51,53,63,15,112,6
1685434824,0,1,0,0,0,3,5,10,15,112,6,51,53,64,15,112,6
1685434830,0,1,0,0,0,3,5,10,16,112,6,51,53,63,15,112,6
1685434836,0,1,0,0,0,3,5,9,15,112,6,51,53,63,15,112,6
1685434842,0,1,0,0,0,3,5,9,16,112,6,51,53,63,14,112,6
1685434848,0,1,0,0,0,3,5,9,16,112,6,52,53,63,15,113,6
1685434854,0,1,0,0,0,3,5,10,15,112,6,51,54,64,15,112,6
1685434860,0,1,0,0,0,3,5,10,16,112,6,51,53,63,15,112,6
1685434866,0,1,0,0,0,3,5,9,16,112,6,51,53,63,15,112,6
1685434872,0,1,0,0,0,3,5,10,15,112,6,51,53,63,15,112,6
1685434878,0,1,0,0,0,3,5,10,15,112,6,51,53,63,15,112,6
1685434884,0,1,0,0,0,3,5,10,15,112,6,51,53,63,15,112,6
1685434890,0,1,0,0,0,3,5,10,16,112,6,51,53,63,15,112,6
1685434896,0,1,0,0,0,3,5,9,15,112,6,51,53,63,15,112,6
1685434902,0,1,0,0,0,3,5,10,16,112,6,51,53,63,15,112,6
1685434908,0,1,0,0,0,3,5,10,15,112,6,51,53,63,15,112,6
1685434914,0,1,0,0,0,3,5,10,15,112,6,51,53,64,15,112,6
1685434920,0,1,0,0,0,3,5,9,15,112,6,51,53,63,15,112,6
1685434926,0,1,0,0,0,3,5,10,15,112,6,51,53,63,15,112,6
1685434932,0,1,0,0,0,3,5,10,15,112,6,52,53,63,15,112,6
1685434938,0,1,0,0,0,3,5,10,15,112,6,51,53,63,15,112,6
1685434944,0,1,0,0,0,3,5,10,16,112,6,51,53,63,14,112,6
1685434950,0,1,0,0,0,3,5,10,15,112,6,51,53,63,14,112,6
1685434956,0,1,0,0,0,3,5,10,15,112,6,52,53,64,15,112,6
1685434962,0,1,0,0,0,3,5,10,15,112,6,51,53,63,14,112,6
1685434968,0,1,0,0,0,3,5,10,15,112,6,51,53,63,15,112,6
1685434974,0,1,0,0,0,3,5,9,16,112,6,51,53,63,15,112,6
1685434980,0,1,0,0,0,3,5,9,15,112,6,51,53,63,15,112,6
1685434986,0,1,0,0,0,3,5,10,16,112,6,51,53,63,15,112,6
1685434992,0,1,0,0,0,3,5,10,15,112,6,51,53,64,15,112,6
1685434998,0,1,0,0,0,3,5,10,15,112,6,51,54,63,15,112,6
1685435004,0,1,0,0,0,3,5,10,16,112,6,51,53,63,14,112,6
1685435010,0,1,0,0,0,3,5,10,15,112,6,51,53,64,15,112,6
1685435016,0,1,0,0,0,3,6,10,16,112,6,51,53,64,14,111,6
1685435022,0,1,0,0,0,3,5,10,16,112,6,51,53,64,15,112,6
1685435028,0,1,0,0,0,3,5,10,16,112,6,51,53,63,15,112,6
1685435034,0,1,0,0,0,3,5,10,15,112,6,51,53,64,15,112,6
1685435040,0,1,0,0,0,3,5,10,16,112,6,51,53,63,15,112,6
1685435046,0,1,0,0,0,3,5,10,16,112,6,51,53,63,15,112,6
1685435052,0,1,0,0,0,3,6,10,15,112,6,51,53,64,14,112,6
1685435058,0,1,0,0,0,3,5,10,15,112,6,51,53,64,15,112,6
1685435064,0,1,0,0,0,3,5,10,16,112,6,51,53,63,15,112,6
1685435070,0,1,0,0,0,3,5,9,16,112,6,51,53,63,15,112,6
1685435076,0,1,0,0,0,3,5,9,15,112,6,51,53,63,15,112,6
1685435082,0,1,0,0,0,3,5,10,15,112,6,51,53,63,14,112,6
1685435088,0,1,0,0,0,3,5,9,15,112,6,51,53,64,15,112,6
1685435094,0,1,0,0,0,3,6,10,15,112,6,51,53,63,14,112,6
1685435100,0,1,0,0,0,3,5,10,16,112,6,51,53,64,15,112,6
1685435106,0,1,0,0,0,3,5,10,16,112,6,51,53,64,15,112,6
1685435112,0,1,0,0,0,3,5,10,15,112,6,51,53,63,15,112,6
1685435118,0,1,0,0,0,3,5,10,16,112,6,51,53,64,14,112,6
1685435124,0,1,0,0,0,3,5,10,16,112,6,51,53,63,15,112,6
1685435130,0,1,0,0,0,3,5,10,15,112,6,51,54,63,15,112,6
1685435136,0,1,0,0,0,3,5,10,15,113,6,51,53,64,15,112,6
1685435142,0,1,0,0,0,3,5,10,16,112,6,51,53,64,15,112,6
1685435148,0,1,0,0,0,3,5,10,15,112,6,52,53,64,15,112,6
1685435154,0,1,0,0,0,3,5,10,16,112,6,52,53,64,14,112,6
1685435160,0,1,0,0,0,3,5,10,16,112,6,52,54,63,15,112,6
1685435166,0,1,0,0,0,3,5,10,16,112,6,51,53,63,14,112,6
1685435172,0,1,0,0,0,3,6,10,16,112,6,51,54,64,15,112,6
1685435178,0,1,0,0,0,3,5,10,15,112,6,51,54,63,14,112,6
1685435184,0,1,0,0,0,3,5,10,15,113,6,52,53,63,14,112,6
1685435190,0,1,0,0,0,3,5,10,16,112,6,52,53,63,15,112,6
1685435196,0,1,0,0,0,3,5,10,16,112,6,51,53,64,14,112,6
1685435202,0,1,0,0,0,3,5,10,15,112,6,52,54,63,15,112,6
1685435208,0,1,0,0,0,3,5,10,16,112,6,51,53,63,15,112,6
1685435214,0,1,0,0,0,3,5,10,15,112,6,51,54,63,15,112,6
1685435220,0,1,0,0,0,3,5,10,15,112,6,51,53,63,15,112,6
1685435226,0,1,0,0,0,3,5,9,15,112,6,51,53,63,15,112,6
1685435232,0,1,0,0,0,3,5,10,15,112,6,51,53,63,15,112,6
1685435238,0,1,0,0,0,3,5,10,15,112,6,51,53,63,15,112,6
1685435244,0,1,0,0,0,3,5,9,15,112,6,51,53,63,15,112,6
1685435250,0,1,0,0,0,3,5,10,15,112,6,51,53,64,15,112,6
1685435256,0,1,0,0,0,3,5,10,16,112,6,51,53,63,14,112,6
1685435262,0,1,0,0,0,3,5,9,16,112,6,51,53,64,15,112,6
1685435268,0,1,0,0,0,3,5,10,16,112,6,51,53,64,15,112,6
1685435274,0,1,0,0,0,3,5,10,16,112,6,51,53,64,14,112,6
1685435280,0,1,0,0,0,3,5,10,16,113,6,51,53,63,14,112,6
1685435286,0,1,0,0,0,3,5,10,16,112,6,51,53,63,15,112,6
1685435292,0,1,0,0,0,3,5,10,16,112,6,51,53,63,15,112,6
1685435298,0,1,0,0,0,3,5,9,15,112,6,51,53,63,15,112,6
1685435304,0,1,0,0,0,3,5,10,15,112,6,51,53,63,14,112,6
1685435310,0,1,0,0,0,3,5,10,15,112,6,51,53,63,15,112,6
1685435316,0,1,0,0,0,3,5,10,15,112,6,51,53,63,15,112,6
1685435322,0,1,0,0,0,3,5,10,16,112,6,51,53,64,15,112,6
1685435328,0,1,0,0,0,3,5,10,16,112,6,51,53,63,15,112,6
1685435334,0,1,0,0,0,3,6,10,16,112,6,51,53,64,15,112,6
1685435340,0,1,0,0,0,3,5,10,16,112,6,51,54,64,14,112,6
1685435346,0,1,0,0,0,3,5,9,15,112,6,51,54,63,14,112,6
1685435352,0,1,0,0,0,3,5,10,15,112,6,51,54,64,15,112,6
1685435358,0,1,0,0,0,3,5,10,16,112,6,51,53,63,14,112,6
1685435364,0,1,0,0,0,3,5,10,15,112,6,51,53,63,14,112,6
1685435370,0,1,0,0,0,3,5,10,15,112,6,51,53,64,15,112,6
1685435376,0,1,0,0,0,3,5,10,15,112,6,51,53,63,15,112,6
1685435382,0,1,0,0,0,3,5,10,15,112,6,51,53,63,15,112,6
1685435388,0,1,0,0,0,3,5,10,15,112,6,52,53,63,15,112,6
1685435394,0,1,0,0,0,3,5,10,16,112,6,51,53,64,15,112,6
1685435400,0,1,0,0,0,3,5,10,15,112,6,51,53,63,15,112,6
1685435406,0,1,0,0,0,3,5,10,16,112,6,52,53,63,15,112,6
1685435412,0,1,0,0,0,3,5,10,16,112,6,51,53,64,15,112,6
1685435418,0,1,0,0,0,3,5,10,15,112,6,51,53,64,15,112,6
1685435424,0,1,0,0,0,3,6,10,16,112,6,51,53,63,14,112,6
1685435430,0,1,0,0,0,3,5,10,16,112,6,52,53,63,15,112,6
1685435436,0,1,0,0,0,3,5,10,16,112,6,51,53,64,15,112,6
1685435442,0,1,0,0,0,3,5,9,15,112,6,51,53,63,15,112,6
1685435448,0,1,0,0,0,3,5,10,15,112,6,51,53,64,15,112,6
1685435454,0,1,0,0,0,3,5,10,16,112,6,51,53,64,15,112,6
1685435460,0,1,0,0,0,3,5,10,15,112,6,52,53,63,14,112,6
1685435466,0,1,0,0,0,3,5,10,16,112,6,51,53,63,15,112,6
1685435472,0,1,0,0,0,3,5,10,15,112,6,52,53,64,14,112,6
1685435478,0,1,0,0,0,3,5,10,16,112,6,51,53,64,15,112,6
1685435484,0,1,0,0,0,3,5,10,15,112,6,51,53,63,14,112,6
1685435490,0,1,0,0,0,3,5,9,16,112,6,51,53,63,15,112,6
1685435496,0,1,0,0,0,3,5,10,16,112,6,52,53,64,15,112,6
1685435502,0,1,0,0,0,3,5,10,16,112,6,52,53,63,14,112,6
1685435508,0,1,0,0,0,3,5,10,16,112,6,51,53,63,15,112,6
1685435514,0,1,0,0,0,3,5,10,15,112,6,51,53,63,15,112,6
1685435520,0,1,0,0,0,3,5,9,15,112,6,52,53,63,15,112,6
1685435526,0,1,0,0,0,3,5,10,16,112,6,51,53,64,15,112,6
1685435532,0,1,0,0,0,3,5,10,15,112,6,52,53,64,15,112,6
1685435538,0,1,0,0,0,3,5,10,16,112,6,51,53,64,15,112,6
1685435544,0,1,0,0,0,3,5,10,15,112,6,51,53,63,14,112,6
1685435550,0,1,0,0,0,3,5,10,15,112,6,51,53,63,15,112,6
1685435556,0,1,0,0,0,3,5,9,15,112,6,51,53,64,14,112,6
1685435562,0,1,0,0,0,3,5,9,15,112,6,51,53,63,14,112,6
1685435568,0,1,0,0,0,3,5,10,16,112,6,51,53,64,15,112,6
1685435574,0,1,0,0,0,3,5,10,16,112,6,51,53,63,15,112,6
1685435580,0,1,0,0,0,3,5,10,16,112,6,51,53,63,14,112,6
1685435586,0,1,0,0,0,3,5,10,16,112,6,51,53,63,14,112,6
1685435592,0,1,0,0,0,3,5,10,15,112,6,51,53,64,15,112,6
1685435598,0,1,0,0,0,3,5,10,16,112,6,51,53,63,14,111,6
1685435604,0,1,0,0,0,3,5,10,16,112,6,51,53,63,15,112,6
1685435610,0,1,0,0,0,3,5,9,16,112,6,51,53,63,15,112,6
1685435616,0,1,0,0,0,3,5,9,15,112,6,51,53,63,15,112,6
1685435622,0,1,0,0,0,3,5,10,16,112,6,51,53,63,15,112,6
1685435628,0,1,0,0,0,3,5,10,16,112,6,51,53,63,15,112,6
1685435634,0,1,0,0,0,3,5,10,16,112,6,51,53,64,15,112,6
1685435640,0,1,0,0,0,3,5,10,15,112,6,51,53,64,15,112,6
1685435646,0,1,0,0,0,3,5,10,15,112,6,51,53,63,15,112,6
1685435652,0,1,0,0,0,3,5,10,16,112,6,51,53,64,15,112,6
1685435658,0,1,0,0,0,3,5,9,16,112,6,51,53,63,15,112,6
1685435664,0,1,0,0,0,3,5,10,15,112,6,51,53,63,15,112,6
1685435670,0,1,0,0,0,3,5,10,15,112,6,51,54,63,15,112,6
1685435676,0,1,0,0,0,3,5,10,16,112,6,51,53,63,15,112,6
1685435682,0,1,0,0,0,3,5,10,16,112,6,51,53,63,15,112,6
1685435688,0,1,0,0,0,3,5,9,15,112,6,51,53,63,15,112,6
1685435694,0,1,0,0,0,3,5,9,15,112,6,51,53,64,15,112,6
1685435700,0,1,0,0,0,3,5,10,15,112,6,51,53,63,15,112,6
1685435706,0,1,0,0,0,3,5,10,16,112,6,51,53,63,15,112,6
1685435712,0,1,0,0,0,3,6,10,15,112,6,52,53,64,14,112,6
1685435718,0,1,0,0,0,3,5,10,15,112,6,52,53,64,15,112,6
1685435724,0,1,0,0,0,3,5,10,16,112,6,51,54,64,15,112,6
1685435730,0,1,0,0,0,3,5,10,16,112,6,51,54,64,15,112,6
1685435736,0,1,0,0,0,3,5,10,15,112,6,51,54,64,14,112,6
1685435742,0,1,0,0,0,3,5,10,16,112,6,52,53,63,15,112,6
1685435748,0,1,0,0,0,3,5,10,15,112,6,51,53,63,15,112,6
1685435754,0,1,0,0,0,3,5,10,16,112,6,52,53,64,14,112,6
1685435760,0,1,0,0,0,4,5,10,16,112,6,51,54,63,15,113,6
1685435766,0,1,0,0,0,3,5,10,16,113,6,52,53,64,15,113,6
1685435772,0,1,0,0,0,3,5,10,16,113,6,51,54,64,15,113,6
1685435778,0,1,0,0,0,3,5,10,15,112,6,51,54,63,15,112,6
1685435784,0,1,0,0,0,3,5,10,16,113,6,51,53,64,15,112,6
1685435790,0,1,0,0,0,3,5,10,16,112,6,51,53,64,15,112,6
1685435796,0,1,0,0,0,3,5,10,15,112,6,52,54,64,15,113,6
1685435802,0,1,0,0,0,3,5,10,16,113,6,51,53,63,15,112,6
1685435808,0,1,0,0,0,3,5,10,16,112,6,51,53,64,15,112,6
1685435814,0,1,0,0,0,3,5,10,16,112,6,51,53,63,15,113,6
1685435820,0,1,0,0,0,3,5,10,16,112,6,51,53,63,15,112,6
1685435826,0,1,0,0,0,3,5,10,16,112,6,51,53,64,15,112,6
1685435832,0,1,0,0,0,3,5,10,15,112,6,51,54,64,14,112,6
1685435838,0,1,0,0,0,3,5,10,16,112,6,52,53,64,15,112,6
1685435844,0,1,0,0,0,3,5,10,15,112,6,51,53,63,15,112,6
1685435850,0,1,0,0,0,3,5,10,15,112,6,51,54,64,15,112,6
1685435856,0,1,0,0,0,3,5,10,16,112,6,52,53,64,15,112,6
1685435862,0,1,0,0,0,3,5,9,16,112,6,51,53,63,15,112,6
1685435868,0,1,0,0,0,3,6,10,15,112,6,51,54,63,15,112,6
1685435874,0,1,0,0,0,3,5,10,15,112,6,51,53,63,15,112,6
1685435880,0,1,0,0,0,3,5,10,16,112,6,51,53,63,14,112,6
1685435886,0,1,0,0,0,3,5,10,15,112,6,52,53,64,14,112,6
1685435892,0,1,0,0,0,3,5,9,15,112,6,51,53,64,15,112,6
1685435898,0,1,0,0,0,3,5,9,15,112,6,51,54,63,15,112,6
1685435904,0,1,0,0,0,3,5,10,16,112,6,51,53,63,15,112,6
1685435910,0,1,0,0,0,3,5,10,15,112,6,51,53,64,15,112,6
1685435916,0,1,0,0,0,3,5,10,16,112,6,51,53,63,14,112,6
1685435922,0,1,0,0,0,3,5,10,16,112,6,52,53,63,14,112,6
1685435928,0,1,0,0,0,3,5,10,16,112,6,51,54,64,15,112,6
1685435934,0,1,0,0,0,3,5,10,15,112,6,51,53,63,15,112,6
1685435940,0,1,0,0,0,3,5,9,15,112,6,51,54,63,14,112,6
1685435946,0,1,0,0,0,3,5,9,15,112,4,51,53,63,15,112,6
1685435952,0,1,0,0,0,3,5,10,15,113,6,51,53,64,15,112,6
1685435958,0,1,0,0,0,3,5,10,15,112,6,51,53,64,15,112,6
1685435964,0,1,0,0,0,3,5,10,15,112,6,52,54,63,15,112,6
1685435970,0,1,0,0,0,3,5,10,16,112,6,51,54,63,15,112,6
1685435976,0,1,0,0,0,3,6,10,15,112,6,51,54,64,15,112,6
1685435982,0,1,0,0,0,3,5,10,15,111,6,51,53,63,14,112,6
1685435988,0,1,0,0,0,3,5,10,16,112,6,51,53,63,15,112,6
1685435994,0,1,0,0,0,3,6,10,16,112,6,51,53,64,14,112,6
1685436000,0,1,0,0,0,3,5,10,15,112,6,51,53,63,15,112,6
1685436006,0,1,0,0,0,3,5,9,15,112,6,52,53,63,15,112,6
1685436012,0,1,0,0,0,3,5,10,16,112,6,52,53,64,15,112,6
1685436018,0,1,0,0,0,3,5,10,15,112,6,51,54,63,15,112,6
1685436024,0,1,0,0,0,3,5,10,16,112,6,51,54,64,15,112,6
1685436030,0,1,0,0,0,3,5,10,15,112,6,51,53,64,15,112,6
1685436036,0,1,0,0,0,3,5,10,15,112,6,51,54,64,15,112,6
1685436042,0,1,0,0,0,3,5,10,15,112,6,51,54,64,15,112,6
1685436048,0,1,0,0,0,3,5,10,16,112,6,52,53,63,14,112,6
1685436054,0,1,0,0,0,3,5,10,15,112,6,51,53,63,15,112,6
1685436060,0,1,0,0,0,3,5,10,16,113,6,51,53,63,15,112,6
1685436066,0,1,0,0,0,3,5,9,15,112,6,52,53,63,15,113,6
1685436072,0,1,0,0,0,3,5,9,15,112,6,52,53,64,15,112,6
1685436078,0,1,0,0,0,3,5,10,16,112,6,51,53,64,15,112,6
1685436084,0,1,0,0,0,3,5,10,16,112,6,52,54,64,15,112,6
1685436090,0,1,0,0,0,3,5,10,15,112,6,51,54,64,15,113,6
1685436096,0,1,0,0,0,3,5,10,16,112,6,51,53,63,15,112,6
1685436102,0,1,0,0,0,3,5,10,16,113,6,52,54,64,15,112,6
1685436108,0,1,0,0,0,3,5,9,15,112,6,52,54,63,15,112,6
1685436114,0,1,0,0,0,3,5,10,16,112,6,51,53,63,14,112,6
1685436120,0,1,0,0,0,3,5,10,16,113,6,52,53,64,15,112,6
1685436126,0,1,0,0,0,3,5,10,16,112,6,51,54,63,15,112,6
1685436132,0,1,0,0,0,3,5,10,16,113,6,52,54,64,15,113,6
1685436138,0,1,0,0,0,3,5,10,16,112,6,52,53,63,15,112,6
1685436144,0,1,0,0,0,3,5,10,16,112,6,51,53,64,15,112,6
1685436150,0,1,0,0,0,3,5,10,16,112,6,51,53,64,14,112,6
1685436156,0,1,0,0,0,3,5,10,16,112,6,51,53,63,15,112,6
1685436162,0,1,0,0,0,3,5,10,15,112,6,51,53,63,15,112,6
1685436168,0,1,0,0,0,3,5,10,15,112,6,52,53,64,15,112,6
1685436174,0,1,0,0,0,3,5,10,15,112,6,51,53,64,15,112,6
1685436180,0,1,0,0,0,3,5,10,16,113,6,51,54,64,15,113,6
1685436186,0,1,0,0,0,3,5,10,15,112,6,51,53,64,15,113,6
1685436192,0,1,0,0,0,3,5,10,16,112,6,51,53,64,15,112,6
1685436198,0,1,0,0,0,3,5,10,16,112,6,52,54,63,15,112,6
1685436204,0,1,0,0,0,3,5,10,16,112,6,51,53,64,15,112,6
1685436210,0,1,0,0,0,3,5,10,16,112,6,51,54,63,14,112,6
1685436216,0,1,0,0,0,3,5,10,16,112,6,51,54,64,15,112,6
1685436222,0,1,0,0,0,3,5,10,16,112,6,51,53,63,14,112,6
1685436228,0,1,0,0,0,3,5,10,15,112,6,51,53,63,15,112,6
1685436234,0,1,0,0,0,3,5,9,16,112,6,52,53,63,14,112,6
1685436240,0,1,0,0,0,3,5,10,16,112,6,51,54,63,15,112,6
1685436246,0,1,0,0,0,3,5,10,16,112,6,51,53,63,15,112,6
1685436252,0,1,0,0,0,3,5,10,16,112,6,51,53,64,15,112,6
1685436258,0,1,0,0,0,3,5,10,16,112,6,52,53,64,15,112,6
1685436264,0,1,0,0,0,3,5,9,15,112,6,51,53,63,14,112,6
1685436270,0,1,0,0,0,3,5,10,16,112,6,51,54,64,15,112,6
1685436276,0,1,0,0,0,3,5,10,16,112,6,51,54,63,15,112,6
1685436282,0,1,0,0,0,3,5,10,16,112,6,52,53,63,15,112,6
1685436288,0,1,0,0,0,3,5,9,15,112,4,52,53,63,15,112,6
1685436294,0,1,0,0,0,3,5,9,15,112,6,51,53,63,15,112,6
1685436300,0,1,0,0,0,3,6,10,16,112,6,51,53,64,15,112,6
1685436306,0,1,0,0,0,3,5,10,16,112,6,51,53,64,15,112,6
1685436312,0,1,0,0,0,3,5,10,16,112,6,51,53,64,15,112,6
1685436318,0,1,0,0,0,3,5,10,15,112,6,52,53,63,15,112,6
1685436324,0,1,0,0,0,3,5,10,16,112,6,51,54,63,14,112,6
1685436330,0,1,0,0,0,3,5,10,15,112,6,51,53,63,15,112,6
1685436336,0,1,0,0,0,3,5,10,16,112,6,51,53,64,15,112,6
1685436342,0,1,0,0,0,3,5,10,16,112,6,51,53,64,14,111,6
1685436348,0,1,0,0,0,3,5,10,15,112,6,51,53,64,15,112,6
1685436354,0,1,0,0,0,3,5,10,15,112,6,51,53,63,14,112,6
1685436360,0,1,0,0,0,3,5,10,16,112,6,52,53,63,15,112,6
1685436366,0,1,0,0,0,3,5,10,16,112,6,51,53,64,15,112,6
1685436372,0,1,0,0,0,3,5,10,15,112,6,51,53,64,15,112,6
1685436378,0,1,0,0,0,3,5,10,15,112,6,52,54,64,15,112,6
1685436384,0,1,0,0,0,3,5,10,16,112,6,51,53,64,15,112,6
1685436390,0,1,0,0,0,3,5,10,15,112,6,51,53,63,15,112,6
1685436396,0,1,0,0,0,3,5,10,16,112,6,51,53,63,15,112,6
1685436402,0,1,0,0,0,3,5,10,16,112,6,52,53,64,15,112,6
1685436408,0,1,0,0,0,3,6,10,15,112,6,52,53,63,15,112,6
1685436414,0,1,0,0,0,3,5,10,16,112,6,51,53,64,15,112,6
1685436420,0,1,0,0,0,3,5,10,16,112,6,51,53,64,15,112,6
1685436426,0,1,0,0,0,3,5,10,15,112,6,51,53,63,15,112,6
1685436432,0,1,0,0,0,3,5,10,16,112,6,51,53,63,15,112,6
1685436438,0,1,0,0,0,3,5,10,16,112,6,51,53,63,14,112,6
1685436444,0,1,0,0,0,3,5,10,16,112,6,51,53,63,14,112,6
1685436450,0,1,0,0,0,3,5,10,16,112,6,51,53,63,15,112,6
1685436456,0,1,0,0,0,3,5,10,16,112,6,51,53,63,15,112,6
1685436462,0,1,0,0,0,3,5,10,16,112,6,51,53,64,15,112,6
1685436468,0,1,0,0,0,3,5,10,15,112,6,51,53,64,15,112,6
1685436474,0,1,0,0,0,3,5,9,16,112,6,52,53,63,15,112,6
1685436480,0,1,0,0,0,3,5,10,15,112,6,51,53,63,15,112,6
1685436486,0,1,0,0,0,3,5,10,15,112,6,51,53,63,15,112,6
1685436492,0,1,0,0,0,3,5,10,16,112,6,51,54,63,15,112,6
1685436498,0,1,0,0,0,3,5,9,16,112,6,51,53,63,15,112,6
1685436504,0,1,0,0,0,3,5,10,16,112,6,51,53,63,15,112,6
1685436510,0,1,0,0,0,3,5,10,16,112,6,51,54,64,15,112,6
1685436516,0,1,0,0,0,3,5,10,15,112,6,51,53,64,15,112,6
1685436522,0,1,0,0,0,3,5,10,15,112,6,51,53,64,14,112,6
1685436528,0,1,0,0,0,3,5,10,15,112,6,51,54,63,15,112,6
1685436534,0,1,0,0,0,3,5,10,16,112,6,52,53,63,14,112,6
1685436540,0,1,0,0,0,3,5,10,16,112,6,51,53,63,15,112,6
1685436546,0,1,0,0,0,3,5,10,15,112,6,51,54,63,14,112,6
1685436552,0,1,0,0,0,3,5,10,16,112,6,51,53,64,15,112,6
1685436558,0,1,0,0,0,3,5,10,16,112,6,51,53,63,14,112,6
1685436564,0,1,0,0,0,3,5,10,15,112,6,51,53,64,15,112,6
1685436570,0,1,0,0,0,3,5,10,16,112,6,51,53,64,15,112,6
1685436576,0,1,0,0,0,3,5,10,16,112,6,51,53,63,15,112,6
1685436582,0,1,0,0,0,3,5,10,15,112,6,51,53,63,14,112,6
1685436588,0,1,0,0,0,3,5,10,16,112,6,51,53,64,15,112,6
1685436594,0,1,0,0,0,3,5,10,16,112,6,51,53,64,15,112,6
1685436600,0,1,0,0,0,3,5,10,16,112,6,51,53,64,15,112,6
1685436606,0,1,0,0,0,3,5,10,15,112,6,51,53,63,15,112,6
1685436612,0,1,0,0,0,3,5,10,16,112,6,51,53,63,15,112,6
1685436618,0,1,0,0,0,3,5,10,16,112,6,51,53,64,15,112,6
1685436624,0,1,0,0,0,3,6,10,15,112,6,51,53,64,15,112,6
1685436630,0,1,0,0,0,3,5,10,16,112,6,52,53,64,15,112,6
1685436636,0,1,0,0,0,3,5,10,16,112,6,52,53,63,15,112,6
1685436642,0,1,0,0,0,3,5,10,16,112,6,52,53,63,15,112,6
1685436648,0,1,0,0,0,3,5,10,16,112,6,52,53,63,15,112,6
1685436654,0,1,0,0,0,3,5,10,15,112,6,51,53,64,15,112,6
1685436660,0,1,0,0,0,3,5,10,16,112,6,52,53,63,15,112,6
1685436666,0,1,0,0,0,3,5,10,16,112,6,52,53,63,15,113,6
1685436672,0,1,0,0,0,3,5,10,16,112,6,52,54,64,15,112,6
1685436678,0,1,0,0,0,3,5,10,15,112,6,51,53,64,15,112,6
1685436684,0,1,0,0,0,3,5,9,16,112,6,51,53,64,15,112,6
1685436690,0,1,0,0,0,3,5,10,15,112,6,51,53,64,15,112,6
1685436696,0,1,0,0,0,3,5,10,16,112,6,51,53,63,14,112,6
1685436702,0,1,0,0,0,3,5,10,15,112,6,51,54,64,15,112,6
1685436708,0,1,0,0,0,3,5,10,16,112,6,51,53,64,15,112,6
1685436714,0,1,0,0,0,3,5,10,15,112,6,51,53,64,15,112,6
1685436720,0,1,0,0,0,3,5,10,15,112,6,51,53,64,15,112,6
1685436726,0,1,0,0,0,3,5,10,15,112,6,51,53,64,14,112,6
1685436732,0,1,0,0,0,3,6,10,16,112,6,51,53,63,15,112,6
1685436738,0,1,0,0,0,3,5,9,16,112,6,52,53,64,15,113,6
1685436744,0,1,0,0,0,3,5,10,16,112,6,52,54,64,15,112,4
1685436750,0,1,0,0,0,3,5,10,16,112,6,52,53,64,15,112,6
1685436756,0,1,0,0,0,3,5,10,16,112,6,51,54,63,15,112,6
1685436762,0,1,0,0,0,3,5,10,16,112,6,51,53,63,15,112,6
1685436768,0,1,0,0,0,3,5,10,16,112,6,51,54,63,15,112,6
1685436774,0,1,0,0,0,3,5,10,15,112,6,52,53,63,15,112,6
1685436780,0,1,0,0,0,3,5,9,15,112,6,51,54,64,15,112,6
1685436786,0,1,0,0,0,3,5,9,16,112,6,51,53,64,15,112,6
1685436792,0,1,0,0,0,3,5,10,16,112,6,51,54,64,15,112,6
1685436798,0,1,0,0,0,3,5,10,15,112,6,51,53,64,15,112,6
1685436804,0,1,0,0,0,3,5,10,16,113,6,52,54,64,15,112,6
1685436810,0,1,0,0,0,3,5,10,16,112,6,51,53,64,14,112,6
1685436816,0,1,0,0,0,3,5,10,15,112,6,51,53,63,14,112,6
1685436822,0,1,0,0,0,3,5,10,15,112,6,51,53,64,14,112,6
1685436828,0,1,0,0,0,3,5,10,16,112,6,51,53,64,14,112,6
1685436834,0,1,0,0,0,3,5,9,15,112,6,51,53,63,15,112,6
1685436840,0,1,0,0,0,3,5,10,16,112,6,51,53,64,15,112,6
1685436846,0,1,0,0,0,3,5,9,15,112,6,51,53,63,15,112,6
1685436852,0,1,0,0,0,3,5,10,16,112,6,51,53,63,15,112,6
1685436858,0,1,0,0,0,3,5,9,15,112,6,51,54,63,14,112,6
1685436864,0,1,0,0,0,3,5,10,15,112,6,52,54,63,15,112,6
1685436870,0,1,0,0,0,3,5,10,15,112,6,52,53,63,15,112,6
1685436876,0,1,0,0,0,3,5,10,16,112,6,51,53,63,15,112,6
1685436882,0,1,0,0,0,3,5,10,15,112,6,51,53,63,15,112,6
1685436888,0,1,0,0,0,3,5,10,15,112,6,52,54,64,15,112,6
1685436894,0,1,0,0,0,3,5,10,15,112,6,51,53,63,15,112,6
1685436900,0,1,0,0,0,3,5,10,16,112,6,52,53,64,15,112,6
1685436906,0,1,0,0,0,3,5,10,15,112,6,52,54,64,14,112,6
1685436912,0,1,0,0,0,3,5,10,16,112,6,51,53,64,15,112,6
1685436918,0,1,0,0,0,3,5,10,15,112,6,51,53,64,15,112,6
1685436924,0,1,0,0,0,3,5,10,15,112,6,51,53,63,15,112,6
1685436930,0,1,0,0,0,3,5,10,16,112,6,51,53,63,14,112,6
1685436936,0,1,0,0,0,3,5,9,15,112,6,51,53,63,15,111,6
1685436942,0,1,0,0,0,3,5,10,15,112,6,52,53,63,15,112,6
1685436948,0,1,0,0,0,3,5,10,16,112,6,51,53,64,15,112,6
1685436954,0,1,0,0,0,3,5,10,16,112,6,51,53,63,15,112,6
1685436960,0,1,0,0,0,3,5,10,15,112,6,51,53,64,15,112,6
1685436966,0,1,0,0,0,3,5,10,16,112,6,52,53,64,15,112,6
1685436972,0,1,0,0,0,3,5,10,16,112,6,51,53,64,15,112,6
1685436978,0,1,0,0,0,3,5,10,15,112,6,51,53,63,15,112,6
1685436984,0,1,0,0,0,3,5,10,15,113,6,51,53,63,15,112,6
1685436990,0,1,0,0,0,3,5,10,16,112,6,51,53,64,15,113,6
1685436996,0,1,0,0,0,3,5,10,15,112,6,52,53,64,15,112,6
1685437002,0,1,0,0,0,3,5,10,16,112,6,51,53,64,14,112,6
1685437008,0,1,0,0,0,3,5,10,16,112,6,51,53,63,15,112,6
1685437014,0,1,0,0,0,3,5,10,16,112,6,51,53,63,14,112,6
1685437020,0,1,0,0,0,3,5,10,16,112,6,51,53,64,15,112,6
1685437026,0,1,0,0,0,3,5,10,16,112,6,52,53,64,14,112,6
1685437032,0,1,0,0,0,3,5,10,15,112,6,52,54,64,15,112,6
1685437038,0,1,0,0,0,3,5,10,15,112,6,51,53,64,15,112,6
1685437044,0,1,0,0,0,3,5,10,16,112,6,51,53,64,15,112,6
1685437050,0,1,0,0,0,3,5,9,16,113,6,52,54,64,15,112,6
1685437056,0,1,0,0,0,3,5,9,15,112,6,51,53,63,15,112,6
1685437062,0,1,0,0,0,3,5,10,15,112,6,51,54,64,15,112,6
1685437068,0,1,0,0,0,3,5,10,15,112,6,52,53,64,15,112,6
1685437074,0,1,0,0,0,3,5,10,15,112,6,52,53,64,15,112,6
1685437080,0,1,0,0,0,3,5,9,15,112,6,52,54,63,14,112,6
1685437086,0,1,0,0,0,3,5,10,16,112,6,52,53,63,15,112,6
1685437092,0,1,0,0,0,3,5,10,16,112,6,52,53,64,15,112,6
1685437098,0,1,0,0,0,3,5,10,16,113,6,51,53,64,15,112,6
1685437104,0,1,0,0,0,3,5,10,15,112,6,51,53,63,15,112,6
1685437110,0,1,0,0,0,3,5,10,15,112,6,51,54,63,15,112,6
1685437116,0,1,0,0,0,3,5,10,16,112,6,51,53,64,15,112,6
1685437122,0,1,0,0,0,3,5,10,16,112,6,51,53,64,15,112,6
1685437128,0,1,0,0,0,3,5,10,16,112,6,51,54,64,15,112,6
1685437134,0,1,0,0,0,3,5,10,16,112,6,51,53,64,15,112,6
1685437140,0,1,0,0,0,3,5,10,16,112,6,52,53,63,15,112,6
1685437146,0,1,0,0,0,3,5,10,15,112,6,51,53,64,15,112,6
1685437152,0,1,0,0,0,3,5,10,15,112,6,51,53,63,15,112,6
1685437158,0,1,0,0,0,3,5,11,15,112,6,51,53,63,14,112,6
1685437164,0,1,0,0,0,3,5,10,15,112,6,51,53,63,15,112,6
1685437170,0,1,0,0,0,3,6,10,16,112,6,51,53,64,15,112,6
1685437176,0,1,0,0,0,3,5,10,15,112,6,51,53,64,15,112,6
1685437182,0,1,0,0,0,3,5,10,15,112,6,52,54,63,15,112,6
1685437188,0,1,0,0,0,3,5,10,16,112,6,51,53,63,14,112,6
1685437194,0,1,0,0,0,3,5,10,16,112,6,51,53,63,15,112,6
