Timestamp,Amber,White,On,Override,Intensity,AS00,AS01,AS02,AS03,AS04,AS05,AS06,AS07,AS08,AS09,AS10,AS11
1685458800,0,1,0,0,5011,30340,44959,60396,65535,65535,65535,65535,65535,65535,65535,65535,65535
1685458806,0,1,0,0,5021,30470,45163,60655,65535,65535,65535,65535,65535,65535,65535,65535,65535
1685458812,0,1,0,0,5025,30677,45479,61082,65535,65535,65535,65535,65535,65535,65535,65535,65535
1685458818,0,1,0,0,5022,30571,45325,60845,65535,65535,65535,65535,65535,65535,65535,65535,65535
1685458824,0,1,0,0,5020,30520,45216,60739,65535,65535,65535,65535,65535,65535,65535,65535,65535
1685458830,0,1,0,0,5022,30538,45230,60749,65535,65535,65535,65535,65535,65535,65535,65535,65535
1685458836,0,1,0,0,5023,30580,45263,60797,65535,65535,65535,65535,65535,65535,65535,65535,65535
1685458842,0,1,0,0,5025,30594,45291,60826,65535,65535,65535,65535,65535,65535,65535,65535,65535
1685458848,0,1,0,0,5035,30862,45769,61426,65535,65535,65535,65535,65535,65535,65535,65535,65535
1685458854,0,1,0,0,5033,30678,45422,61006,65535,65535,65535,65535,65535,65535,65535,65535,65535
1685458860,0,1,0,0,5032,30713,45492,61105,65535,65535,65535,65535,65535,65535,65535,65535,65535
1685458866,0,1,0,0,5042,30886,45804,61485,65535,65535,65535,65535,65535,65535,65535,65535,65535
1685458872,0,1,0,0,5035,30900,45810,61528,65535,65535,65535,65535,65535,65535,65535,65535,65535
1685458878,0,1,0,0,5032,30880,45760,61471,65535,65535,65535,65535,65535,65535,65535,65535,65535
1685458884,0,1,0,0,5032,30919,45842,61572,65535,65535,65535,65535,65535,65535,65535,65535,65535
1685458890,0,1,0,0,5032,30908,45829,61569,65535,65535,65535,65535,65535,65535,65535,65535,65535
1685458896,0,1,0,0,5032,30910,45811,61567,65535,65535,65535,65535,65535,65535,65535,65535,65535
1685458902,0,1,0,0,5033,31007,46000,61787,65535,65535,65535,65535,65535,65535,65535,65535,65535
1685458908,0,1,0,0,5032,30981,45942,61747,65535,65535,65535,65535,65535,65535,65535,65535,65535
1685458914,0,1,0,0,5033,31016,46019,61858,65535,65535,65535,65535,65535,65535,65535,65535,65535
1685458920,0,1,0,0,5031,31029,46037,61891,65535,65535,65535,65535,65535,65535,65535,65535,65535
1685458926,0,1,0,0,5032,31065,46091,61970,65535,65535,65535,65535,65535,65535,65535,65535,65535
1685458932,0,1,0,0,5034,31022,46056,61931,65535,65535,65535,65535,65535,65535,65535,65535,65535
1685458938,0,1,0,0,5033,31031,46059,61944,65535,65535,65535,65535,65535,65535,65535,65535,65535
1685458944,0,1,0,0,5033,31021,46054,61909,65535,65535,65535,65535,65535,65535,65535,65535,65535
1685458950,0,1,0,0,5031,30912,45844,61675,65535,65535,65535,65535,65535,65535,65535,65535,65535
1685458956,0,1,0,0,5043,31135,46262,62180,65535,65535,65535,65535,65535,65535,65535,65535,65535
1685458962,0,1,0,0,5040,31007,46028,61919,65535,65535,65535,65535,65535,65535,65535,65535,65535
1685458968,0,1,0,0,5034,30948,45931,61778,65535,65535,65535,65535,65535,65535,65535,65535,65535
1685458974,0,1,0,0,5030,30796,45698,61477,65535,65535,65535,65535,65535,65535,65535,65535,65535
1685458980,0,1,0,0,5025,30807,45718,61485,65535,65535,65535,65535,65535,65535,65535,65535,65535
1685458986,0,1,0,0,5025,30764,45643,61423,65535,65535,65535,65535,65535,65535,65535,65535,65535
1685458992,0,1,0,0,5025,30653,45454,61173,65535,65535,65535,65535,65535,65535,65535,65535,65535
1685458998,0,1,0,0,5021,30577,45334,61022,65535,65535,65535,65535,65535,65535,65535,65535,65535
1685459004,0,1,0,0,5023,30620,45429,61102,65535,65535,65535,65535,65535,65535,65535,65535,65535
1685459010,0,1,0,0,5023,30592,45376,61084,65535,65535,65535,65535,65535,65535,65535,65535,65535
1685459016,0,1,0,0,5024,30630,45434,61163,65535,65535,65535,65535,65535,65535,65535,65535,65535
1685459022,0,1,0,0,5023,30634,45457,61146,65535,65535,65535,65535,65535,65535,65535,65535,65535
1685459028,0,1,0,0,5023,30660,45447,61189,65535,65535,65535,65535,65535,65535,65535,65535,65535
1685459034,0,1,0,0,5023,30574,45326,61024,65535,65535,65535,65535,65535,65535,65535,65535,65535
1685459040,0,1,0,0,5020,30482,45197,60847,65535,65535,65535,65535,65535,65535,65535,65535,65535
1685459046,0,1,0,0,5022,30497,45184,60871,65535,65535,65535,65535,65535,65535,65535,65535,65535
1685459052,0,1,0,0,5012,30412,45039,60662,65535,65535,65535,65535,65535,65535,65535,65535,65535
1685459058,0,1,0,0,5011,30516,45220,60899,65535,65535,65535,65535,65535,65535,65535,65535,65535
1685459064,0,1,0,0,5014,30524,45214,60918,65535,65535,65535,65535,65535,65535,65535,65535,65535
1685459070,0,1,0,0,5012,30434,45085,60690,65535,65535,65535,65535,65535,65535,65535,65535,65535
1685459076,0,1,0,0,5022,30517,45204,60880,65535,65535,65535,65535,65535,65535,65535,65535,65535
1685459082,0,1,0,0,5021,30508,45202,60858,65535,65535,65535,65535,65535,65535,65535,65535,65535
1685459088,0,1,0,0,5022,30548,45291,60982,65535,65535,65535,65535,65535,65535,65535,65535,65535
1685459094,0,1,0,0,5023,30575,45299,61009,65535,65535,65535,65535,65535,65535,65535,65535,65535
1685459100,0,1,0,0,5025,30536,45259,60909,65535,65535,65535,65535,65535,65535,65535,65535,65535
1685459106,0,1,0,0,5030,30533,45214,60869,65535,65535,65535,65535,65535,65535,65535,65535,65535
1685459112,0,1,0,0,5031,30535,45239,60894,65535,65535,65535,65535,65535,65535,65535,65535,65535
1685459118,0,1,0,0,5033,30586,45309,60974,65535,65535,65535,65535,65535,65535,65535,65535,65535
1685459124,0,1,0,0,5035,30666,45399,61102,65535,65535,65535,65535,65535,65535,65535,65535,65535
1685459130,0,1,0,0,5041,30714,45480,61255,65535,65535,65535,65535,65535,65535,65535,65535,65535
1685459136,0,1,0,0,5051,30799,45595,61385,65535,65535,65535,65535,65535,65535,65535,65535,65535
1685459142,0,1,0,0,5053,30870,45715,61510,65535,65535,65535,65535,65535,65535,65535,65535,65535
1685459148,0,1,0,0,5101,30911,45759,61575,65535,65535,65535,65535,65535,65535,65535,65535,65535
1685459154,0,1,0,0,5104,30930,45776,61593,65535,65535,65535,65535,65535,65535,65535,65535,65535
1685459160,0,1,0,0,5115,31124,46061,61961,65535,65535,65535,65535,65535,65535,65535,65535,65535
1685459166,0,1,0,0,5121,31174,46092,62042,65535,65535,65535,65535,65535,65535,65535,65535,65535
1685459172,0,1,0,0,5132,31366,46423,62454,65535,65535,65535,65535,65535,65535,65535,65535,65535
1685459178,0,1,0,0,5131,31372,46371,62380,65535,65535,65535,65535,65535,65535,65535,65535,65535
1685459184,0,1,0,0,5131,31378,46326,62355,65535,65535,65535,65535,65535,65535,65535,65535,65535
1685459190,0,1,0,0,5135,31452,46437,62475,65535,65535,65535,65535,65535,65535,65535,65535,65535
1685459196,0,1,0,0,5143,31508,46477,62564,65535,65535,65535,65535,65535,65535,65535,65535,65535
1685459202,0,1,0,0,5150,31577,46552,62662,65535,65535,65535,65535,65535,65535,65535,65535,65535
1685459208,0,1,0,0,5154,31680,46687,62886,65535,65535,65535,65535,65535,65535,65535,65535,65535
1685459214,0,1,0,0,5204,31842,46945,63167,65535,65535,65535,65535,65535,65535,65535,65535,65535
1685459220,0,1,0,0,5213,32075,47280,63616,65535,65535,65535,65535,65535,65535,65535,65535,65535
1685459226,0,1,0,0,5222,32221,47485,63866,65535,65535,65535,65535,65535,65535,65535,65535,65535
1685459232,0,1,0,0,5233,32400,47718,64174,65535,65535,65535,65535,65535,65535,65535,65535,65535
1685459238,0,1,0,0,5242,32567,47909,64451,65535,65535,65535,65535,65535,65535,65535,65535,65535
1685459244,0,1,0,0,5251,32729,48153,64749,65535,65535,65535,65535,65535,65535,65535,65535,65535
1685459250,0,1,0,0,5300,32883,48398,65067,65535,65535,65535,65535,65535,65535,65535,65535,65535
1685459256,0,1,0,0,5310,33050,48607,65363,65535,65535,65535,65535,65535,65535,65535,65535,65535
1685459262,0,1,0,0,5320,33211,48823,65535,65535,65535,65535,65535,65535,65535,65535,65535,65535
1685459268,0,1,0,0,5330,33393,49110,65535,65535,65535,65535,65535,65535,65535,65535,65535,65535
1685459274,0,1,0,0,5342,33609,49384,65535,65535,65535,65535,65535,65535,65535,65535,65535,65535
1685459280,0,1,0,0,5351,33687,49664,65535,65535,65535,65535,65535,65535,65535,65535,65535,65535
1685459286,0,1,0,0,5402,34056,50107,65535,65535,65535,65535,65535,65535,65535,65535,65535,65535
1685459292,0,1,0,0,5410,34323,50499,65535,65535,65535,65535,65535,65535,65535,65535,65535,65535
1685459298,0,1,0,0,5414,34514,50717,65535,65535,65535,65535,65535,65535,65535,65535,65535,65535
1685459304,0,1,0,0,5423,34764,51083,65535,65535,65535,65535,65535,65535,65535,65535,65535,65535
1685459310,0,1,0,0,5432,34970,51408,65535,65535,65535,65535,65535,65535,65535,65535,65535,65535
1685459316,0,1,0,0,5441,35146,51685,65535,65535,65535,65535,65535,65535,65535,65535,65535,65535
1685459322,0,1,0,0,5500,35417,52085,65535,65535,65535,65535,65535,65535,65535,65535,65535,65535
1685459328,0,1,0,0,5512,35608,52382,65535,65535,65535,65535,65535,65535,65535,65535,65535,65535
1685459334,0,1,0,0,5522,35844,52780,65535,65535,65535,65535,65535,65535,65535,65535,65535,65535
1685459340,0,1,0,0,5535,36178,53276,65535,65535,65535,65535,65535,65535,65535,65535,65535,65535
1685459346,0,1,0,0,5542,36402,53602,65535,65535,65535,65535,65535,65535,65535,65535,65535,65535
1685459352,0,1,0,0,5551,36685,54028,65535,65535,65535,65535,65535,65535,65535,65535,65535,65535
1685459358,0,1,0,0,10002,36972,54466,65535,65535,65535,65535,65535,65535,65535,65535,65535,65535
1685459364,0,1,0,0,10013,37287,54930,65535,65535,65535,65535,65535,65535,65535,65535,65535,65535
1685459370,0,1,0,0,10024,37539,55347,65535,65535,65535,65535,65535,65535,65535,65535,65535,65535
1685459376,0,1,0,0,10032,37753,55667,65535,65535,65535,65535,65535,65535,65535,65535,65535,65535
1685459382,0,1,0,0,10045,38032,56087,65535,65535,65535,65535,65535,65535,65535,65535,65535,65535
1685459388,0,1,0,0,10100,38279,56458,65535,65535,65535,65535,65535,65535,65535,65535,65535,65535
1685459394,0,1,0,0,10131,38803,57266,65535,65535,65535,65535,65535,65535,65535,65535,65535,65535
1685459400,0,1,0,0,10142,38981,57547,65535,65535,65535,65535,65535,65535,65535,65535,65535,65535
1685459406,0,1,0,0,10210,39313,58087,65535,65535,65535,65535,65535,65535,65535,65535,65535,65535
1685459412,0,1,0,0,10224,39699,58645,65535,65535,65535,65535,65535,65535,65535,65535,65535,65535
1685459418,0,1,0,0,10233,39806,58751,65535,65535,65535,65535,65535,65535,65535,65535,65535,65535
1685459424,0,1,0,0,1223223,40059,59099,65535,65535,65535,65535,65535,65535,65535,65535,65535,65535
1685459430,0,1,0,0,1223223,40353,59545,65535,65535,65535,65535,65535,65535,65535,65535,65535,65535
1685459436,0,1,0,0,1223223,40615,60024,65535,65535,65535,65535,65535,65535,65535,65535,65535,65535
1685459442,0,1,0,0,1223223,40850,60410,65535,65535,65535,65535,65535,65535,65535,65535,65535,65535
1685459448,0,1,0,0,1223223,41094,60743,65535,65535,65535,65535,65535,65535,65535,65535,65535,65535
1685459454,0,1,0,0,1223223,41391,61228,65535,65535,65535,65535,65535,65535,65535,65535,65535,65535
1685459460,0,1,0,0,1223223,41724,61730,65535,65535,65535,65535,65535,65535,65535,65535,65535,65535
1685459466,0,1,0,0,1223223,42183,62413,65535,65535,65535,65535,65535,65535,65535,65535,65535,65535
1685459472,0,1,0,0,1223223,42372,62700,65535,65535,65535,65535,65535,65535,65535,65535,65535,65535
1685459478,0,1,0,0,1223223,42630,63079,65535,65535,65535,65535,65535,65535,65535,65535,65535,65535
1685459484,0,1,0,0,1223223,43099,63758,65535,65535,65535,65535,65535,65535,65535,65535,65535,65535
1685459490,0,1,0,0,1223223,43291,64038,65535,65535,65535,65535,65535,65535,65535,65535,65535,65535
1685459496,0,1,0,0,1223223,43747,64657,65535,65535,65535,65535,65535,65535,65535,65535,65535,65535
1685459502,0,1,0,0,1223223,43931,65021,65535,65535,65535,65535,65535,65535,65535,65535,65535,65535
1685459508,0,1,0,0,1223223,44388,65535,65535,65535,65535,65535,65535,65535,65535,65535,65535,65535
1685459514,0,1,0,0,1223223,44722,65535,65535,65535,65535,65535,65535,65535,65535,65535,65535,65535
1685459520,0,1,0,0,1223223,44964,65535,65535,65535,65535,65535,65535,65535,65535,65535,65535,65535
1685459526,0,1,0,0,1223223,45413,65535,65535,65535,65535,65535,65535,65535,65535,65535,65535,65535
1685459532,0,1,0,0,1223223,45741,65535,65535,65535,65535,65535,65535,65535,65535,65535,65535,65535
1685459538,0,1,0,0,1223223,46251,65535,65535,65535,65535,65535,65535,65535,65535,65535,65535,65535
1685459544,0,1,0,0,1223223,46668,65535,65535,65535,65535,65535,65535,65535,65535,65535,65535,65535
1685459550,0,1,0,0,1223223,47038,65535,65535,65535,65535,65535,65535,65535,65535,65535,65535,65535
1685459556,0,1,0,0,1223223,47252,65535,65535,65535,65535,65535,65535,65535,65535,65535,65535,65535
1685459562,0,1,0,0,1223223,47683,65535,65535,65535,65535,65535,65535,65535,65535,65535,65535,65535
1685459568,0,1,0,0,1223223,47920,65535,65535,65535,65535,65535,65535,65535,65535,65535,65535,65535
1685459574,0,1,0,0,1223223,48383,65535,65535,65535,65535,65535,65535,65535,65535,65535,65535,65535
1685459580,0,1,0,0,1223223,49089,65535,65535,65535,65535,65535,65535,65535,65535,65535,65535,65535
1685459586,0,1,0,0,1223223,49512,65535,65535,65535,65535,65535,65535,65535,65535,65535,65535,65535
1685459592,0,1,0,0,1223223,49450,65535,65535,65535,65535,65535,65535,65535,65535,65535,65535,65535
1685459598,0,1,0,0,1223223,49680,65535,65535,65535,65535,65535,65535,65535,65535,65535,65535,65535
1685459604,0,1,0,0,1223223,50461,65535,65535,65535,65535,65535,65535,65535,65535,65535,65535,65535
1685459610,0,1,0,0,1223223,50371,65535,65535,65535,65535,65535,65535,65535,65535,65535,65535,65535
1685459616,0,1,0,0,1223223,50500,65535,65535,65535,65535,65535,65535,65535,65535,65535,65535,65535
1685459622,0,1,0,0,1223223,50921,65535,65535,65535,65535,65535,65535,65535,65535,65535,65535,65535
1685459628,0,1,0,0,1223223,51259,65535,65535,65535,65535,65535,65535,65535,65535,65535,65535,65535
1685459634,0,1,0,0,1223223,51555,65535,65535,65535,65535,65535,65535,65535,65535,65535,65535,65535
1685459640,0,1,0,0,1223223,51877,65535,65535,65535,65535,65535,65535,65535,65535,65535,65535,65535
1685459646,0,1,0,0,1223223,52116,65535,65535,65535,65535,65535,65535,65535,65535,65535,65535,65535
1685459652,0,1,0,0,1223223,52359,65535,65535,65535,65535,65535,65535,65535,65535,65535,65535,65535
1685459658,0,1,0,0,1223223,52701,65535,65535,65535,65535,65535,65535,65535,65535,65535,65535,65535
1685459664,0,1,0,0,1223223,52948,65535,65535,65535,65535,65535,65535,65535,65535,65535,65535,65535
1685459670,0,1,0,0,1223223,53146,65535,65535,65535,65535,65535,65535,65535,65535,65535,65535,65535
1685459676,0,1,0,0,1223223,53317,65535,65535,65535,65535,65535,65535,65535,65535,65535,65535,65535
1685459682,0,1,0,0,1223223,53549,65535,65535,65535,65535,65535,65535,65535,65535,65535,65535,65535
1685459688,0,1,0,0,1223223,53747,65535,65535,65535,65535,65535,65535,65535,65535,65535,65535,65535
1685459694,0,1,0,0,1223223,53739,65535,65535,65535,65535,65535,65535,65535,65535,65535,65535,65535
1685459700,0,1,0,0,1223223,53903,65535,65535,65535,65535,65535,65535,65535,65535,65535,65535,65535
1685459706,0,1,0,0,1223223,53839,65535,65535,65535,65535,65535,65535,65535,65535,65535,65535,65535
1685459712,0,1,0,0,1223223,53922,65535,65535,65535,65535,65535,65535,65535,65535,65535,65535,65535
1685459718,0,1,0,0,1223223,54046,65535,65535,65535,65535,65535,65535,65535,65535,65535,65535,65535
1685459724,0,1,0,0,1223223,54146,65535,65535,65535,65535,65535,65535,65535,65535,65535,65535,65535
1685459730,0,1,0,0,1223223,54275,65535,65535,65535,65535,65535,65535,65535,65535,65535,65535,65535
1685459736,0,1,0,0,1223223,54294,65535,65535,65535,65535,65535,65535,65535,65535,65535,65535,65535
1685459742,0,1,0,0,1223223,54287,65535,65535,65535,65535,65535,65535,65535,65535,65535,65535,65535
1685459748,0,1,0,0,1223223,54347,65535,65535,65535,65535,65535,65535,65535,65535,65535,65535,65535
1685459754,0,1,0,0,1223223,54414,65535,65535,65535,65535,65535,65535,65535,65535,65535,65535,65535
1685459760,0,1,0,0,1223223,54743,65535,65535,65535,65535,65535,65535,65535,65535,65535,65535,65535
1685459766,0,1,0,0,1223223,54502,65535,65535,65535,65535,65535,65535,65535,65535,65535,65535,65535
1685459772,0,1,0,0,1223223,54532,65535,65535,65535,65535,65535,65535,65535,65535,65535,65535,65535
1685459778,0,1,0,0,1223223,54506,65535,65535,65535,65535,65535,65535,65535,65535,65535,65535,65535
1685459784,0,1,0,0,1223223,54430,65535,65535,65535,65535,65535,65535,65535,65535,65535,65535,65535
1685459790,0,1,0,0,1223223,54372,65535,65535,65535,65535,65535,65535,65535,65535,65535,65535,65535
1685459796,0,1,0,0,1223223,54282,65535,65535,65535,65535,65535,65535,65535,65535,65535,65535,65535
1685459802,0,1,0,0,1223223,54197,65535,65535,65535,65535,65535,65535,65535,65535,65535,65535,65535
1685459808,0,1,0,0,1223223,54068,65535,65535,65535,65535,65535,65535,65535,65535,65535,65535,65535
1685459814,0,1,0,0,1223223,53973,65535,65535,65535,65535,65535,65535,65535,65535,65535,65535,65535
1685459820,0,1,0,0,1223223,53898,65535,65535,65535,65535,65535,65535,65535,65535,65535,65535,65535
1685459826,0,1,0,0,1223223,53902,65535,65535,65535,65535,65535,65535,65535,65535,65535,65535,65535
1685459832,0,1,0,0,1223223,53930,65535,65535,65535,65535,65535,65535,65535,65535,65535,65535,65535
1685459838,0,1,0,0,1223223,53941,65535,65535,65535,65535,65535,65535,65535,65535,65535,65535,65535
1685459844,0,1,0,0,1223223,53967,65535,65535,65535,65535,65535,65535,65535,65535,65535,65535,65535
1685459850,0,1,0,0,1223223,54021,65535,65535,65535,65535,65535,65535,65535,65535,65535,65535,65535
1685459856,0,1,0,0,1223223,54037,65535,65535,65535,65535,65535,65535,65535,65535,65535,65535,65535
1685459862,0,1,0,0,1223223,54155,65535,65535,65535,65535,65535,65535,65535,65535,65535,65535,65535
1685459868,0,1,0,0,1223223,54292,65535,65535,65535,65535,65535,65535,65535,65535,65535,65535,65535
1685459874,0,1,0,0,1223223,54328,65535,65535,65535,65535,65535,65535,65535,65535,65535,65535,65535
1685459880,0,1,0,0,1223223,54386,65535,65535,65535,65535,65535,65535,65535,65535,65535,65535,65535
1685459886,0,1,0,0,1223223,54503,65535,65535,65535,65535,65535,65535,65535,65535,65535,65535,65535
1685459892,0,1,0,0,1223223,54407,65535,65535,65535,65535,65535,65535,65535,65535,65535,65535,65535
1685459898,0,1,0,0,1223223,54428,65535,65535,65535,65535,65535,65535,65535,65535,65535,65535,65535
1685459904,0,1,0,0,1223223,54425,65535,65535,65535,65535,65535,65535,65535,65535,65535,65535,65535
1685459910,0,1,0,0,1223223,54525,65535,65535,65535,65535,65535,65535,65535,65535,65535,65535,65535
1685459916,0,1,0,0,1223223,54529,65535,65535,65535,65535,65535,65535,65535,65535,65535,65535,65535
1685459922,0,1,0,0,1223223,54534,65535,65535,65535,65535,65535,65535,65535,65535,65535,65535,65535
1685459928,0,1,0,0,1223223,54600,65535,65535,65535,65535,65535,65535,65535,65535,65535,65535,65535
1685459934,0,1,0,0,1223223,54462,65535,65535,65535,65535,65535,65535,65535,65535,65535,65535,65535
1685459940,0,1,0,0,1223223,54240,65535,65535,65535,65535,65535,65535,65535,65535,65535,65535,65535
1685459946,0,1,0,0,1223223,54101,65535,65535,65535,65535,65535,65535,65535,65535,65535,65535,65535
1685459952,0,1,0,0,1223223,53977,65535,65535,65535,65535,65535,65535,65535,65535,65535,65535,65535
1685459958,0,1,0,0,1223223,53787,65535,65535,65535,65535,65535,65535,65535,65535,65535,65535,65535
1685459964,0,1,0,0,1223223,53619,65535,65535,65535,65535,65535,65535,65535,65535,65535,65535,65535
1685459970,0,1,0,0,1223223,53380,65535,65535,65535,65535,65535,65535,65535,65535,65535,65535,65535
1685459976,0,1,0,0,1223223,53290,65535,65535,65535,65535,65535,65535,65535,65535,65535,65535,65535
1685459982,0,1,0,0,1223223,53138,65535,65535,65535,65535,65535,65535,65535,65535,65535,65535,65535
1685459988,0,1,0,0,1223223,53201,65535,65535,65535,65535,65535,65535,65535,65535,65535,65535,65535
1685459994,0,1,0,0,1223223,53391,65535,65535,65535,65535,65535,65535,65535,65535,65535,65535,65535
1685460000,0,1,0,0,1223223,53358,65535,65535,65535,65535,65535,65535,65535,65535,65535,65535,65535
1685460006,0,1,0,0,1223223,53080,65535,65535,65535,65535,65535,65535,65535,65535,65535,65535,65535
1685460012,0,1,0,0,1223223,53110,65535,65535,65535,65535,65535,65535,65535,65535,65535,65535,65535
1685460018,0,1,0,0,1223223,53165,65535,65535,65535,65535,65535,65535,65535,65535,65535,65535,65535
1685460024,0,1,0,0,1223223,53335,65535,65535,65535,65535,65535,65535,65535,65535,65535,65535,65535
1685460030,0,1,0,0,1223223,53506,65535,65535,65535,65535,65535,65535,65535,65535,65535,65535,65535
1685460036,0,1,0,0,1223223,53572,65535,65535,65535,65535,65535,65535,65535,65535,65535,65535,65535
1685460042,0,1,0,0,1223223,54327,65535,65535,65535,65535,65535,65535,65535,65535,65535,65535,65535
1685460048,0,1,0,0,1223223,54142,65535,65535,65535,65535,65535,65535,65535,65535,65535,65535,65535
1685460054,0,1,0,0,1223223,54403,65535,65535,65535,65535,65535,65535,65535,65535,65535,65535,65535
1685460060,0,1,0,0,1223223,54700,65535,65535,65535,65535,65535,65535,65535,65535,65535,65535,65535
1685460066,0,1,0,0,1223223,55062,65535,65535,65535,65535,65535,65535,65535,65535,65535,65535,65535
1685460072,0,1,0,0,1223223,55529,65535,65535,65535,65535,65535,65535,65535,65535,65535,65535,65535
1685460078,0,1,0,0,1223223,55602,65535,65535,65535,65535,65535,65535,65535,65535,65535,65535,65535
1685460084,0,1,0,0,1223223,56538,65535,65535,65535,65535,65535,65535,65535,65535,65535,65535,65535
1685460090,0,1,0,0,1223223,57290,65535,65535,65535,65535,65535,65535,65535,65535,65535,65535,65535
1685460096,0,1,0,0,1223223,57983,65535,65535,65535,65535,65535,65535,65535,65535,65535,65535,65535
1685460102,0,1,0,0,1223223,58721,65535,65535,65535,65535,65535,65535,65535,65535,65535,65535,65535
1685460108,0,1,0,0,1223223,59818,65535,65535,65535,65535,65535,65535,65535,65535,65535,65535,65535
1685460114,0,1,0,0,1223223,60620,65535,65535,65535,65535,65535,65535,65535,65535,65535,65535,65535
1685460120,0,1,0,0,1223223,62410,65535,65535,65535,65535,65535,65535,65535,65535,65535,65535,65535
1685460126,0,1,0,0,1223223,63336,65535,65535,65535,65535,65535,65535,65535,65535,65535,65535,65535
1685460132,0,1,0,0,1223223,64734,65535,65535,65535,65535,65535,65535,65535,65535,65535,65535,65535
1685460138,0,1,0,0,1223223,65535,65535,65535,65535,65535,65535,65535,65535,65535,65535,65535,65535
1685460144,0,1,0,0,1223223,65535,65535,65535,65535,65535,65535,65535,65535,65535,65535,65535,65535
1685460150,0,1,0,0,1223223,65535,65535,65535,65535,65535,65535,65535,65535,65535,65535,65535,65535
1685460156,0,1,0,0,1223223,65535,65535,65535,65535,65535,65535,65535,65535,65535,65535,65535,65535
1685460162,0,1,0,0,1223223,65535,65535,65535,65535,65535,65535,65535,65535,65535,65535,65535,65535
1685460168,0,1,0,0,1223223,65535,65535,65535,65535,65535,65535,65535,65535,65535,65535,65535,65535
1685460174,0,1,0,0,1223223,65535,65535,65535,65535,65535,65535,65535,65535,65535,65535,65535,65535
1685460180,0,1,0,0,1223223,65535,65535,65535,65535,65535,65535,65535,65535,65535,65535,65535,65535
1685460186,0,1,0,0,1223223,65535,65535,65535,65535,65535,65535,65535,65535,65535,65535,65535,65535
1685460192,0,1,0,0,1223223,65535,65535,65535,65535,65535,65535,65535,65535,65535,65535,65535,65535
1685460198,0,1,0,0,1223223,65535,65535,65535,65535,65535,65535,65535,65535,65535,65535,65535,65535
1685460204,0,1,0,0,1223223,65535,65535,65535,65535,65535,65535,65535,65535,65535,65535,65535,65535
1685460210,0,1,0,0,1223223,65535,65535,65535,65535,65535,65535,65535,65535,65535,65535,65535,65535
1685460216,0,1,0,0,1223223,65535,65535,65535,65535,65535,65535,65535,65535,65535,65535,65535,65535
1685460222,0,1,0,0,1223223,65535,65535,65535,65535,65535,65535,65535,65535,65535,65535,65535,65535
1685460228,0,1,0,0,1223223,65535,65535,65535,65535,65535,65535,65535,65535,65535,65535,65535,65535
1685460234,0,1,0,0,1223223,65535,65535,65535,65535,65535,65535,65535,65535,65535,65535,65535,65535
1685460240,0,1,0,0,1223223,65535,65535,65535,65535,65535,65535,65535,65535,65535,65535,65535,65535
1685460246,0,1,0,0,1223223,65535,65535,65535,65535,65535,65535,65535,65535,65535,65535,65535,65535
1685460252,0,1,0,0,1223223,65535,65535,65535,65535,65535,65535,65535,65535,65535,65535,65535,65535
1685460258,0,1,0,0,1223223,65535,65535,65535,65535,65535,65535,65535,65535,65535,65535,65535,65535
1685460264,0,1,0,0,1223223,65535,65535,65535,65535,65535,65535,65535,65535,65535,65535,65535,65535
1685460270,0,1,0,0,1223223,65535,65535,65535,65535,65535,65535,65535,65535,65535,65535,65535,65535
1685460276,0,1,0,0,1223223,65535,65535,65535,65535,65535,65535,65535,65535,65535,65535,65535,65535
1685460282,0,1,0,0,1223223,65535,65535,65535,65535,65535,65535,65535,65535,65535,65535,65535,65535
1685460288,0,1,0,0,1223223,65535,65535,65535,65535,65535,65535,65535,65535,65535,65535,65535,65535
1685460294,0,1,0,0,1223223,65535,65535,65535,65535,65535,65535,65535,65535,65535,65535,65535,65535
1685460300,0,1,0,0,1223223,65535,65535,65535,65535,65535,65535,65535,65535,65535,65535,65535,65535
1685460306,0,1,0,0,1223223,65535,65535,65535,65535,65535,65535,65535,65535,65535,65535,65535,65535
1685460312,0,1,0,0,1223223,65535,65535,65535,65535,65535,65535,65535,65535,65535,65535,65535,65535
1685460318,0,1,0,0,1223223,65535,65535,65535,65535,65535,65535,65535,65535,65535,65535,65535,65535
1685460324,0,1,0,0,1223223,65535,65535,65535,65535,65535,65535,65535,65535,65535,65535,65535,65535
1685460330,0,1,0,0,1223223,65535,65535,65535,65535,65535,65535,65535,65535,65535,65535,65535,65535
1685460336,0,1,0,0,1223223,65535,65535,65535,65535,65535,65535,65535,65535,65535,65535,65535,65535
1685460342,0,1,0,0,1223223,65535,65535,65535,65535,65535,65535,65535,65535,65535,65535,65535,65535
1685460348,0,1,0,0,1223223,65535,65535,65535,65535,65535,65535,65535,65535,65535,65535,65535,65535
1685460354,0,1,0,0,1223223,65535,65535,65535,65535,65535,65535,65535,65535,65535,65535,65535,65535
1685460360,0,1,0,0,1223223,65535,65535,65535,65535,65535,65535,65535,65535,65535,65535,65535,65535
1685460366,0,1,0,0,1223223,65535,65535,65535,65535,65535,65535,65535,65535,65535,65535,65535,65535
1685460372,0,1,0,0,1223223,65535,65535,65535,65535,65535,65535,65535,65535,65535,65535,65535,65535
1685460378,0,1,0,0,1223223,65535,65535,65535,65535,65535,65535,65535,65535,65535,65535,65535,65535
1685460384,0,1,0,0,1223223,65535,65535,65535,65535,65535,65535,65535,65535,65535,65535,65535,65535
1685460390,0,1,0,0,1223223,65535,65535,65535,65535,65535,65535,65535,65535,65535,65535,65535,65535
1685460396,0,1,0,0,1223223,65535,65535,65535,65535,65535,65535,65535,65535,65535,65535,65535,65535
1685460402,0,1,0,0,1223223,65535,65535,65535,65535,65535,65535,65535,65535,65535,65535,65535,65535
1685460408,0,1,0,0,1223223,65535,65535,65535,65535,65535,65535,65535,65535,65535,65535,65535,65535
1685460414,0,1,0,0,1223223,65535,65535,65535,65535,65535,65535,65535,65535,65535,65535,65535,65535
1685460420,0,1,0,0,1223223,65535,65535,65535,65535,65535,65535,65535,65535,65535,65535,65535,65535
1685460426,0,1,0,0,1223223,65535,65535,65535,65535,65535,65535,65535,65535,65535,65535,65535,65535
1685460432,0,1,0,0,1223223,65535,65535,65535,65535,65535,65535,65535,65535,65535,65535,65535,65535
1685460438,0,1,0,0,1223223,65535,65535,65535,65535,65535,65535,65535,65535,65535,65535,65535,65535
1685460444,0,1,0,0,1223223,65535,65535,65535,65535,65535,65535,65535,65535,65535,65535,65535,65535
1685460450,0,1,0,0,1223223,65535,65535,65535,65535,65535,65535,65535,65535,65535,65535,65535,65535
1685460456,0,1,0,0,1223223,65535,65535,65535,65535,65535,65535,65535,65535,65535,65535,65535,65535
1685460462,0,1,0,0,1223223,65535,65535,65535,65535,65535,65535,65535,65535,65535,65535,65535,65535
1685460468,0,1,0,0,1223223,65535,65535,65535,65535,65535,65535,65535,65535,65535,65535,65535,65535
1685460474,0,1,0,0,1223223,65535,65535,65535,65535,65535,65535,65535,65535,65535,65535,65535,65535
1685460480,0,1,0,0,1223223,65535,65535,65535,65535,65535,65535,65535,65535,65535,65535,65535,65535
1685460486,0,1,0,0,1223223,65535,65535,65535,65535,65535,65535,65535,65535,65535,65535,65535,65535
1685460492,0,1,0,0,1223223,65535,65535,65535,65535,65535,65535,65535,65535,65535,65535,65535,65535
1685460498,0,1,0,0,1223223,65535,65535,65535,65535,65535,65535,65535,65535,65535,65535,65535,65535
1685460504,0,1,0,0,1223223,65535,65535,65535,65535,65535,65535,65535,65535,65535,65535,65535,65535
1685460510,0,1,0,0,1223223,65535,65535,65535,65535,65535,65535,65535,65535,65535,65535,65535,65535
1685460516,0,1,0,0,1223223,65535,65535,65535,65535,65535,65535,65535,65535,65535,65535,65535,65535
1685460522,0,1,0,0,1223223,65535,65535,65535,65535,65535,65535,65535,65535,65535,65535,65535,65535
1685460528,0,1,0,0,1223223,65535,65535,65535,65535,65535,65535,65535,65535,65535,65535,65535,65535
1685460534,0,1,0,0,1223223,65535,65535,65535,65535,65535,65535,65535,65535,65535,65535,65535,65535
1685460540,0,1,0,0,1223223,65535,65535,65535,65535,65535,65535,65535,65535,65535,65535,65535,65535
1685460546,0,1,0,0,1223223,65535,65535,65535,65535,65535,65535,65535,65535,65535,65535,65535,65535
1685460552,0,1,0,0,1223223,65535,65535,65535,65535,65535,65535,65535,65535,65535,65535,65535,65535
1685460558,0,1,0,0,1223223,65535,65535,65535,65535,65535,65535,65535,65535,65535,65535,65535,65535
1685460564,0,1,0,0,1223223,65535,65535,65535,65535,65535,65535,65535,65535,65535,65535,65535,65535
1685460570,0,1,0,0,1223223,65535,65535,65535,65535,65535,65535,65535,65535,65535,65535,65535,65535
1685460576,0,1,0,0,1223223,65535,65535,65535,65535,65535,65535,65535,65535,65535,65535,65535,65535
1685460582,0,1,0,0,1223223,65535,65535,65535,65535,65535,65535,65535,65535,65535,65535,65535,65535
1685460588,0,1,0,0,1223223,65535,65535,65535,65535,65535,65535,65535,65535,65535,65535,65535,65535
1685460594,0,1,0,0,1223223,65535,65535,65535,65535,65535,65535,65535,65535,65535,65535,65535,65535
1685460600,0,1,0,0,1223223,65535,65535,65535,65535,65535,65535,65535,65535,65535,65535,65535,65535
1685460606,0,1,0,0,1223223,65535,65535,65535,65535,65535,65535,65535,65535,65535,65535,65535,65535
1685460612,0,1,0,0,1223223,65535,65535,65535,65535,65535,65535,65535,65535,65535,65535,65535,65535
1685460618,0,1,0,0,1223223,65535,65535,65535,65535,65535,65535,65535,65535,65535,65535,65535,65535
1685460624,0,1,0,0,1223223,65535,65535,65535,65535,65535,65535,65535,65535,65535,65535,65535,65535
1685460630,0,1,0,0,1223223,65535,65535,65535,65535,65535,65535,65535,65535,65535,65535,65535,65535
1685460636,0,1,0,0,1223223,65535,65535,65535,65535,65535,65535,65535,65535,65535,65535,65535,65535
1685460642,0,1,0,0,1223223,65535,65535,65535,65535,65535,65535,65535,65535,65535,65535,65535,65535
1685460648,0,1,0,0,1223223,65535,65535,65535,65535,65535,65535,65535,65535,65535,65535,65535,65535
1685460654,0,1,0,0,1223223,65535,65535,65535,65535,65535,65535,65535,65535,65535,65535,65535,65535
1685460660,0,1,0,0,1223223,65535,65535,65535,65535,65535,65535,65535,65535,65535,65535,65535,65535
1685460666,0,1,0,0,1223223,65535,65535,65535,65535,65535,65535,65535,65535,65535,65535,65535,65535
1685460672,0,1,0,0,1223223,65535,65535,65535,65535,65535,65535,65535,65535,65535,65535,65535,65535
1685460678,0,1,0,0,1223223,65535,65535,65535,65535,65535,65535,65535,65535,65535,65535,65535,65535
1685460684,0,1,0,0,1223223,65535,65535,65535,65535,65535,65535,65535,65535,65535,65535,65535,65535
1685460690,0,1,0,0,1223223,65535,65535,65535,65535,65535,65535,65535,65535,65535,65535,65535,65535
1685460696,0,1,0,0,1223223,65535,65535,65535,65535,65535,65535,65535,65535,65535,65535,65535,65535
1685460702,0,1,0,0,1223223,65535,65535,65535,65535,65535,65535,65535,65535,65535,65535,65535,65535
1685460708,0,1,0,0,1223223,65535,65535,65535,65535,65535,65535,65535,65535,65535,65535,65535,65535
1685460714,0,1,0,0,1223223,65535,65535,65535,65535,65535,65535,65535,65535,65535,65535,65535,65535
1685460720,0,1,0,0,1223223,65535,65535,65535,65535,65535,65535,65535,65535,65535,65535,65535,65535
1685460726,0,1,0,0,1223223,65535,65535,65535,65535,65535,65535,65535,65535,65535,65535,65535,65535
1685460732,0,1,0,0,1223223,65535,65535,65535,65535,65535,65535,65535,65535,65535,65535,65535,65535
1685460738,0,1,0,0,1223223,65535,65535,65535,65535,65535,65535,65535,65535,65535,65535,65535,65535
1685460744,0,1,0,0,1223223,65535,65535,65535,65535,65535,65535,65535,65535,65535,65535,65535,65535
1685460750,0,1,0,0,1223223,65535,65535,65535,65535,65535,65535,65535,65535,65535,65535,65535,65535
1685460756,0,1,0,0,1223223,65535,65535,65535,65535,65535,65535,65535,65535,65535,65535,65535,65535
1685460762,0,1,0,0,1223223,65535,65535,65535,65535,65535,65535,65535,65535,65535,65535,65535,65535
1685460768,0,1,0,0,1223223,65535,65535,65535,65535,65535,65535,65535,65535,65535,65535,65535,65535
1685460774,0,1,0,0,1223223,65535,65535,65535,65535,65535,65535,65535,65535,65535,65535,65535,65535
1685460780,0,1,0,0,1223223,65535,65535,65535,65535,65535,65535,65535,65535,65535,65535,65535,65535
1685460786,0,1,0,0,1223223,65535,65535,65535,65535,65535,65535,65535,65535,65535,65535,65535,65535
1685460792,0,1,0,0,1223223,65535,65535,65535,65535,65535,65535,65535,65535,65535,65535,65535,65535
1685460798,0,1,0,0,1223223,65535,65535,65535,65535,65535,65535,65535,65535,65535,65535,65535,65535
1685460804,0,1,0,0,1223223,65535,65535,65535,65535,65535,65535,65535,65535,65535,65535,65535,65535
1685460810,0,1,0,0,1223223,65535,65535,65535,65535,65535,65535,65535,65535,65535,65535,65535,65535
1685460816,0,1,0,0,1223223,65535,65535,65535,65535,65535,65535,65535,65535,65535,65535,65535,65535
1685460822,0,1,0,0,1223223,65535,65535,65535,65535,65535,65535,65535,65535,65535,65535,65535,65535
1685460828,0,1,0,0,1223223,65535,65535,65535,65535,65535,65535,65535,65535,65535,65535,65535,65535
1685460834,0,1,0,0,1223223,65535,65535,65535,65535,65535,65535,65535,65535,65535,65535,65535,65535
1685460840,0,1,0,0,1223223,65535,65535,65535,65535,65535,65535,65535,65535,65535,65535,65535,65535
1685460846,0,1,0,0,1223223,65535,65535,65535,65535,65535,65535,65535,65535,65535,65535,65535,65535
1685460852,0,1,0,0,1223223,65535,65535,65535,65535,65535,65535,65535,65535,65535,65535,65535,65535
1685460858,0,1,0,0,1223223,65535,65535,65535,65535,65535,65535,65535,65535,65535,65535,65535,65535
1685460864,0,1,0,0,1223223,65535,65535,65535,65535,65535,65535,65535,65535,65535,65535,65535,65535
1685460870,0,1,0,0,1223223,65535,65535,65535,65535,65535,65535,65535,65535,65535,65535,65535,65535
1685460876,0,1,0,0,1223223,65535,65535,65535,65535,65535,65535,65535,65535,65535,65535,65535,65535
1685460882,0,1,0,0,1223223,65535,65535,65535,65535,65535,65535,65535,65535,65535,65535,65535,65535
1685460888,0,1,0,0,1223223,65535,65535,65535,65535,65535,65535,65535,65535,65535,65535,65535,65535
1685460894,0,1,0,0,1223223,65535,65535,65535,65535,65535,65535,65535,65535,65535,65535,65535,65535
1685460900,0,1,0,0,1223223,65535,65535,65535,65535,65535,65535,65535,65535,65535,65535,65535,65535
1685460906,0,1,0,0,1223223,65535,65535,65535,65535,65535,65535,65535,65535,65535,65535,65535,65535
1685460912,0,1,0,0,1223223,65535,65535,65535,65535,65535,65535,65535,65535,65535,65535,65535,65535
1685460918,0,1,0,0,1223223,65535,65535,65535,65535,65535,65535,65535,65535,65535,65535,65535,65535
1685460924,0,1,0,0,1223223,65535,65535,65535,65535,65535,65535,65535,65535,65535,65535,65535,65535
1685460930,0,1,0,0,1223223,65535,65535,65535,65535,65535,65535,65535,65535,65535,65535,65535,65535
1685460936,0,1,0,0,1223223,65535,65535,65535,65535,65535,65535,65535,65535,65535,65535,65535,65535
1685460942,0,1,0,0,1223223,65535,65535,65535,65535,65535,65535,65535,65535,65535,65535,65535,65535
1685460948,0,1,0,0,1223223,65535,65535,65535,65535,65535,65535,65535,65535,65535,65535,65535,65535
1685460954,0,1,0,0,1223223,65535,65535,65535,65535,65535,65535,65535,65535,65535,65535,65535,65535
1685460960,0,1,0,0,1223223,65535,65535,65535,65535,65535,65535,65535,65535,65535,65535,65535,65535
1685460966,0,1,0,0,1223223,65535,65535,65535,65535,65535,65535,65535,65535,65535,65535,65535,65535
1685460972,0,1,0,0,1223223,65535,65535,65535,65535,65535,65535,65535,65535,65535,65535,65535,65535
1685460978,0,1,0,0,1223223,65535,65535,65535,65535,65535,65535,65535,65535,65535,65535,65535,65535
1685460984,0,1,0,0,1223223,65535,65535,65535,65535,65535,65535,65535,65535,65535,65535,65535,65535
1685460990,0,1,0,0,1223223,65535,65535,65535,65535,65535,65535,65535,65535,65535,65535,65535,65535
1685460996,0,1,0,0,1223223,65535,65535,65535,65535,65535,65535,65535,65535,65535,65535,65535,65535
1685461002,0,1,0,0,1223223,65535,65535,65535,65535,65535,65535,65535,65535,65535,65535,65535,65535
1685461008,0,1,0,0,1223223,65535,65535,65535,65535,65535,65535,65535,65535,65535,65535,65535,65535
1685461014,0,1,0,0,1223223,65535,65535,65535,65535,65535,65535,65535,65535,65535,65535,65535,65535
1685461020,0,1,0,0,1223223,65535,65535,65535,65535,65535,65535,65535,65535,65535,65535,65535,65535
1685461026,0,1,0,0,1223223,65535,65535,65535,65535,65535,65535,65535,65535,65535,65535,65535,65535
1685461032,0,1,0,0,1223223,65535,65535,65535,65535,65535,65535,65535,65535,65535,65535,65535,65535
1685461038,0,1,0,0,1223223,65535,65535,65535,65535,65535,65535,65535,65535,65535,65535,65535,65535
1685461044,0,1,0,0,1223223,65535,65535,65535,65535,65535,65535,65535,65535,65535,65535,65535,65535
1685461050,0,1,0,0,1223223,65535,65535,65535,65535,65535,65535,65535,65535,65535,65535,65535,65535
1685461056,0,1,0,0,1223223,65535,65535,65535,65535,65535,65535,65535,65535,65535,65535,65535,65535
1685461062,0,1,0,0,1223223,65535,65535,65535,65535,65535,65535,65535,65535,65535,65535,65535,65535
1685461068,0,1,0,0,1223223,65535,65535,65535,65535,65535,65535,65535,65535,65535,65535,65535,65535
1685461074,0,1,0,0,1223223,65535,65535,65535,65535,65535,65535,65535,65535,65535,65535,65535,65535
1685461080,0,1,0,0,1223223,65535,65535,65535,65535,65535,65535,65535,65535,65535,65535,65535,65535
1685461086,0,1,0,0,1223223,65535,65535,65535,65535,65535,65535,65535,65535,65535,65535,65535,65535
1685461092,0,1,0,0,1223223,65535,65535,65535,65535,65535,65535,65535,65535,65535,65535,65535,65535
1685461098,0,1,0,0,1223223,65535,65535,65535,65535,65535,65535,65535,65535,65535,65535,65535,65535
1685461104,0,1,0,0,1223223,65535,65535,65535,65535,65535,65535,65535,65535,65535,65535,65535,65535
1685461110,0,1,0,0,1223223,65535,65535,65535,65535,65535,65535,65535,65535,65535,65535,65535,65535
1685461116,0,1,0,0,1223223,65535,65535,65535,65535,65535,65535,65535,65535,65535,65535,65535,65535
1685461122,0,1,0,0,1223223,65535,65535,65535,65535,65535,65535,65535,65535,65535,65535,65535,65535
1685461128,0,1,0,0,1223223,65535,65535,65535,65535,65535,65535,65535,65535,65535,65535,65535,65535
1685461134,0,1,0,0,1223223,65535,65535,65535,65535,65535,65535,65535,65535,65535,65535,65535,65535
1685461140,0,1,0,0,1223223,65535,65535,65535,65535,65535,65535,65535,65535,65535,65535,65535,65535
1685461146,0,1,0,0,1223223,65535,65535,65535,65535,65535,65535,65535,65535,65535,65535,65535,65535
1685461152,0,1,0,0,1223223,65535,65535,65535,65535,65535,65535,65535,65535,65535,65535,65535,65535
1685461158,0,1,0,0,1223223,65535,65535,65535,65535,65535,65535,65535,65535,65535,65535,65535,65535
1685461164,0,1,0,0,1223223,65535,65535,65535,65535,65535,65535,65535,65535,65535,65535,65535,65535
1685461170,0,1,0,0,1223223,65535,65535,65535,65535,65535,65535,65535,65535,65535,65535,65535,65535
1685461176,0,1,0,0,1223223,65535,65535,65535,65535,65535,65535,65535,65535,65535,65535,65535,65535
1685461182,0,1,0,0,1223223,65535,65535,65535,65535,65535,65535,65535,65535,65535,65535,65535,65535
1685461188,0,1,0,0,1223223,65535,65535,65535,65535,65535,65535,65535,65535,65535,65535,65535,65535
1685461194,0,1,0,0,1223223,65535,65535,65535,65535,65535,65535,65535,65535,65535,65535,65535,65535
1685461200,0,1,0,0,1223223,65535,65535,65535,65535,65535,65535,65535,65535,65535,65535,65535,65535
1685461206,0,1,0,0,1223223,65535,65535,65535,65535,65535,65535,65535,65535,65535,65535,65535,65535
1685461212,0,1,0,0,1223223,65535,65535,65535,65535,65535,65535,65535,65535,65535,65535,65535,65535
1685461218,0,1,0,0,1223223,65535,65535,65535,65535,65535,65535,65535,65535,65535,65535,65535,65535
1685461224,0,1,0,0,1223223,65535,65535,65535,65535,65535,65535,65535,65535,65535,65535,65535,65535
1685461230,0,1,0,0,1223223,65535,65535,65535,65535,65535,65535,65535,65535,65535,65535,65535,65535
1685461236,0,1,0,0,1223223,65535,65535,65535,65535,65535,65535,65535,65535,65535,65535,65535,65535
1685461242,0,1,0,0,1223223,65535,65535,65535,65535,65535,65535,65535,65535,65535,65535,65535,65535
1685461248,0,1,0,0,1223223,65535,65535,65535,65535,65535,65535,65535,65535,65535,65535,65535,65535
1685461254,0,1,0,0,1223223,65535,65535,65535,65535,65535,65535,65535,65535,65535,65535,65535,65535
1685461260,0,1,0,0,1223223,65535,65535,65535,65535,65535,65535,65535,65535,65535,65535,65535,65535
1685461266,0,1,0,0,1223223,65535,65535,65535,65535,65535,65535,65535,65535,65535,65535,65535,65535
1685461272,0,1,0,0,1223223,65535,65535,65535,65535,65535,65535,65535,65535,65535,65535,65535,65535
1685461278,0,1,0,0,1223223,65535,65535,65535,65535,65535,65535,65535,65535,65535,65535,65535,65535
1685461284,0,1,0,0,1223223,65535,65535,65535,65535,65535,65535,65535,65535,65535,65535,65535,65535
1685461290,0,1,0,0,1223223,65535,65535,65535,65535,65535,65535,65535,65535,65535,65535,65535,65535
1685461296,0,1,0,0,1223223,65535,65535,65535,65535,65535,65535,65535,65535,65535,65535,65535,65535
1685461302,0,1,0,0,1223223,65535,65535,65535,65535,65535,65535,65535,65535,65535,65535,65535,65535
1685461308,0,1,0,0,1223223,65535,65535,65535,65535,65535,65535,65535,65535,65535,65535,65535,65535
1685461314,0,1,0,0,1223223,65535,65535,65535,65535,65535,65535,65535,65535,65535,65535,65535,65535
1685461320,0,1,0,0,1223223,65535,65535,65535,65535,65535,65535,65535,65535,65535,65535,65535,65535
1685461326,0,1,0,0,1223223,65535,65535,65535,65535,65535,65535,65535,65535,65535,65535,65535,65535
1685461332,0,1,0,0,1223223,65535,65535,65535,65535,65535,65535,65535,65535,65535,65535,65535,65535
1685461338,0,1,0,0,1223223,65535,65535,65535,65535,65535,65535,65535,65535,65535,65535,65535,65535
1685461344,0,1,0,0,1223223,65535,65535,65535,65535,65535,65535,65535,65535,65535,65535,65535,65535
1685461350,0,1,0,0,1223223,65535,65535,65535,65535,65535,65535,65535,65535,65535,65535,65535,65535
1685461356,0,1,0,0,1223223,65535,65535,65535,65535,65535,65535,65535,65535,65535,65535,65535,65535
1685461362,0,1,0,0,1223223,65535,65535,65535,65535,65535,65535,65535,65535,65535,65535,65535,65535
1685461368,0,1,0,0,1223223,65535,65535,65535,65535,65535,65535,65535,65535,65535,65535,65535,65535
1685461374,0,1,0,0,1223223,65535,65535,65535,65535,65535,65535,65535,65535,65535,65535,65535,65535
1685461380,0,1,0,0,1223223,65535,65535,65535,65535,65535,65535,65535,65535,65535,65535,65535,65535
1685461386,0,1,0,0,1223223,65535,65535,65535,65535,65535,65535,65535,65535,65535,65535,65535,65535
1685461392,0,1,0,0,1223223,65535,65535,65535,65535,65535,65535,65535,65535,65535,65535,65535,65535
1685461398,0,1,0,0,1223223,65535,65535,65535,65535,65535,65535,65535,65535,65535,65535,65535,65535
1685461404,0,1,0,0,1223223,65535,65535,65535,65535,65535,65535,65535,65535,65535,65535,65535,65535
1685461410,0,1,0,0,1223223,65535,65535,65535,65535,65535,65535,65535,65535,65535,65535,65535,65535
1685461416,0,1,0,0,1223223,65535,65535,65535,65535,65535,65535,65535,65535,65535,65535,65535,65535
1685461422,0,1,0,0,1223223,65535,65535,65535,65535,65535,65535,65535,65535,65535,65535,65535,65535
1685461428,0,1,0,0,1223223,65535,65535,65535,65535,65535,65535,65535,65535,65535,65535,65535,65535
1685461434,0,1,0,0,1223223,65535,65535,65535,65535,65535,65535,65535,65535,65535,65535,65535,65535
1685461440,0,1,0,0,1223223,65535,65535,65535,65535,65535,65535,65535,65535,65535,65535,65535,65535
1685461446,0,1,0,0,1223223,65535,65535,65535,65535,65535,65535,65535,65535,65535,65535,65535,65535
1685461452,0,1,0,0,1223223,65535,65535,65535,65535,65535,65535,65535,65535,65535,65535,65535,65535
1685461458,0,1,0,0,1223223,65535,65535,65535,65535,65535,65535,65535,65535,65535,65535,65535,65535
1685461464,0,1,0,0,1223223,65535,65535,65535,65535,65535,65535,65535,65535,65535,65535,65535,65535
1685461470,0,1,0,0,1223223,65535,65535,65535,65535,65535,65535,65535,65535,65535,65535,65535,65535
1685461476,0,1,0,0,1223223,65535,65535,65535,65535,65535,65535,65535,65535,65535,65535,65535,65535
1685461482,0,1,0,0,1223223,65535,65535,65535,65535,65535,65535,65535,65535,65535,65535,65535,65535
1685461488,0,1,0,0,1223223,65535,65535,65535,65535,65535,65535,65535,65535,65535,65535,65535,65535
1685461494,0,1,0,0,1223223,65535,65535,65535,65535,65535,65535,65535,65535,65535,65535,65535,65535
1685461500,0,1,0,0,1223223,65535,65535,65535,65535,65535,65535,65535,65535,65535,65535,65535,65535
1685461506,0,1,0,0,1223223,65535,65535,65535,65535,65535,65535,65535,65535,65535,65535,65535,65535
1685461512,0,1,0,0,1223223,65535,65535,65535,65535,65535,65535,65535,65535,65535,65535,65535,65535
1685461518,0,1,0,0,1223223,65535,65535,65535,65535,65535,65535,65535,65535,65535,65535,65535,65535
1685461524,0,1,0,0,1223223,65535,65535,65535,65535,65535,65535,65535,65535,65535,65535,65535,65535
1685461530,0,1,0,0,1223223,65535,65535,65535,65535,65535,65535,65535,65535,65535,65535,65535,65535
1685461536,0,1,0,0,1223223,65535,65535,65535,65535,65535,65535,65535,65535,65535,65535,65535,65535
1685461542,0,1,0,0,1223223,65535,65535,65535,65535,65535,65535,65535,65535,65535,65535,65535,65535
1685461548,0,1,0,0,1223223,65535,65535,65535,65535,65535,65535,65535,65535,65535,65535,65535,65535
1685461554,0,1,0,0,1223223,65535,65535,65535,65535,65535,65535,65535,65535,65535,65535,65535,65535
1685461560,0,1,0,0,1223223,65535,65535,65535,65535,65535,65535,65535,65535,65535,65535,65535,65535
1685461566,0,1,0,0,1223223,65535,65535,65535,65535,65535,65535,65535,65535,65535,65535,65535,65535
1685461572,0,1,0,0,1223223,65535,65535,65535,65535,65535,65535,65535,65535,65535,65535,65535,65535
1685461578,0,1,0,0,1223223,65535,65535,65535,65535,65535,65535,65535,65535,65535,65535,65535,65535
1685461584,0,1,0,0,1223223,65535,65535,65535,65535,65535,65535,65535,65535,65535,65535,65535,65535
1685461590,0,1,0,0,1223223,65535,65535,65535,65535,65535,65535,65535,65535,65535,65535,65535,65535
1685461596,0,1,0,0,1223223,65535,65535,65535,65535,65535,65535,65535,65535,65535,65535,65535,65535
1685461602,0,1,0,0,1223223,65535,65535,65535,65535,65535,65535,65535,65535,65535,65535,65535,65535
1685461608,0,1,0,0,1223223,65535,65535,65535,65535,65535,65535,65535,65535,65535,65535,65535,65535
1685461614,0,1,0,0,1223223,65535,65535,65535,65535,65535,65535,65535,65535,65535,65535,65535,65535
1685461620,0,1,0,0,1223223,65535,65535,65535,65535,65535,65535,65535,65535,65535,65535,65535,65535
1685461626,0,1,0,0,1223223,65535,65535,65535,65535,65535,65535,65535,65535,65535,65535,65535,65535
1685461632,0,1,0,0,1223223,65535,65535,65535,65535,65535,65535,65535,65535,65535,65535,65535,65535
1685461638,0,1,0,0,1223223,65535,65535,65535,65535,65535,65535,65535,65535,65535,65535,65535,65535
1685461644,0,1,0,0,1223223,65535,65535,65535,65535,65535,65535,65535,65535,65535,65535,65535,65535
1685461650,0,1,0,0,1223223,65535,65535,65535,65535,65535,65535,65535,65535,65535,65535,65535,65535
1685461656,0,1,0,0,1223223,65535,65535,65535,65535,65535,65535,65535,65535,65535,65535,65535,65535
1685461662,0,1,0,0,1223223,65535,65535,65535,65535,65535,65535,65535,65535,65535,65535,65535,65535
1685461668,0,1,0,0,1223223,65535,65535,65535,65535,65535,65535,65535,65535,65535,65535,65535,65535
1685461674,0,1,0,0,1223223,65535,65535,65535,65535,65535,65535,65535,65535,65535,65535,65535,65535
1685461680,0,1,0,0,1223223,65535,65535,65535,65535,65535,65535,65535,65535,65535,65535,65535,65535
1685461686,0,1,0,0,1223223,65535,65535,65535,65535,65535,65535,65535,65535,65535,65535,65535,65535
1685461692,0,1,0,0,1223223,65535,65535,65535,65535,65535,65535,65535,65535,65535,65535,65535,65535
1685461698,0,1,0,0,1223223,65535,65535,65535,65535,65535,65535,65535,65535,65535,65535,65535,65535
1685461704,0,1,0,0,1223223,65535,65535,65535,65535,65535,65535,65535,65535,65535,65535,65535,65535
1685461710,0,1,0,0,1223223,65535,65535,65535,65535,65535,65535,65535,65535,65535,65535,65535,65535
1685461716,0,1,0,0,1223223,65535,65535,65535,65535,65535,65535,65535,65535,65535,65535,65535,65535
1685461722,0,1,0,0,1223223,65535,65535,65535,65535,65535,65535,65535,65535,65535,65535,65535,65535
1685461728,0,1,0,0,1223223,65535,65535,65535,65535,65535,65535,65535,65535,65535,65535,65535,65535
1685461734,0,1,0,0,1223223,65535,65535,65535,65535,65535,65535,65535,65535,65535,65535,65535,65535
1685461740,0,1,0,0,1223223,65535,65535,65535,65535,65535,65535,65535,65535,65535,65535,65535,65535
1685461746,0,1,0,0,1223223,65535,65535,65535,65535,65535,65535,65535,65535,65535,65535,65535,65535
1685461752,0,1,0,0,1223223,65535,65535,65535,65535,65535,65535,65535,65535,65535,65535,65535,65535
1685461758,0,1,0,0,1223223,65535,65535,65535,65535,65535,65535,65535,65535,65535,65535,65535,65535
1685461764,0,1,0,0,1223223,65535,65535,65535,65535,65535,65535,65535,65535,65535,65535,65535,65535
1685461770,0,1,0,0,1223223,65535,65535,65535,65535,65535,65535,65535,65535,65535,65535,65535,65535
1685461776,0,1,0,0,1223223,65535,65535,65535,65535,65535,65535,65535,65535,65535,65535,65535,65535
1685461782,0,1,0,0,1223223,65535,65535,65535,65535,65535,65535,65535,65535,65535,65535,65535,65535
1685461788,0,1,0,0,1223223,65535,65535,65535,65535,65535,65535,65535,65535,65535,65535,65535,65535
1685461794,0,1,0,0,1223223,65535,65535,65535,65535,65535,65535,65535,65535,65535,65535,65535,65535
1685461800,0,1,0,0,1223223,65535,65535,65535,65535,65535,65535,65535,65535,65535,65535,65535,65535
1685461806,0,1,0,0,1223223,65535,65535,65535,65535,65535,65535,65535,65535,65535,65535,65535,65535
1685461812,0,1,0,0,1223223,65535,65535,65535,65535,65535,65535,65535,65535,65535,65535,65535,65535
1685461818,0,1,0,0,1223223,65535,65535,65535,65535,65535,65535,65535,65535,65535,65535,65535,65535
1685461824,0,1,0,0,1223223,65535,65535,65535,65535,65535,65535,65535,65535,65535,65535,65535,65535
1685461830,0,1,0,0,1223223,65535,65535,65535,65535,65535,65535,65535,65535,65535,65535,65535,65535
1685461836,0,1,0,0,1223223,65535,65535,65535,65535,65535,65535,65535,65535,65535,65535,65535,65535
1685461842,0,1,0,0,1223223,65535,65535,65535,65535,65535,65535,65535,65535,65535,65535,65535,65535
1685461848,0,1,0,0,1223223,65535,65535,65535,65535,65535,65535,65535,65535,65535,65535,65535,65535
1685461854,0,1,0,0,1223223,65535,65535,65535,65535,65535,65535,65535,65535,65535,65535,65535,65535
1685461860,0,1,0,0,1223223,65535,65535,65535,65535,65535,65535,65535,65535,65535,65535,65535,65535
1685461866,0,1,0,0,1223223,65535,65535,65535,65535,65535,65535,65535,65535,65535,65535,65535,65535
1685461872,0,1,0,0,1223223,65535,65535,65535,65535,65535,65535,65535,65535,65535,65535,65535,65535
1685461878,0,1,0,0,1223223,65535,65535,65535,65535,65535,65535,65535,65535,65535,65535,65535,65535
1685461884,0,1,0,0,1223223,65535,65535,65535,65535,65535,65535,65535,65535,65535,65535,65535,65535
1685461890,0,1,0,0,1223223,65535,65535,65535,65535,65535,65535,65535,65535,65535,65535,65535,65535
1685461896,0,1,0,0,1223223,65535,65535,65535,65535,65535,65535,65535,65535,65535,65535,65535,65535
1685461902,0,1,0,0,1223223,65535,65535,65535,65535,65535,65535,65535,65535,65535,65535,65535,65535
1685461908,0,1,0,0,1223223,65535,65535,65535,65535,65535,65535,65535,65535,65535,65535,65535,65535
1685461914,0,1,0,0,1223223,65535,65535,65535,65535,65535,65535,65535,65535,65535,65535,65535,65535
1685461920,0,1,0,0,1223223,65535,65535,65535,65535,65535,65535,65535,65535,65535,65535,65535,65535
1685461926,0,1,0,0,1223223,65535,65535,65535,65535,65535,65535,65535,65535,65535,65535,65535,65535
1685461932,0,1,0,0,1223223,65535,65535,65535,65535,65535,65535,65535,65535,65535,65535,65535,65535
1685461938,0,1,0,0,1223223,65535,65535,65535,65535,65535,65535,65535,65535,65535,65535,65535,65535
1685461944,0,1,0,0,1223223,65535,65535,65535,65535,65535,65535,65535,65535,65535,65535,65535,65535
1685461950,0,1,0,0,1223223,65535,65535,65535,65535,65535,65535,65535,65535,65535,65535,65535,65535
1685461956,0,1,0,0,1223223,65535,65535,65535,65535,65535,65535,65535,65535,65535,65535,65535,65535
1685461962,0,1,0,0,1223223,65535,65535,65535,65535,65535,65535,65535,65535,65535,65535,65535,65535
1685461968,0,1,0,0,1223223,65535,65535,65535,65535,65535,65535,65535,65535,65535,65535,65535,65535
1685461974,0,1,0,0,1223223,65535,65535,65535,65535,65535,65535,65535,65535,65535,65535,65535,65535
1685461980,0,1,0,0,1223223,65535,65535,65535,65535,65535,65535,65535,65535,65535,65535,65535,65535
1685461986,0,1,0,0,1223223,65535,65535,65535,65535,65535,65535,65535,65535,65535,65535,65535,65535
1685461992,0,1,0,0,1223223,65535,65535,65535,65535,65535,65535,65535,65535,65535,65535,65535,65535
1685461998,0,1,0,0,1223223,65535,65535,65535,65535,65535,65535,65535,65535,65535,65535,65535,65535
1685462004,0,1,0,0,1223223,65535,65535,65535,65535,65535,65535,65535,65535,65535,65535,65535,65535
1685462010,0,1,0,0,1223223,65535,65535,65535,65535,65535,65535,65535,65535,65535,65535,65535,65535
1685462016,0,1,0,0,1223223,65535,65535,65535,65535,65535,65535,65535,65535,65535,65535,65535,65535
1685462022,0,1,0,0,1223223,65535,65535,65535,65535,65535,65535,65535,65535,65535,65535,65535,65535
1685462028,0,1,0,0,1223223,65535,65535,65535,65535,65535,65535,65535,65535,65535,65535,65535,65535
1685462034,0,1,0,0,1223223,65535,65535,65535,65535,65535,65535,65535,65535,65535,65535,65535,65535
1685462040,0,1,0,0,1223223,65535,65535,65535,65535,65535,65535,65535,65535,65535,65535,65535,65535
1685462046,0,1,0,0,1223223,65535,65535,65535,65535,65535,65535,65535,65535,65535,65535,65535,65535
1685462052,0,1,0,0,1223223,65535,65535,65535,65535,65535,65535,65535,65535,65535,65535,65535,65535
1685462058,0,1,0,0,1223223,65535,65535,65535,65535,65535,65535,65535,65535,65535,65535,65535,65535
1685462064,0,1,0,0,1223223,65535,65535,65535,65535,65535,65535,65535,65535,65535,65535,65535,65535
1685462070,0,1,0,0,1223223,65535,65535,65535,65535,65535,65535,65535,65535,65535,65535,65535,65535
1685462076,0,1,0,0,1223223,65535,65535,65535,65535,65535,65535,65535,65535,65535,65535,65535,65535
1685462082,0,1,0,0,1223223,65535,65535,65535,65535,65535,65535,65535,65535,65535,65535,65535,65535
1685462088,0,1,0,0,1223223,65535,65535,65535,65535,65535,65535,65535,65535,65535,65535,65535,65535
1685462094,0,1,0,0,1223223,65535,65535,65535,65535,65535,65535,65535,65535,65535,65535,65535,65535
1685462100,0,1,0,0,1223223,65535,65535,65535,65535,65535,65535,65535,65535,65535,65535,65535,65535
1685462106,0,1,0,0,1223223,65535,65535,65535,65535,65535,65535,65535,65535,65535,65535,65535,65535
1685462112,0,1,0,0,1223223,65535,65535,65535,65535,65535,65535,65535,65535,65535,65535,65535,65535
1685462118,0,1,0,0,1223223,65535,65535,65535,65535,65535,65535,65535,65535,65535,65535,65535,65535
1685462124,0,1,0,0,1223223,65535,65535,65535,65535,65535,65535,65535,65535,65535,65535,65535,65535
1685462130,0,1,0,0,1223223,65535,65535,65535,65535,65535,65535,65535,65535,65535,65535,65535,65535
1685462136,0,1,0,0,1223223,65535,65535,65535,65535,65535,65535,65535,65535,65535,65535,65535,65535
1685462142,0,1,0,0,1223223,65535,65535,65535,65535,65535,65535,65535,65535,65535,65535,65535,65535
1685462148,0,1,0,0,1223223,65535,65535,65535,65535,65535,65535,65535,65535,65535,65535,65535,65535
1685462154,0,1,0,0,1223223,65535,65535,65535,65535,65535,65535,65535,65535,65535,65535,65535,65535
1685462160,0,1,0,0,1223223,65535,65535,65535,65535,65535,65535,65535,65535,65535,65535,65535,65535
1685462166,0,1,0,0,1223223,65535,65535,65535,65535,65535,65535,65535,65535,65535,65535,65535,65535
1685462172,0,1,0,0,1223223,65535,65535,65535,65535,65535,65535,65535,65535,65535,65535,65535,65535
1685462178,0,1,0,0,1223223,65535,65535,65535,65535,65535,65535,65535,65535,65535,65535,65535,65535
1685462184,0,1,0,0,1223223,65535,65535,65535,65535,65535,65535,65535,65535,65535,65535,65535,65535
1685462190,0,1,0,0,1223223,65535,65535,65535,65535,65535,65535,65535,65535,65535,65535,65535,65535
1685462196,0,1,0,0,1223223,65535,65535,65535,65535,65535,65535,65535,65535,65535,65535,65535,65535
1685462202,0,1,0,0,1223223,65535,65535,65535,65535,65535,65535,65535,65535,65535,65535,65535,65535
1685462208,0,1,0,0,1223223,65535,65535,65535,65535,65535,65535,65535,65535,65535,65535,65535,65535
1685462214,0,1,0,0,1223223,65535,65535,65535,65535,65535,65535,65535,65535,65535,65535,65535,65535
1685462220,0,1,0,0,1223223,65535,65535,65535,65535,65535,65535,65535,65535,65535,65535,65535,65535
1685462226,0,1,0,0,1223223,65535,65535,65535,65535,65535,65535,65535,65535,65535,65535,65535,65535
1685462232,0,1,0,0,1223223,65535,65535,65535,65535,65535,65535,65535,65535,65535,65535,65535,65535
1685462238,0,1,0,0,1223223,65535,65535,65535,65535,65535,65535,65535,65535,65535,65535,65535,65535
1685462244,0,1,0,0,1223223,65535,65535,65535,65535,65535,65535,65535,65535,65535,65535,65535,65535
1685462250,0,1,0,0,1223223,65535,65535,65535,65535,65535,65535,65535,65535,65535,65535,65535,65535
1685462256,0,1,0,0,1223223,65535,65535,65535,65535,65535,65535,65535,65535,65535,65535,65535,65535
1685462262,0,1,0,0,1223223,65535,65535,65535,65535,65535,65535,65535,65535,65535,65535,65535,65535
1685462268,0,1,0,0,1223223,65535,65535,65535,65535,65535,65535,65535,65535,65535,65535,65535,65535
1685462274,0,1,0,0,1223223,65535,65535,65535,65535,65535,65535,65535,65535,65535,65535,65535,65535
1685462280,0,1,0,0,1223223,65535,65535,65535,65535,65535,65535,65535,65535,65535,65535,65535,65535
1685462286,0,1,0,0,1223223,65535,65535,65535,65535,65535,65535,65535,65535,65535,65535,65535,65535
1685462292,0,1,0,0,1223223,65535,65535,65535,65535,65535,65535,65535,65535,65535,65535,65535,65535
1685462298,0,1,0,0,1223223,65535,65535,65535,65535,65535,65535,65535,65535,65535,65535,65535,65535
1685462304,0,1,0,0,1223223,65535,65535,65535,65535,65535,65535,65535,65535,65535,65535,65535,65535
1685462310,0,1,0,0,1223223,65535,65535,65535,65535,65535,65535,65535,65535,65535,65535,65535,65535
1685462316,0,1,0,0,1223223,65535,65535,65535,65535,65535,65535,65535,65535,65535,65535,65535,65535
1685462322,0,1,0,0,1223223,65535,65535,65535,65535,65535,65535,65535,65535,65535,65535,65535,65535
1685462328,0,1,0,0,1223223,65535,65535,65535,65535,65535,65535,65535,65535,65535,65535,65535,65535
1685462334,0,1,0,0,1223223,65535,65535,65535,65535,65535,65535,65535,65535,65535,65535,65535,65535
1685462340,0,1,0,0,1223223,65535,65535,65535,65535,65535,65535,65535,65535,65535,65535,65535,65535
1685462346,0,1,0,0,1223223,65535,65535,65535,65535,65535,65535,65535,65535,65535,65535,65535,65535
1685462352,0,1,0,0,1223223,65535,65535,65535,65535,65535,65535,65535,65535,65535,65535,65535,65535
1685462358,0,1,0,0,1223223,65535,65535,65535,65535,65535,65535,65535,65535,65535,65535,65535,65535
1685462364,0,1,0,0,1223223,65535,65535,65535,65535,65535,65535,65535,65535,65535,65535,65535,65535
1685462370,0,1,0,0,1223223,65535,65535,65535,65535,65535,65535,65535,65535,65535,65535,65535,65535
1685462376,0,1,0,0,1223223,65535,65535,65535,65535,65535,65535,65535,65535,65535,65535,65535,65535
1685462382,0,1,0,0,1223223,65535,65535,65535,65535,65535,65535,65535,65535,65535,65535,65535,65535
1685462388,0,1,0,0,1223223,65535,65535,65535,65535,65535,65535,65535,65535,65535,65535,65535,65535
1685462394,0,1,0,0,1223223,65535,65535,65535,65535,65535,65535,65535,65535,65535,65535,65535,65535
