Timestamp,Amber,White,On,Override,Intensity,AS00,AS01,AS02,AS03,AS04,AS05,AS06,AS07,AS08,AS09,AS10,AS11
1685505600,0,1,0,0,144,2242,3398,4295,4512,20404,8298,3856,3638,4674,6056,20396,8294
1685505606,0,1,0,0,144,2227,3378,4267,4484,20255,8224,3828,3610,4640,6005,20243,8214
1685505612,0,1,0,0,143,2212,3354,4240,4453,20100,8156,3799,3581,4603,5959,20092,8150
1685505618,0,1,0,0,143,2195,3332,4212,4419,19955,8091,3773,3556,4569,5913,19952,8088
1685505624,0,1,0,0,142,2182,3309,4184,4389,19812,8028,3745,3524,4531,5868,19805,8024
1685505630,0,1,0,0,142,2169,3289,4155,4359,19673,7968,3717,3500,4499,5825,19668,7965
1685505636,0,1,0,0,141,2155,3268,4129,4332,19531,7906,3690,3471,4462,5782,19520,7904
1685505642,0,1,0,0,141,2141,3246,4102,4299,19388,7846,3660,3444,4428,5735,19380,7844
1685505648,0,1,0,0,141,2126,3225,4074,4269,19249,7786,3633,3417,4391,5692,19240,7782
1685505654,0,1,0,0,140,2113,3205,4049,4239,19110,7732,3608,3392,4359,5652,19108,7724
1685505660,0,1,0,0,140,2096,3183,4023,4210,18980,7674,3581,3368,4326,5609,18977,7670
1685505666,0,1,0,0,135,2085,3164,3998,4183,18860,7628,3556,3342,4297,5571,18852,7620
1685505672,0,1,0,0,135,2070,3145,3972,4159,18744,7578,3533,3318,4269,5535,18728,7574
1685505678,0,1,0,0,135,2059,3127,3954,4134,18628,7534,3510,3297,4242,5506,18619,7534
1685505684,0,1,0,0,134,2045,3108,3926,4104,18513,7488,3486,3273,4211,5469,18503,7484
1685505690,0,1,0,0,134,2031,3089,3900,4076,18387,7440,3462,3249,4182,5430,18383,7440
1685505696,0,1,0,0,133,2018,3068,3876,4051,18261,7388,3435,3224,4151,5389,18255,7383
1685505702,0,1,0,0,133,2003,3047,3850,4022,18117,7331,3410,3198,4116,5348,18113,7328
1685505708,0,1,0,0,132,1990,3026,3823,3991,17981,7267,3382,3172,4081,5305,17976,7268
1685505714,0,1,0,0,132,1975,3005,3794,3963,17834,7207,3357,3145,4047,5260,17828,7204
1685505720,0,1,0,0,132,1962,2984,3767,3932,17688,7144,3326,3120,4014,5218,17684,7142
1685505726,0,1,0,0,131,1948,2959,3740,3902,17544,7080,3302,3091,3979,5173,17536,7076
1685505732,0,1,0,0,131,1934,2941,3715,3874,17402,7018,3277,3066,3946,5134,17395,7009
1685505738,0,1,0,0,130,1921,2921,3688,3843,17251,6954,3250,3041,3914,5091,17251,6950
1685505744,0,1,0,0,130,1907,2900,3661,3817,17118,6888,3223,3016,3880,5049,17112,6887
1685505750,0,1,0,0,130,1893,2878,3638,3787,16977,6832,3199,2991,3849,5006,16974,6830
1685505756,0,1,0,0,125,1879,2860,3612,3760,16857,6776,3174,2969,3820,4972,16849,6774
1685505762,0,1,0,0,125,1866,2841,3588,3735,16730,6722,3152,2945,3793,4937,16723,6724
1685505768,0,1,0,0,124,1854,2822,3565,3709,16613,6674,3129,2922,3765,4899,16608,6674
1685505774,0,1,0,0,124,1842,2802,3542,3685,16494,6622,3106,2901,3737,4867,16489,6624
1685505780,0,1,0,0,124,1829,2785,3518,3659,16375,6574,3083,2878,3710,4829,16378,6572
1685505786,0,1,0,0,123,1816,2767,3495,3633,16261,6520,3062,2858,3682,4795,16254,6522
1685505792,0,1,0,0,123,1803,2747,3473,3606,16145,6472,3040,2834,3655,4762,16141,6474
1685505798,0,1,0,0,122,1792,2729,3448,3584,16030,6426,3017,2813,3630,4726,16022,6424
1685505804,0,1,0,0,122,1780,2711,3425,3556,15919,6380,2995,2791,3602,4695,15910,6378
1685505810,0,1,0,0,122,1768,2692,3404,3533,15809,6340,2972,2772,3577,4661,15806,6338
1685505816,0,1,0,0,121,1754,2676,3381,3510,15713,6294,2951,2751,3551,4630,15701,6292
1685505822,0,1,0,0,121,1743,2657,3357,3484,15599,6254,2930,2731,3523,4596,15590,6248
1685505828,0,1,0,0,121,1732,2639,3337,3461,15500,6214,2910,2711,3499,4565,15494,6212
1685505834,0,1,0,0,120,1720,2623,3315,3437,15392,6170,2889,2691,3472,4537,15387,6166
1685505840,0,1,0,0,120,1709,2604,3291,3413,15287,6132,2868,2670,3449,4504,15283,6126
1685505846,0,1,0,0,120,1696,2587,3270,3390,15181,6088,2847,2649,3422,4472,15177,6082
1685505852,0,1,0,0,115,1685,2570,3248,3365,15071,6038,2826,2629,3396,4438,15067,6036
1685505858,0,1,0,0,115,1671,2551,3224,3342,14957,5988,2804,2608,3371,4401,14954,5986
1685505864,0,1,0,0,115,1659,2531,3201,3315,14842,5938,2782,2586,3343,4368,14836,5935
1685505870,0,1,0,0,114,1647,2514,3177,3290,14721,5884,2759,2565,3314,4335,14718,5886
1685505876,0,1,0,0,114,1635,2498,3155,3265,14608,5836,2738,2543,3287,4297,14603,5828
1685505882,0,1,0,0,114,1623,2479,3131,3242,14489,5782,2715,2521,3261,4263,14483,5778
1685505888,0,1,0,0,113,1611,2460,3109,3217,14367,5726,2694,2501,3234,4228,14361,5724
1685505894,0,1,0,0,113,1598,2443,3086,3194,14240,5674,2672,2479,3207,4196,14243,5668
1685505900,0,1,0,0,113,1588,2424,3064,3168,14130,5614,2651,2460,3180,4161,14123,5610
1685505906,0,1,0,0,112,1575,2408,3041,3144,14015,5564,2630,2439,3155,4129,14008,5558
1685505912,0,1,0,0,112,1565,2392,3020,3123,13907,5514,2609,2421,3131,4099,13901,5512
1685505918,0,1,0,0,112,1552,2372,2999,3099,13798,5464,2590,2400,3106,4069,13796,5466
1685505924,0,1,0,0,111,1542,2358,2978,3077,13694,5420,2571,2382,3084,4038,13690,5420
1685505930,0,1,0,0,111,1531,2339,2957,3053,13592,5378,2549,2364,3061,4009,13585,5372
1685505936,0,1,0,0,111,1520,2324,2935,3033,13486,5330,2530,2346,3037,3983,13486,5330
1685505942,0,1,0,0,110,1509,2308,2917,3009,13398,5292,2511,2327,3015,3951,13386,5286
1685505948,0,1,0,0,110,1498,2291,2895,2988,13295,5250,2493,2309,2991,3924,13289,5248
1685505954,0,1,0,0,110,1487,2274,2877,2966,13199,5210,2473,2291,2971,3895,13195,5208
1685505960,0,1,0,0,105,1477,2260,2855,2946,13109,5172,2457,2273,2948,3868,13105,5170
1685505966,0,1,0,0,105,1466,2244,2835,2924,13017,5136,2438,2255,2926,3844,13014,5136
1685505972,0,1,0,0,105,1456,2229,2815,2903,12924,5096,2419,2240,2904,3815,12927,5098
1685505978,0,1,0,0,104,1445,2213,2795,2883,12827,5060,2400,2222,2883,3787,12829,5060
1685505984,0,1,0,0,104,1435,2196,2776,2862,12742,5024,2382,2203,2861,3761,12732,5018
1685505990,0,1,0,0,104,1424,2180,2754,2838,12640,4984,2364,2186,2839,3733,12636,4980
1685505996,0,1,0,0,104,1414,2164,2735,2820,12547,4942,2345,2168,2815,3704,12543,4938
1685506002,0,1,0,0,103,1403,2149,2715,2795,12452,4906,2326,2150,2794,3679,12448,4902
1685506008,0,1,0,0,103,1393,2133,2695,2775,12358,4866,2308,2135,2773,3651,12355,4868
1685506014,0,1,0,0,103,1383,2117,2676,2755,12270,4832,2290,2117,2754,3627,12266,4828
1685506020,0,1,0,0,103,1372,2103,2657,2736,12181,4794,2273,2101,2733,3602,12175,4794
1685506026,0,1,0,0,102,1362,2087,2638,2714,12089,4756,2256,2084,2711,3575,12082,4754
1685506032,0,1,0,0,102,1352,2073,2618,2694,11997,4722,2238,2067,2690,3551,11993,4720
1685506038,0,1,0,0,102,1342,2057,2599,2674,11904,4682,2222,2051,2670,3522,11901,4680
1685506044,0,1,0,0,101,1332,2043,2578,2654,11812,4648,2203,2034,2650,3499,11810,4646
1685506050,0,1,0,0,101,1322,2028,2563,2634,11722,4610,2187,2018,2632,3474,11719,4606
1685506056,0,1,0,0,101,1312,2014,2545,2614,11632,4570,2170,2003,2610,3452,11623,4570
1685506062,0,1,0,0,100,1303,1999,2527,2595,11547,4538,2154,1988,2591,3428,11538,4530
1685506068,0,1,0,0,100,1294,1984,2507,2575,11452,4498,2139,1973,2572,3405,11453,4499
1685506074,0,1,0,0,100,1285,1969,2489,2556,11369,4466,2121,1958,2555,3382,11367,4462
1685506080,0,1,0,0,55,1275,1956,2472,2537,11289,4434,2107,1943,2537,3360,11285,4430
1685506086,0,1,0,0,55,1266,1942,2455,2518,11206,4402,2091,1930,2520,3338,11210,4400
1685506092,0,1,0,0,55,1257,1928,2435,2500,11127,4368,2074,1914,2500,3315,11124,4370
1685506098,0,1,0,0,55,1248,1915,2418,2481,11049,4338,2059,1898,2481,3296,11046,4338
1685506104,0,1,0,0,54,1238,1900,2400,2463,10966,4308,2042,1884,2462,3270,10963,4308
1685506110,0,1,0,0,54,1229,1885,2382,2445,10879,4278,2027,1868,2443,3247,10883,4274
1685506116,0,1,0,0,54,1219,1871,2363,2425,10807,4244,2011,1854,2426,3223,10801,4246
1685506122,0,1,1,0,1303,3905,8522,11643,20422,65535,9964,30057,40144,52325,32597,65535,10000
1685506128,0,1,1,0,1321,4002,8758,11983,20912,65535,10146,30877,41428,53930,33573,65535,10160
1685506134,0,1,1,0,1325,4034,8841,12103,21076,65535,10192,31173,41929,54485,33873,65535,10202
1685506140,0,1,1,0,1331,4044,8870,12153,21152,65535,10203,31353,42208,54829,34070,65535,10212
1685506146,0,1,1,0,1332,4051,8891,12189,21197,65535,10200,31444,42369,55012,34188,65535,10202
1685506152,0,1,1,0,1332,4049,8903,12208,21229,65535,10184,31510,42465,55145,34232,65535,10194
1685506158,0,1,1,0,1333,4049,8909,12217,21245,65535,10164,31570,42547,55257,34293,65535,10172
1685506164,0,1,1,0,1333,4049,8910,12229,21269,65535,10146,31607,42658,55371,34365,65535,10162
1685506170,0,1,1,0,1334,4046,8910,12221,21281,65535,10128,31629,42714,55433,34388,65535,10138
1685506176,0,1,1,0,1334,4042,8912,12228,21286,65535,10104,31675,42763,55491,34396,65535,10120
1685506182,0,1,1,0,1334,4038,8902,12219,21293,65535,10080,31705,42819,55530,34419,65535,10092
1685506188,0,1,1,0,1334,4031,8903,12220,21289,65535,10062,31711,42859,55588,34460,65535,10066
1685506194,0,1,1,0,1334,4027,8898,12222,21285,65535,10030,31728,42888,55629,34450,65535,10036
1685506200,0,1,1,0,1335,4021,8896,12217,21289,65535,10008,31748,42930,55680,34476,65535,10018
1685506206,0,1,1,0,1335,4017,8889,12209,21286,65535,9978,31771,42959,55721,34486,65535,9986
1685506212,0,1,1,0,1335,4011,8886,12212,21294,65535,9952,31794,43004,55755,34500,65535,9962
1685506218,0,1,1,0,1335,4006,8879,12201,21288,65535,9926,31810,43032,55820,34502,65535,9928
1685506224,0,1,1,0,1335,3999,8874,12199,21285,65535,9890,31825,43073,55804,34512,65535,9906
1685506230,0,1,1,0,1335,3998,8869,12191,21284,65535,9870,31846,43103,55869,34522,65535,9882
1685506236,0,1,1,0,1335,3991,8865,12189,21300,65535,9844,31865,43140,55921,34557,65535,9856
1685506242,0,1,1,0,1335,3984,8859,12183,21283,65535,9820,31863,43162,55938,34539,65535,9826
1685506248,0,1,1,0,1335,3978,8853,12177,21280,65535,9790,31883,43190,55985,34548,65535,9796
1685506254,0,1,1,0,1335,3974,8848,12167,21278,65535,9756,31891,43218,55995,34551,65535,9770
1685506260,0,1,1,0,1335,3969,8845,12167,21278,65535,9735,31904,43228,56041,34549,65535,9744
1685506266,0,1,1,0,1335,3964,8835,12165,21275,65535,9702,31913,43257,56076,34570,65535,9716
1685506272,0,1,1,0,1335,3957,8831,12157,21279,65535,9682,31908,43292,56104,34554,65535,9686
1685506278,0,1,1,0,1335,3948,8823,12146,21263,65535,9648,31935,43320,56137,34577,65535,9658
1685506284,0,1,1,0,1340,3945,8817,12141,21257,65535,9622,31948,43346,56160,34564,65535,9636
1685506290,0,1,1,0,1335,3937,8812,12139,21260,65535,9594,31948,43350,56176,34575,65535,9602
1685506296,0,1,1,0,1340,3932,8803,12126,21247,65535,9570,31960,43381,56209,34568,65535,9580
1685506302,0,1,1,0,1335,3927,8795,12117,21241,65535,9540,31975,43410,56256,34589,65535,9546
1685506308,0,1,1,0,1335,3920,8787,12113,21233,65535,9508,31973,43418,56250,34564,65535,9520
1685506314,0,1,1,0,1340,3916,8782,12105,21240,65535,9488,31988,43449,56298,34570,65535,9492
1685506320,0,1,1,0,1340,3911,8780,12101,21245,65535,9464,31977,43472,56314,34582,65535,9472
1685506326,0,1,1,0,1340,3905,8770,12090,21222,65535,9440,31998,43481,56327,34575,65535,9448
1685506332,0,1,1,0,1340,3900,8763,12087,21215,65535,9412,31980,43492,56339,34565,65535,9416
1685506338,0,1,1,0,1340,3893,8753,12080,21216,65535,9380,32003,43508,56364,34573,65535,9392
1685506344,0,1,1,0,1340,3887,8744,12070,21210,65535,9356,32014,43523,56377,34572,65535,9370
1685506350,0,1,1,0,1340,3881,8741,12062,21198,65535,9332,31990,43532,56373,34561,65535,9342
1685506356,0,1,1,0,1340,3874,8735,12059,21195,65535,9312,32027,43572,56432,34574,65535,9318
1685506362,0,1,1,0,1340,3871,8732,12053,21192,65535,9286,32033,43574,56447,34576,65535,9296
1685506368,0,1,1,0,1340,3865,8721,12045,21184,65535,9260,32021,43610,56462,34570,65535,9272
1685506374,0,1,1,0,1340,3858,8711,12033,21179,65535,9232,32042,43617,56467,34590,65535,9244
1685506380,0,1,1,0,1335,3853,8708,12029,21173,65535,9210,32043,43640,56485,34572,65535,9218
1685506386,0,1,1,0,1335,3848,8700,12025,21164,65535,9186,32044,43649,56518,34566,65535,9194
1685506392,0,1,1,0,1340,3841,8693,12008,21154,65535,9166,32049,43669,56538,34563,65535,9170
1685506398,0,1,1,0,1335,3836,8692,12012,21161,65535,9136,32056,43689,56532,34582,65535,9146
1685506404,0,1,1,0,1335,3830,8679,11996,21145,65535,9112,32055,43693,56548,34560,65535,9120
1685506410,0,1,1,0,1340,3826,8673,11988,21144,65535,9092,32056,43705,56558,34557,65535,9102
1685506416,0,1,1,0,1340,3822,8670,11985,21149,65535,9070,32069,43727,56591,34558,65535,9080
1685506422,0,1,1,0,1335,3815,8661,11980,21131,65535,9050,32075,43736,56612,34571,65535,9060
1685506428,0,1,1,0,1340,3810,8654,11976,21123,65535,9030,32081,43754,56629,34557,65535,9038
1685506434,0,1,1,0,1335,3805,8648,11965,21116,65535,9010,32088,43769,56635,34555,65535,9020
1685506440,0,1,1,0,1340,3800,8645,11960,21117,65535,8990,32088,43791,56666,34562,65535,9000
1685506446,0,1,1,0,1335,3795,8636,11952,21104,65535,8970,32090,43794,56687,34568,65535,8982
1685506452,0,1,1,0,1335,3790,8631,11941,21101,65535,8958,32091,43821,56699,34559,65535,8966
1685506458,0,1,1,0,1335,3786,8628,11943,21101,65535,8936,32096,43836,56699,34555,65535,8944
1685506464,0,1,1,0,1335,3778,8617,11932,21090,65535,8919,32102,43864,56721,34562,65535,8928
1685506470,0,1,1,0,1335,3776,8611,11926,21085,65535,8902,32112,43863,56727,34558,65535,8911
1685506476,0,1,1,0,1335,3770,8608,11915,21083,65535,8886,32103,43878,56727,34560,65535,8892
1685506482,0,1,1,0,1335,3766,8603,11913,21078,65535,8870,32111,43889,56761,34559,65535,8878
1685506488,0,1,1,0,1335,3761,8594,11903,21076,65535,8850,32114,43889,56773,34549,65535,8860
1685506494,0,1,1,0,1335,3755,8587,11900,21062,65535,8832,32120,43905,56779,34549,65535,8842
1685506500,0,1,1,0,1335,3751,8585,11891,21051,65535,8816,32114,43915,56807,34539,65535,8822
1685506506,0,1,1,0,1335,3745,8575,11882,21046,65535,8798,32127,43939,56805,34551,65535,8810
1685506512,0,1,1,0,1335,3741,8570,11883,21046,65535,8774,32131,43948,56820,34552,65535,8790
1685506518,0,1,1,0,1335,3736,8562,11871,21038,65535,8762,32133,43955,56833,34547,65535,8774
1685506524,0,1,1,0,1335,3730,8554,11863,21030,65535,8746,32136,43962,56833,34545,65535,8754
1685506530,0,1,1,0,1335,3726,8551,11855,21025,65535,8730,32140,43978,56874,34560,65535,8738
1685506536,0,1,1,0,1335,3722,8545,11851,21029,65535,8716,32142,43976,56856,34560,65535,8722
1685506542,0,1,1,0,1335,3716,8536,11845,21015,65535,8694,32139,43996,56873,34554,65535,8706
1685506548,0,1,1,0,1335,3711,8533,11836,21011,65535,8680,32136,44008,56881,34533,65535,8686
1685506554,0,1,1,0,1335,3709,8527,11836,21013,65535,8666,32167,44036,56911,34540,65535,8668
1685506560,0,1,1,0,1335,3703,8522,11826,21003,65535,8648,32152,44034,56914,34536,65535,8654
1685506566,0,1,1,0,1335,3699,8517,11818,20989,65535,8632,32156,44056,56923,34535,65535,8634
1685506572,0,1,1,0,1335,3695,8509,11812,21002,65535,8612,32149,44044,56933,34530,65535,8620
1685506578,0,1,1,0,1335,3689,8505,11804,20981,65535,8596,32157,44060,56937,34522,65535,8606
1685506584,0,1,1,0,1335,3686,8499,11801,20976,65535,8574,32154,44054,56948,34539,65535,8582
1685506590,0,1,1,0,1335,3680,8487,11797,20979,65535,8558,32152,44068,56949,34529,65535,8564
1685506596,0,1,1,0,1335,3675,8483,11787,20963,65535,8540,32155,44078,56935,34510,65535,8554
1685506602,0,1,1,0,1335,3674,8480,11790,20965,65535,8532,32167,44104,56993,34542,65535,8540
1685506608,0,1,1,0,1335,3667,8472,11773,20951,65535,8510,32163,44096,56973,34531,65535,8520
1685506614,0,1,1,0,1335,3662,8467,11764,20954,65535,8497,32171,44113,56989,34523,65535,8502
1685506620,0,1,1,0,1335,3658,8460,11760,20939,65535,8476,32167,44119,57000,34504,65535,8490
1685506626,0,1,1,0,1335,3654,8455,11762,20936,65535,8460,32169,44126,56999,34522,65535,8473
1685506632,0,1,1,0,1335,3652,8452,11753,20936,65535,8446,32171,44132,57013,34496,65535,8454
1685506638,0,1,1,0,1335,3648,8446,11747,20935,65535,8430,32191,44147,57065,34506,65535,8440
1685506644,0,1,1,0,1335,3642,8442,11739,20922,65535,8412,32171,44146,57065,34501,65535,8420
1685506650,0,1,1,0,1335,3638,8432,11732,20925,65535,8398,32175,44162,57051,34493,65535,8406
1685506656,0,1,1,0,1335,3634,8431,11729,20916,65535,8382,32188,44185,57082,34518,65535,8386
1685506662,0,1,1,0,1335,3629,8423,11725,20912,65535,8360,32204,44197,57082,34521,65535,8372
1685506668,0,1,1,0,1335,3625,8420,11711,20908,65535,8346,32170,44175,57070,34485,65535,8354
1685506674,0,1,1,0,1335,3618,8414,11710,20908,65535,8332,32189,44210,57091,34495,65535,8338
1685506680,0,1,1,0,1335,3616,8409,11705,20893,65535,8314,32190,44217,57103,34491,65535,8324
1685506686,0,1,1,0,1335,3613,8405,11698,20893,65535,8300,32195,44225,57117,34502,65535,8302
1685506692,0,1,1,0,1335,3611,8398,11699,20888,65535,8282,32195,44249,57117,34487,65535,8288
1685506698,0,1,1,0,1335,3604,8393,11691,20885,65535,8264,32206,44248,57142,34494,65535,8278
1685506704,0,1,1,0,1334,3602,8389,11683,20878,65535,8246,32190,44252,57153,34488,65535,8260
1685506710,0,1,1,0,1335,3598,8381,11679,20877,65535,8234,32196,44252,57135,34475,65535,8244
1685506716,0,1,1,0,1335,3592,8375,11672,20871,65535,8220,32196,44250,57152,34474,65535,8226
1685506722,0,1,1,0,1334,3589,8375,11667,20873,65535,8202,32211,44283,57178,34496,65535,8210
1685506728,0,1,1,0,1334,3589,8372,11665,20871,65535,8186,32213,44294,57184,34478,65535,8194
1685506734,0,1,1,0,1334,3583,8365,11657,20862,65535,8176,32214,44291,57181,34492,65535,8188
1685506740,0,1,1,0,1334,3579,8359,11664,20860,65535,8160,32225,44313,57221,34496,65535,8168
1685506746,0,1,1,0,1335,3576,8353,11655,20847,65535,8146,32220,44309,57206,34474,65535,8154
1685506752,0,1,1,0,1334,3572,8351,11644,20840,65535,8128,32224,44332,57251,34475,65535,8140
1685506758,0,1,1,0,1334,3566,8344,11638,20827,65535,8116,32221,44340,57249,34484,65535,8124
1685506764,0,1,1,0,1334,3563,8344,11640,20846,65535,8100,32205,44346,57224,34465,65535,8110
1685506770,0,1,1,0,1334,3560,8336,11628,20825,65535,8088,32225,44355,57246,34461,65535,8096
1685506776,0,1,1,0,1334,3557,8332,11628,20827,65535,8070,32217,44353,57237,34480,65535,8082
1685506782,0,1,1,0,1334,3552,8323,11619,20812,65535,8056,32215,44360,57243,34447,65535,8066
1685506788,0,1,1,0,1334,3550,8322,11613,20821,65535,8044,32222,44362,57279,34447,65535,8052
1685506794,0,1,1,0,1334,3547,8320,11613,20821,65535,8030,32232,44377,57284,34454,65535,8040
1685506800,0,1,1,0,1334,3541,8313,11603,20805,65535,8016,32237,44386,57290,34464,65535,8026
1685506806,0,1,1,0,1334,3539,8309,11599,20809,65535,8001,32232,44394,57281,34444,65535,8012
1685506812,0,1,1,0,1334,3536,8303,11597,20782,65535,7986,32228,44396,57312,34441,65535,7992
1685506818,0,1,1,0,1334,3533,8300,11592,20806,65535,7976,32230,44391,57296,34463,65535,7978
1685506824,0,1,1,0,1334,3528,8296,11585,20799,65535,7960,32234,44414,57306,34442,65535,7966
1685506830,0,1,1,0,1334,3524,8291,11570,20778,65535,7950,32239,44413,57314,34443,65535,7958
1685506836,0,1,1,0,1334,3521,8286,11571,20776,65535,7936,32218,44424,57304,34431,65535,7944
1685506842,0,1,1,0,1334,3518,8279,11565,20773,65535,7924,32237,44436,57320,34435,65535,7926
1685506848,0,1,1,0,1334,3515,8276,11562,20763,65535,7908,32236,44429,57294,34427,65535,7922
1685506854,0,1,1,0,1334,3511,8271,11559,20761,65535,7898,32236,44435,57322,34421,65535,7908
1685506860,0,1,1,0,1334,3509,8271,11559,20761,65535,7882,32224,44443,57340,34440,65535,7896
1685506866,0,1,1,0,1334,3506,8260,11548,20748,65535,7872,32232,44450,57334,34409,65535,7880
1685506872,0,1,1,0,1334,3502,8259,11545,20761,65535,7856,32237,44452,57349,34422,65535,7868
1685506878,0,1,1,0,1334,3499,8252,11537,20736,65535,7846,32236,44446,57342,34407,65535,7856
1685506884,0,1,1,0,1334,3496,8244,11526,20733,65535,7834,32233,44449,57339,34418,65535,7844
1685506890,0,1,1,0,1334,3493,8248,11534,20735,65535,7824,32237,44460,57357,34400,65535,7834
1685506896,0,1,1,0,1334,3489,8242,11522,20730,65535,7810,32242,44471,57353,34402,65535,7820
1685506902,0,1,1,0,1334,3488,8239,11522,20729,65535,7802,32245,44496,57366,34423,65535,7807
1685506908,0,1,1,0,1334,3484,8234,11514,20732,65535,7784,32244,44483,57372,34399,65535,7791
1685506914,0,1,1,0,1334,3481,8231,11517,20724,65535,7774,32249,44490,57354,34401,65535,7786
1685506920,0,1,1,0,1334,3478,8226,11509,20711,65535,7764,32242,44489,57374,34389,65535,7770
1685506926,0,1,1,0,1334,3475,8217,11503,20720,65535,7754,32247,44512,57399,34389,65535,7762
1685506932,0,1,1,0,1334,3473,8221,11504,20722,65535,7742,32251,44516,57418,34412,65535,7753
1685506938,0,1,1,0,1334,3471,8216,11500,20719,65535,7732,32253,44517,57415,34395,65535,7741
1685506944,0,1,1,0,1334,3468,8211,11489,20705,65535,7716,32254,44532,57424,34396,65535,7732
1685506950,0,1,1,0,1334,3463,8205,11490,20705,65535,7702,32251,44525,57408,34405,65535,7712
1685506956,0,1,1,0,1334,3461,8203,11487,20701,65535,7692,32250,44519,57414,34396,65535,7708
1685506962,0,1,1,0,1334,3457,8196,11487,20700,65535,7688,32233,44532,57422,34381,65535,7692
1685506968,0,1,1,0,1334,3455,8197,11476,20688,65535,7677,32257,44551,57437,34379,65535,7684
1685506974,0,1,1,0,1333,3452,8192,11471,20677,65535,7664,32248,44544,57420,34390,65535,7674
1685506980,0,1,1,0,1334,3450,8189,11470,20680,65535,7650,32257,44554,57456,34378,65535,7662
1685506986,0,1,1,0,1334,3447,8187,11468,20679,65535,7644,32268,44567,57466,34378,65535,7648
1685506992,0,1,1,0,1334,3444,8180,11461,20669,65535,7628,32244,44561,57450,34385,65535,7640
1685506998,0,1,1,0,1333,3441,8178,11452,20673,65535,7624,32257,44562,57467,34373,65535,7630
1685507004,0,1,1,0,1333,3438,8176,11458,20668,65535,7614,32268,44596,57472,34376,65535,7626
1685507010,0,1,1,0,1333,3435,8173,11453,20668,65535,7606,32265,44584,57479,34385,65535,7614
1685507016,0,1,1,0,1333,3434,8164,11445,20660,65535,7594,32261,44587,57472,34366,65535,7598
1685507022,0,1,1,0,1334,3430,8163,11439,20668,65535,7579,32262,44594,57484,34385,65535,7589
1685507028,0,1,1,0,1333,3428,8161,11437,20649,65535,7573,32268,44598,57516,34378,65535,7580
1685507034,0,1,1,0,1333,3423,8158,11436,20653,65535,7562,32263,44603,57495,34358,65535,7566
1685507040,0,1,1,0,1333,3424,8157,11435,20651,65535,7552,32271,44631,57506,34372,65535,7560
1685507046,0,1,1,0,1333,3421,8153,11428,20643,65535,7540,32275,44615,57504,34351,65535,7550
1685507052,0,1,1,0,1333,3420,8151,11426,20656,65535,7534,32274,44618,57509,34363,65535,7542
1685507058,0,1,1,0,1333,3417,8145,11424,20650,65535,7524,32277,44625,57514,34348,65535,7532
1685507064,0,1,1,0,1333,3414,8142,11425,20635,65535,7512,32274,44621,57512,34361,65535,7521
1685507070,0,1,1,0,1333,3412,8140,11414,20644,65535,7504,32271,44629,57518,34344,65535,7508
1685507076,0,1,1,0,1333,3410,8141,11413,20632,65535,7494,32278,44640,57518,34359,65535,7502
1685507082,0,1,1,0,1333,3407,8133,11410,20629,65535,7480,32271,44634,57493,34341,65535,7489
1685507088,0,1,1,0,1333,3406,8129,11406,20624,65535,7476,32279,44644,57530,34361,65535,7486
1685507094,0,1,1,0,1333,3404,8129,11406,20628,65535,7466,32274,44657,57537,34338,65535,7473
1685507100,0,1,1,0,1333,3401,8121,11403,20620,65535,7458,32278,44662,57515,34354,65535,7464
1685507106,0,1,1,0,1333,3399,8120,11397,20617,65535,7448,32286,44669,57544,34338,65535,7453
1685507112,0,1,1,0,1333,3397,8120,11396,20616,65535,7438,32286,44676,57542,34346,65535,7446
1685507118,0,1,1,0,1333,3393,8117,11389,20606,65535,7428,32281,44675,57583,34350,65535,7436
1685507124,0,1,1,0,1333,3393,8114,11390,20615,65535,7423,32268,44675,57561,34344,65535,7432
1685507130,0,1,1,0,1333,3391,8114,11388,20616,65535,7414,32296,44702,57598,34344,65535,7422
1685507136,0,1,1,0,1333,3388,8107,11380,20616,65535,7402,32290,44689,57566,34331,65535,7412
1685507142,0,1,1,0,1333,3386,8107,11382,20604,65535,7399,32297,44700,57586,34355,65535,7404
1685507148,0,1,1,0,1333,3384,8100,11375,20596,65535,7386,32263,44680,57564,34300,65535,7396
1685507154,0,1,1,0,1333,3381,8096,11380,20596,65535,7380,32291,44712,57584,34328,65535,7388
1685507160,0,1,1,0,1333,3380,8099,11373,20592,65535,7370,32281,44699,57582,34315,65535,7380
1685507166,0,1,1,0,1333,3377,8096,11367,20602,65535,7362,32286,44731,57593,34343,65535,7372
1685507172,0,1,1,0,1333,3376,8091,11368,20600,65535,7354,32290,44718,57603,34322,65535,7364
1685507178,0,1,1,0,1333,3374,8093,11363,20600,65535,7348,32301,44731,57624,34328,65535,7355
1685507184,0,1,1,0,1333,3372,8089,11358,20589,65535,7336,32307,44748,57594,34323,65535,7348
1685507190,0,1,1,0,1333,3371,8083,11354,20594,65535,7330,32304,44755,57625,34318,65535,7340
1685507196,0,1,1,0,1333,3369,8087,11361,20597,65535,7328,32299,44750,57599,34325,65535,7334
1685507202,0,1,1,0,1333,3365,8078,11357,20580,65535,7318,32304,44747,57635,34323,65535,7323
1685507208,0,1,1,0,1333,3365,8079,11353,20578,65535,7311,32311,44756,57636,34321,65535,7316
1685507214,0,1,1,0,1333,3363,8075,11352,20577,65535,7302,32297,44746,57626,34313,65535,7308
1685507220,0,1,1,0,1333,3362,8076,11350,20576,65535,7296,32306,44764,57638,34318,65535,7302
1685507226,0,1,1,0,1333,3360,8073,11348,20582,65535,7288,32311,44780,57623,34322,65535,7296
1685507232,0,1,1,0,1333,3356,8071,11344,20568,65535,7280,32307,44778,57628,34325,65535,7288
1685507238,0,1,1,0,1333,3357,8069,11346,20567,65535,7274,32314,44782,57667,34316,65535,7281
1685507244,0,1,1,0,1333,3355,8066,11342,20567,65535,7266,32310,44783,57653,34316,65535,7274
1685507250,0,1,1,0,1333,3353,8064,11334,20567,65535,7261,32316,44786,57645,34315,65535,7266
1685507256,0,1,1,0,1333,3352,8063,11345,20566,65535,7253,32314,44789,57663,34310,65535,7264
1685507262,0,1,1,0,1333,3349,8058,11335,20559,65535,7246,32318,44797,57677,34309,65535,7252
1685507268,0,1,1,0,1333,3349,8060,11337,20566,65535,7241,32324,44809,57721,34326,65535,7250
1685507274,0,1,1,0,1333,3347,8058,11334,20560,65535,7235,32325,44822,57713,34321,65535,7242
1685507280,0,1,1,0,1333,3345,8052,11332,20558,65535,7226,32328,44827,57676,34317,65535,7236
1685507286,0,1,1,0,1333,3344,8054,11334,20557,65535,7220,32319,44807,57699,34320,65535,7228
1685507292,0,1,1,0,1333,3343,8052,11334,20552,65535,7215,32330,44821,57711,34313,65535,7222
1685507298,0,1,1,0,1333,3340,8046,11324,20554,65535,7206,32334,44825,57717,34316,65535,7216
1685507304,0,1,1,0,1333,3339,8046,11324,20554,65535,7197,32332,44822,57687,34305,65535,7206
1685507310,0,1,1,0,1333,3339,8043,11321,20548,65535,7193,32323,44815,57699,34300,65535,7201
1685507316,0,1,1,0,1333,3335,8042,11315,20548,65535,7189,32337,44834,57704,34311,65535,7193
1685507322,0,1,1,0,1333,3334,8044,11313,20543,65535,7182,32327,44837,57694,34302,65535,7190
1685507328,0,1,1,0,1333,3332,8035,11304,20546,65535,7174,32329,44837,57690,34295,65535,7182
1685507334,0,1,1,0,1333,3332,8038,11314,20545,65535,7169,32326,44854,57717,34318,65535,7176
1685507340,0,1,1,0,1333,3331,8035,11312,20546,65535,7166,32335,44845,57728,34300,65535,7166
1685507346,0,1,1,0,1333,3330,8035,11310,20541,65535,7156,32340,44838,57758,34300,65535,7168
1685507352,0,1,1,0,1333,3328,8033,11306,20538,65535,7150,32331,44850,57720,34316,65535,7161
1685507358,0,1,1,0,1333,3325,8028,11305,20535,65535,7146,32340,44860,57726,34302,65535,7154
1685507364,0,1,1,0,1333,3325,8028,11301,20532,65535,7136,32325,44865,57760,34302,65535,7148
1685507370,0,1,1,0,1333,3323,8028,11301,20543,65535,7135,32344,44864,57737,34291,65535,7144
1685507376,0,1,1,0,1333,3321,8023,11299,20532,65535,7129,32333,44865,57736,34291,65535,7137
1685507382,0,1,1,0,1333,3320,8022,11295,20529,65535,7123,32339,44870,57736,34288,65535,7127
1685507388,0,1,1,0,1333,3319,8020,11297,20539,65535,7118,32340,44879,57754,34294,65535,7124
1685507394,0,1,1,0,1333,3318,8019,11294,20527,65535,7111,32344,44873,57755,34293,65535,7118
1685507400,0,1,1,0,1333,3317,8016,11294,20524,65535,7105,32351,44869,57752,34290,65535,7119
1685507406,0,1,1,0,1333,3315,8014,11291,20521,65535,7100,32348,44887,57774,34307,65535,7110
1685507412,0,1,1,0,1333,3314,8014,11288,20518,65535,7092,32350,44901,57765,34297,65535,7104
1685507418,0,1,1,0,1333,3312,8010,11286,20520,65535,7086,32351,44893,57771,34290,65535,7094
1685507424,0,1,1,0,1333,3311,8008,11283,20513,65535,7082,32347,44891,57770,34286,65535,7089
1685507430,0,1,1,0,1333,3309,8007,11282,20515,65535,7078,32349,44893,57768,34302,65535,7084
1685507436,0,1,1,0,1333,3307,8003,11281,20518,65535,7073,32341,44880,57765,34285,65535,7085
1685507442,0,1,1,0,1333,3308,8005,11278,20510,65535,7064,32350,44875,57748,34280,65535,7077
1685507448,0,1,1,0,1333,3308,8006,11283,20518,65535,7064,32348,44901,57779,34284,65535,7071
1685507454,0,1,1,0,1333,3306,8001,11282,20514,65535,7056,32353,44904,57776,34281,65535,7066
1685507460,0,1,1,0,1333,3304,7998,11271,20507,65535,7055,32356,44907,57758,34281,65535,7058
1685507466,0,1,1,0,1333,3304,8000,11276,20512,65535,7051,32366,44911,57801,34286,65535,7059
1685507472,0,1,1,0,1333,3302,7998,11278,20511,65535,7046,32364,44914,57792,34284,65535,7054
1685507478,0,1,1,0,1333,3302,7998,11277,20513,65535,7046,32368,44928,57820,34289,65535,7048
1685507484,0,1,1,0,1333,3300,7996,11274,20508,65535,7036,32363,44919,57797,34300,65535,7045
1685507490,0,1,1,0,1333,3299,7994,11269,20504,65535,7030,32355,44916,57793,34289,65535,7037
1685507496,0,1,1,0,1333,3298,7991,11263,20499,65535,7024,32361,44948,57797,34289,65535,7032
1685507502,0,1,1,0,1333,3297,7990,11266,20501,65535,7020,32358,44940,57801,34278,65535,7030
1685507508,0,1,1,0,1333,3296,7988,11263,20510,65535,7017,32363,44919,57807,34278,65535,7024
1685507514,0,1,1,0,1333,3295,7987,11263,20507,65535,7014,32358,44929,57796,34268,65535,7021
1685507520,0,1,1,0,1333,3296,7990,11267,20504,65535,7009,32352,44945,57777,34289,65535,7015
1685507526,0,1,1,0,1334,3295,7990,11266,20499,65535,7003,32374,44953,57828,34277,65535,7012
1685507532,0,1,1,0,1334,3292,7986,11262,20502,65535,7000,32366,44942,57798,34290,65535,7003
1685507538,0,1,1,0,1333,3292,7985,11263,20504,65535,6992,32375,44954,57835,34291,65535,7004
1685507544,0,1,1,0,1333,3291,7986,11264,20504,65535,6991,32367,44943,57811,34282,65535,6996
1685507550,0,1,1,0,1334,3290,7983,11256,20502,65535,6988,32351,44953,57835,34287,65535,6996
1685507556,0,1,1,0,1334,3290,7984,11263,20495,65535,6986,32386,44966,57852,34300,65535,6994
1685507562,0,1,1,0,1334,3289,7981,11261,20498,65535,6982,32382,44977,57850,34300,65535,6985
1685507568,0,1,1,0,1334,3289,7982,11262,20503,65535,6980,32389,44983,57858,34300,65535,6984
1685507574,0,1,1,0,1334,3288,7984,11267,20513,65535,6977,32385,44990,57875,34302,65535,6986
1685507580,0,1,1,0,1334,3287,7982,11259,20511,65535,6970,32376,44993,57850,34301,65535,6979
1685507586,0,1,1,0,1334,3286,7982,11260,20495,65535,6969,32388,44999,57868,34300,65535,6973
1685507592,0,1,1,0,1334,3287,7983,11262,20508,65535,6964,32375,44985,57884,34303,65535,6971
1685507598,0,1,1,0,1334,3285,7980,11261,20500,65535,6962,32400,45011,57860,34295,65535,6968
1685507604,0,1,1,0,1334,3285,7980,11260,20498,65535,6960,32392,44977,57872,34300,65535,6966
1685507610,0,1,1,0,1334,3283,7980,11251,20504,65535,6952,32396,45024,57887,34303,65535,6962
1685507616,0,1,1,0,1334,3282,7971,11253,20504,65535,6948,32389,45012,57883,34284,65535,6960
1685507622,0,1,1,0,1334,3281,7978,11248,20506,65535,6946,32397,45025,57868,34285,65535,6956
1685507628,0,1,1,0,1334,3280,7976,11252,20490,65535,6941,32395,45029,57885,34284,65535,6954
1685507634,0,1,1,0,1334,3280,7975,11251,20497,65535,6940,32392,45009,57862,34276,65535,6946
1685507640,0,1,1,0,1334,3278,7967,11249,20487,65535,6936,32395,44997,57897,34283,65535,6938
1685507646,0,1,1,0,1334,3278,7971,11249,20497,65535,6932,32372,45005,57879,34290,65535,6940
1685507652,0,1,1,0,1334,3277,7965,11245,20485,65535,6928,32391,44991,57861,34273,65535,6932
1685507658,0,1,1,0,1334,3277,7970,11251,20499,65535,6924,32401,45017,57877,34278,65535,6934
1685507664,0,1,1,0,1334,3277,7969,11251,20491,65535,6924,32405,45029,57912,34297,65535,6932
1685507670,0,1,1,0,1334,3275,7962,11246,20484,65535,6919,32395,45024,57896,34281,65535,6930
1685507676,0,1,1,0,1334,3273,7963,11241,20475,65535,6916,32399,45015,57883,34287,65535,6923
1685507682,0,1,1,0,1334,3272,7962,11236,20477,65535,6912,32397,45018,57895,34273,65535,6918
1685507688,0,1,1,0,1334,3272,7961,11241,20479,65535,6910,32407,45023,57907,34290,65535,6919
1685507694,0,1,1,0,1334,3272,7963,11243,20493,65535,6908,32396,45023,57907,34272,65535,6914
1685507700,0,1,1,0,1334,3272,7962,11240,20481,65535,6904,32409,45035,57920,34280,65535,6916
1685507706,0,1,1,0,1334,3269,7955,11239,20479,65535,6902,32398,45030,57867,34270,65535,6912
1685507712,0,1,1,0,1334,3271,7959,11242,20493,65535,6902,32409,45046,57924,34281,65535,6910
1685507718,0,1,1,0,1334,3269,7955,11241,20468,65535,6898,32396,45037,57884,34275,65535,6908
1685507724,0,1,1,0,1334,3269,7960,11235,20496,65535,6898,32410,45047,57940,34282,65535,6906
1685507730,0,1,1,0,1334,3267,7959,11238,20489,65535,6894,32397,45035,57920,34280,65535,6900
1685507736,0,1,1,0,1334,3267,7957,11232,20475,65535,6890,32402,45028,57893,34272,65535,6897
1685507742,0,1,1,0,1334,3267,7955,11235,20471,65535,6888,32406,45040,57921,34274,65535,6896
1685507748,0,1,1,0,1334,3267,7955,11236,20477,65535,6884,32388,45058,57887,34279,65535,6891
1685507754,0,1,1,0,1334,3266,7955,11235,20477,65535,6886,32422,45063,57958,34299,65535,6892
1685507760,0,1,1,0,1334,3265,7952,11235,20472,65535,6880,32407,45051,57925,34294,65535,6892
1685507766,0,1,1,0,1334,3264,7952,11236,20482,65535,6878,32387,45036,57915,34268,65535,6884
1685507772,0,1,1,0,1334,3265,7952,11237,20485,65535,6878,32406,45046,57925,34271,65535,6886
1685507778,0,1,1,0,1334,3264,7952,11232,20477,65535,6871,32400,45047,57942,34282,65535,6884
1685507784,0,1,1,0,1334,3264,7951,11235,20476,65535,6876,32422,45065,57947,34281,65535,6884
1685507790,0,1,1,0,1334,3262,7952,11233,20478,65535,6872,32420,45061,57936,34274,65535,6881
1685507796,0,1,1,0,1334,3262,7948,11231,20474,65535,6864,32417,45051,57894,34274,65535,6878
1685507802,0,1,1,0,1334,3260,7947,11226,20470,65535,6864,32416,45072,57938,34269,65535,6873
1685507808,0,1,1,0,1334,3261,7949,11231,20470,65535,6862,32413,45058,57936,34276,65535,6870
1685507814,0,1,1,0,1334,3260,7944,11227,20476,65535,6860,32408,45044,57935,34290,65535,6870
1685507820,0,1,1,0,1334,3259,7946,11228,20464,65535,6856,32410,45044,57931,34260,65535,6866
1685507826,0,1,1,0,1334,3259,7945,11227,20464,65535,6854,32409,45048,57904,34282,65535,6868
1685507832,0,1,1,0,1334,3258,7942,11226,20472,65535,6852,32413,45054,57914,34265,65535,6864
1685507838,0,1,1,0,1334,3258,7944,11224,20477,65535,6854,32395,45054,57936,34268,65535,6860
1685507844,0,1,1,0,1334,3257,7942,11224,20471,65535,6852,32407,45054,57936,34279,65535,6857
1685507850,0,1,1,0,1334,3257,7944,11230,20477,65535,6854,32418,45077,57962,34275,65535,6862
1685507856,0,1,1,0,1334,3256,7942,11226,20467,65535,6851,32415,45063,57924,34271,65535,6853
1685507862,0,1,1,0,1334,3255,7939,11226,20474,65535,6846,32422,45078,57963,34279,65535,6856
1685507868,0,1,1,0,1334,3257,7943,11228,20476,65535,6847,32424,45083,57976,34294,65535,6856
1685507874,0,1,1,0,1334,3257,7947,11225,20468,65535,6846,32428,45094,57983,34279,65535,6856
1685507880,0,1,1,0,1334,3255,7944,11228,20478,65535,6846,32428,45105,57989,34298,65535,6854
1685507886,0,1,1,0,1334,3257,7944,11230,20472,65535,6846,32425,45105,57975,34300,65535,6848
1685507892,0,1,1,0,1334,3255,7941,11230,20475,65535,6844,32429,45107,57991,34280,65535,6846
1685507898,0,1,1,0,1334,3255,7941,11227,20467,65535,6844,32437,45101,57971,34297,65535,6846
1685507904,0,1,1,0,1334,3254,7939,11223,20463,65535,6840,32418,45085,57942,34288,65535,6846
1685507910,0,1,1,0,1334,3254,7940,11226,20467,65535,6840,32426,45105,57978,34294,65535,6845
1685507916,0,1,1,0,1334,3253,7940,11219,20473,65535,6837,32424,45101,57979,34294,65535,6846
1685507922,0,1,1,0,1334,3252,7937,11226,20473,65535,6834,32432,45108,57980,34294,65535,6842
1685507928,0,1,1,0,1334,3253,7940,11227,20477,65535,6834,32436,45116,57997,34287,65535,6846
1685507934,0,1,1,0,1334,3254,7941,11228,20473,65535,6834,32446,45116,57988,34288,65535,6840
1685507940,0,1,1,0,1334,3253,7942,11225,20471,65535,6834,32438,45095,57958,34286,65535,6844
1685507946,0,1,1,0,1334,3253,7939,11228,20471,65535,6834,32430,45103,57957,34298,65535,6841
1685507952,0,1,1,0,1334,3254,7942,11221,20479,65535,6828,32440,45096,57983,34296,65535,6840
1685507958,0,1,1,0,1334,3251,7940,11227,20467,65535,6830,32442,45132,57978,34299,65535,6836
1685507964,0,1,1,0,1334,3252,7940,11223,20480,65535,6826,32446,45126,57989,34305,65535,6840
1685507970,0,1,1,0,1334,3252,7939,11225,20471,65535,6828,32443,45125,57994,34285,65535,6838
1685507976,0,1,1,0,1334,3251,7943,11226,20469,65535,6824,32445,45126,57996,34305,65535,6836
1685507982,0,1,1,0,1334,3250,7939,11223,20475,65535,6822,32447,45135,58001,34301,65535,6834
1685507988,0,1,1,0,1334,3250,7935,11220,20473,65535,6826,32425,45122,58007,34302,65535,6834
1685507994,0,1,1,0,1334,3251,7937,11227,20480,65535,6828,32451,45115,58021,34291,65535,6835
1685508000,0,1,1,0,1334,3251,7934,11227,20476,65535,6824,32447,45143,58007,34300,65535,6829
1685508006,0,1,1,0,1334,3250,7939,11229,20482,65535,6822,32433,45132,58020,34290,65535,6834
1685508012,0,1,1,0,1334,3250,7940,11228,20470,65535,6826,32440,45139,58030,34295,65535,6832
1685508018,0,1,1,0,1334,3250,7939,11229,20481,65535,6822,32465,45154,58043,34320,65535,6834
1685508024,0,1,1,0,1334,3250,7936,11229,20473,65535,6824,32451,45145,58032,34316,65535,6832
1685508030,0,1,1,0,1334,3251,7940,11230,20488,65535,6824,32471,45162,58072,34303,65535,6828
1685508036,0,1,1,0,1334,3248,7937,11229,20474,65535,6822,32452,45158,58041,34318,65535,6831
1685508042,0,1,1,0,1334,3249,7938,11232,20481,65535,6820,32465,45155,58043,34300,65535,6828
1685508048,0,1,1,0,1334,3250,7939,11237,20485,65535,6821,32464,45143,58038,34319,65535,6830
1685508054,0,1,1,0,1334,3249,7937,11228,20483,65535,6820,32476,45174,58064,34330,65535,6828
1685508060,0,1,1,0,1334,3250,7936,11228,20476,65535,6818,32460,45177,58087,34310,65535,6828
1685508066,0,1,1,0,1334,3249,7937,11228,20484,65535,6818,32466,45178,58078,34299,65535,6824
1685508072,0,1,1,0,1334,3248,7939,11235,20478,65535,6818,32474,45178,58055,34314,65535,6826
1685508078,0,1,1,0,1334,3248,7938,11231,20477,65535,6812,32470,45180,58057,34308,65535,6824
1685508084,0,1,1,0,1334,3248,7934,11233,20489,65535,6821,32460,45167,58079,34313,65535,6824
1685508090,0,1,1,0,1334,3247,7937,11228,20491,65535,6814,32476,45177,58094,34320,65535,6822
1685508096,0,1,1,0,1334,3248,7939,11231,20485,65535,6816,32476,45191,58068,34326,65535,6819
1685508102,0,1,1,0,1334,3248,7938,11232,20484,65535,6816,32481,45182,58086,34329,65535,6826
1685508108,0,1,1,0,1334,3247,7935,11232,20478,65535,6815,32482,45187,58075,34325,65535,6823
1685508114,0,1,1,0,1334,3246,7940,11230,20480,65535,6814,32485,45196,58074,34342,65535,6822
1685508120,0,1,1,0,1334,3247,7935,11230,20479,65535,6814,32486,45194,58078,34323,65535,6824
1685508126,0,1,1,0,1334,3246,7937,11230,20481,65535,6810,32482,45190,58108,34324,65535,6820
1685508132,0,1,1,0,1334,3249,7940,11233,20491,65535,6812,32485,45200,58083,34339,65535,6820
1685508138,0,1,1,0,1334,3245,7937,11233,20493,65535,6814,32497,45218,58109,34347,65535,6822
1685508144,0,1,1,0,1334,3247,7938,11237,20479,65535,6814,32495,45213,58111,34344,65535,6818
1685508150,0,1,1,0,1334,3248,7941,11238,20485,65535,6814,32495,45222,58108,34346,65535,6818
1685508156,0,1,1,0,1334,3247,7938,11237,20493,65535,6810,32496,45217,58139,34329,65535,6818
1685508162,0,1,1,0,1334,3248,7939,11236,20483,65535,6812,32496,45210,58103,34327,65535,6820
1685508168,0,1,1,0,1334,3247,7938,11234,20491,65535,6806,32492,45221,58108,34342,65535,6816
1685508174,0,1,1,0,1334,3246,7935,11233,20486,65535,6808,32490,45196,58097,34341,65535,6816
1685508180,0,1,1,0,1334,3247,7938,11236,20495,65535,6808,32503,45226,58115,34351,65535,6818
1685508186,0,1,1,0,1334,3245,7932,11232,20479,65535,6808,32494,45211,58103,34350,65535,6816
1685508192,0,1,1,0,1334,3246,7936,11230,20477,65535,6804,32483,45187,58080,34331,65535,6812
1685508198,0,1,1,0,1334,3242,7933,11230,20479,65535,6804,32492,45197,58097,34337,65535,6811
1685508204,0,1,1,0,1334,3245,7929,11229,20475,65535,6806,32485,45227,58097,34323,65535,6812
1685508210,0,1,1,0,1334,3243,7933,11229,20484,65535,6805,32492,45223,58102,34338,65535,6812
1685508216,0,1,1,0,1335,3245,7931,11229,20474,65535,6804,32489,45211,58098,34316,65535,6812
1685508222,0,1,1,0,1334,3244,7932,11224,20481,65535,6804,32493,45219,58110,34337,65535,6808
1685508228,0,1,1,0,1335,3243,7933,11227,20481,65535,6804,32486,45199,58115,34330,65535,6808
1685508234,0,1,1,0,1335,3244,7935,11231,20490,65535,6798,32492,45222,58100,34327,65535,6812
1685508240,0,1,1,0,1335,3242,7931,11228,20470,65535,6802,32498,45224,58107,34343,65535,6810
1685508246,0,1,1,0,1335,3243,7929,11233,20472,65535,6801,32501,45227,58093,34338,65535,6806
1685508252,0,1,1,0,1335,3242,7932,11230,20487,65535,6802,32475,45213,58102,34335,65535,6812
1685508258,0,1,1,0,1334,3243,7931,11225,20479,65535,6800,32477,45214,58076,34316,65535,6806
1685508264,0,1,1,0,1335,3242,7935,11228,20484,65535,6802,32482,45218,58111,34341,65535,6810
1685508270,0,1,1,0,1334,3241,7931,11230,20485,65535,6796,32500,45230,58107,34343,65535,6810
1685508276,0,1,1,0,1335,3243,7934,11232,20484,65535,6800,32500,45239,58125,34346,65535,6810
1685508282,0,1,1,0,1335,3243,7931,11231,20485,65535,6802,32504,45236,58126,34344,65535,6810
1685508288,0,1,1,0,1335,3243,7934,11230,20491,65535,6800,32506,45238,58120,34336,65535,6810
1685508294,0,1,1,0,1335,3243,7933,11233,20494,65535,6802,32509,45241,58133,34355,65535,6810
1685508300,0,1,1,0,1335,3243,7932,11228,20491,65535,6798,32502,45224,58099,34342,65535,6810
1685508306,0,1,1,0,1334,3243,7930,11224,20483,65535,6800,32505,45233,58107,34350,65535,6804
1685508312,0,1,1,0,1335,3243,7931,11226,20487,65535,6798,32505,45245,58083,34333,65535,6806
1685508318,0,1,1,0,1335,3242,7934,11231,20495,65535,6798,32513,45249,58113,34341,65535,6808
1685508324,0,1,1,0,1335,3241,7931,11228,20491,65535,6798,32512,45237,58118,34338,65535,6804
1685508330,0,1,1,0,1335,3240,7931,11228,20476,65535,6798,32510,45252,58137,34346,65535,6807
1685508336,0,1,1,0,1335,3241,7934,11233,20493,65535,6800,32500,45245,58128,34353,65535,6802
1685508342,0,1,1,0,1335,3241,7931,11226,20478,65535,6798,32502,45244,58110,34353,65535,6802
1685508348,0,1,1,0,1335,3240,7933,11232,20492,65535,6798,32505,45248,58143,34355,65535,6804
1685508354,0,1,1,0,1335,3240,7931,11232,20486,65535,6796,32508,45249,58146,34350,65535,6802
1685508360,0,1,1,0,1335,3241,7930,11225,20486,65535,6791,32508,45241,58102,34332,65535,6804
1685508366,0,1,1,0,1335,3241,7929,11230,20490,65535,6796,32507,45246,58103,34334,65535,6804
1685508372,0,1,1,0,1335,3240,7933,11233,20494,65535,6796,32515,45264,58112,34346,65535,6804
1685508378,0,1,1,0,1335,3241,7933,11233,20483,65535,6796,32520,45256,58134,34357,65535,6806
1685508384,0,1,1,0,1335,3242,7932,11232,20490,65535,6792,32515,45249,58142,34362,65535,6802
1685508390,0,1,1,0,1335,3242,7931,11232,20480,65535,6790,32505,45236,58131,34332,65535,6802
1685508396,0,1,1,0,1335,3238,7928,11230,20478,65535,6796,32512,45239,58125,34340,65535,6800
1685508402,0,1,1,0,1335,3240,7930,11228,20490,65535,6796,32509,45244,58125,34352,65535,6804
1685508408,0,1,1,0,1335,3239,7931,11229,20478,65535,6794,32493,45259,58144,34333,65535,6796
1685508414,0,1,1,0,1335,3241,7930,11228,20490,65535,6794,32512,45233,58128,34335,65535,6802
1685508420,0,1,1,0,1335,3240,7934,11229,20483,65535,6794,32522,45276,58149,34362,65535,6804
1685508426,0,1,1,0,1335,3241,7932,11232,20480,65535,6794,32529,45263,58151,34365,65535,6802
1685508432,0,1,1,0,1335,3241,7932,11232,20485,65535,6792,32526,45271,58180,34372,65535,6804
1685508438,0,1,1,0,1335,3240,7929,11233,20483,65535,6796,32520,45262,58157,34370,65535,6806
1685508444,0,1,1,0,1335,3241,7932,11236,20485,65535,6794,32520,45268,58152,34370,65535,6800
1685508450,0,1,1,0,1335,3240,7933,11234,20490,65535,6796,32520,45271,58160,34368,65535,6798
1685508456,0,1,1,0,1335,3240,7931,11233,20495,65535,6796,32507,45272,58179,34368,65535,6804
1685508462,0,1,1,0,1335,3239,7932,11226,20483,65535,6796,32528,45280,58155,34355,65535,6798
1685508468,0,1,1,0,1335,3239,7933,11233,20486,65535,6794,32525,45274,58143,34362,65535,6804
1685508474,0,1,1,0,1335,3241,7934,11239,20486,65535,6794,32532,45281,58180,34354,65535,6802
1685508480,0,1,1,0,1335,3242,7930,11235,20495,65535,6792,32526,45294,58173,34381,65535,6802
1685508486,0,1,1,0,1335,3244,7931,11236,20488,65535,6796,32543,45299,58178,34377,65535,6800
1685508492,0,1,1,0,1335,3239,7933,11234,20488,65535,6796,32530,45289,58167,34362,65535,6796
1685508498,0,1,1,0,1335,3241,7932,11236,20493,65535,6792,32532,45287,58174,34371,65535,6800
1685508504,0,1,1,0,1335,3241,7933,11237,20500,65535,6792,32525,45296,58182,34370,65535,6806
1685508510,0,1,1,0,1335,3240,7935,11238,20496,65535,6796,32536,45300,58178,34378,65535,6804
1685508516,0,1,1,0,1335,3242,7936,11241,20502,65535,6796,32522,45299,58209,34380,65535,6804
1685508522,0,1,1,0,1335,3240,7935,11238,20501,65535,6792,32547,45299,58214,34367,65535,6806
1685508528,0,1,1,0,1335,3239,7936,11240,20492,65535,6796,32531,45315,58189,34393,65535,6806
1685508534,0,1,1,0,1335,3240,7934,11236,20491,65535,6794,32538,45299,58192,34393,65535,6804
1685508540,0,1,1,0,1335,3241,7935,11241,20505,65535,6790,32536,45295,58188,34369,65535,6800
1685508546,0,1,1,0,1335,3242,7934,11245,20504,65535,6794,32546,45306,58193,34377,65535,6802
1685508552,0,1,1,0,1335,3240,7936,11236,20490,65535,6792,32543,45295,58205,34369,65535,6798
1685508558,0,1,1,0,1335,3240,7931,11236,20500,65535,6794,32541,45308,58177,34364,65535,6800
1685508564,0,1,1,0,1335,3240,7934,11243,20490,65535,6790,32545,45301,58208,34383,65535,6801
1685508570,0,1,1,0,1335,3239,7933,11236,20496,65535,6790,32525,45308,58178,34387,65535,6802
1685508576,0,1,1,0,1335,3241,7936,11247,20502,65535,6790,32541,45307,58190,34370,65535,6803
1685508582,0,1,1,0,1335,3240,7934,11245,20502,65535,6796,32540,45297,58189,34361,65535,6804
1685508588,0,1,1,0,1335,3240,7935,11240,20497,65535,6794,32549,45318,58208,34396,65535,6802
1685508594,0,1,1,0,1335,3241,7938,11244,20496,65535,6792,32551,45321,58204,34375,65535,6800
1685508600,0,1,1,0,1335,3241,7936,11242,20495,65535,6792,32548,45314,58181,34386,65535,6798
1685508606,0,1,1,0,1335,3242,7937,11249,20513,65535,6796,32554,45314,58217,34399,65535,6800
1685508612,0,1,1,0,1335,3243,7936,11245,20511,65535,6796,32557,45320,58185,34394,65535,6797
1685508618,0,1,1,0,1335,3241,7937,11243,20495,65535,6796,32558,45334,58224,34397,65535,6805
1685508624,0,1,1,0,1335,3241,7941,11244,20503,65535,6794,32553,45344,58218,34397,65535,6800
1685508630,0,1,1,0,1335,3241,7936,11239,20506,65535,6791,32552,45332,58232,34396,65535,6806
1685508636,0,1,1,0,1335,3241,7938,11246,20498,65535,6792,32552,45316,58212,34390,65535,6800
1685508642,0,1,1,0,1335,3241,7938,11245,20504,65535,6790,32555,45320,58221,34391,65535,6796
1685508648,0,1,1,0,1335,3240,7934,11244,20505,65535,6794,32549,45320,58207,34376,65535,6796
1685508654,0,1,1,0,1335,3240,7934,11243,20493,65535,6790,32549,45336,58209,34391,65535,6797
1685508660,0,1,1,0,1335,3240,7933,11243,20496,65535,6790,32548,45323,58213,34382,65535,6798
1685508666,0,1,1,0,1335,3240,7937,11246,20498,65535,6796,32561,45312,58227,34399,65535,6800
1685508672,0,1,1,0,1335,3240,7935,11242,20497,65535,6795,32562,45332,58225,34387,65535,6797
1685508678,0,1,1,0,1335,3239,7934,11244,20504,65535,6791,32536,45324,58217,34391,65535,6800
1685508684,0,1,1,0,1335,3241,7932,11246,20493,65535,6790,32554,45336,58243,34381,65535,6804
1685508690,0,1,1,0,1335,3241,7933,11243,20497,65535,6794,32566,45336,58256,34408,65535,6804
1685508696,0,1,1,0,1335,3241,7934,11246,20496,65535,6790,32557,45331,58211,34383,65535,6798
1685508702,0,1,1,0,1335,3241,7941,11243,20508,65535,6794,32559,45336,58252,34387,65535,6800
1685508708,0,1,1,0,1335,3241,7938,11243,20499,65535,6790,32560,45357,58253,34395,65535,6800
1685508714,0,1,1,0,1335,3242,7939,11245,20499,65535,6792,32548,45354,58230,34389,65535,6802
1685508720,0,1,1,0,1335,3240,7934,11244,20501,65535,6788,32551,45321,58219,34372,65535,6800
1685508726,0,1,1,0,1335,3240,7935,11249,20494,65535,6792,32554,45326,58229,34397,65535,6800
1685508732,0,1,1,0,1335,3240,7932,11244,20508,65535,6794,32565,45344,58225,34402,65535,6798
1685508738,0,1,1,0,1335,3241,7936,11247,20505,65535,6792,32564,45335,58248,34393,65535,6802
1685508744,0,1,1,0,1335,3241,7938,11247,20512,65535,6790,32563,45337,58238,34400,65535,6800
1685508750,0,1,1,0,1335,3238,7936,11244,20502,65535,6790,32547,45319,58220,34393,65535,6798
1685508756,0,1,1,0,1335,3238,7935,11244,20497,65535,6788,32567,45338,58235,34402,65535,6802
1685508762,0,1,1,0,1335,3241,7937,11248,20500,65535,6796,32548,45341,58236,34392,65535,6798
1685508768,0,1,1,0,1335,3241,7934,11247,20502,65535,6794,32568,45342,58212,34396,65535,6803
1685508774,0,1,1,0,1335,3239,7939,11244,20499,65535,6792,32572,45354,58238,34405,65535,6802
1685508780,0,1,1,0,1335,3241,7939,11245,20511,65535,6792,32552,45325,58227,34386,65535,6796
1685508786,0,1,1,0,1335,3240,7937,11242,20515,65535,6790,32567,45352,58248,34412,65535,6796
1685508792,0,1,1,0,1335,3241,7940,11250,20514,65535,6790,32562,45355,58218,34405,65535,6800
1685508798,0,1,1,0,1335,3240,7936,11241,20508,65535,6788,32564,45346,58246,34422,65535,6796
1685508804,0,1,1,0,1335,3240,7936,11246,20510,65535,6790,32571,45344,58248,34413,65535,6796
1685508810,0,1,1,0,1335,3239,7938,11242,20502,65535,6790,32568,45353,58245,34396,65535,6796
1685508816,0,1,1,0,1335,3241,7938,11246,20503,65535,6788,32563,45353,58230,34404,65535,6796
1685508822,0,1,1,0,1335,3238,7935,11243,20498,65535,6786,32563,45337,58235,34391,65535,6796
1685508828,0,1,1,0,1335,3241,7937,11249,20517,65535,6789,32568,45359,58233,34393,65535,6802
1685508834,0,1,1,0,1335,3240,7935,11245,20511,65535,6792,32562,45339,58251,34387,65535,6800
1685508840,0,1,1,0,1335,3239,7933,11247,20508,65535,6792,32572,45348,58224,34393,65535,6800
1685508846,0,1,1,0,1335,3239,7935,11248,20497,65535,6792,32570,45348,58251,34392,65535,6800
1685508852,0,1,1,0,1335,3239,7936,11241,20494,65535,6788,32565,45336,58242,34399,65535,6794
1685508858,0,1,1,0,1335,3239,7939,11248,20514,65535,6788,32567,45361,58261,34393,65535,6798
1685508864,0,1,1,0,1335,3240,7939,11250,20500,65535,6790,32571,45357,58250,34410,65535,6800
1685508870,0,1,1,0,1335,3240,7934,11250,20515,65535,6792,32573,45355,58239,34405,65535,6796
1685508876,0,1,1,0,1335,3239,7936,11244,20499,65535,6792,32563,45336,58230,34405,65535,6799
1685508882,0,1,1,0,1335,3239,7933,11244,20506,65535,6790,32564,45339,58230,34390,65535,6798
1685508888,0,1,1,0,1335,3239,7932,11245,20495,65535,6792,32570,45339,58245,34407,65535,6800
1685508894,0,1,1,0,1335,3240,7935,11249,20500,65535,6788,32571,45349,58254,34394,65535,6796
1685508900,0,1,1,0,1335,3240,7936,11242,20502,65535,6792,32573,45353,58246,34395,65535,6800
1685508906,0,1,1,0,1335,3239,7937,11246,20502,65535,6790,32565,45345,58236,34410,65535,6795
1685508912,0,1,1,0,1335,3240,7935,11246,20500,65535,6794,32571,45358,58251,34393,65535,6796
1685508918,0,1,1,0,1335,3239,7935,11247,20501,65535,6788,32568,45360,58243,34417,65535,6798
1685508924,0,1,1,0,1335,3240,7939,11247,20515,65535,6786,32573,45355,58238,34393,65535,6796
1685508930,0,1,1,0,1335,3241,7937,11251,20517,65535,6792,32570,45353,58237,34412,65535,6796
1685508936,0,1,1,0,1335,3240,7937,11250,20501,65535,6786,32576,45370,58228,34393,65535,6794
1685508942,0,1,1,0,1335,3239,7934,11245,20500,65535,6788,32568,45356,58238,34393,65535,6794
1685508948,0,1,1,0,1335,3240,7939,11248,20499,65535,6788,32581,45356,58267,34419,65535,6798
1685508954,0,1,1,0,1335,3240,7935,11254,20515,65535,6793,32558,45345,58268,34414,65535,6800
1685508960,0,1,1,0,1335,3241,7943,11256,20520,65535,6790,32585,45388,58277,34406,65535,6802
1685508966,0,1,1,0,1335,3241,7939,11249,20521,65535,6792,32581,45367,58250,34405,65535,6794
1685508972,0,1,1,0,1335,3241,7940,11251,20515,65535,6788,32577,45368,58253,34416,65535,6800
1685508978,0,1,1,0,1340,3239,7939,11245,20508,65535,6792,32581,45370,58261,34402,65535,6802
1685508984,0,1,1,0,1340,3241,7943,11257,20519,65535,6792,32586,45385,58273,34425,65535,6804
1685508990,0,1,1,0,1340,3239,7940,11254,20509,65535,6794,32567,45362,58246,34407,65535,6795
1685508996,0,1,1,0,1340,3241,7938,11252,20504,65535,6792,32584,45372,58270,34424,65535,6796
1685509002,0,1,1,0,1340,3241,7938,11254,20503,65535,6790,32578,45370,58271,34418,65535,6802
1685509008,0,1,1,0,1340,3240,7936,11250,20509,65535,6791,32563,45360,58256,34415,65535,6800
1685509014,0,1,1,0,1335,3241,7936,11251,20505,65535,6788,32580,45349,58256,34396,65535,6798
1685509020,0,1,1,0,1340,3241,7939,11250,20513,65535,6792,32580,45363,58252,34402,65535,6800
1685509026,0,1,1,0,1340,3241,7940,11260,20506,65535,6788,32578,45376,58237,34409,65535,6800
1685509032,0,1,1,0,1340,3240,7938,11251,20510,65535,6790,32582,45376,58284,34425,65535,6798
1685509038,0,1,1,0,1340,3240,7937,11251,20517,65535,6786,32579,45373,58266,34398,65535,6796
1685509044,0,1,1,0,1340,3240,7937,11254,20507,65535,6789,32592,45393,58280,34440,65535,6799
1685509050,0,1,1,0,1340,3240,7939,11250,20509,65535,6788,32586,45381,58275,34409,65535,6802
1685509056,0,1,1,0,1340,3240,7940,11261,20506,65535,6794,32578,45362,58279,34412,65535,6796
1685509062,0,1,1,0,1340,3241,7944,11256,20515,65535,6793,32587,45378,58269,34415,65535,6802
1685509068,0,1,1,0,1340,3241,7941,11254,20512,65535,6792,32596,45387,58258,34438,65535,6800
1685509074,0,1,1,0,1340,3239,7934,11245,20506,65535,6790,32587,45362,58259,34430,65535,6800
1685509080,0,1,1,0,1340,3240,7938,11249,20516,65535,6788,32587,45383,58260,34415,65535,6800
1685509086,0,1,1,0,1340,3240,7938,11251,20512,65535,6791,32582,45374,58261,34403,65535,6798
1685509092,0,1,1,0,1340,3241,7937,11253,20513,65535,6794,32596,45387,58271,34417,65535,6796
1685509098,0,1,1,0,1340,3241,7939,11260,20510,65535,6794,32584,45381,58278,34411,65535,6802
1685509104,0,1,1,0,1340,3241,7941,11255,20521,65535,6792,32594,45406,58261,34425,65535,6802
1685509110,0,1,1,0,1340,3239,7940,11252,20517,65535,6792,32585,45376,58282,34429,65535,6800
1685509116,0,1,1,0,1340,3239,7940,11255,20505,65535,6792,32578,45392,58295,34438,65535,6800
1685509122,0,1,1,0,1340,3240,7938,11252,20506,65535,6788,32568,45373,58267,34400,65535,6800
1685509128,0,1,1,0,1340,3239,7938,11256,20515,65535,6788,32572,45390,58263,34412,65535,6800
1685509134,0,1,1,0,1340,3241,7937,11253,20506,65535,6788,32586,45379,58275,34431,65535,6798
1685509140,0,1,1,0,1340,3241,7941,11253,20513,65535,6790,32572,45355,58264,34424,65535,6797
1685509146,0,1,1,0,1340,3241,7936,11248,20516,65535,6792,32576,45373,58254,34431,65535,6797
1685509152,0,1,1,0,1340,3238,7941,11251,20506,65535,6788,32592,45397,58243,34430,65535,6796
1685509158,0,1,1,0,1340,3240,7940,11254,20520,65535,6792,32587,45358,58264,34406,65535,6798
1685509164,0,1,1,0,1340,3240,7940,11254,20510,65535,6788,32589,45385,58244,34429,65535,6798
1685509170,0,1,1,0,1340,3238,7934,11254,20519,65535,6790,32595,45383,58275,34431,65535,6800
1685509176,0,1,1,0,1340,3241,7941,11249,20522,65535,6794,32578,45390,58285,34435,65535,6796
1685509182,0,1,1,0,1340,3240,7940,11256,20531,65535,6792,32588,45392,58256,34429,65535,6798
1685509188,0,1,1,0,1340,3241,7940,11254,20522,65535,6792,32591,45398,58286,34433,65535,6800
1685509194,0,1,1,0,1340,3241,7938,11256,20523,65535,6788,32598,45399,58289,34439,65535,6796
