Timestamp,Amber,White,On,Override,Intensity,AS00,AS01,AS02,AS03,AS04,AS05,AS06,AS07,AS08,AS09,AS10,AS11
1685509200,0,1,1,0,1340,3242,7944,11260,20521,65535,6790,32586,45389,58255,34418,65535,6800
1685509206,0,1,1,0,1340,3242,7942,11258,20525,65535,6792,32571,45388,58288,34430,65535,6802
1685509212,0,1,1,0,1340,3240,7944,11252,20527,65535,6794,32588,45388,58303,34425,65535,6804
1685509218,0,1,1,0,1340,3242,7942,11255,20525,65535,6794,32578,45394,58285,34412,65535,6802
1685509224,0,1,1,0,1340,3240,7941,11255,20523,65535,6794,32600,45405,58294,34439,65535,6798
1685509230,0,1,1,0,1340,3241,7942,11258,20513,65535,6794,32595,45395,58286,34438,65535,6800
1685509236,0,1,1,0,1340,3241,7938,11256,20522,65535,6794,32602,45412,58321,34438,65535,6802
1685509242,0,1,1,0,1340,3241,7937,11256,20522,65535,6794,32599,45391,58293,34425,65535,6800
1685509248,0,1,1,0,1340,3239,7943,11256,20521,65535,6792,32582,45382,58290,34429,65535,6796
1685509254,0,1,1,0,1340,3242,7944,11252,20516,65535,6796,32601,45390,58289,34422,65535,6802
1685509260,0,1,1,0,1340,3240,7944,11256,20516,65535,6790,32601,45414,58302,34428,65535,6802
1685509266,0,1,1,0,1340,3242,7945,11259,20517,65535,6794,32601,45402,58296,34444,65535,6802
1685509272,0,1,1,0,1340,3241,7943,11258,20516,65535,6792,32603,45414,58318,34424,65535,6802
1685509278,0,1,1,0,1340,3241,7942,11259,20515,65535,6792,32603,45381,58295,34441,65535,6801
1685509284,0,1,1,0,1340,3239,7936,11256,20520,65535,6793,32597,45390,58275,34431,65535,6800
1685509290,0,1,1,0,1340,3242,7943,11254,20522,65535,6790,32598,45400,58275,34429,65535,6802
1685509296,0,1,1,0,1340,3240,7945,11255,20524,65535,6792,32588,45410,58312,34442,65535,6802
1685509302,0,1,1,0,1340,3242,7942,11258,20508,65535,6796,32608,45415,58295,34438,65535,6802
1685509308,0,1,1,0,1340,3241,7943,11262,20523,65535,6794,32609,45413,58291,34439,65535,6798
1685509314,0,1,1,0,1340,3241,7941,11258,20521,65535,6793,32599,45400,58298,34432,65535,6796
1685509320,0,1,1,0,1340,3242,7944,11258,20513,65535,6796,32595,45419,58308,34447,65535,6798
1685509326,0,1,1,0,1340,3241,7939,11259,20515,65535,6790,32605,45407,58289,34441,65535,6802
1685509332,0,1,1,0,1340,3239,7941,11257,20526,65535,6794,32602,45406,58282,34444,65535,6798
1685509338,0,1,1,0,1340,3243,7942,11259,20533,65535,6794,32593,45424,58323,34426,65535,6804
1685509344,0,1,1,0,1340,3239,7944,11258,20523,65535,6792,32601,45388,58289,34435,65535,6804
1685509350,0,1,1,0,1340,3241,7944,11257,20508,65535,6790,32600,45401,58285,34417,65535,6796
1685509356,0,1,1,0,1340,3242,7942,11258,20519,65535,6794,32587,45415,58284,34435,65535,6795
1685509362,0,1,1,0,1340,3241,7940,11265,20514,65535,6794,32585,45419,58287,34440,65535,6800
1685509368,0,1,1,0,1340,3241,7944,11260,20522,65535,6788,32584,45389,58285,34436,65535,6798
1685509374,0,1,1,0,1340,3239,7942,11248,20518,65535,6790,32583,45406,58286,34437,65535,6802
1685509380,0,1,1,0,1340,3240,7938,11259,20520,65535,6788,32598,45387,58286,34433,65535,6798
1685509386,0,1,1,0,1340,3241,7944,11256,20522,65535,6792,32606,45393,58278,34438,65535,6800
1685509392,0,1,1,0,1340,3240,7941,11253,20517,65535,6792,32603,45407,58281,34436,65535,6802
1685509398,0,1,1,0,1340,3240,7939,11259,20510,65535,6794,32602,45399,58295,34430,65535,6800
1685509404,0,1,1,0,1340,3241,7941,11254,20515,65535,6790,32591,45393,58268,34428,65535,6796
1685509410,0,1,1,0,1340,3241,7942,11257,20520,65535,6792,32600,45400,58290,34433,65535,6800
1685509416,0,1,1,0,1340,3241,7941,11258,20523,65535,6792,32588,45400,58290,34436,65535,6798
1685509422,0,1,1,0,1340,3241,7941,11256,20525,65535,6792,32598,45413,58285,34417,65535,6796
1685509428,0,1,1,0,1340,3241,7937,11256,20519,65535,6792,32591,45396,58275,34409,65535,6800
1685509434,0,1,1,0,1340,3237,7938,11255,20517,65535,6786,32581,45400,58289,34417,65535,6802
1685509440,0,1,1,0,1340,3239,7938,11255,20518,65535,6792,32590,45398,58275,34426,65535,6798
1685509446,0,1,1,0,1340,3240,7942,11257,20521,65535,6786,32592,45396,58274,34430,65535,6794
1685509452,0,1,1,0,1340,3241,7941,11253,20518,65535,6790,32592,45394,58243,34425,65535,6800
1685509458,0,1,1,0,1340,3241,7942,11256,20527,65535,6792,32604,45409,58298,34431,65535,6800
1685509464,0,1,1,0,1340,3241,7944,11256,20507,65535,6792,32606,45414,58327,34429,65535,6800
1685509470,0,1,1,0,1340,3241,7943,11258,20519,65535,6790,32601,45418,58293,34430,65535,6796
1685509476,0,1,1,0,1340,3240,7941,11256,20519,65535,6788,32606,45405,58290,34432,65535,6798
1685509482,0,1,1,0,1340,3241,7942,11255,20521,65535,6792,32603,45399,58313,34431,65535,6798
1685509488,0,1,1,0,1340,3240,7941,11255,20522,65535,6792,32600,45401,58290,34431,65535,6796
1685509494,0,1,1,0,1340,3240,7946,11261,20518,65535,6794,32609,45391,58294,34441,65535,6802
1685509500,0,1,1,0,1340,3240,7939,11254,20509,65535,6788,32601,45396,58274,34429,65535,6800
1685509506,0,1,1,0,1340,3241,7943,11258,20524,65535,6793,32601,45409,58298,34414,65535,6796
1685509512,0,1,1,0,1340,3240,7940,11254,20523,65535,6788,32595,45404,58279,34427,65535,6794
1685509518,0,1,1,0,1340,3240,7937,11257,20509,65535,6788,32596,45402,58269,34426,65535,6794
1685509524,0,1,1,0,1340,3241,7940,11250,20508,65535,6786,32575,45399,58270,34423,65535,6794
1685509530,0,1,1,0,1340,3240,7940,11249,20515,65535,6792,32594,45370,58259,34399,65535,6794
1685509536,0,1,1,0,1340,3238,7941,11254,20518,65535,6786,32592,45389,58273,34420,65535,6796
1685509542,0,1,1,0,1340,3237,7939,11251,20515,65535,6789,32586,45390,58270,34421,65535,6794
1685509548,0,1,1,0,1340,3238,7940,11258,20521,65535,6790,32600,45379,58284,34429,65535,6794
1685509554,0,1,1,0,1340,3239,7941,11253,20506,65535,6788,32590,45387,58280,34401,65535,6794
1685509560,0,1,1,0,1340,3239,7938,11254,20509,65535,6788,32590,45393,58287,34428,65535,6796
1685509566,0,1,1,0,1340,3241,7940,11259,20522,65535,6790,32593,45374,58273,34422,65535,6792
1685509572,0,1,1,0,1340,3242,7943,11260,20523,65535,6788,32608,45413,58311,34441,65535,6796
1685509578,0,1,1,0,1340,3240,7940,11255,20508,65535,6788,32594,45394,58257,34420,65535,6796
1685509584,0,1,1,0,1340,3238,7941,11258,20520,65535,6786,32598,45398,58296,34410,65535,6798
1685509590,0,1,1,0,1340,3239,7939,11251,20504,65535,6788,32584,45380,58281,34431,65535,6796
1685509596,0,1,1,0,1340,3239,7941,11259,20516,65535,6792,32602,45421,58297,34433,65535,6796
1685509602,0,1,1,0,1340,3239,7938,11254,20504,65535,6788,32604,45398,58296,34432,65535,6798
1685509608,0,1,1,0,1340,3240,7941,11257,20526,65535,6788,32587,45408,58293,34430,65535,6798
1685509614,0,1,1,0,1340,3238,7938,11252,20519,65535,6786,32580,45391,58252,34409,65535,6796
1685509620,0,1,1,0,1340,3240,7942,11255,20523,65535,6790,32586,45400,58303,34427,65535,6796
1685509626,0,1,1,0,1340,3237,7939,11259,20516,65535,6786,32597,45402,58303,34419,65535,6795
1685509632,0,1,1,0,1340,3240,7937,11253,20520,65535,6784,32596,45389,58314,34434,65535,6798
1685509638,0,1,1,0,1340,3241,7942,11257,20512,65535,6788,32604,45404,58302,34432,65535,6800
1685509644,0,1,1,0,1340,3240,7937,11254,20520,65535,6790,32590,45398,58284,34425,65535,6796
1685509650,0,1,1,0,1340,3240,7941,11255,20515,65535,6786,32590,45394,58292,34420,65535,6800
1685509656,0,1,1,0,1340,3239,7935,11246,20507,65535,6790,32579,45403,58289,34420,65535,6796
1685509662,0,1,1,0,1340,3240,7941,11256,20518,65535,6786,32594,45384,58257,34423,65535,6798
1685509668,0,1,1,0,1340,3240,7936,11255,20519,65535,6786,32588,45382,58279,34423,65535,6796
1685509674,0,1,1,0,1340,3238,7938,11250,20513,65535,6788,32590,45385,58275,34416,65535,6794
1685509680,0,1,1,0,1340,3237,7939,11257,20514,65535,6786,32579,45390,58281,34424,65535,6800
1685509686,0,1,1,0,1340,3239,7939,11251,20525,65535,6786,32591,45389,58299,34420,65535,6794
1685509692,0,1,1,0,1340,3239,7939,11255,20520,65535,6786,32568,45389,58272,34403,65535,6796
1685509698,0,1,1,0,1340,3239,7939,11251,20504,65535,6790,32589,45385,58280,34419,65535,6792
1685509704,0,1,1,0,1340,3239,7937,11250,20501,65535,6786,32584,45378,58234,34409,65535,6794
1685509710,0,1,1,0,1340,3238,7934,11251,20501,65535,6786,32586,45370,58270,34400,65535,6792
1685509716,0,1,1,0,1340,3239,7937,11252,20512,65535,6786,32593,45394,58278,34419,65535,6796
1685509722,0,1,1,0,1340,3240,7939,11255,20519,65535,6790,32595,45408,58247,34424,65535,6797
1685509728,0,1,1,0,1340,3240,7942,11254,20520,65535,6788,32596,45387,58283,34429,65535,6796
1685509734,0,1,1,0,1340,3240,7943,11255,20523,65535,6788,32583,45393,58283,34422,65535,6794
1685509740,0,1,1,0,1340,3239,7937,11251,20506,65535,6786,32596,45385,58281,34427,65535,6792
1685509746,0,1,1,0,1340,3240,7941,11256,20514,65535,6785,32603,45373,58249,34420,65535,6796
1685509752,0,1,1,0,1340,3238,7938,11255,20509,65535,6790,32588,45400,58253,34405,65535,6798
1685509758,0,1,1,0,1340,3240,7938,11254,20520,65535,6790,32598,45388,58278,34426,65535,6798
1685509764,0,1,1,0,1340,3239,7941,11258,20515,65535,6792,32601,45397,58270,34431,65535,6800
1685509770,0,1,1,0,1340,3240,7943,11258,20522,65535,6788,32600,45407,58290,34432,65535,6794
1685509776,0,1,1,0,1340,3239,7945,11260,20527,65535,6790,32602,45391,58294,34429,65535,6798
1685509782,0,1,1,0,1340,3240,7943,11254,20524,65535,6788,32588,45409,58304,34429,65535,6796
1685509788,0,1,1,0,1340,3239,7941,11259,20510,65535,6786,32589,45394,58266,34427,65535,6798
1685509794,0,1,1,0,1340,3241,7939,11255,20512,65535,6786,32587,45397,58313,34416,65535,6800
1685509800,0,1,1,0,1340,3238,7935,11256,20521,65535,6786,32594,45384,58288,34427,65535,6793
1685509806,0,1,1,0,1340,3240,7936,11254,20509,65535,6786,32584,45387,58291,34431,65535,6798
1685509812,0,1,1,0,1340,3240,7935,11252,20512,65535,6790,32603,45389,58285,34437,65535,6800
1685509818,0,1,1,0,1340,3241,7941,11257,20526,65535,6786,32600,45396,58296,34430,65535,6800
1685509824,0,1,1,0,1340,3239,7939,11249,20520,65535,6794,32597,45379,58287,34430,65535,6794
1685509830,0,1,1,0,1340,3239,7938,11255,20521,65535,6788,32597,45409,58287,34431,65535,6800
1685509836,0,1,1,0,1340,3240,7945,11260,20530,65535,6788,32599,45388,58301,34436,65535,6796
1685509842,0,1,1,0,1340,3241,7938,11258,20525,65535,6788,32580,45403,58283,34432,65535,6802
1685509848,0,1,1,0,1340,3241,7945,11263,20518,65535,6788,32604,45419,58295,34440,65535,6796
1685509854,0,1,1,0,1340,3239,7937,11251,20521,65535,6788,32596,45411,58278,34431,65535,6796
1685509860,0,1,1,0,1340,3241,7940,11257,20517,65535,6790,32605,45394,58327,34441,65535,6798
1685509866,0,1,1,0,1340,3238,7936,11253,20509,65535,6788,32608,45387,58284,34431,65535,6800
1685509872,0,1,1,0,1340,3240,7941,11256,20521,65535,6786,32586,45410,58295,34417,65535,6800
1685509878,0,1,1,0,1340,3241,7938,11259,20527,65535,6786,32609,45414,58295,34435,65535,6800
1685509884,0,1,1,0,1340,3240,7941,11257,20523,65535,6791,32599,45401,58290,34417,65535,6796
1685509890,0,1,1,0,1340,3241,7942,11263,20523,65535,6789,32602,45387,58302,34435,65535,6796
1685509896,0,1,1,0,1340,3240,7941,11255,20525,65535,6791,32604,45407,58285,34420,65535,6800
1685509902,0,1,1,0,1340,3241,7939,11257,20525,65535,6790,32583,45385,58284,34429,65535,6798
1685509908,0,1,1,0,1340,3240,7940,11258,20516,65535,6788,32600,45394,58330,34430,65535,6796
1685509914,0,1,1,0,1340,3239,7937,11251,20521,65535,6791,32601,45387,58303,34435,65535,6800
1685509920,0,1,1,0,1340,3238,7942,11257,20519,65535,6786,32601,45388,58299,34434,65535,6794
1685509926,0,1,1,0,1340,3241,7942,11258,20522,65535,6786,32599,45377,58321,34430,65535,6798
1685509932,0,1,1,0,1340,3238,7939,11257,20527,65535,6788,32602,45392,58298,34422,65535,6800
1685509938,0,1,1,0,1340,3240,7941,11258,20524,65535,6786,32596,45389,58287,34428,65535,6796
1685509944,0,1,1,0,1340,3241,7937,11254,20521,65535,6790,32575,45376,58244,34418,65535,6794
1685509950,0,1,1,0,1340,3240,7939,11256,20521,65535,6790,32593,45382,58286,34425,65535,6797
1685509956,0,1,1,0,1340,3240,7941,11256,20523,65535,6786,32580,45373,58250,34421,65535,6794
1685509962,0,1,1,0,1340,3239,7936,11247,20516,65535,6786,32577,45404,58279,34425,65535,6796
1685509968,0,1,1,0,1340,3238,7941,11255,20517,65535,6788,32598,45398,58291,34423,65535,6794
1685509974,0,1,1,0,1340,3240,7942,11256,20521,65535,6790,32605,45412,58291,34430,65535,6799
1685509980,0,1,1,0,1340,3238,7939,11248,20512,65535,6786,32609,45399,58297,34422,65535,6796
1685509986,0,1,1,0,1340,3238,7938,11258,20508,65535,6784,32597,45392,58288,34407,65535,6800
1685509992,0,1,1,0,1340,3238,7936,11255,20511,65535,6786,32602,45416,58301,34418,65535,6794
1685509998,0,1,1,0,1340,3241,7939,11259,20523,65535,6792,32608,45415,58304,34427,65535,6796
1685510004,0,1,1,0,1340,3241,7939,11249,20525,65535,6790,32587,45387,58309,34436,65535,6798
1685510010,0,1,1,0,1340,3241,7942,11259,20528,65535,6788,32610,45415,58302,34435,65535,6800
1685510016,0,1,1,0,1340,3239,7942,11258,20511,65535,6790,32601,45391,58297,34430,65535,6794
1685510022,0,1,1,0,1340,3239,7937,11252,20517,65535,6788,32599,45404,58302,34430,65535,6794
1685510028,0,1,1,0,1340,3241,7938,11257,20526,65535,6790,32599,45401,58289,34426,65535,6796
1685510034,0,1,1,0,1340,3239,7943,11256,20522,65535,6790,32595,45408,58282,34411,65535,6798
1685510040,0,1,1,0,1340,3241,7942,11258,20523,65535,6786,32600,45402,58293,34412,65535,6794
1685510046,0,1,1,0,1340,3240,7938,11257,20514,65535,6790,32599,45421,58294,34415,65535,6798
1685510052,0,1,1,0,1340,3240,7942,11261,20524,65535,6790,32592,45410,58332,34431,65535,6796
1685510058,0,1,1,0,1340,3241,7941,11263,20524,65535,6790,32597,45419,58306,34436,65535,6798
1685510064,0,1,1,0,1340,3240,7943,11254,20526,65535,6794,32598,45414,58303,34446,65535,6798
1685510070,0,1,1,0,1340,3242,7943,11261,20526,65535,6794,32597,45420,58305,34422,65535,6796
1685510076,0,1,1,0,1340,3242,7942,11259,20514,65535,6790,32607,45391,58286,34434,65535,6798
1685510082,0,1,1,0,1340,3240,7940,11257,20513,65535,6792,32600,45388,58260,34426,65535,6796
1685510088,0,1,1,0,1340,3240,7941,11261,20523,65535,6790,32602,45418,58304,34424,65535,6798
1685510094,0,1,1,0,1340,3241,7943,11257,20515,65535,6790,32606,45415,58285,34438,65535,6798
1685510100,0,1,1,0,1340,3239,7938,11253,20507,65535,6788,32598,45377,58293,34410,65535,6798
1685510106,0,1,1,0,1340,3240,7941,11251,20513,65535,6784,32588,45399,58273,34424,65535,6792
1685510112,0,1,1,0,1340,3240,7936,11248,20508,65535,6786,32570,45377,58279,34421,65535,6796
1685510118,0,1,1,0,1340,3238,7936,11251,20519,65535,6785,32590,45399,58256,34406,65535,6796
1685510124,0,1,1,0,1340,3238,7937,11249,20507,65535,6786,32585,45384,58275,34420,65535,6797
1685510130,0,1,1,0,1340,3239,7938,11244,20509,65535,6782,32590,45396,58274,34416,65535,6796
1685510136,0,1,1,0,1340,3237,7938,11250,20508,65535,6783,32586,45383,58229,34413,65535,6794
1685510142,0,1,1,0,1340,3238,7937,11254,20518,65535,6786,32576,45383,58285,34414,65535,6792
1685510148,0,1,1,0,1340,3238,7937,11252,20510,65535,6782,32568,45377,58227,34398,65535,6796
1685510154,0,1,1,0,1340,3237,7938,11245,20509,65535,6788,32576,45399,58272,34402,65535,6794
1685510160,0,1,1,0,1340,3239,7933,11252,20519,65535,6784,32583,45370,58274,34425,65535,6791
1685510166,0,1,1,0,1340,3237,7935,11243,20519,65535,6788,32589,45368,58244,34417,65535,6794
1685510172,0,1,1,0,1340,3238,7937,11253,20514,65535,6786,32598,45371,58286,34416,65535,6796
1685510178,0,1,1,0,1340,3240,7940,11255,20513,65535,6788,32581,45391,58252,34402,65535,6794
1685510184,0,1,1,0,1340,3239,7938,11246,20507,65535,6788,32586,45384,58264,34397,65535,6790
1685510190,0,1,1,0,1340,3237,7936,11244,20515,65535,6786,32591,45363,58263,34412,65535,6798
1685510196,0,1,1,0,1340,3239,7940,11248,20513,65535,6785,32584,45401,58260,34415,65535,6796
1685510202,0,1,1,0,1340,3236,7934,11252,20512,65535,6784,32596,45387,58249,34411,65535,6798
1685510208,0,1,1,0,1340,3236,7936,11249,20509,65535,6784,32596,45397,58292,34407,65535,6796
1685510214,0,1,1,0,1340,3239,7936,11251,20514,65535,6784,32578,45397,58293,34403,65535,6792
1685510220,0,1,1,0,1340,3238,7939,11246,20512,65535,6788,32579,45393,58249,34420,65535,6796
1685510226,0,1,1,0,1340,3240,7940,11249,20512,65535,6785,32577,45389,58284,34401,65535,6792
1685510232,0,1,1,0,1340,3239,7940,11254,20526,65535,6784,32599,45401,58300,34428,65535,6798
1685510238,0,1,1,0,1340,3240,7936,11254,20516,65535,6790,32600,45380,58277,34411,65535,6798
1685510244,0,1,1,0,1340,3239,7936,11252,20521,65535,6786,32607,45379,58270,34426,65535,6798
1685510250,0,1,1,0,1340,3240,7939,11252,20522,65535,6786,32599,45369,58279,34416,65535,6796
1685510256,0,1,1,0,1340,3236,7936,11250,20509,65535,6786,32592,45386,58274,34417,65535,6792
1685510262,0,1,1,0,1340,3238,7936,11242,20508,65535,6786,32583,45363,58265,34395,65535,6794
1685510268,0,1,1,0,1340,3239,7940,11243,20516,65535,6781,32591,45404,58269,34409,65535,6792
1685510274,0,1,1,0,1340,3240,7941,11250,20510,65535,6784,32600,45392,58277,34400,65535,6796
1685510280,0,1,1,0,1340,3239,7939,11252,20521,65535,6790,32579,45395,58280,34418,65535,6792
1685510286,0,1,1,0,1340,3238,7937,11249,20525,65535,6788,32589,45380,58295,34427,65535,6792
1685510292,0,1,1,0,1340,3239,7939,11249,20508,65535,6788,32591,45362,58255,34414,65535,6792
1685510298,0,1,1,0,1340,3239,7938,11250,20511,65535,6788,32581,45393,58276,34421,65535,6794
1685510304,0,1,1,0,1340,3238,7937,11248,20513,65535,6788,32589,45387,58264,34412,65535,6796
1685510310,0,1,1,0,1340,3238,7938,11245,20506,65535,6784,32583,45384,58253,34386,65535,6792
1685510316,0,1,1,0,1340,3235,7937,11246,20511,65535,6780,32569,45366,58272,34408,65535,6790
1685510322,0,1,1,0,1340,3236,7932,11245,20514,65535,6782,32570,45368,58248,34384,65535,6788
1685510328,0,1,1,0,1340,3236,7934,11241,20513,65535,6782,32588,45375,58240,34390,65535,6792
1685510334,0,1,1,0,1340,3236,7935,11243,20505,65535,6784,32584,45362,58232,34388,65535,6788
1685510340,0,1,1,0,1340,3238,7936,11242,20506,65535,6782,32588,45360,58275,34407,65535,6794
1685510346,0,1,1,0,1340,3236,7935,11246,20517,65535,6786,32590,45371,58261,34392,65535,6794
1685510352,0,1,1,0,1340,3235,7933,11244,20499,65535,6782,32585,45367,58251,34405,65535,6794
1685510358,0,1,1,0,1340,3236,7935,11247,20504,65535,6784,32574,45356,58247,34400,65535,6792
1685510364,0,1,1,0,1340,3237,7933,11245,20514,65535,6784,32583,45362,58254,34388,65535,6792
1685510370,0,1,1,0,1340,3236,7933,11241,20506,65535,6780,32589,45356,58251,34408,65535,6794
1685510376,0,1,1,0,1340,3234,7929,11240,20509,65535,6778,32571,45348,58265,34410,65535,6792
1685510382,0,1,1,0,1340,3237,7931,11246,20500,65535,6784,32555,45344,58230,34404,65535,6790
1685510388,0,1,1,0,1340,3235,7935,11247,20502,65535,6782,32588,45376,58256,34405,65535,6790
1685510394,0,1,1,0,1340,3236,7930,11243,20499,65535,6784,32587,45378,58243,34391,65535,6792
1685510400,0,1,1,0,1340,3238,7934,11242,20512,65535,6784,32586,45353,58250,34404,65535,6794
1685510406,0,1,1,0,1340,3238,7935,11245,20502,65535,6786,32599,45380,58265,34409,65535,6796
1685510412,0,1,1,0,1340,3238,7934,11244,20520,65535,6786,32583,45362,58270,34418,65535,6792
1685510418,0,1,1,0,1340,3237,7936,11244,20518,65535,6786,32572,45358,58255,34419,65535,6791
1685510424,0,1,1,0,1340,3238,7937,11244,20516,65535,6782,32582,45382,58277,34407,65535,6790
1685510430,0,1,1,0,1340,3235,7938,11244,20508,65535,6784,32584,45374,58248,34409,65535,6790
1685510436,0,1,1,0,1340,3239,7935,11249,20515,65535,6785,32587,45375,58275,34411,65535,6792
1685510442,0,1,1,0,1340,3237,7937,11251,20519,65535,6784,32590,45395,58306,34427,65535,6792
1685510448,0,1,1,0,1340,3237,7937,11244,20519,65535,6786,32579,45385,58257,34412,65535,6796
1685510454,0,1,1,0,1340,3239,7934,11242,20514,65535,6784,32589,45365,58242,34390,65535,6794
1685510460,0,1,1,0,1340,3237,7934,11240,20500,65535,6784,32590,45384,58275,34409,65535,6788
1685510466,0,1,1,0,1335,3237,7929,11242,20498,65535,6784,32580,45348,58248,34382,65535,6792
1685510472,0,1,1,0,1335,3236,7934,11247,20517,65535,6782,32569,45355,58253,34387,65535,6794
1685510478,0,1,1,0,1335,3238,7936,11246,20519,65535,6780,32586,45378,58246,34403,65535,6788
1685510484,0,1,1,0,1335,3236,7936,11245,20514,65535,6782,32575,45347,58253,34405,65535,6790
1685510490,0,1,1,0,1340,3237,7936,11243,20515,65535,6784,32582,45365,58274,34386,65535,6788
1685510496,0,1,1,0,1340,3236,7935,11242,20506,65535,6782,32559,45363,58239,34378,65535,6788
1685510502,0,1,1,0,1335,3235,7935,11243,20506,65535,6782,32566,45359,58242,34403,65535,6794
1685510508,0,1,1,0,1340,3238,7938,11245,20511,65535,6782,32589,45353,58241,34399,65535,6792
1685510514,0,1,1,0,1340,3235,7932,11240,20508,65535,6784,32564,45360,58237,34403,65535,6788
1685510520,0,1,1,0,1340,3235,7935,11244,20506,65535,6782,32565,45367,58238,34387,65535,6790
1685510526,0,1,1,0,1340,3237,7933,11247,20514,65535,6786,32571,45352,58266,34391,65535,6792
1685510532,0,1,1,0,1340,3238,7937,11253,20516,65535,6780,32593,45358,58259,34419,65535,6792
1685510538,0,1,1,0,1335,3238,7934,11243,20507,65535,6786,32568,45365,58248,34391,65535,6788
1685510544,0,1,1,0,1340,3235,7933,11243,20508,65535,6780,32564,45364,58237,34385,65535,6790
1685510550,0,1,1,0,1335,3234,7930,11246,20509,65535,6778,32585,45338,58226,34404,65535,6788
1685510556,0,1,1,0,1335,3237,7928,11241,20503,65535,6782,32581,45369,58276,34384,65535,6790
1685510562,0,1,1,0,1335,3233,7930,11237,20495,65535,6778,32579,45357,58238,34397,65535,6786
1685510568,0,1,1,0,1335,3234,7931,11235,20500,65535,6782,32559,45362,58232,34399,65535,6791
1685510574,0,1,1,0,1335,3234,7934,11235,20509,65535,6782,32551,45322,58209,34367,65535,6790
1685510580,0,1,1,0,1335,3233,7929,11238,20514,65535,6778,32559,45341,58229,34394,65535,6784
1685510586,0,1,1,0,1335,3234,7933,11239,20510,65535,6774,32575,45336,58244,34376,65535,6788
1685510592,0,1,1,0,1335,3236,7932,11240,20514,65535,6782,32578,45360,58257,34404,65535,6792
1685510598,0,1,1,0,1335,3236,7930,11242,20508,65535,6778,32578,45343,58244,34401,65535,6788
1685510604,0,1,1,0,1335,3235,7931,11239,20516,65535,6782,32579,45344,58232,34382,65535,6794
1685510610,0,1,1,0,1335,3233,7935,11240,20511,65535,6784,32569,45333,58235,34380,65535,6788
1685510616,0,1,1,0,1335,3234,7928,11237,20500,65535,6780,32571,45338,58224,34391,65535,6790
1685510622,0,1,1,0,1335,3235,7933,11242,20517,65535,6782,32566,45353,58264,34402,65535,6788
1685510628,0,1,1,0,1335,3234,7934,11244,20502,65535,6774,32569,45338,58225,34374,65535,6786
1685510634,0,1,1,0,1335,3234,7928,11243,20501,65535,6780,32562,45319,58218,34368,65535,6784
1685510640,0,1,1,0,1335,3235,7934,11236,20500,65535,6782,32570,45353,58261,34390,65535,6786
1685510646,0,1,1,0,1335,3233,7931,11237,20498,65535,6778,32569,45321,58255,34382,65535,6784
1685510652,0,1,1,0,1335,3232,7931,11235,20498,65535,6776,32562,45329,58236,34389,65535,6790
1685510658,0,1,1,0,1335,3233,7926,11234,20502,65535,6778,32560,45336,58212,34360,65535,6786
1685510664,0,1,1,0,1335,3234,7930,11231,20508,65535,6780,32562,45318,58232,34387,65535,6786
1685510670,0,1,1,0,1335,3233,7925,11232,20490,65535,6778,32552,45318,58216,34360,65535,6784
1685510676,0,1,1,0,1335,3232,7926,11230,20493,65535,6775,32546,45336,58229,34385,65535,6788
1685510682,0,1,1,0,1335,3235,7926,11235,20509,65535,6776,32564,45347,58231,34389,65535,6788
1685510688,0,1,1,0,1335,3234,7925,11232,20507,65535,6780,32563,45332,58215,34370,65535,6788
1685510694,0,1,1,0,1335,3232,7928,11237,20507,65535,6774,32553,45322,58218,34367,65535,6784
1685510700,0,1,1,0,1335,3235,7927,11236,20506,65535,6781,32552,45327,58253,34374,65535,6788
1685510706,0,1,1,0,1335,3233,7929,11235,20508,65535,6780,32561,45348,58186,34367,65535,6788
1685510712,0,1,1,0,1335,3235,7929,11234,20494,65535,6780,32557,45333,58210,34366,65535,6784
1685510718,0,1,1,0,1335,3233,7931,11231,20505,65535,6780,32559,45324,58215,34369,65535,6786
1685510724,0,1,1,0,1335,3235,7927,11236,20510,65535,6778,32565,45322,58216,34386,65535,6788
1685510730,0,1,1,0,1335,3235,7932,11236,20496,65535,6776,32565,45351,58224,34385,65535,6784
1685510736,0,1,1,0,1335,3235,7929,11237,20510,65535,6782,32569,45349,58231,34395,65535,6788
1685510742,0,1,1,0,1335,3234,7925,11237,20498,65535,6780,32559,45313,58227,34373,65535,6786
1685510748,0,1,1,0,1335,3234,7925,11238,20494,65535,6782,32563,45331,58251,34389,65535,6786
1685510754,0,1,1,0,1335,3235,7926,11233,20495,65535,6778,32558,45315,58200,34361,65535,6786
1685510760,0,1,1,0,1335,3234,7927,11233,20499,65535,6778,32561,45326,58237,34363,65535,6788
1685510766,0,1,1,0,1335,3234,7925,11232,20498,65535,6776,32562,45316,58213,34370,65535,6784
1685510772,0,1,1,0,1335,3234,7927,11237,20499,65535,6774,32555,45311,58222,34372,65535,6788
1685510778,0,1,1,0,1335,3234,7930,11230,20494,65535,6779,32563,45317,58220,34369,65535,6790
1685510784,0,1,1,0,1335,3236,7932,11239,20501,65535,6778,32567,45355,58241,34375,65535,6788
1685510790,0,1,1,0,1340,3235,7931,11240,20513,65535,6780,32563,45334,58242,34372,65535,6786
1685510796,0,1,1,0,1335,3234,7929,11241,20512,65535,6778,32558,45329,58204,34371,65535,6790
1685510802,0,1,1,0,1335,3235,7928,11232,20510,65535,6780,32562,45330,58243,34375,65535,6788
1685510808,0,1,1,0,1335,3234,7927,11239,20510,65535,6780,32560,45319,58233,34370,65535,6786
1685510814,0,1,1,0,1335,3234,7927,11233,20509,65535,6782,32565,45350,58231,34371,65535,6790
1685510820,0,1,1,0,1335,3234,7924,11236,20508,65535,6776,32567,45321,58232,34383,65535,6786
1685510826,0,1,1,0,1335,3235,7931,11235,20506,65535,6778,32555,45317,58216,34364,65535,6784
1685510832,0,1,1,0,1335,3234,7932,11235,20502,65535,6782,32563,45346,58220,34370,65535,6784
1685510838,0,1,1,0,1335,3234,7922,11231,20503,65535,6778,32557,45310,58206,34383,65535,6784
1685510844,0,1,1,0,1335,3234,7926,11233,20497,65535,6778,32560,45312,58191,34381,65535,6784
1685510850,0,1,1,0,1335,3234,7928,11231,20502,65535,6780,32556,45330,58214,34378,65535,6786
1685510856,0,1,1,0,1335,3234,7928,11233,20493,65535,6780,32559,45345,58219,34365,65535,6788
1685510862,0,1,1,0,1335,3233,7926,11233,20493,65535,6779,32549,45335,58225,34366,65535,6786
1685510868,0,1,1,0,1335,3233,7924,11233,20505,65535,6782,32560,45342,58177,34381,65535,6788
1685510874,0,1,1,0,1335,3235,7927,11230,20500,65535,6778,32568,45330,58197,34391,65535,6786
1685510880,0,1,1,0,1335,3235,7932,11231,20501,65535,6780,32564,45340,58183,34367,65535,6786
1685510886,0,1,1,0,1335,3234,7931,11230,20501,65535,6780,32562,45318,58172,34390,65535,6788
1685510892,0,1,1,0,1335,3233,7932,11234,20498,65535,6778,32561,45350,58198,34363,65535,6784
1685510898,0,1,1,0,1335,3234,7930,11233,20505,65535,6774,32554,45334,58193,34375,65535,6784
1685510904,0,1,1,0,1335,3234,7931,11233,20509,65535,6778,32559,45338,58198,34386,65535,6786
1685510910,0,1,1,0,1335,3236,7929,11236,20511,65535,6778,32567,45332,58211,34389,65535,6788
1685510916,0,1,1,0,1335,3236,7932,11235,20506,65535,6782,32565,45317,58218,34364,65535,6786
1685510922,0,1,1,0,1335,3234,7928,11231,20503,65535,6774,32558,45338,58198,34382,65535,6788
1685510928,0,1,1,0,1335,3235,7931,11229,20510,65535,6776,32568,45346,58222,34385,65535,6788
1685510934,0,1,1,0,1335,3234,7925,11230,20505,65535,6776,32556,45317,58180,34358,65535,6788
1685510940,0,1,1,0,1340,3236,7924,11232,20507,65535,6779,32552,45340,58200,34383,65535,6784
1685510946,0,1,1,0,1335,3232,7928,11225,20494,65535,6780,32541,45332,58199,34362,65535,6782
1685510952,0,1,1,0,1335,3235,7931,11228,20509,65535,6780,32572,45345,58226,34372,65535,6788
1685510958,0,1,1,0,1335,3233,7932,11236,20498,65535,6776,32542,45337,58199,34364,65535,6784
1685510964,0,1,1,0,1335,3235,7930,11234,20495,65535,6776,32568,45347,58210,34368,65535,6786
1685510970,0,1,1,0,1340,3236,7932,11233,20504,65535,6776,32559,45332,58209,34374,65535,6788
1685510976,0,1,1,0,1340,3235,7930,11229,20504,65535,6782,32566,45343,58220,34380,65535,6789
1685510982,0,1,1,0,1335,3234,7927,11227,20505,65535,6780,32557,45331,58213,34382,65535,6788
1685510988,0,1,1,0,1335,3233,7929,11234,20491,65535,6776,32551,45324,58201,34368,65535,6782
1685510994,0,1,1,0,1335,3233,7933,11232,20498,65535,6776,32567,45333,58238,34384,65535,6788
1685511000,0,1,1,0,1335,3233,7926,11231,20501,65535,6779,32549,45312,58205,34357,65535,6787
1685511006,0,1,1,0,1335,3233,7928,11233,20493,65535,6776,32566,45339,58233,34380,65535,6786
1685511012,0,1,1,0,1335,3234,7929,11236,20498,65535,6778,32559,45336,58195,34361,65535,6784
1685511018,0,1,1,0,1335,3234,7927,11236,20505,65535,6778,32554,45333,58197,34366,65535,6788
1685511024,0,1,1,0,1335,3235,7930,11237,20510,65535,6776,32560,45333,58226,34365,65535,6786
1685511030,0,1,1,0,1335,3231,7929,11237,20494,65535,6778,32561,45342,58236,34365,65535,6784
1685511036,0,1,1,0,1340,3235,7930,11233,20510,65535,6776,32563,45343,58210,34361,65535,6785
1685511042,0,1,1,0,1335,3234,7927,11231,20506,65535,6776,32569,45345,58227,34392,65535,6784
1685511048,0,1,1,0,1335,3234,7929,11239,20508,65535,6776,32557,45338,58216,34385,65535,6787
1685511054,0,1,1,0,1335,3234,7929,11237,20495,65535,6780,32559,45315,58225,34383,65535,6786
1685511060,0,1,1,0,1335,3235,7931,11233,20499,65535,6780,32563,45342,58214,34378,65535,6784
1685511066,0,1,1,0,1335,3234,7926,11235,20499,65535,6776,32555,45318,58219,34361,65535,6784
1685511072,0,1,1,0,1335,3236,7931,11234,20512,65535,6776,32566,45353,58221,34370,65535,6792
1685511078,0,1,1,0,1335,3234,7930,11232,20493,65535,6776,32564,45339,58243,34381,65535,6788
1685511084,0,1,1,0,1335,3233,7930,11237,20493,65535,6776,32558,45324,58216,34386,65535,6786
1685511090,0,1,1,0,1335,3234,7926,11231,20502,65535,6780,32555,45332,58200,34374,65535,6784
1685511096,0,1,1,0,1335,3234,7929,11236,20497,65535,6778,32539,45326,58232,34365,65535,6784
1685511102,0,1,1,0,1335,3235,7925,11232,20503,65535,6776,32555,45332,58227,34358,65535,6784
1685511108,0,1,1,0,1335,3234,7926,11232,20504,65535,6776,32567,45345,58215,34382,65535,6784
1685511114,0,1,1,0,1335,3234,7930,11229,20504,65535,6776,32560,45328,58189,34371,65535,6784
1685511120,0,1,1,0,1335,3233,7925,11235,20491,65535,6774,32554,45327,58186,34347,65535,6788
1685511126,0,1,1,0,1335,3233,7928,11228,20493,65535,6774,32537,45331,58204,34349,65535,6784
1685511132,0,1,1,0,1335,3231,7925,11228,20493,65535,6776,32555,45321,58189,34352,65535,6784
1685511138,0,1,1,0,1335,3233,7927,11231,20492,65535,6782,32557,45329,58206,34357,65535,6788
1685511144,0,1,1,0,1335,3234,7928,11234,20496,65535,6776,32563,45326,58212,34372,65535,6784
1685511150,0,1,1,0,1335,3233,7927,11234,20495,65535,6778,32558,45327,58184,34382,65535,6785
1685511156,0,1,1,0,1335,3232,7931,11235,20495,65535,6776,32568,45339,58214,34359,65535,6786
1685511162,0,1,1,0,1340,3235,7926,11237,20496,65535,6780,32563,45319,58225,34371,65535,6784
1685511168,0,1,1,0,1335,3233,7929,11238,20500,65535,6778,32546,45329,58200,34359,65535,6784
1685511174,0,1,1,0,1335,3233,7929,11234,20503,65535,6776,32566,45336,58226,34361,65535,6782
1685511180,0,1,1,0,1335,3235,7931,11235,20501,65535,6774,32554,45339,58214,34355,65535,6786
1685511186,0,1,1,0,1335,3234,7929,11232,20505,65535,6776,32545,45321,58224,34356,65535,6786
1685511192,0,1,1,0,1335,3233,7930,11235,20494,65535,6776,32557,45333,58209,34371,65535,6784
1685511198,0,1,1,0,1335,3233,7929,11234,20490,65535,6776,32557,45344,58215,34376,65535,6782
1685511204,0,1,1,0,1335,3234,7926,11238,20505,65535,6780,32558,45338,58225,34377,65535,6784
1685511210,0,1,1,0,1335,3233,7927,11227,20490,65535,6780,32538,45325,58180,34357,65535,6788
1685511216,0,1,1,0,1335,3234,7928,11233,20503,65535,6775,32560,45334,58213,34355,65535,6788
1685511222,0,1,1,0,1335,3234,7926,11226,20499,65535,6773,32554,45333,58228,34375,65535,6788
1685511228,0,1,1,0,1335,3234,7929,11237,20503,65535,6778,32562,45330,58220,34360,65535,6786
1685511234,0,1,1,0,1335,3234,7926,11231,20499,65535,6776,32557,45324,58208,34367,65535,6788
1685511240,0,1,1,0,1335,3233,7926,11233,20497,65535,6774,32554,45317,58179,34361,65535,6782
1685511246,0,1,1,0,1335,3234,7925,11236,20500,65535,6774,32554,45324,58213,34349,65535,6784
1685511252,0,1,1,0,1335,3234,7927,11233,20502,65535,6780,32559,45330,58198,34378,65535,6784
1685511258,0,1,1,0,1335,3231,7924,11235,20502,65535,6778,32562,45307,58203,34376,65535,6784
1685511264,0,1,1,0,1335,3235,7929,11228,20506,65535,6776,32558,45328,58210,34349,65535,6787
1685511270,0,1,1,0,1335,3234,7925,11234,20503,65535,6780,32538,45315,58209,34358,65535,6786
1685511276,0,1,1,0,1335,3230,7925,11229,20496,65535,6774,32549,45301,58190,34362,65535,6782
1685511282,0,1,1,0,1340,3233,7930,11237,20506,65535,6776,32555,45311,58214,34360,65535,6784
1685511288,0,1,1,0,1335,3233,7923,11232,20509,65535,6776,32562,45333,58213,34365,65535,6788
1685511294,0,1,1,0,1340,3233,7927,11238,20502,65535,6778,32561,45314,58215,34361,65535,6788
1685511300,0,1,1,0,1335,3234,7925,11231,20503,65535,6778,32562,45340,58217,34384,65535,6788
1685511306,0,1,1,0,1335,3234,7924,11230,20491,65535,6774,32547,45320,58157,34351,65535,6782
1685511312,0,1,1,0,1335,3232,7921,11230,20500,65535,6778,32551,45306,58195,34377,65535,6782
1685511318,0,1,1,0,1335,3233,7926,11230,20501,65535,6780,32553,45308,58181,34376,65535,6782
1685511324,0,1,1,0,1335,3233,7928,11228,20492,65535,6774,32553,45329,58221,34372,65535,6788
1685511330,0,1,1,0,1335,3232,7921,11229,20489,65535,6778,32552,45309,58203,34356,65535,6786
1685511336,0,1,1,0,1335,3231,7925,11231,20502,65535,6778,32557,45322,58209,34374,65535,6786
1685511342,0,1,1,0,1335,3231,7929,11233,20503,65535,6778,32554,45310,58203,34350,65535,6784
1685511348,0,1,1,0,1335,3233,7928,11230,20504,65535,6774,32539,45326,58202,34371,65535,6786
1685511354,0,1,1,0,1335,3232,7926,11230,20498,65535,6774,32545,45317,58185,34347,65535,6784
1685511360,0,1,1,0,1335,3234,7929,11231,20490,65535,6774,32549,45325,58205,34371,65535,6782
1685511366,0,1,1,0,1335,3232,7922,11232,20498,65535,6778,32558,45307,58213,34367,65535,6784
1685511372,0,1,1,0,1335,3233,7927,11232,20507,65535,6774,32553,45324,58218,34366,65535,6786
1685511378,0,1,1,0,1335,3234,7928,11230,20497,65535,6776,32538,45331,58203,34370,65535,6782
1685511384,0,1,1,0,1335,3231,7930,11233,20487,65535,6778,32551,45327,58204,34363,65535,6782
1685511390,0,1,1,0,1335,3233,7928,11230,20498,65535,6779,32555,45324,58194,34372,65535,6784
1685511396,0,1,1,0,1335,3233,7923,11230,20490,65535,6778,32541,45319,58200,34350,65535,6786
1685511402,0,1,1,0,1335,3233,7930,11231,20499,65535,6776,32554,45316,58197,34374,65535,6782
1685511408,0,1,1,0,1335,3233,7928,11229,20489,65535,6777,32540,45308,58195,34369,65535,6788
1685511414,0,1,1,0,1335,3233,7927,11231,20501,65535,6776,32554,45303,58191,34352,65535,6786
1685511420,0,1,1,0,1335,3232,7922,11228,20500,65535,6774,32562,45340,58206,34373,65535,6782
1685511426,0,1,1,0,1335,3233,7930,11232,20500,65535,6778,32539,45335,58202,34352,65535,6786
1685511432,0,1,1,0,1335,3234,7928,11230,20493,65535,6774,32555,45333,58204,34366,65535,6786
1685511438,0,1,1,0,1335,3233,7928,11227,20500,65535,6776,32555,45332,58205,34365,65535,6782
1685511444,0,1,1,0,1335,3234,7926,11227,20504,65535,6776,32559,45325,58179,34371,65535,6782
1685511450,0,1,1,0,1335,3232,7924,11230,20497,65535,6776,32555,45320,58199,34363,65535,6781
1685511456,0,1,1,0,1335,3233,7929,11233,20502,65535,6778,32559,45340,58212,34373,65535,6787
1685511462,0,1,1,0,1335,3231,7927,11231,20488,65535,6774,32554,45324,58202,34365,65535,6782
1685511468,0,1,1,0,1335,3232,7923,11232,20504,65535,6774,32558,45329,58197,34361,65535,6788
1685511474,0,1,1,0,1340,3232,7930,11232,20506,65535,6780,32558,45310,58204,34378,65535,6784
1685511480,0,1,1,0,1335,3233,7927,11231,20489,65535,6774,32554,45324,58200,34353,65535,6788
1685511486,0,1,1,0,1340,3231,7930,11236,20501,65535,6778,32562,45336,58224,34372,65535,6784
1685511492,0,1,1,0,1335,3233,7927,11234,20492,65535,6774,32560,45342,58246,34360,65535,6786
1685511498,0,1,1,0,1335,3233,7928,11234,20503,65535,6780,32558,45328,58212,34372,65535,6780
1685511504,0,1,1,0,1335,3233,7924,11226,20497,65535,6778,32533,45320,58195,34372,65535,6786
1685511510,0,1,1,0,1335,3233,7929,11235,20488,65535,6778,32546,45305,58169,34344,65535,6786
1685511516,0,1,1,0,1335,3230,7923,11228,20499,65535,6778,32556,45326,58214,34368,65535,6786
1685511522,0,1,1,0,1335,3232,7924,11234,20501,65535,6776,32565,45322,58217,34371,65535,6786
1685511528,0,1,1,0,1335,3232,7927,11235,20505,65535,6776,32554,45312,58211,34361,65535,6784
1685511534,0,1,1,0,1335,3234,7927,11237,20500,65535,6775,32555,45337,58210,34370,65535,6786
1685511540,0,1,1,0,1340,3235,7929,11235,20506,65535,6780,32564,45337,58215,34378,65535,6788
1685511546,0,1,1,0,1335,3233,7929,11231,20501,65535,6775,32560,45315,58208,34374,65535,6786
1685511552,0,1,1,0,1335,3233,7925,11234,20499,65535,6778,32556,45313,58175,34373,65535,6788
1685511558,0,1,1,0,1335,3234,7927,11234,20498,65535,6776,32552,45315,58212,34370,65535,6786
1685511564,0,1,1,0,1335,3235,7931,11236,20497,65535,6778,32549,45318,58211,34380,65535,6782
1685511570,0,1,1,0,1335,3234,7927,11236,20503,65535,6780,32558,45324,58248,34379,65535,6786
1685511576,0,1,1,0,1335,3235,7927,11236,20504,65535,6774,32569,45335,58225,34379,65535,6788
1685511582,0,1,1,0,1340,3233,7928,11233,20506,65535,6780,32560,45329,58207,34356,65535,6786
1685511588,0,1,1,0,1335,3234,7927,11235,20496,65535,6776,32550,45355,58210,34384,65535,6784
1685511594,0,1,1,0,1335,3233,7929,11242,20505,65535,6782,32571,45338,58219,34382,65535,6786
1685511600,0,1,1,0,1335,3233,7926,11230,20496,65535,6774,32538,45311,58202,34365,65535,6788
1685511606,0,1,1,0,1335,3232,7926,11234,20492,65535,6780,32557,45295,58196,34372,65535,6782
1685511612,0,1,1,0,1335,3231,7924,11233,20499,65535,6775,32558,45344,58212,34385,65535,6784
1685511618,0,1,1,0,1335,3232,7927,11232,20503,65535,6780,32561,45322,58203,34379,65535,6782
1685511624,0,1,1,0,1335,3233,7925,11230,20487,65535,6778,32553,45312,58221,34350,65535,6782
1685511630,0,1,1,0,1335,3233,7926,11228,20496,65535,6776,32556,45331,58213,34371,65535,6786
1685511636,0,1,1,0,1335,3233,7925,11237,20496,65535,6776,32536,45304,58187,34344,65535,6786
1685511642,0,1,1,0,1335,3234,7928,11232,20502,65535,6774,32555,45311,58197,34358,65535,6780
1685511648,0,1,1,0,1335,3232,7921,11228,20490,65535,6772,32530,45304,58220,34358,65535,6784
1685511654,0,1,1,0,1335,3233,7926,11226,20484,65535,6772,32550,45303,58215,34361,65535,6784
1685511660,0,1,1,0,1335,3232,7923,11229,20499,65535,6776,32552,45313,58176,34342,65535,6784
1685511666,0,1,1,0,1335,3234,7927,11233,20501,65535,6776,32552,45326,58200,34368,65535,6784
1685511672,0,1,1,0,1335,3233,7923,11228,20498,65535,6774,32532,45294,58187,34378,65535,6782
1685511678,0,1,1,0,1335,3233,7926,11230,20490,65535,6776,32552,45299,58170,34360,65535,6782
1685511684,0,1,1,0,1335,3233,7925,11232,20490,65535,6776,32541,45306,58190,34364,65535,6786
1685511690,0,1,1,0,1335,3232,7927,11225,20494,65535,6776,32537,45312,58171,34365,65535,6784
1685511696,0,1,1,0,1335,3232,7925,11224,20496,65535,6776,32531,45297,58172,34358,65535,6782
1685511702,0,1,1,0,1335,3232,7921,11224,20494,65535,6774,32543,45311,58169,34352,65535,6778
1685511708,0,1,1,0,1335,3232,7924,11230,20481,65535,6773,32532,45299,58172,34356,65535,6780
1685511714,0,1,1,0,1335,3231,7925,11225,20482,65535,6772,32529,45309,58168,34355,65535,6784
1685511720,0,1,1,0,1335,3231,7920,11225,20492,65535,6774,32546,45282,58168,34354,65535,6786
1685511726,0,1,1,0,1335,3232,7925,11229,20490,65535,6774,32536,45318,58189,34353,65535,6786
1685511732,0,1,1,0,1335,3231,7921,11226,20492,65535,6774,32546,45297,58186,34353,65535,6782
1685511738,0,1,1,0,1335,3232,7922,11224,20496,65535,6774,32540,45293,58165,34357,65535,6782
1685511744,0,1,1,0,1335,3231,7923,11228,20496,65535,6778,32531,45302,58200,34350,65535,6782
1685511750,0,1,1,0,1335,3232,7925,11224,20481,65535,6772,32541,45291,58177,34347,65535,6780
1685511756,0,1,1,0,1335,3231,7924,11230,20488,65535,6774,32530,45292,58184,34337,65535,6781
1685511762,0,1,1,0,1335,3231,7923,11228,20502,65535,6776,32534,45309,58189,34345,65535,6782
1685511768,0,1,1,0,1335,3232,7924,11231,20493,65535,6774,32539,45305,58208,34364,65535,6784
1685511774,0,1,1,0,1335,3231,7925,11229,20496,65535,6776,32536,45306,58178,34359,65535,6784
1685511780,0,1,1,0,1335,3232,7921,11226,20485,65535,6772,32527,45285,58166,34352,65535,6780
1685511786,0,1,1,0,1335,3229,7920,11228,20494,65535,6774,32535,45318,58170,34341,65535,6784
1685511792,0,1,1,0,1335,3231,7927,11233,20499,65535,6772,32532,45302,58204,34359,65535,6780
1685511798,0,1,1,0,1335,3234,7923,11231,20502,65535,6772,32551,45312,58183,34363,65535,6782
1685511804,0,1,1,0,1335,3232,7926,11231,20497,65535,6776,32550,45320,58223,34363,65535,6782
1685511810,0,1,1,0,1335,3234,7925,11228,20494,65535,6776,32547,45290,58216,34373,65535,6786
1685511816,0,1,1,0,1335,3233,7924,11225,20488,65535,6774,32550,45304,58198,34366,65535,6784
1685511822,0,1,1,0,1335,3234,7923,11232,20490,65535,6776,32545,45332,58204,34351,65535,6786
1685511828,0,1,1,0,1335,3234,7924,11237,20504,65535,6772,32558,45311,58202,34370,65535,6782
1685511834,0,1,1,0,1335,3233,7922,11230,20490,65535,6772,32554,45298,58186,34367,65535,6784
1685511840,0,1,1,0,1335,3230,7926,11231,20492,65535,6778,32553,45327,58194,34352,65535,6782
1685511846,0,1,1,0,1335,3232,7928,11229,20499,65535,6774,32564,45318,58210,34357,65535,6782
1685511852,0,1,1,0,1335,3233,7928,11233,20491,65535,6774,32550,45321,58168,34364,65535,6782
1685511858,0,1,1,0,1335,3232,7926,11234,20503,65535,6774,32538,45317,58177,34367,65535,6786
1685511864,0,1,1,0,1335,3233,7927,11229,20488,65535,6778,32556,45333,58196,34370,65535,6782
1685511870,0,1,1,0,1335,3232,7922,11229,20489,65535,6778,32533,45323,58188,34349,65535,6784
1685511876,0,1,1,0,1335,3232,7923,11229,20498,65535,6772,32551,45293,58184,34344,65535,6782
1685511882,0,1,1,0,1335,3232,7923,11228,20500,65535,6780,32558,45306,58197,34371,65535,6782
1685511888,0,1,1,0,1335,3232,7924,11227,20485,65535,6778,32552,45295,58196,34349,65535,6786
1685511894,0,1,1,0,1335,3231,7923,11223,20490,65535,6774,32544,45310,58194,34344,65535,6782
1685511900,0,1,1,0,1335,3232,7925,11231,20498,65535,6774,32549,45290,58177,34342,65535,6780
1685511906,0,1,1,0,1335,3232,7924,11225,20494,65535,6776,32546,45301,58200,34357,65535,6786
1685511912,0,1,1,0,1335,3233,7921,11226,20489,65535,6774,32543,45291,58170,34339,65535,6782
1685511918,0,1,1,0,1335,3232,7925,11226,20499,65535,6774,32525,45303,58204,34357,65535,6780
1685511924,0,1,1,0,1335,3233,7925,11227,20498,65535,6776,32546,45308,58210,34343,65535,6784
1685511930,0,1,1,0,1335,3232,7919,11233,20496,65535,6772,32536,45303,58170,34338,65535,6782
1685511936,0,1,1,0,1335,3230,7920,11222,20479,65535,6774,32534,45292,58172,34356,65535,6780
1685511942,0,1,1,0,1335,3232,7924,11224,20484,65535,6772,32548,45311,58177,34357,65535,6782
1685511948,0,1,1,0,1335,3231,7922,11220,20489,65535,6774,32536,45299,58181,34351,65535,6780
1685511954,0,1,1,0,1335,3232,7924,11228,20495,65535,6772,32541,45302,58186,34355,65535,6784
1685511960,0,1,1,0,1335,3231,7923,11227,20484,65535,6772,32537,45301,58180,34334,65535,6784
1685511966,0,1,1,0,1335,3229,7923,11220,20481,65535,6772,32537,45301,58174,34336,65535,6778
1685511972,0,1,1,0,1335,3232,7919,11228,20485,65535,6772,32534,45296,58184,34352,65535,6782
1685511978,0,1,1,0,1335,3231,7919,11225,20485,65535,6774,32548,45316,58195,34347,65535,6782
1685511984,0,1,1,0,1335,3232,7926,11229,20501,65535,6774,32539,45281,58179,34338,65535,6780
1685511990,0,1,1,0,1335,3232,7925,11225,20494,65535,6774,32544,45290,58165,34361,65535,6786
1685511996,0,1,1,0,1335,3231,7923,11224,20486,65535,6774,32546,45317,58178,34346,65535,6780
1685512002,0,1,1,0,1335,3232,7919,11228,20496,65535,6773,32538,45301,58171,34356,65535,6780
1685512008,0,1,1,0,1335,3232,7924,11228,20489,65535,6774,32534,45303,58175,34337,65535,6780
1685512014,0,1,1,0,1335,3231,7926,11227,20485,65535,6776,32538,45275,58167,34335,65535,6780
1685512020,0,1,1,0,1335,3232,7925,11226,20498,65535,6770,32543,45315,58180,34345,65535,6782
1685512026,0,1,1,0,1335,3232,7925,11229,20496,65535,6778,32555,45320,58170,34351,65535,6782
1685512032,0,1,1,0,1335,3233,7925,11229,20499,65535,6778,32539,45307,58155,34359,65535,6786
1685512038,0,1,1,0,1335,3232,7922,11233,20485,65535,6777,32550,45311,58183,34360,65535,6784
1685512044,0,1,1,0,1335,3232,7924,11228,20490,65535,6774,32557,45312,58191,34371,65535,6786
1685512050,0,1,1,0,1335,3233,7925,11228,20498,65535,6776,32549,45318,58191,34365,65535,6784
1685512056,0,1,1,0,1335,3232,7921,11224,20499,65535,6774,32548,45282,58189,34349,65535,6784
1685512062,0,1,1,0,1335,3232,7923,11226,20494,65535,6776,32543,45299,58152,34352,65535,6784
1685512068,0,1,1,0,1335,3232,7924,11230,20499,65535,6772,32548,45305,58167,34339,65535,6788
1685512074,0,1,1,0,1335,3232,7920,11229,20497,65535,6776,32518,45282,58173,34337,65535,6780
1685512080,0,1,1,0,1335,3232,7921,11229,20484,65535,6772,32542,45315,58180,34346,65535,6784
1685512086,0,1,1,0,1335,3231,7924,11223,20497,65535,6775,32548,45288,58189,34345,65535,6782
1685512092,0,1,1,0,1335,3231,7923,11227,20489,65535,6776,32546,45314,58186,34342,65535,6782
1685512098,0,1,1,0,1335,3231,7923,11231,20495,65535,6776,32545,45302,58179,34359,65535,6784
1685512104,0,1,1,0,1335,3230,7921,11226,20491,65535,6776,32542,45326,58182,34358,65535,6784
1685512110,0,1,1,0,1335,3233,7925,11228,20493,65535,6768,32552,45310,58196,34354,65535,6784
1685512116,0,1,1,0,1335,3232,7924,11229,20491,65535,6778,32552,45321,58200,34349,65535,6782
1685512122,0,1,1,0,1335,3233,7924,11236,20488,65535,6776,32553,45311,58225,34352,65535,6782
1685512128,0,1,1,0,1335,3231,7923,11228,20497,65535,6778,32548,45307,58181,34342,65535,6780
1685512134,0,1,1,0,1335,3234,7925,11227,20498,65535,6776,32553,45306,58188,34361,65535,6782
1685512140,0,1,1,0,1335,3231,7927,11228,20490,65535,6778,32554,45317,58186,34356,65535,6784
1685512146,0,1,1,0,1335,3231,7923,11230,20494,65535,6774,32554,45303,58189,34356,65535,6780
1685512152,0,1,1,0,1335,3233,7924,11229,20487,65535,6772,32531,45309,58208,34337,65535,6784
1685512158,0,1,1,0,1335,3233,7925,11229,20500,65535,6776,32552,45317,58193,34363,65535,6786
1685512164,0,1,1,0,1335,3233,7927,11225,20500,65535,6772,32554,45293,58201,34365,65535,6782
1685512170,0,1,1,0,1335,3232,7925,11227,20492,65535,6772,32540,45290,58182,34356,65535,6780
1685512176,0,1,1,0,1335,3233,7922,11230,20496,65535,6772,32551,45295,58202,34359,65535,6786
1685512182,0,1,1,0,1335,3230,7920,11228,20499,65535,6774,32528,45307,58180,34336,65535,6780
1685512188,0,1,1,0,1335,3232,7927,11225,20499,65535,6772,32550,45314,58199,34358,65535,6782
1685512194,0,1,1,0,1335,3232,7923,11227,20496,65535,6772,32556,45310,58188,34357,65535,6780
1685512200,0,1,1,0,1335,3232,7925,11230,20496,65535,6774,32542,45307,58190,34354,65535,6780
1685512206,0,1,1,0,1335,3229,7923,11224,20492,65535,6774,32533,45259,58166,34349,65535,6780
1685512212,0,1,1,0,1335,3231,7917,11224,20490,65535,6769,32533,45293,58159,34342,65535,6778
1685512218,0,1,1,0,1335,3231,7922,11224,20491,65535,6772,32540,45298,58156,34350,65535,6778
1685512224,0,1,1,0,1335,3231,7919,11224,20479,65535,6770,32535,45288,58181,34345,65535,6780
1685512230,0,1,1,0,1335,3230,7918,11218,20476,65535,6768,32537,45301,58157,34346,65535,6778
1685512236,0,1,1,0,1335,3229,7922,11221,20482,65535,6774,32518,45264,58153,34347,65535,6782
1685512242,0,1,1,0,1335,3230,7918,11219,20482,65535,6768,32531,45283,58149,34341,65535,6780
1685512248,0,1,1,0,1335,3231,7920,11220,20490,65535,6772,32535,45282,58148,34343,65535,6780
1685512254,0,1,1,0,1335,3229,7921,11217,20474,65535,6772,32527,45286,58138,34339,65535,6780
1685512260,0,1,1,0,1335,3230,7917,11225,20489,65535,6774,32534,45294,58177,34330,65535,6781
1685512266,0,1,1,0,1335,3232,7921,11221,20486,65535,6774,32512,45280,58137,34323,65535,6776
1685512272,0,1,1,0,1335,3231,7916,11220,20490,65535,6772,32520,45298,58153,34337,65535,6782
1685512278,0,1,1,0,1335,3229,7915,11218,20473,65535,6774,32526,45283,58132,34319,65535,6778
1685512284,0,1,1,0,1335,3229,7915,11214,20488,65535,6772,32515,45289,58156,34341,65535,6780
1685512290,0,1,1,0,1335,3230,7919,11221,20473,65535,6772,32525,45282,58152,34337,65535,6780
1685512296,0,1,1,0,1335,3229,7917,11214,20487,65535,6770,32520,45244,58141,34316,65535,6776
1685512302,0,1,1,0,1335,3230,7913,11213,20487,65535,6770,32520,45265,58099,34333,65535,6778
1685512308,0,1,1,0,1335,3227,7918,11212,20481,65535,6772,32524,45251,58124,34328,65535,6780
1685512314,0,1,1,0,1335,3227,7918,11209,20482,65535,6770,32512,45264,58101,34309,65535,6772
1685512320,0,1,1,0,1335,3228,7917,11209,20468,65535,6768,32519,45274,58116,34338,65535,6776
1685512326,0,1,1,0,1335,3229,7914,11213,20475,65535,6770,32520,45257,58119,34325,65535,6774
1685512332,0,1,1,0,1335,3230,7919,11212,20484,65535,6772,32507,45249,58099,34327,65535,6776
1685512338,0,1,1,0,1335,3229,7916,11212,20487,65535,6770,32514,45270,58110,34311,65535,6778
1685512344,0,1,1,0,1335,3229,7914,11215,20482,65535,6771,32527,45275,58127,34333,65535,6776
1685512350,0,1,1,0,1335,3228,7917,11213,20480,65535,6770,32512,45270,58123,34325,65535,6776
1685512356,0,1,1,0,1335,3229,7916,11215,20478,65535,6766,32517,45264,58128,34323,65535,6774
1685512362,0,1,1,0,1335,3227,7915,11215,20483,65535,6770,32519,45266,58137,34308,65535,6776
1685512368,0,1,1,0,1335,3229,7911,11215,20480,65535,6768,32516,45262,58136,34325,65535,6778
1685512374,0,1,1,0,1335,3226,7916,11211,20476,65535,6764,32504,45233,58109,34317,65535,6772
1685512380,0,1,1,0,1335,3227,7917,11216,20482,65535,6768,32515,45243,58094,34328,65535,6778
1685512386,0,1,1,0,1335,3230,7917,11222,20485,65535,6770,32527,45266,58170,34330,65535,6774
1685512392,0,1,1,0,1335,3229,7917,11209,20482,65535,6770,32519,45269,58128,34323,65535,6774
1685512398,0,1,1,0,1335,3228,7917,11214,20473,65535,6768,32521,45244,58136,34313,65535,6778
1685512404,0,1,1,0,1335,3229,7912,11217,20478,65535,6768,32502,45243,58148,34323,65535,6778
1685512410,0,1,1,0,1335,3227,7908,11213,20476,65535,6764,32510,45245,58122,34301,65535,6776
1685512416,0,1,1,0,1335,3227,7914,11208,20465,65535,6766,32518,45239,58134,34322,65535,6772
1685512422,0,1,1,0,1335,3229,7916,11206,20478,65535,6764,32493,45249,58119,34317,65535,6772
1685512428,0,1,1,0,1335,3227,7910,11211,20477,65535,6764,32492,45220,58115,34308,65535,6776
1685512434,0,1,1,0,1335,3226,7911,11207,20475,65535,6764,32483,45246,58101,34317,65535,6772
1685512440,0,1,1,0,1335,3227,7917,11212,20470,65535,6766,32492,45230,58107,34321,65535,6778
1685512446,0,1,1,0,1335,3228,7915,11212,20470,65535,6766,32496,45223,58112,34303,65535,6778
1685512452,0,1,1,0,1335,3227,7912,11209,20478,65535,6764,32503,45236,58105,34318,65535,6770
1685512458,0,1,1,0,1335,3227,7909,11213,20470,65535,6768,32496,45214,58090,34304,65535,6770
1685512464,0,1,1,0,1335,3229,7915,11215,20480,65535,6764,32481,45253,58082,34309,65535,6772
1685512470,0,1,1,0,1335,3225,7912,11210,20464,65535,6766,32507,45222,58114,34316,65535,6772
1685512476,0,1,1,0,1335,3227,7913,11211,20476,65535,6766,32511,45252,58124,34295,65535,6774
1685512482,0,1,1,0,1335,3227,7917,11213,20482,65535,6766,32512,45245,58135,34318,65535,6774
1685512488,0,1,1,0,1335,3227,7914,11213,20469,65535,6766,32512,45252,58116,34321,65535,6772
1685512494,0,1,1,0,1335,3227,7911,11215,20474,65535,6764,32505,45241,58107,34289,65535,6772
1685512500,0,1,1,0,1335,3227,7914,11210,20474,65535,6764,32507,45254,58120,34318,65535,6776
1685512506,0,1,1,0,1335,3227,7913,11207,20477,65535,6768,32504,45249,58085,34303,65535,6772
1685512512,0,1,1,0,1335,3228,7911,11202,20478,65535,6762,32505,45252,58115,34300,65535,6776
1685512518,0,1,1,0,1335,3225,7917,11212,20480,65535,6769,32506,45225,58104,34299,65535,6774
1685512524,0,1,1,0,1335,3226,7911,11209,20460,65535,6762,32490,45200,58078,34306,65535,6776
1685512530,0,1,1,0,1335,3227,7914,11208,20474,65535,6762,32478,45235,58090,34287,65535,6769
1685512536,0,1,1,0,1335,3226,7915,11206,20473,65535,6765,32491,45213,58093,34306,65535,6770
1685512542,0,1,1,0,1335,3226,7913,11207,20465,65535,6762,32494,45243,58069,34317,65535,6770
1685512548,0,1,1,0,1335,3226,7912,11206,20462,65535,6762,32487,45252,58098,34311,65535,6774
1685512554,0,1,1,0,1335,3227,7909,11206,20475,65535,6763,32505,45224,58102,34315,65535,6772
1685512560,0,1,1,0,1335,3227,7910,11208,20461,65535,6762,32490,45240,58127,34299,65535,6772
1685512566,0,1,1,0,1335,3225,7915,11206,20465,65535,6762,32501,45222,58074,34305,65535,6773
1685512572,0,1,1,0,1335,3228,7916,11211,20474,65535,6764,32506,45230,58111,34308,65535,6772
1685512578,0,1,1,0,1335,3228,7914,11211,20469,65535,6766,32503,45232,58100,34303,65535,6772
1685512584,0,1,1,0,1335,3227,7917,11211,20467,65535,6764,32507,45255,58113,34292,65535,6776
1685512590,0,1,1,0,1335,3226,7914,11211,20466,65535,6764,32501,45235,58111,34315,65535,6772
1685512596,0,1,1,0,1335,3228,7915,11211,20467,65535,6764,32507,45236,58125,34316,65535,6772
1685512602,0,1,1,0,1335,3228,7915,11204,20473,65535,6766,32508,45256,58114,34317,65535,6776
1685512608,0,1,1,0,1335,3227,7912,11213,20469,65535,6766,32506,45266,58089,34323,65535,6780
1685512614,0,1,1,0,1335,3227,7916,11207,20479,65535,6768,32509,45265,58121,34300,65535,6778
1685512620,0,1,1,0,1335,3227,7912,11211,20481,65535,6768,32517,45246,58124,34324,65535,6774
1685512626,0,1,1,0,1335,3226,7913,11212,20477,65535,6766,32512,45246,58126,34319,65535,6774
1685512632,0,1,1,0,1335,3228,7913,11213,20479,65535,6766,32513,45269,58114,34303,65535,6774
1685512638,0,1,1,0,1335,3228,7913,11210,20477,65535,6768,32509,45238,58113,34320,65535,6774
1685512644,0,1,1,0,1335,3228,7913,11213,20479,65535,6766,32508,45232,58087,34313,65535,6772
1685512650,0,1,1,0,1335,3227,7912,11206,20479,65535,6768,32506,45244,58148,34319,65535,6774
1685512656,0,1,1,0,1335,3227,7910,11208,20467,65535,6764,32506,45250,58114,34313,65535,6774
1685512662,0,1,1,0,1335,3227,7915,11210,20481,65535,6766,32498,45240,58110,34318,65535,6774
1685512668,0,1,1,0,1335,3226,7912,11207,20479,65535,6764,32495,45213,58103,34288,65535,6772
1685512674,0,1,1,0,1335,3226,7911,11209,20477,65535,6766,32497,45227,58081,34308,65535,6772
1685512680,0,1,1,0,1335,3228,7909,11210,20468,65535,6764,32498,45233,58092,34316,65535,6775
1685512686,0,1,1,0,1335,3227,7912,11206,20470,65535,6768,32499,45244,58077,34311,65535,6774
1685512692,0,1,1,0,1335,3227,7908,11206,20479,65535,6764,32499,45217,58101,34312,65535,6776
1685512698,0,1,1,0,1335,3225,7912,11203,20475,65535,6766,32499,45236,58087,34297,65535,6772
1685512704,0,1,1,0,1335,3225,7907,11203,20458,65535,6762,32494,45206,58086,34300,65535,6770
1685512710,0,1,1,0,1335,3225,7910,11198,20461,65535,6763,32482,45219,58058,34293,65535,6774
1685512716,0,1,1,0,1335,3224,7907,11203,20455,65535,6760,32483,45216,58066,34292,65535,6770
1685512722,0,1,1,0,1335,3225,7905,11197,20470,65535,6762,32491,45216,58054,34275,65535,6770
1685512728,0,1,1,0,1335,3225,7909,11201,20466,65535,6764,32494,45227,58088,34294,65535,6769
1685512734,0,1,1,0,1334,3225,7909,11200,20457,65535,6760,32486,45216,58049,34275,65535,6770
1685512740,0,1,1,0,1335,3224,7907,11193,20458,65535,6760,32480,45218,58044,34275,65535,6767
1685512746,0,1,1,0,1335,3224,7905,11203,20455,65535,6760,32490,45222,58085,34299,65535,6766
1685512752,0,1,1,0,1335,3224,7903,11199,20466,65535,6762,32477,45188,58065,34271,65535,6768
1685512758,0,1,1,0,1335,3224,7905,11199,20461,65535,6758,32484,45192,58067,34292,65535,6768
1685512764,0,1,1,0,1335,3224,7905,11197,20453,65535,6758,32473,45191,58040,34278,65535,6764
1685512770,0,1,1,0,1335,3225,7904,11198,20457,65535,6758,32490,45201,58056,34289,65535,6768
1685512776,0,1,1,0,1335,3224,7904,11193,20461,65535,6758,32485,45220,58062,34273,65535,6766
1685512782,0,1,1,0,1335,3225,7904,11198,20468,65535,6764,32481,45190,58050,34265,65535,6770
1685512788,0,1,1,0,1335,3225,7907,11200,20468,65535,6764,32484,45223,58049,34277,65535,6768
1685512794,0,1,1,0,1335,3225,7903,11198,20457,65535,6758,32475,45210,58039,34287,65535,6766
