Timestamp,Amber,White,On,Override,Intensity,AS00,AS01,AS02,AS03,AS04,AS05,AS06,AS07,AS08,AS09,AS10,AS11
1685570400,0,1,0,0,1223223,65535,65535,65535,65535,65535,65535,65535,65535,65535,65535,65535,65535
1685570406,0,1,0,0,1223223,65535,65535,65535,65535,65535,65535,65535,65535,65535,65535,65535,65535
1685570412,0,1,0,0,1223223,65535,65535,65535,65535,65535,65535,65535,65535,65535,65535,65535,65535
1685570418,0,1,0,0,1223223,65535,65535,65535,65535,65535,65535,65535,65535,65535,65535,65535,65535
1685570424,0,1,0,0,1223223,65535,65535,65535,65535,65535,65535,65535,65535,65535,65535,65535,65535
1685570430,0,1,0,0,1223223,65535,65535,65535,65535,65535,65535,65535,65535,65535,65535,65535,65535
1685570436,0,1,0,0,1223223,65535,65535,65535,65535,65535,65535,65535,65535,65535,65535,65535,65535
1685570442,0,1,0,0,1223223,65535,65535,65535,65535,65535,65535,65535,65535,65535,65535,65535,65535
1685570448,0,1,0,0,1223223,65535,65535,65535,65535,65535,65535,65535,65535,65535,65535,65535,65535
1685570454,0,1,0,0,1223223,65535,65535,65535,65535,65535,65535,65535,65535,65535,65535,65535,65535
1685570460,0,1,0,0,1223223,65535,65535,65535,65535,65535,65535,65535,65535,65535,65535,65535,65535
1685570466,0,1,0,0,1223223,65535,65535,65535,65535,65535,65535,65535,65535,65535,65535,65535,65535
1685570472,0,1,0,0,1223223,65535,65535,65535,65535,65535,65535,65535,65535,65535,65535,65535,65535
1685570478,0,1,0,0,1223223,65535,65535,65535,65535,65535,65535,65535,65535,65535,65535,65535,65535
1685570484,0,1,0,0,1223223,65535,65535,65535,65535,65535,65535,65535,65535,65535,65535,65535,65535
1685570490,0,1,0,0,1223223,65535,65535,65535,65535,65535,65535,65535,65535,65535,65535,65535,65535
1685570496,0,1,0,0,1223223,65535,65535,65535,65535,65535,65535,65535,65535,65535,65535,65535,65535
1685570502,0,1,0,0,1223223,65535,65535,65535,65535,65535,65535,65535,65535,65535,65535,65535,65535
1685570508,0,1,0,0,1223223,65535,65535,65535,65535,65535,65535,65535,65535,65535,65535,65535,65535
1685570514,0,1,0,0,1223223,65535,65535,65535,65535,65535,65535,65535,65535,65535,65535,65535,65535
1685570520,0,1,0,0,1223223,65535,65535,65535,65535,65535,65535,65535,65535,65535,65535,65535,65535
1685570526,0,1,0,0,1223223,65535,65535,65535,65535,65535,65535,65535,65535,65535,65535,65535,65535
1685570532,0,1,0,0,1223223,65535,65535,65535,65535,65535,65535,65535,65535,65535,65535,65535,65535
1685570538,0,1,0,0,1223223,65535,65535,65535,65535,65535,65535,65535,65535,65535,65535,65535,65535
1685570544,0,1,0,0,1223223,65535,65535,65535,65535,65535,65535,65535,65535,65535,65535,65535,65535
1685570550,0,1,0,0,1223223,65535,65535,65535,65535,65535,65535,65535,65535,65535,65535,65535,65535
1685570556,0,1,0,0,1223223,65535,65535,65535,65535,65535,65535,65535,65535,65535,65535,65535,65535
1685570562,0,1,0,0,1223223,65535,65535,65535,65535,65535,65535,65535,65535,65535,65535,65535,65535
1685570568,0,1,0,0,1223223,65535,65535,65535,65535,65535,65535,65535,65535,65535,65535,65535,65535
1685570574,0,1,0,0,1223223,65535,65535,65535,65535,65535,65535,65535,65535,65535,65535,65535,65535
1685570580,0,1,0,0,1223223,65535,65535,65535,65535,65535,65535,65535,65535,65535,65535,65535,65535
1685570586,0,1,0,0,1223223,65535,65535,65535,65535,65535,65535,65535,65535,65535,65535,65535,65535
1685570592,0,1,0,0,1223223,65535,65535,65535,65535,65535,65535,65535,65535,65535,65535,65535,65535
1685570598,0,1,0,0,1223223,65535,65535,65535,65535,65535,65535,65535,65535,65535,65535,65535,65535
1685570604,0,1,0,0,1223223,65535,65535,65535,65535,65535,65535,65535,65535,65535,65535,65535,65535
1685570610,0,1,0,0,1223223,65535,65535,65535,65535,65535,65535,65535,65535,65535,65535,65535,65535
1685570616,0,1,0,0,1223223,65535,65535,65535,65535,65535,65535,65535,65535,65535,65535,65535,65535
1685570622,0,1,0,0,1223223,65535,65535,65535,65535,65535,65535,65535,65535,65535,65535,65535,65535
1685570628,0,1,0,0,1223223,65535,65535,65535,65535,65535,65535,65535,65535,65535,65535,65535,65535
1685570634,0,1,0,0,1223223,65535,65535,65535,65535,65535,65535,65535,65535,65535,65535,65535,65535
1685570640,0,1,0,0,1223223,65535,65535,65535,65535,65535,65535,65535,65535,65535,65535,65535,65535
1685570646,0,1,0,0,1223223,65535,65535,65535,65535,65535,65535,65535,65535,65535,65535,65535,65535
1685570652,0,1,0,0,1223223,65535,65535,65535,65535,65535,65535,65535,65535,65535,65535,65535,65535
1685570658,0,1,0,0,1223223,65535,65535,65535,65535,65535,65535,65535,65535,65535,65535,65535,65535
1685570664,0,1,0,0,1223223,65535,65535,65535,65535,65535,65535,65535,65535,65535,65535,65535,65535
1685570670,0,1,0,0,1223223,65535,65535,65535,65535,65535,65535,65535,65535,65535,65535,65535,65535
1685570676,0,1,0,0,1223223,65535,65535,65535,65535,65535,65535,65535,65535,65535,65535,65535,65535
1685570682,0,1,0,0,1223223,65535,65535,65535,65535,65535,65535,65535,65535,65535,65535,65535,65535
1685570688,0,1,0,0,1223223,65535,65535,65535,65535,65535,65535,65535,65535,65535,65535,65535,65535
1685570694,0,1,0,0,1223223,65535,65535,65535,65535,65535,65535,65535,65535,65535,65535,65535,65535
1685570700,0,1,0,0,1223223,65535,65535,65535,65535,65535,65535,65535,65535,65535,65535,65535,65535
1685570706,0,1,0,0,1223223,65535,65535,65535,65535,65535,65535,65535,65535,65535,65535,65535,65535
1685570712,0,1,0,0,1223223,65535,65535,65535,65535,65535,65535,65535,65535,65535,65535,65535,65535
1685570718,0,1,0,0,1223223,65535,65535,65535,65535,65535,65535,65535,65535,65535,65535,65535,65535
1685570724,0,1,0,0,1223223,65535,65535,65535,65535,65535,65535,65535,65535,65535,65535,65535,65535
1685570730,0,1,0,0,1223223,65535,65535,65535,65535,65535,65535,65535,65535,65535,65535,65535,65535
1685570736,0,1,0,0,1223223,65535,65535,65535,65535,65535,65535,65535,65535,65535,65535,65535,65535
1685570742,0,1,0,0,1223223,65535,65535,65535,65535,65535,65535,65535,65535,65535,65535,65535,65535
1685570748,0,1,0,0,1223223,65535,65535,65535,65535,65535,65535,65535,65535,65535,65535,65535,65535
1685570754,0,1,0,0,1223223,65535,65535,65535,65535,65535,65535,65535,65535,65535,65535,65535,65535
1685570760,0,1,0,0,1223223,65535,65535,65535,65535,65535,65535,65535,65535,65535,65535,65535,65535
1685570766,0,1,0,0,1223223,65535,65535,65535,65535,65535,65535,65535,65535,65535,65535,65535,65535
1685570772,0,1,0,0,1223223,65535,65535,65535,65535,65535,65535,65535,65535,65535,65535,65535,65535
1685570778,0,1,0,0,1223223,65535,65535,65535,65535,65535,65535,65535,65535,65535,65535,65535,65535
1685570784,0,1,0,0,1223223,65535,65535,65535,65535,65535,65535,65535,65535,65535,65535,65535,65535
1685570790,0,1,0,0,1223223,65535,65535,65535,65535,65535,65535,65535,65535,65535,65535,65535,65535
1685570796,0,1,0,0,1223223,65535,65535,65535,65535,65535,65535,65535,65535,65535,65535,65535,65535
1685570802,0,1,0,0,1223223,65535,65535,65535,65535,65535,65535,65535,65535,65535,65535,65535,65535
1685570808,0,1,0,0,1223223,65535,65535,65535,65535,65535,65535,65535,65535,65535,65535,65535,65535
1685570814,0,1,0,0,1223223,65535,65535,65535,65535,65535,65535,65535,65535,65535,65535,65535,65535
1685570820,0,1,0,0,1223223,65535,65535,65535,65535,65535,65535,65535,65535,65535,65535,65535,65535
1685570826,0,1,0,0,1223223,65535,65535,65535,65535,65535,65535,65535,65535,65535,65535,65535,65535
1685570832,0,1,0,0,1223223,65535,65535,65535,65535,65535,65535,65535,65535,65535,65535,65535,65535
1685570838,0,1,0,0,1223223,65535,65535,65535,65535,65535,65535,65535,65535,65535,65535,65535,65535
1685570844,0,1,0,0,1223223,65535,65535,65535,65535,65535,65535,65535,65535,65535,65535,65535,65535
1685570850,0,1,0,0,1223223,65535,65535,65535,65535,65535,65535,65535,65535,65535,65535,65535,65535
1685570856,0,1,0,0,1223223,65535,65535,65535,65535,65535,65535,65535,65535,65535,65535,65535,65535
1685570862,0,1,0,0,1223223,65535,65535,65535,65535,65535,65535,65535,65535,65535,65535,65535,65535
1685570868,0,1,0,0,1223223,65535,65535,65535,65535,65535,65535,65535,65535,65535,65535,65535,65535
1685570874,0,1,0,0,1223223,65535,65535,65535,65535,65535,65535,65535,65535,65535,65535,65535,65535
1685570880,0,1,0,0,1223223,65535,65535,65535,65535,65535,65535,65535,65535,65535,65535,65535,65535
1685570886,0,1,0,0,1223223,65535,65535,65535,65535,65535,65535,65535,65535,65535,65535,65535,65535
1685570892,0,1,0,0,1223223,65535,65535,65535,65535,65535,65535,65535,65535,65535,65535,65535,65535
1685570898,0,1,0,0,1223223,65535,65535,65535,65535,65535,65535,65535,65535,65535,65535,65535,65535
1685570904,0,1,0,0,1223223,65535,65535,65535,65535,65535,65535,65535,65535,65535,65535,65535,65535
1685570910,0,1,0,0,1223223,65535,65535,65535,65535,65535,65535,65535,65535,65535,65535,65535,65535
1685570916,0,1,0,0,1223223,65535,65535,65535,65535,65535,65535,65535,65535,65535,65535,65535,65535
1685570922,0,1,0,0,1223223,65535,65535,65535,65535,65535,65535,65535,65535,65535,65535,65535,65535
1685570928,0,1,0,0,1223223,65535,65535,65535,65535,65535,65535,65535,65535,65535,65535,65535,65535
1685570934,0,1,0,0,1223223,65535,65535,65535,65535,65535,65535,65535,65535,65535,65535,65535,65535
1685570940,0,1,0,0,1223223,65535,65535,65535,65535,65535,65535,65535,65535,65535,65535,65535,65535
1685570946,0,1,0,0,1223223,65535,65535,65535,65535,65535,65535,65535,65535,65535,65535,65535,65535
1685570952,0,1,0,0,1223223,65535,65535,65535,65535,65535,65535,65535,65535,65535,65535,65535,65535
1685570958,0,1,0,0,1223223,65535,65535,65535,65535,65535,65535,65535,65535,65535,65535,65535,65535
1685570964,0,1,0,0,1223223,65535,65535,65535,65535,65535,65535,65535,65535,65535,65535,65535,65535
1685570970,0,1,0,0,1223223,65535,65535,65535,65535,65535,65535,65535,65535,65535,65535,65535,65535
1685570976,0,1,0,0,1223223,65535,65535,65535,65535,65535,65535,65535,65535,65535,65535,65535,65535
1685570982,0,1,0,0,1223223,65535,65535,65535,65535,65535,65535,65535,65535,65535,65535,65535,65535
1685570988,0,1,0,0,1223223,65535,65535,65535,65535,65535,65535,65535,65535,65535,65535,65535,65535
1685570994,0,1,0,0,1223223,65535,65535,65535,65535,65535,65535,65535,65535,65535,65535,65535,65535
1685571000,0,1,0,0,1223223,65535,65535,65535,65535,65535,65535,65535,65535,65535,65535,65535,65535
1685571006,0,1,0,0,1223223,65535,65535,65535,65535,65535,65535,65535,65535,65535,65535,65535,65535
1685571012,0,1,0,0,1223223,65535,65535,65535,65535,65535,65535,65535,65535,65535,65535,65535,65535
1685571018,0,1,0,0,1223223,65535,65535,65535,65535,65535,65535,65535,65535,65535,65535,65535,65535
1685571024,0,1,0,0,1223223,65535,65535,65535,65535,65535,65535,65535,65535,65535,65535,65535,65535
1685571030,0,1,0,0,1223223,65535,65535,65535,65535,65535,65535,65535,65535,65535,65535,65535,65535
1685571036,0,1,0,0,1223223,65535,65535,65535,65535,65535,65535,65535,65535,65535,65535,65535,65535
1685571042,0,1,0,0,1223223,65535,65535,65535,65535,65535,65535,65535,65535,65535,65535,65535,65535
1685571048,0,1,0,0,1223223,65535,65535,65535,65535,65535,65535,65535,65535,65535,65535,65535,65535
1685571054,0,1,0,0,1223223,65535,65535,65535,65535,65535,65535,65535,65535,65535,65535,65535,65535
1685571060,0,1,0,0,1223223,65535,65535,65535,65535,65535,65535,65535,65535,65535,65535,65535,65535
1685571066,0,1,0,0,1223223,65535,65535,65535,65535,65535,65535,65535,65535,65535,65535,65535,65535
1685571072,0,1,0,0,1223223,65535,65535,65535,65535,65535,65535,65535,65535,65535,65535,65535,65535
1685571078,0,1,0,0,1223223,65535,65535,65535,65535,65535,65535,65535,65535,65535,65535,65535,65535
1685571084,0,1,0,0,1223223,65535,65535,65535,65535,65535,65535,65535,65535,65535,65535,65535,65535
1685571090,0,1,0,0,1223223,65535,65535,65535,65535,65535,65535,65535,65535,65535,65535,65535,65535
1685571096,0,1,0,0,1223223,65535,65535,65535,65535,65535,65535,65535,65535,65535,65535,65535,65535
1685571102,0,1,0,0,1223223,65535,65535,65535,65535,65535,65535,65535,65535,65535,65535,65535,65535
1685571108,0,1,0,0,1223223,65535,65535,65535,65535,65535,65535,65535,65535,65535,65535,65535,65535
1685571114,0,1,0,0,1223223,65535,65535,65535,65535,65535,65535,65535,65535,65535,65535,65535,65535
1685571120,0,1,0,0,1223223,65535,65535,65535,65535,65535,65535,65535,65535,65535,65535,65535,65535
1685571126,0,1,0,0,1223223,65535,65535,65535,65535,65535,65535,65535,65535,65535,65535,65535,65535
1685571132,0,1,0,0,1223223,65535,65535,65535,65535,65535,65535,65535,65535,65535,65535,65535,65535
1685571138,0,1,0,0,1223223,65535,65535,65535,65535,65535,65535,65535,65535,65535,65535,65535,65535
1685571144,0,1,0,0,1223223,65535,65535,65535,65535,65535,65535,65535,65535,65535,65535,65535,65535
1685571150,0,1,0,0,1223223,65535,65535,65535,65535,65535,65535,65535,65535,65535,65535,65535,65535
1685571156,0,1,0,0,1223223,65535,65535,65535,65535,65535,65535,65535,65535,65535,65535,65535,65535
1685571162,0,1,0,0,1223223,65535,65535,65535,65535,65535,65535,65535,65535,65535,65535,65535,65535
1685571168,0,1,0,0,1223223,65535,65535,65535,65535,65535,65535,65535,65535,65535,65535,65535,65535
1685571174,0,1,0,0,1223223,65535,65535,65535,65535,65535,65535,65535,65535,65535,65535,65535,65535
1685571180,0,1,0,0,1223223,65535,65535,65535,65535,65535,65535,65535,65535,65535,65535,65535,65535
1685571186,0,1,0,0,1223223,65535,65535,65535,65535,65535,65535,65535,65535,65535,65535,65535,65535
1685571192,0,1,0,0,1223223,65535,65535,65535,65535,65535,65535,65535,65535,65535,65535,65535,65535
1685571198,0,1,0,0,1223223,65535,65535,65535,65535,65535,65535,65535,65535,65535,65535,65535,65535
1685571204,0,1,0,0,1223223,65535,65535,65535,65535,65535,65535,65535,65535,65535,65535,65535,65535
1685571210,0,1,0,0,1223223,65535,65535,65535,65535,65535,65535,65535,65535,65535,65535,65535,65535
1685571216,0,1,0,0,1223223,65535,65535,65535,65535,65535,65535,65535,65535,65535,65535,65535,65535
1685571222,0,1,0,0,1223223,65535,65535,65535,65535,65535,65535,65535,65535,65535,65535,65535,65535
1685571228,0,1,0,0,1223223,65535,65535,65535,65535,65535,65535,65535,65535,65535,65535,65535,65535
1685571234,0,1,0,0,1223223,65535,65535,65535,65535,65535,65535,65535,65535,65535,65535,65535,65535
1685571240,0,1,0,0,1223223,65535,65535,65535,65535,65535,65535,65535,65535,65535,65535,65535,65535
1685571246,0,1,0,0,1223223,65535,65535,65535,65535,65535,65535,65535,65535,65535,65535,65535,65535
1685571252,0,1,0,0,1223223,65535,65535,65535,65535,65535,65535,65535,65535,65535,65535,65535,65535
1685571258,0,1,0,0,1223223,65535,65535,65535,65535,65535,65535,65535,65535,65535,65535,65535,65535
1685571264,0,1,0,0,1223223,65535,65535,65535,65535,65535,65535,65535,65535,65535,65535,65535,65535
1685571270,0,1,0,0,1223223,65535,65535,65535,65535,65535,65535,65535,65535,65535,65535,65535,65535
1685571276,0,1,0,0,1223223,65535,65535,65535,65535,65535,65535,65535,65535,65535,65535,65535,65535
1685571282,0,1,0,0,1223223,65535,65535,65535,65535,65535,65535,65535,65535,65535,65535,65535,65535
1685571288,0,1,0,0,1223223,65535,65535,65535,65535,65535,65535,65535,65535,65535,65535,65535,65535
1685571294,0,1,0,0,1223223,65535,65535,65535,65535,65535,65535,65535,65535,65535,65535,65535,65535
1685571300,0,1,0,0,1223223,65535,65535,65535,65535,65535,65535,65535,65535,65535,65535,65535,65535
1685571306,0,1,0,0,1223223,65535,65535,65535,65535,65535,65535,65535,65535,65535,65535,65535,65535
1685571312,0,1,0,0,1223223,65535,65535,65535,65535,65535,65535,65535,65535,65535,65535,65535,65535
1685571318,0,1,0,0,1223223,65535,65535,65535,65535,65535,65535,65535,65535,65535,65535,65535,65535
1685571324,0,1,0,0,1223223,65535,65535,65535,65535,65535,65535,65535,65535,65535,65535,65535,65535
1685571330,0,1,0,0,1223223,65535,65535,65535,65535,65535,65535,65535,65535,65535,65535,65535,65535
1685571336,0,1,0,0,1223223,65535,65535,65535,65535,65535,65535,65535,65535,65535,65535,65535,65535
1685571342,0,1,0,0,1223223,65535,65535,65535,65535,65535,65535,65535,65535,65535,65535,65535,65535
1685571348,0,1,0,0,1223223,65535,65535,65535,65535,65535,65535,65535,65535,65535,65535,65535,65535
1685571354,0,1,0,0,1223223,65535,65535,65535,65535,65535,65535,65535,65535,65535,65535,65535,65535
1685571360,0,1,0,0,1223223,65535,65535,65535,65535,65535,65535,65535,65535,65535,65535,65535,65535
1685571366,0,1,0,0,1223223,65535,65535,65535,65535,65535,65535,65535,65535,65535,65535,65535,65535
1685571372,0,1,0,0,1223223,65535,65535,65535,65535,65535,65535,65535,65535,65535,65535,65535,65535
1685571378,0,1,0,0,1223223,65535,65535,65535,65535,65535,65535,65535,65535,65535,65535,65535,65535
1685571384,0,1,0,0,1223223,65535,65535,65535,65535,65535,65535,65535,65535,65535,65535,65535,65535
1685571390,0,1,0,0,1223223,65535,65535,65535,65535,65535,65535,65535,65535,65535,65535,65535,65535
1685571396,0,1,0,0,1223223,65535,65535,65535,65535,65535,65535,65535,65535,65535,65535,65535,65535
1685571402,0,1,0,0,1223223,65535,65535,65535,65535,65535,65535,65535,65535,65535,65535,65535,65535
1685571408,0,1,0,0,1223223,65535,65535,65535,65535,65535,65535,65535,65535,65535,65535,65535,65535
1685571414,0,1,0,0,1223223,65535,65535,65535,65535,65535,65535,65535,65535,65535,65535,65535,65535
1685571420,0,1,0,0,1223223,65535,65535,65535,65535,65535,65535,65535,65535,65535,65535,65535,65535
1685571426,0,1,0,0,1223223,65535,65535,65535,65535,65535,65535,65535,65535,65535,65535,65535,65535
1685571432,0,1,0,0,1223223,65535,65535,65535,65535,65535,65535,65535,65535,65535,65535,65535,65535
1685571438,0,1,0,0,1223223,65535,65535,65535,65535,65535,65535,65535,65535,65535,65535,65535,65535
1685571444,0,1,0,0,1223223,65535,65535,65535,65535,65535,65535,65535,65535,65535,65535,65535,65535
1685571450,0,1,0,0,1223223,65535,65535,65535,65535,65535,65535,65535,65535,65535,65535,65535,65535
1685571456,0,1,0,0,1223223,65535,65535,65535,65535,65535,65535,65535,65535,65535,65535,65535,65535
1685571462,0,1,0,0,1223223,65535,65535,65535,65535,65535,65535,65535,65535,65535,65535,65535,65535
1685571468,0,1,0,0,1223223,65535,65535,65535,65535,65535,65535,65535,65535,65535,65535,65535,65535
1685571474,0,1,0,0,1223223,65535,65535,65535,65535,65535,65535,65535,65535,65535,65535,65535,65535
1685571480,0,1,0,0,1223223,65535,65535,65535,65535,65535,65535,65535,65535,65535,65535,65535,65535
1685571486,0,1,0,0,1223223,65535,65535,65535,65535,65535,65535,65535,65535,65535,65535,65535,65535
1685571492,0,1,0,0,1223223,65535,65535,65535,65535,65535,65535,65535,65535,65535,65535,65535,65535
1685571498,0,1,0,0,1223223,65535,65535,65535,65535,65535,65535,65535,65535,65535,65535,65535,65535
1685571504,0,1,0,0,1223223,65535,65535,65535,65535,65535,65535,65535,65535,65535,65535,65535,65535
1685571510,0,1,0,0,1223223,65535,65535,65535,65535,65535,65535,65535,65535,65535,65535,65535,65535
1685571516,0,1,0,0,1223223,65535,65535,65535,65535,65535,65535,65535,65535,65535,65535,65535,65535
1685571522,0,1,0,0,1223223,65535,65535,65535,65535,65535,65535,65535,65535,65535,65535,65535,65535
1685571528,0,1,0,0,1223223,65535,65535,65535,65535,65535,65535,65535,65535,65535,65535,65535,65535
1685571534,0,1,0,0,1223223,65535,65535,65535,65535,65535,65535,65535,65535,65535,65535,65535,65535
1685571540,0,1,0,0,1223223,65535,65535,65535,65535,65535,65535,65535,65535,65535,65535,65535,65535
1685571546,0,1,0,0,1223223,65535,65535,65535,65535,65535,65535,65535,65535,65535,65535,65535,65535
1685571552,0,1,0,0,1223223,65535,65535,65535,65535,65535,65535,65535,65535,65535,65535,65535,65535
1685571558,0,1,0,0,1223223,65535,65535,65535,65535,65535,65535,65535,65535,65535,65535,65535,65535
1685571564,0,1,0,0,1223223,65535,65535,65535,65535,65535,65535,65535,65535,65535,65535,65535,65535
1685571570,0,1,0,0,1223223,65535,65535,65535,65535,65535,65535,65535,65535,65535,65535,65535,65535
1685571576,0,1,0,0,1223223,65535,65535,65535,65535,65535,65535,65535,65535,65535,65535,65535,65535
1685571582,0,1,0,0,1223223,65535,65535,65535,65535,65535,65535,65535,65535,65535,65535,65535,65535
1685571588,0,1,0,0,1223223,65535,65535,65535,65535,65535,65535,65535,65535,65535,65535,65535,65535
1685571594,0,1,0,0,1223223,65535,65535,65535,65535,65535,65535,65535,65535,65535,65535,65535,65535
1685571600,0,1,0,0,1223223,65535,65535,65535,65535,65535,65535,65535,65535,65535,65535,65535,65535
1685571606,0,1,0,0,1223223,65535,65535,65535,65535,65535,65535,65535,65535,65535,65535,65535,65535
1685571612,0,1,0,0,1223223,65535,65535,65535,65535,65535,65535,65535,65535,65535,65535,65535,65535
1685571618,0,1,0,0,1223223,65535,65535,65535,65535,65535,65535,65535,65535,65535,65535,65535,65535
1685571624,0,1,0,0,1223223,65535,65535,65535,65535,65535,65535,65535,65535,65535,65535,65535,65535
1685571630,0,1,0,0,1223223,65535,65535,65535,65535,65535,65535,65535,65535,65535,65535,65535,65535
1685571636,0,1,0,0,1223223,65535,65535,65535,65535,65535,65535,65535,65535,65535,65535,65535,65535
1685571642,0,1,0,0,1223223,65535,65535,65535,65535,65535,65535,65535,65535,65535,65535,65535,65535
1685571648,0,1,0,0,1223223,65535,65535,65535,65535,65535,65535,65535,65535,65535,65535,65535,65535
1685571654,0,1,0,0,1223223,65535,65535,65535,65535,65535,65535,65535,65535,65535,65535,65535,65535
1685571660,0,1,0,0,1223223,65535,65535,65535,65535,65535,65535,65535,65535,65535,65535,65535,65535
1685571666,0,1,0,0,1223223,65535,65535,65535,65535,65535,65535,65535,65535,65535,65535,65535,65535
1685571672,0,1,0,0,1223223,65535,65535,65535,65535,65535,65535,65535,65535,65535,65535,65535,65535
1685571678,0,1,0,0,1223223,65535,65535,65535,65535,65535,65535,65535,65535,65535,65535,65535,65535
1685571684,0,1,0,0,1223223,65535,65535,65535,65535,65535,65535,65535,65535,65535,65535,65535,65535
1685571690,0,1,0,0,1223223,65535,65535,65535,65535,65535,65535,65535,65535,65535,65535,65535,65535
1685571696,0,1,0,0,1223223,65535,65535,65535,65535,65535,65535,65535,65535,65535,65535,65535,65535
1685571702,0,1,0,0,1223223,65535,65535,65535,65535,65535,65535,65535,65535,65535,65535,65535,65535
1685571708,0,1,0,0,1223223,65535,65535,65535,65535,65535,65535,65535,65535,65535,65535,65535,65535
1685571714,0,1,0,0,1223223,65514,65535,65535,65535,65535,65535,65535,65535,65535,65535,65535,65535
1685571720,0,1,0,0,1223223,65465,65535,65535,65535,65535,65535,65535,65535,65535,65535,65535,65535
1685571726,0,1,0,0,1223223,65397,65535,65535,65535,65535,65535,65535,65535,65535,65535,65535,65535
1685571732,0,1,0,0,1223223,65355,65535,65535,65535,65535,65535,65535,65535,65535,65535,65535,65535
1685571738,0,1,0,0,1223223,65535,65535,65535,65535,65535,65535,65535,65535,65535,65535,65535,65535
1685571744,0,1,0,0,1223223,65244,65535,65535,65535,65535,65535,65535,65535,65535,65535,65535,65535
1685571750,0,1,0,0,1223223,65190,65535,65535,65535,65535,65535,65535,65535,65535,65535,65535,65535
1685571756,0,1,0,0,1223223,65154,65535,65535,65535,65535,65535,65535,65535,65535,65535,65535,65535
1685571762,0,1,0,0,1223223,65535,65535,65535,65535,65535,65535,65535,65535,65535,65535,65535,65535
1685571768,0,1,0,0,1223223,65011,65535,65535,65535,65535,65535,65535,65535,65535,65535,65535,65535
1685571774,0,1,0,0,1223223,64985,65535,65535,65535,65535,65535,65535,65535,65535,65535,65535,65535
1685571780,0,1,0,0,1223223,65432,65535,65535,65535,65535,65535,65535,65535,65535,65535,65535,65535
1685571786,0,1,0,0,1223223,64928,65535,65535,65535,65535,65535,65535,65535,65535,65535,65535,65535
1685571792,0,1,0,0,1223223,64883,65535,65535,65535,65535,65535,65535,65535,65535,65535,65535,65535
1685571798,0,1,0,0,1223223,64865,65535,65535,65535,65535,65535,65535,65535,65535,65535,65535,65535
1685571804,0,1,0,0,1223223,64858,65535,65535,65535,65535,65535,65535,65535,65535,65535,65535,65535
1685571810,0,1,0,0,1223223,64822,65535,65535,65535,65535,65535,65535,65535,65535,65535,65535,65535
1685571816,0,1,0,0,1223223,64814,65535,65535,65535,65535,65535,65535,65535,65535,65535,65535,65535
1685571822,0,1,0,0,1223223,64776,65535,65535,65535,65535,65535,65535,65535,65535,65535,65535,65535
1685571828,0,1,0,0,1223223,64680,65535,65535,65535,65535,65535,65535,65535,65535,65535,65535,65535
1685571834,0,1,0,0,1223223,64666,65535,65535,65535,65535,65535,65535,65535,65535,65535,65535,65535
1685571840,0,1,0,0,1223223,64634,65535,65535,65535,65535,65535,65535,65535,65535,65535,65535,65535
1685571846,0,1,0,0,1223223,64547,65535,65535,65535,65535,65535,65535,65535,65535,65535,65535,65535
1685571852,0,1,0,0,1223223,64534,65535,65535,65535,65535,65535,65535,65535,65535,65535,65535,65535
1685571858,0,1,0,0,1223223,64470,65535,65535,65535,65535,65535,65535,65535,65535,65535,65535,65535
1685571864,0,1,0,0,1223223,64370,65535,65535,65535,65535,65535,65535,65535,65535,65535,65535,65535
1685571870,0,1,0,0,1223223,64365,65535,65535,65535,65535,65535,65535,65535,65535,65535,65535,65535
1685571876,0,1,0,0,1223223,64315,65535,65535,65535,65535,65535,65535,65535,65535,65535,65535,65535
1685571882,0,1,0,0,1223223,64259,65535,65535,65535,65535,65535,65535,65535,65535,65535,65535,65535
1685571888,0,1,0,0,1223223,64281,65535,65535,65535,65535,65535,65535,65535,65535,65535,65535,65535
1685571894,0,1,0,0,1223223,64228,65535,65535,65535,65535,65535,65535,65535,65535,65535,65535,65535
1685571900,0,1,0,0,1223223,64233,65535,65535,65535,65535,65535,65535,65535,65535,65535,65535,65535
1685571906,0,1,0,0,1223223,64192,65535,65535,65535,65535,65535,65535,65535,65535,65535,65535,65535
1685571912,0,1,0,0,1223223,64128,65535,65535,65535,65535,65535,65535,65535,65535,65535,65535,65535
1685571918,0,1,0,0,1223223,64081,65535,65535,65535,65535,65535,65535,65535,65535,65535,65535,65535
1685571924,0,1,0,0,1223223,64055,65535,65535,65535,65535,65535,65535,65535,65535,65535,65535,65535
1685571930,0,1,0,0,1223223,64022,65535,65535,65535,65535,65535,65535,65535,65535,65535,65535,65535
1685571936,0,1,0,0,1223223,64015,65535,65535,65535,65535,65535,65535,65535,65535,65535,65535,65535
1685571942,0,1,0,0,1223223,63961,65535,65535,65535,65535,65535,65535,65535,65535,65535,65535,65535
1685571948,0,1,0,0,1223223,63952,65535,65535,65535,65535,65535,65535,65535,65535,65535,65535,65535
1685571954,0,1,0,0,1223223,63943,65535,65535,65535,65535,65535,65535,65535,65535,65535,65535,65535
1685571960,0,1,0,0,1223223,63919,65535,65535,65535,65535,65535,65535,65535,65535,65535,65535,65535
1685571966,0,1,0,0,1223223,63895,65535,65535,65535,65535,65535,65535,65535,65535,65535,65535,65535
1685571972,0,1,0,0,1223223,63886,65535,65535,65535,65535,65535,65535,65535,65535,65535,65535,65535
1685571978,0,1,0,0,1223223,63856,65535,65535,65535,65535,65535,65535,65535,65535,65535,65535,65535
1685571984,0,1,0,0,1223223,63805,65535,65535,65535,65535,65535,65535,65535,65535,65535,65535,65535
1685571990,0,1,0,0,1223223,63682,65535,65535,65535,65535,65535,65535,65535,65535,65535,65535,65535
1685571996,0,1,0,0,1223223,63727,65535,65535,65535,65535,65535,65535,65535,65535,65535,65535,65535
1685572002,0,1,0,0,1223223,63618,65535,65535,65535,65535,65535,65535,65535,65535,65535,65535,65535
1685572008,0,1,0,0,1223223,63611,65535,65535,65535,65535,65535,65535,65535,65535,65535,65535,65535
1685572014,0,1,0,0,1223223,63612,65535,65535,65535,65535,65535,65535,65535,65535,65535,65535,65535
1685572020,0,1,0,0,1223223,63571,65535,65535,65535,65535,65535,65535,65535,65535,65535,65535,65535
1685572026,0,1,0,0,1223223,63531,65535,65535,65535,65535,65535,65535,65535,65535,65535,65535,65535
1685572032,0,1,0,0,1223223,63517,65535,65535,65535,65535,65535,65535,65535,65535,65535,65535,65535
1685572038,0,1,0,0,1223223,63426,65535,65535,65535,65535,65535,65535,65535,65535,65535,65535,65535
1685572044,0,1,0,0,1223223,63417,65535,65535,65535,65535,65535,65535,65535,65535,65535,65535,65535
1685572050,0,1,0,0,1223223,63384,65535,65535,65535,65535,65535,65535,65535,65535,65535,65535,65535
1685572056,0,1,0,0,1223223,63344,65535,65535,65535,65535,65535,65535,65535,65535,65535,65535,65535
1685572062,0,1,0,0,1223223,63293,65535,65535,65535,65535,65535,65535,65535,65535,65535,65535,65535
1685572068,0,1,0,0,1223223,63299,65535,65535,65535,65535,65535,65535,65535,65535,65535,65535,65535
1685572074,0,1,0,0,1223223,63257,65535,65535,65535,65535,65535,65535,65535,65535,65535,65535,65535
1685572080,0,1,0,0,1223223,63237,65535,65535,65535,65535,65535,65535,65535,65535,65535,65535,65535
1685572086,0,1,0,0,1223223,63141,65535,65535,65535,65535,65535,65535,65535,65535,65535,65535,65535
1685572092,0,1,0,0,1223223,63130,65535,65535,65535,65535,65535,65535,65535,65535,65535,65535,65535
1685572098,0,1,0,0,1223223,63238,65535,65535,65535,65535,65535,65535,65535,65535,65535,65535,65535
1685572104,0,1,0,0,1223223,63253,65535,65535,65535,65535,65535,65535,65535,65535,65535,65535,65535
1685572110,0,1,0,0,1223223,63249,65535,65535,65535,65535,65535,65535,65535,65535,65535,65535,65535
1685572116,0,1,0,0,1223223,63281,65535,65535,65535,65535,65535,65535,65535,65535,65535,65535,65535
1685572122,0,1,0,0,1223223,63281,65535,65535,65535,65535,65535,65535,65535,65535,65535,65535,65535
1685572128,0,1,0,0,1223223,63238,65535,65535,65535,65535,65535,65535,65535,65535,65535,65535,65535
1685572134,0,1,0,0,1223223,63303,65535,65535,65535,65535,65535,65535,65535,65535,65535,65535,65535
1685572140,0,1,0,0,1223223,63285,65535,65535,65535,65535,65535,65535,65535,65535,65535,65535,65535
1685572146,0,1,0,0,1223223,63301,65535,65535,65535,65535,65535,65535,65535,65535,65535,65535,65535
1685572152,0,1,0,0,1223223,63314,65535,65535,65535,65535,65535,65535,65535,65535,65535,65535,65535
1685572158,0,1,0,0,1223223,63323,65535,65535,65535,65535,65535,65535,65535,65535,65535,65535,65535
1685572164,0,1,0,0,1223223,63310,65535,65535,65535,65535,65535,65535,65535,65535,65535,65535,65535
1685572170,0,1,0,0,1223223,63291,65535,65535,65535,65535,65535,65535,65535,65535,65535,65535,65535
1685572176,0,1,0,0,1223223,63317,65535,65535,65535,65535,65535,65535,65535,65535,65535,65535,65535
1685572182,0,1,0,0,1223223,63313,65535,65535,65535,65535,65535,65535,65535,65535,65535,65535,65535
1685572188,0,1,0,0,1223223,63303,65535,65535,65535,65535,65535,65535,65535,65535,65535,65535,65535
1685572194,0,1,0,0,1223223,63290,65535,65535,65535,65535,65535,65535,65535,65535,65535,65535,65535
1685572200,0,1,0,0,1223223,63287,65535,65535,65535,65535,65535,65535,65535,65535,65535,65535,65535
1685572206,0,1,0,0,1223223,63283,65535,65535,65535,65535,65535,65535,65535,65535,65535,65535,65535
1685572212,0,1,0,0,1223223,63254,65535,65535,65535,65535,65535,65535,65535,65535,65535,65535,65535
1685572218,0,1,0,0,1223223,63252,65535,65535,65535,65535,65535,65535,65535,65535,65535,65535,65535
1685572224,0,1,0,0,1223223,63296,65535,65535,65535,65535,65535,65535,65535,65535,65535,65535,65535
1685572230,0,1,0,0,1223223,63287,65535,65535,65535,65535,65535,65535,65535,65535,65535,65535,65535
1685572236,0,1,0,0,1223223,63300,65535,65535,65535,65535,65535,65535,65535,65535,65535,65535,65535
1685572242,0,1,0,0,1223223,63302,65535,65535,65535,65535,65535,65535,65535,65535,65535,65535,65535
1685572248,0,1,0,0,1223223,63303,65535,65535,65535,65535,65535,65535,65535,65535,65535,65535,65535
1685572254,0,1,0,0,1223223,63314,65535,65535,65535,65535,65535,65535,65535,65535,65535,65535,65535
1685572260,0,1,0,0,1223223,63298,65535,65535,65535,65535,65535,65535,65535,65535,65535,65535,65535
1685572266,0,1,0,0,1223223,63308,65535,65535,65535,65535,65535,65535,65535,65535,65535,65535,65535
1685572272,0,1,0,0,1223223,63328,65535,65535,65535,65535,65535,65535,65535,65535,65535,65535,65535
1685572278,0,1,0,0,1223223,63285,65535,65535,65535,65535,65535,65535,65535,65535,65535,65535,65535
1685572284,0,1,0,0,1223223,63344,65535,65535,65535,65535,65535,65535,65535,65535,65535,65535,65535
1685572290,0,1,0,0,1223223,63354,65535,65535,65535,65535,65535,65535,65535,65535,65535,65535,65535
1685572296,0,1,0,0,1223223,63363,65535,65535,65535,65535,65535,65535,65535,65535,65535,65535,65535
1685572302,0,1,0,0,1223223,63355,65535,65535,65535,65535,65535,65535,65535,65535,65535,65535,65535
1685572308,0,1,0,0,1223223,63371,65535,65535,65535,65535,65535,65535,65535,65535,65535,65535,65535
1685572314,0,1,0,0,1223223,63427,65535,65535,65535,65535,65535,65535,65535,65535,65535,65535,65535
1685572320,0,1,0,0,1223223,63448,65535,65535,65535,65535,65535,65535,65535,65535,65535,65535,65535
1685572326,0,1,0,0,1223223,63488,65535,65535,65535,65535,65535,65535,65535,65535,65535,65535,65535
1685572332,0,1,0,0,1223223,63335,65535,65535,65535,65535,65535,65535,65535,65535,65535,65535,65535
1685572338,0,1,0,0,1223223,63496,65535,65535,65535,65535,65535,65535,65535,65535,65535,65535,65535
1685572344,0,1,0,0,1223223,63511,65535,65535,65535,65535,65535,65535,65535,65535,65535,65535,65535
1685572350,0,1,0,0,1223223,63547,65535,65535,65535,65535,65535,65535,65535,65535,65535,65535,65535
1685572356,0,1,0,0,1223223,63561,65535,65535,65535,65535,65535,65535,65535,65535,65535,65535,65535
1685572362,0,1,0,0,1223223,63535,65535,65535,65535,65535,65535,65535,65535,65535,65535,65535,65535
1685572368,0,1,0,0,1223223,63575,65535,65535,65535,65535,65535,65535,65535,65535,65535,65535,65535
1685572374,0,1,0,0,1223223,63552,65535,65535,65535,65535,65535,65535,65535,65535,65535,65535,65535
1685572380,0,1,0,0,1223223,63553,65535,65535,65535,65535,65535,65535,65535,65535,65535,65535,65535
1685572386,0,1,0,0,1223223,63490,65535,65535,65535,65535,65535,65535,65535,65535,65535,65535,65535
1685572392,0,1,0,0,1223223,63542,65535,65535,65535,65535,65535,65535,65535,65535,65535,65535,65535
1685572398,0,1,0,0,1223223,63523,65535,65535,65535,65535,65535,65535,65535,65535,65535,65535,65535
1685572404,0,1,0,0,1223223,63508,65535,65535,65535,65535,65535,65535,65535,65535,65535,65535,65535
1685572410,0,1,0,0,1223223,63489,65535,65535,65535,65535,65535,65535,65535,65535,65535,65535,65535
1685572416,0,1,0,0,1223223,63491,65535,65535,65535,65535,65535,65535,65535,65535,65535,65535,65535
1685572422,0,1,0,0,1223223,63464,65535,65535,65535,65535,65535,65535,65535,65535,65535,65535,65535
1685572428,0,1,0,0,1223223,63500,65535,65535,65535,65535,65535,65535,65535,65535,65535,65535,65535
1685572434,0,1,0,0,1223223,63516,65535,65535,65535,65535,65535,65535,65535,65535,65535,65535,65535
1685572440,0,1,0,0,1223223,63556,65535,65535,65535,65535,65535,65535,65535,65535,65535,65535,65535
1685572446,0,1,0,0,1223223,63561,65535,65535,65535,65535,65535,65535,65535,65535,65535,65535,65535
1685572452,0,1,0,0,1223223,63558,65535,65535,65535,65535,65535,65535,65535,65535,65535,65535,65535
1685572458,0,1,0,0,1223223,63576,65535,65535,65535,65535,65535,65535,65535,65535,65535,65535,65535
1685572464,0,1,0,0,1223223,63515,65535,65535,65535,65535,65535,65535,65535,65535,65535,65535,65535
1685572470,0,1,0,0,1223223,63594,65535,65535,65535,65535,65535,65535,65535,65535,65535,65535,65535
1685572476,0,1,0,0,1223223,63560,65535,65535,65535,65535,65535,65535,65535,65535,65535,65535,65535
1685572482,0,1,0,0,1223223,63515,65535,65535,65535,65535,65535,65535,65535,65535,65535,65535,65535
1685572488,0,1,0,0,1223223,63420,65535,65535,65535,65535,65535,65535,65535,65535,65535,65535,65535
1685572494,0,1,0,0,1223223,63428,65535,65535,65535,65535,65535,65535,65535,65535,65535,65535,65535
1685572500,0,1,0,0,1223223,63459,65535,65535,65535,65535,65535,65535,65535,65535,65535,65535,65535
1685572506,0,1,0,0,1223223,63426,65535,65535,65535,65535,65535,65535,65535,65535,65535,65535,65535
1685572512,0,1,0,0,1223223,63388,65535,65535,65535,65535,65535,65535,65535,65535,65535,65535,65535
1685572518,0,1,0,0,1223223,63319,65535,65535,65535,65535,65535,65535,65535,65535,65535,65535,65535
1685572524,0,1,0,0,1223223,63349,65535,65535,65535,65535,65535,65535,65535,65535,65535,65535,65535
1685572530,0,1,0,0,1223223,63260,65535,65535,65535,65535,65535,65535,65535,65535,65535,65535,65535
1685572536,0,1,0,0,1223223,63307,65535,65535,65535,65535,65535,65535,65535,65535,65535,65535,65535
1685572542,0,1,0,0,1223223,63279,65535,65535,65535,65535,65535,65535,65535,65535,65535,65535,65535
1685572548,0,1,0,0,1223223,63698,65535,65535,65535,65535,65535,65535,65535,65535,65535,65535,65535
1685572554,0,1,0,0,1223223,63231,65535,65535,65535,65535,65535,65535,65535,65535,65535,65535,65535
1685572560,0,1,0,0,1223223,63146,65535,65535,65535,65535,65535,65535,65535,65535,65535,65535,65535
1685572566,0,1,0,0,1223223,63155,65535,65535,65535,65535,65535,65535,65535,65535,65535,65535,65535
1685572572,0,1,0,0,1223223,63148,65535,65535,65535,65535,65535,65535,65535,65535,65535,65535,65535
1685572578,0,1,0,0,1223223,63120,65535,65535,65535,65535,65535,65535,65535,65535,65535,65535,65535
1685572584,0,1,0,0,1223223,63101,65535,65535,65535,65535,65535,65535,65535,65535,65535,65535,65535
1685572590,0,1,0,0,1223223,63106,65535,65535,65535,65535,65535,65535,65535,65535,65535,65535,65535
1685572596,0,1,0,0,1223223,63089,65535,65535,65535,65535,65535,65535,65535,65535,65535,65535,65535
1685572602,0,1,0,0,1223223,63505,65535,65535,65535,65535,65535,65535,65535,65535,65535,65535,65535
1685572608,0,1,0,0,1223223,63068,65535,65535,65535,65535,65535,65535,65535,65535,65535,65535,65535
1685572614,0,1,0,0,1223223,63030,65535,65535,65535,65535,65535,65535,65535,65535,65535,65535,65535
1685572620,0,1,0,0,1223223,63048,65535,65535,65535,65535,65535,65535,65535,65535,65535,65535,65535
1685572626,0,1,0,0,1223223,62995,65535,65535,65535,65535,65535,65535,65535,65535,65535,65535,65535
1685572632,0,1,0,0,1223223,63375,65535,65535,65535,65535,65535,65535,65535,65535,65535,65535,65535
1685572638,0,1,0,0,1223223,62896,65535,65535,65535,65535,65535,65535,65535,65535,65535,65535,65535
1685572644,0,1,0,0,1223223,62867,65535,65535,65535,65535,65535,65535,65535,65535,65535,65535,65535
1685572650,0,1,0,0,1223223,63272,65535,65535,65535,65535,65535,65535,65535,65535,65535,65535,65535
1685572656,0,1,0,0,1223223,62805,65535,65535,65535,65535,65535,65535,65535,65535,65535,65535,65535
1685572662,0,1,0,0,1223223,62804,65535,65535,65535,65535,65535,65535,65535,65535,65535,65535,65535
1685572668,0,1,0,0,1223223,62768,65535,65535,65535,65535,65535,65535,65535,65535,65535,65535,65535
1685572674,0,1,0,0,1223223,62742,65535,65535,65535,65535,65535,65535,65535,65535,65535,65535,65535
1685572680,0,1,0,0,1223223,62705,65535,65535,65535,65535,65535,65535,65535,65535,65535,65535,65535
1685572686,0,1,0,0,1223223,62672,65535,65535,65535,65535,65535,65535,65535,65535,65535,65535,65535
1685572692,0,1,0,0,1223223,62653,65535,65535,65535,65535,65535,65535,65535,65535,65535,65535,65535
1685572698,0,1,0,0,1223223,62602,65535,65535,65535,65535,65535,65535,65535,65535,65535,65535,65535
1685572704,0,1,0,0,1223223,62572,65535,65535,65535,65535,65535,65535,65535,65535,65535,65535,65535
1685572710,0,1,0,0,1223223,62554,65535,65535,65535,65535,65535,65535,65535,65535,65535,65535,65535
1685572716,0,1,0,0,1223223,62511,65535,65535,65535,65535,65535,65535,65535,65535,65535,65535,65535
1685572722,0,1,0,0,1223223,62507,65535,65535,65535,65535,65535,65535,65535,65535,65535,65535,65535
1685572728,0,1,0,0,1223223,62451,65535,65535,65535,65535,65535,65535,65535,65535,65535,65535,65535
1685572734,0,1,0,0,1223223,62440,65535,65535,65535,65535,65535,65535,65535,65535,65535,65535,65535
1685572740,0,1,0,0,1223223,62421,65535,65535,65535,65535,65535,65535,65535,65535,65535,65535,65535
1685572746,0,1,0,0,1223223,62450,65535,65535,65535,65535,65535,65535,65535,65535,65535,65535,65535
1685572752,0,1,0,0,1223223,62453,65535,65535,65535,65535,65535,65535,65535,65535,65535,65535,65535
1685572758,0,1,0,0,1223223,62926,65535,65535,65535,65535,65535,65535,65535,65535,65535,65535,65535
1685572764,0,1,0,0,1223223,62446,65535,65535,65535,65535,65535,65535,65535,65535,65535,65535,65535
1685572770,0,1,0,0,1223223,62418,65535,65535,65535,65535,65535,65535,65535,65535,65535,65535,65535
1685572776,0,1,0,0,1223223,62458,65535,65535,65535,65535,65535,65535,65535,65535,65535,65535,65535
1685572782,0,1,0,0,1223223,62461,65535,65535,65535,65535,65535,65535,65535,65535,65535,65535,65535
1685572788,0,1,0,0,1223223,62455,65535,65535,65535,65535,65535,65535,65535,65535,65535,65535,65535
1685572794,0,1,0,0,1223223,62479,65535,65535,65535,65535,65535,65535,65535,65535,65535,65535,65535
1685572800,0,1,0,0,1223223,62462,65535,65535,65535,65535,65535,65535,65535,65535,65535,65535,65535
1685572806,0,1,0,0,1223223,62977,65535,65535,65535,65535,65535,65535,65535,65535,65535,65535,65535
1685572812,0,1,0,0,1223223,62977,65535,65535,65535,65535,65535,65535,65535,65535,65535,65535,65535
1685572818,0,1,0,0,1223223,62496,65535,65535,65535,65535,65535,65535,65535,65535,65535,65535,65535
1685572824,0,1,0,0,1223223,62553,65535,65535,65535,65535,65535,65535,65535,65535,65535,65535,65535
1685572830,0,1,0,0,1223223,62538,65535,65535,65535,65535,65535,65535,65535,65535,65535,65535,65535
1685572836,0,1,0,0,1223223,62585,65535,65535,65535,65535,65535,65535,65535,65535,65535,65535,65535
1685572842,0,1,0,0,1223223,63033,65535,65535,65535,65535,65535,65535,65535,65535,65535,65535,65535
1685572848,0,1,0,0,1223223,62612,65535,65535,65535,65535,65535,65535,65535,65535,65535,65535,65535
1685572854,0,1,0,0,1223223,62609,65535,65535,65535,65535,65535,65535,65535,65535,65535,65535,65535
1685572860,0,1,0,0,1223223,62650,65535,65535,65535,65535,65535,65535,65535,65535,65535,65535,65535
1685572866,0,1,0,0,1223223,62641,65535,65535,65535,65535,65535,65535,65535,65535,65535,65535,65535
1685572872,0,1,0,0,1223223,62701,65535,65535,65535,65535,65535,65535,65535,65535,65535,65535,65535
1685572878,0,1,0,0,1223223,62680,65535,65535,65535,65535,65535,65535,65535,65535,65535,65535,65535
1685572884,0,1,0,0,1223223,62720,65535,65535,65535,65535,65535,65535,65535,65535,65535,65535,65535
1685572890,0,1,0,0,1223223,62701,65535,65535,65535,65535,65535,65535,65535,65535,65535,65535,65535
1685572896,0,1,0,0,1223223,62736,65535,65535,65535,65535,65535,65535,65535,65535,65535,65535,65535
1685572902,0,1,0,0,1223223,62754,65535,65535,65535,65535,65535,65535,65535,65535,65535,65535,65535
1685572908,0,1,0,0,1223223,62731,65535,65535,65535,65535,65535,65535,65535,65535,65535,65535,65535
1685572914,0,1,0,0,1223223,63178,65535,65535,65535,65535,65535,65535,65535,65535,65535,65535,65535
1685572920,0,1,0,0,1223223,62755,65535,65535,65535,65535,65535,65535,65535,65535,65535,65535,65535
1685572926,0,1,0,0,1223223,62785,65535,65535,65535,65535,65535,65535,65535,65535,65535,65535,65535
1685572932,0,1,0,0,1223223,62741,65535,65535,65535,65535,65535,65535,65535,65535,65535,65535,65535
1685572938,0,1,0,0,1223223,62800,65535,65535,65535,65535,65535,65535,65535,65535,65535,65535,65535
1685572944,0,1,0,0,1223223,62785,65535,65535,65535,65535,65535,65535,65535,65535,65535,65535,65535
1685572950,0,1,0,0,1223223,62785,65535,65535,65535,65535,65535,65535,65535,65535,65535,65535,65535
1685572956,0,1,0,0,1223223,62800,65535,65535,65535,65535,65535,65535,65535,65535,65535,65535,65535
1685572962,0,1,0,0,1223223,62811,65535,65535,65535,65535,65535,65535,65535,65535,65535,65535,65535
1685572968,0,1,0,0,1223223,62847,65535,65535,65535,65535,65535,65535,65535,65535,65535,65535,65535
1685572974,0,1,0,0,1223223,62869,65535,65535,65535,65535,65535,65535,65535,65535,65535,65535,65535
1685572980,0,1,0,0,1223223,63317,65535,65535,65535,65535,65535,65535,65535,65535,65535,65535,65535
1685572986,0,1,0,0,1223223,62897,65535,65535,65535,65535,65535,65535,65535,65535,65535,65535,65535
1685572992,0,1,0,0,1223223,62903,65535,65535,65535,65535,65535,65535,65535,65535,65535,65535,65535
1685572998,0,1,0,0,1223223,62893,65535,65535,65535,65535,65535,65535,65535,65535,65535,65535,65535
1685573004,0,1,0,0,1223223,62861,65535,65535,65535,65535,65535,65535,65535,65535,65535,65535,65535
1685573010,0,1,0,0,1223223,62846,65535,65535,65535,65535,65535,65535,65535,65535,65535,65535,65535
1685573016,0,1,0,0,1223223,62862,65535,65535,65535,65535,65535,65535,65535,65535,65535,65535,65535
1685573022,0,1,0,0,1223223,62818,65535,65535,65535,65535,65535,65535,65535,65535,65535,65535,65535
1685573028,0,1,0,0,1223223,62830,65535,65535,65535,65535,65535,65535,65535,65535,65535,65535,65535
1685573034,0,1,0,0,1223223,62851,65535,65535,65535,65535,65535,65535,65535,65535,65535,65535,65535
1685573040,0,1,0,0,1223223,62856,65535,65535,65535,65535,65535,65535,65535,65535,65535,65535,65535
1685573046,0,1,0,0,1223223,63281,65535,65535,65535,65535,65535,65535,65535,65535,65535,65535,65535
1685573052,0,1,0,0,1223223,62889,65535,65535,65535,65535,65535,65535,65535,65535,65535,65535,65535
1685573058,0,1,0,0,1223223,62960,65535,65535,65535,65535,65535,65535,65535,65535,65535,65535,65535
1685573064,0,1,0,0,1223223,63003,65535,65535,65535,65535,65535,65535,65535,65535,65535,65535,65535
1685573070,0,1,0,0,1223223,63076,65535,65535,65535,65535,65535,65535,65535,65535,65535,65535,65535
1685573076,0,1,0,0,1223223,63150,65535,65535,65535,65535,65535,65535,65535,65535,65535,65535,65535
1685573082,0,1,0,0,1223223,63186,65535,65535,65535,65535,65535,65535,65535,65535,65535,65535,65535
1685573088,0,1,0,0,1223223,63237,65535,65535,65535,65535,65535,65535,65535,65535,65535,65535,65535
1685573094,0,1,0,0,1223223,63257,65535,65535,65535,65535,65535,65535,65535,65535,65535,65535,65535
1685573100,0,1,0,0,1223223,63295,65535,65535,65535,65535,65535,65535,65535,65535,65535,65535,65535
1685573106,0,1,0,0,1223223,63328,65535,65535,65535,65535,65535,65535,65535,65535,65535,65535,65535
1685573112,0,1,0,0,1223223,63372,65535,65535,65535,65535,65535,65535,65535,65535,65535,65535,65535
1685573118,0,1,0,0,1223223,63417,65535,65535,65535,65535,65535,65535,65535,65535,65535,65535,65535
1685573124,0,1,0,0,1223223,63415,65535,65535,65535,65535,65535,65535,65535,65535,65535,65535,65535
1685573130,0,1,0,0,1223223,63447,65535,65535,65535,65535,65535,65535,65535,65535,65535,65535,65535
1685573136,0,1,0,0,1223223,63480,65535,65535,65535,65535,65535,65535,65535,65535,65535,65535,65535
1685573142,0,1,0,0,1223223,63510,65535,65535,65535,65535,65535,65535,65535,65535,65535,65535,65535
1685573148,0,1,0,0,1223223,63568,65535,65535,65535,65535,65535,65535,65535,65535,65535,65535,65535
1685573154,0,1,0,0,1223223,63564,65535,65535,65535,65535,65535,65535,65535,65535,65535,65535,65535
1685573160,0,1,0,0,1223223,63618,65535,65535,65535,65535,65535,65535,65535,65535,65535,65535,65535
1685573166,0,1,0,0,1223223,63611,65535,65535,65535,65535,65535,65535,65535,65535,65535,65535,65535
1685573172,0,1,0,0,1223223,63641,65535,65535,65535,65535,65535,65535,65535,65535,65535,65535,65535
1685573178,0,1,0,0,1223223,63677,65535,65535,65535,65535,65535,65535,65535,65535,65535,65535,65535
1685573184,0,1,0,0,1223223,63744,65535,65535,65535,65535,65535,65535,65535,65535,65535,65535,65535
1685573190,0,1,0,0,1223223,63743,65535,65535,65535,65535,65535,65535,65535,65535,65535,65535,65535
1685573196,0,1,0,0,1223223,63636,65535,65535,65535,65535,65535,65535,65535,65535,65535,65535,65535
1685573202,0,1,0,0,1223223,63755,65535,65535,65535,65535,65535,65535,65535,65535,65535,65535,65535
1685573208,0,1,0,0,1223223,63821,65535,65535,65535,65535,65535,65535,65535,65535,65535,65535,65535
1685573214,0,1,0,0,1223223,63933,65535,65535,65535,65535,65535,65535,65535,65535,65535,65535,65535
1685573220,0,1,0,0,1223223,63923,65535,65535,65535,65535,65535,65535,65535,65535,65535,65535,65535
1685573226,0,1,0,0,1223223,63960,65535,65535,65535,65535,65535,65535,65535,65535,65535,65535,65535
1685573232,0,1,0,0,1223223,64036,65535,65535,65535,65535,65535,65535,65535,65535,65535,65535,65535
1685573238,0,1,0,0,1223223,64105,65535,65535,65535,65535,65535,65535,65535,65535,65535,65535,65535
1685573244,0,1,0,0,1223223,64621,65535,65535,65535,65535,65535,65535,65535,65535,65535,65535,65535
1685573250,0,1,0,0,1223223,64193,65535,65535,65535,65535,65535,65535,65535,65535,65535,65535,65535
1685573256,0,1,0,0,1223223,64204,65535,65535,65535,65535,65535,65535,65535,65535,65535,65535,65535
1685573262,0,1,0,0,1223223,64238,65535,65535,65535,65535,65535,65535,65535,65535,65535,65535,65535
1685573268,0,1,0,0,1223223,64288,65535,65535,65535,65535,65535,65535,65535,65535,65535,65535,65535
1685573274,0,1,0,0,1223223,64334,65535,65535,65535,65535,65535,65535,65535,65535,65535,65535,65535
1685573280,0,1,0,0,1223223,64420,65535,65535,65535,65535,65535,65535,65535,65535,65535,65535,65535
1685573286,0,1,0,0,1223223,64431,65535,65535,65535,65535,65535,65535,65535,65535,65535,65535,65535
1685573292,0,1,0,0,1223223,64537,65535,65535,65535,65535,65535,65535,65535,65535,65535,65535,65535
1685573298,0,1,0,0,1223223,64590,65535,65535,65535,65535,65535,65535,65535,65535,65535,65535,65535
1685573304,0,1,0,0,1223223,64608,65535,65535,65535,65535,65535,65535,65535,65535,65535,65535,65535
1685573310,0,1,0,0,1223223,64629,65535,65535,65535,65535,65535,65535,65535,65535,65535,65535,65535
1685573316,0,1,0,0,1223223,64645,65535,65535,65535,65535,65535,65535,65535,65535,65535,65535,65535
1685573322,0,1,0,0,1223223,65117,65535,65535,65535,65535,65535,65535,65535,65535,65535,65535,65535
1685573328,0,1,0,0,1223223,64591,65535,65535,65535,65535,65535,65535,65535,65535,65535,65535,65535
1685573334,0,1,0,0,1223223,64541,65535,65535,65535,65535,65535,65535,65535,65535,65535,65535,65535
1685573340,0,1,0,0,1223223,64534,65535,65535,65535,65535,65535,65535,65535,65535,65535,65535,65535
1685573346,0,1,0,0,1223223,64478,65535,65535,65535,65535,65535,65535,65535,65535,65535,65535,65535
1685573352,0,1,0,0,1223223,64440,65535,65535,65535,65535,65535,65535,65535,65535,65535,65535,65535
1685573358,0,1,0,0,1223223,64340,65535,65535,65535,65535,65535,65535,65535,65535,65535,65535,65535
1685573364,0,1,0,0,1223223,64309,65535,65535,65535,65535,65535,65535,65535,65535,65535,65535,65535
1685573370,0,1,0,0,1223223,64227,65535,65535,65535,65535,65535,65535,65535,65535,65535,65535,65535
1685573376,0,1,0,0,1223223,64176,65535,65535,65535,65535,65535,65535,65535,65535,65535,65535,65535
1685573382,0,1,0,0,1223223,64125,65535,65535,65535,65535,65535,65535,65535,65535,65535,65535,65535
1685573388,0,1,0,0,1223223,64089,65535,65535,65535,65535,65535,65535,65535,65535,65535,65535,65535
1685573394,0,1,0,0,1223223,63972,65535,65535,65535,65535,65535,65535,65535,65535,65535,65535,65535
1685573400,0,1,0,0,1223223,63903,65535,65535,65535,65535,65535,65535,65535,65535,65535,65535,65535
1685573406,0,1,0,0,1223223,63871,65535,65535,65535,65535,65535,65535,65535,65535,65535,65535,65535
1685573412,0,1,0,0,1223223,63775,65535,65535,65535,65535,65535,65535,65535,65535,65535,65535,65535
1685573418,0,1,0,0,1223223,63721,65535,65535,65535,65535,65535,65535,65535,65535,65535,65535,65535
1685573424,0,1,0,0,1223223,63622,65535,65535,65535,65535,65535,65535,65535,65535,65535,65535,65535
1685573430,0,1,0,0,1223223,63575,65535,65535,65535,65535,65535,65535,65535,65535,65535,65535,65535
1685573436,0,1,0,0,1223223,63439,65535,65535,65535,65535,65535,65535,65535,65535,65535,65535,65535
1685573442,0,1,0,0,1223223,63409,65535,65535,65535,65535,65535,65535,65535,65535,65535,65535,65535
1685573448,0,1,0,0,1223223,63374,65535,65535,65535,65535,65535,65535,65535,65535,65535,65535,65535
1685573454,0,1,0,0,1223223,63321,65535,65535,65535,65535,65535,65535,65535,65535,65535,65535,65535
1685573460,0,1,0,0,1223223,63291,65535,65535,65535,65535,65535,65535,65535,65535,65535,65535,65535
1685573466,0,1,0,0,1223223,63228,65535,65535,65535,65535,65535,65535,65535,65535,65535,65535,65535
1685573472,0,1,0,0,1223223,63178,65535,65535,65535,65535,65535,65535,65535,65535,65535,65535,65535
1685573478,0,1,0,0,1223223,63103,65535,65535,65535,65535,65535,65535,65535,65535,65535,65535,65535
1685573484,0,1,0,0,1223223,63096,65535,65535,65535,65535,65535,65535,65535,65535,65535,65535,65535
1685573490,0,1,0,0,1223223,63008,65535,65535,65535,65535,65535,65535,65535,65535,65535,65535,65535
1685573496,0,1,0,0,1223223,62980,65535,65535,65535,65535,65535,65535,65535,65535,65535,65535,65535
1685573502,0,1,0,0,1223223,62902,65535,65535,65535,65535,65535,65535,65535,65535,65535,65535,65535
1685573508,0,1,0,0,1223223,62885,65535,65535,65535,65535,65535,65535,65535,65535,65535,65535,65535
1685573514,0,1,0,0,1223223,62818,65535,65535,65535,65535,65535,65535,65535,65535,65535,65535,65535
1685573520,0,1,0,0,1223223,62804,65535,65535,65535,65535,65535,65535,65535,65535,65535,65535,65535
1685573526,0,1,0,0,1223223,62779,65535,65535,65535,65535,65535,65535,65535,65535,65535,65535,65535
1685573532,0,1,0,0,1223223,62700,65535,65535,65535,65535,65535,65535,65535,65535,65535,65535,65535
1685573538,0,1,0,0,1223223,62675,65535,65535,65535,65535,65535,65535,65535,65535,65535,65535,65535
1685573544,0,1,0,0,1223223,62642,65535,65535,65535,65535,65535,65535,65535,65535,65535,65535,65535
1685573550,0,1,0,0,1223223,62580,65535,65535,65535,65535,65535,65535,65535,65535,65535,65535,65535
1685573556,0,1,0,0,1223223,62578,65535,65535,65535,65535,65535,65535,65535,65535,65535,65535,65535
1685573562,0,1,0,0,1223223,62516,65535,65535,65535,65535,65535,65535,65535,65535,65535,65535,65535
1685573568,0,1,0,0,1223223,62522,65535,65535,65535,65535,65535,65535,65535,65535,65535,65535,65535
1685573574,0,1,0,0,1223223,62462,65535,65535,65535,65535,65535,65535,65535,65535,65535,65535,65535
1685573580,0,1,0,0,1223223,62404,65535,65535,65535,65535,65535,65535,65535,65535,65535,65535,65535
1685573586,0,1,0,0,1223223,62380,65535,65535,65535,65535,65535,65535,65535,65535,65535,65535,65535
1685573592,0,1,0,0,1223223,62402,65535,65535,65535,65535,65535,65535,65535,65535,65535,65535,65535
1685573598,0,1,0,0,1223223,62307,65535,65535,65535,65535,65535,65535,65535,65535,65535,65535,65535
1685573604,0,1,0,0,1223223,62284,65535,65535,65535,65535,65535,65535,65535,65535,65535,65535,65535
1685573610,0,1,0,0,1223223,62258,65535,65535,65535,65535,65535,65535,65535,65535,65535,65535,65535
1685573616,0,1,0,0,1223223,62182,65535,65535,65535,65535,65535,65535,65535,65535,65535,65535,65535
1685573622,0,1,0,0,1223223,62212,65535,65535,65535,65535,65535,65535,65535,65535,65535,65535,65535
1685573628,0,1,0,0,1223223,62178,65535,65535,65535,65535,65535,65535,65535,65535,65535,65535,65535
1685573634,0,1,0,0,1223223,62205,65535,65535,65535,65535,65535,65535,65535,65535,65535,65535,65535
1685573640,0,1,0,0,1223223,62184,65535,65535,65535,65535,65535,65535,65535,65535,65535,65535,65535
1685573646,0,1,0,0,1223223,62206,65535,65535,65535,65535,65535,65535,65535,65535,65535,65535,65535
1685573652,0,1,0,0,1223223,62157,65535,65535,65535,65535,65535,65535,65535,65535,65535,65535,65535
1685573658,0,1,0,0,1223223,62160,65535,65535,65535,65535,65535,65535,65535,65535,65535,65535,65535
1685573664,0,1,0,0,1223223,62206,65535,65535,65535,65535,65535,65535,65535,65535,65535,65535,65535
1685573670,0,1,0,0,1223223,62122,65535,65535,65535,65535,65535,65535,65535,65535,65535,65535,65535
1685573676,0,1,0,0,1223223,62164,65535,65535,65535,65535,65535,65535,65535,65535,65535,65535,65535
1685573682,0,1,0,0,1223223,62072,65535,65535,65535,65535,65535,65535,65535,65535,65535,65535,65535
1685573688,0,1,0,0,1223223,62058,65535,65535,65535,65535,65535,65535,65535,65535,65535,65535,65535
1685573694,0,1,0,0,1223223,62006,65535,65535,65535,65535,65535,65535,65535,65535,65535,65535,65535
1685573700,0,1,0,0,1223223,61942,65535,65535,65535,65535,65535,65535,65535,65535,65535,65535,65535
1685573706,0,1,0,0,1223223,61867,65535,65535,65535,65535,65535,65535,65535,65535,65535,65535,65535
1685573712,0,1,0,0,1223223,61841,65535,65535,65535,65535,65535,65535,65535,65535,65535,65535,65535
1685573718,0,1,0,0,1223223,61859,65535,65535,65535,65535,65535,65535,65535,65535,65535,65535,65535
1685573724,0,1,0,0,1223223,61777,65535,65535,65535,65535,65535,65535,65535,65535,65535,65535,65535
1685573730,0,1,0,0,1223223,61789,65535,65535,65535,65535,65535,65535,65535,65535,65535,65535,65535
1685573736,0,1,0,0,1223223,61846,65535,65535,65535,65535,65535,65535,65535,65535,65535,65535,65535
1685573742,0,1,0,0,1223223,61833,65535,65535,65535,65535,65535,65535,65535,65535,65535,65535,65535
1685573748,0,1,0,0,1223223,61894,65535,65535,65535,65535,65535,65535,65535,65535,65535,65535,65535
1685573754,0,1,0,0,1223223,61947,65535,65535,65535,65535,65535,65535,65535,65535,65535,65535,65535
1685573760,0,1,0,0,1223223,61954,65535,65535,65535,65535,65535,65535,65535,65535,65535,65535,65535
1685573766,0,1,0,0,1223223,62116,65535,65535,65535,65535,65535,65535,65535,65535,65535,65535,65535
1685573772,0,1,0,0,1223223,62172,65535,65535,65535,65535,65535,65535,65535,65535,65535,65535,65535
1685573778,0,1,0,0,1223223,62221,65535,65535,65535,65535,65535,65535,65535,65535,65535,65535,65535
1685573784,0,1,0,0,1223223,62409,65535,65535,65535,65535,65535,65535,65535,65535,65535,65535,65535
1685573790,0,1,0,0,1223223,62527,65535,65535,65535,65535,65535,65535,65535,65535,65535,65535,65535
1685573796,0,1,0,0,1223223,62714,65535,65535,65535,65535,65535,65535,65535,65535,65535,65535,65535
1685573802,0,1,0,0,1223223,62835,65535,65535,65535,65535,65535,65535,65535,65535,65535,65535,65535
1685573808,0,1,0,0,1223223,62950,65535,65535,65535,65535,65535,65535,65535,65535,65535,65535,65535
1685573814,0,1,0,0,1223223,63104,65535,65535,65535,65535,65535,65535,65535,65535,65535,65535,65535
1685573820,0,1,0,0,1223223,63198,65535,65535,65535,65535,65535,65535,65535,65535,65535,65535,65535
1685573826,0,1,0,0,1223223,63355,65535,65535,65535,65535,65535,65535,65535,65535,65535,65535,65535
1685573832,0,1,0,0,1223223,63907,65535,65535,65535,65535,65535,65535,65535,65535,65535,65535,65535
1685573838,0,1,0,0,1223223,63648,65535,65535,65535,65535,65535,65535,65535,65535,65535,65535,65535
1685573844,0,1,0,0,1223223,63830,65535,65535,65535,65535,65535,65535,65535,65535,65535,65535,65535
1685573850,0,1,0,0,1223223,64071,65535,65535,65535,65535,65535,65535,65535,65535,65535,65535,65535
1685573856,0,1,0,0,1223223,64316,65535,65535,65535,65535,65535,65535,65535,65535,65535,65535,65535
1685573862,0,1,0,0,1223223,64515,65535,65535,65535,65535,65535,65535,65535,65535,65535,65535,65535
1685573868,0,1,0,0,1223223,64660,65535,65535,65535,65535,65535,65535,65535,65535,65535,65535,65535
1685573874,0,1,0,0,1223223,64881,65535,65535,65535,65535,65535,65535,65535,65535,65535,65535,65535
1685573880,0,1,0,0,1223223,64979,65535,65535,65535,65535,65535,65535,65535,65535,65535,65535,65535
1685573886,0,1,0,0,1223223,65535,65535,65535,65535,65535,65535,65535,65535,65535,65535,65535,65535
1685573892,0,1,0,0,1223223,65270,65535,65535,65535,65535,65535,65535,65535,65535,65535,65535,65535
1685573898,0,1,0,0,1223223,65366,65535,65535,65535,65535,65535,65535,65535,65535,65535,65535,65535
1685573904,0,1,0,0,1223223,65527,65535,65535,65535,65535,65535,65535,65535,65535,65535,65535,65535
1685573910,0,1,0,0,1223223,65535,65535,65535,65535,65535,65535,65535,65535,65535,65535,65535,65535
1685573916,0,1,0,0,1223223,65535,65535,65535,65535,65535,65535,65535,65535,65535,65535,65535,65535
1685573922,0,1,0,0,1223223,65535,65535,65535,65535,65535,65535,65535,65535,65535,65535,65535,65535
1685573928,0,1,0,0,1223223,65535,65535,65535,65535,65535,65535,65535,65535,65535,65535,65535,65535
1685573934,0,1,0,0,1223223,65535,65535,65535,65535,65535,65535,65535,65535,65535,65535,65535,65535
1685573940,0,1,0,0,1223223,65535,65535,65535,65535,65535,65535,65535,65535,65535,65535,65535,65535
1685573946,0,1,0,0,1223223,65535,65535,65535,65535,65535,65535,65535,65535,65535,65535,65535,65535
1685573952,0,1,0,0,1223223,65535,65535,65535,65535,65535,65535,65535,65535,65535,65535,65535,65535
1685573958,0,1,0,0,1223223,65535,65535,65535,65535,65535,65535,65535,65535,65535,65535,65535,65535
1685573964,0,1,0,0,1223223,65535,65535,65535,65535,65535,65535,65535,65535,65535,65535,65535,65535
1685573970,0,1,0,0,1223223,65535,65535,65535,65535,65535,65535,65535,65535,65535,65535,65535,65535
1685573976,0,1,0,0,1223223,65535,65535,65535,65535,65535,65535,65535,65535,65535,65535,65535,65535
1685573982,0,1,0,0,1223223,65535,65535,65535,65535,65535,65535,65535,65535,65535,65535,65535,65535
1685573988,0,1,0,0,1223223,65535,65535,65535,65535,65535,65535,65535,65535,65535,65535,65535,65535
1685573994,0,1,0,0,1223223,65535,65535,65535,65535,65535,65535,65535,65535,65535,65535,65535,65535
