Timestamp,Amber,White,On,Override,Intensity,AS00,AS01,AS02,AS03,AS04,AS05,AS06,AS07,AS08,AS09,AS10,AS11
1685534400,0,1,1,0,1320,3474,8129,11324,20531,65535,8260,31677,43424,56194,33893,65535,8266
1685534406,0,1,1,0,1320,3478,8140,11331,20542,65535,8276,31694,43435,56230,33925,65535,8285
1685534412,0,1,1,0,1320,3483,8148,11350,20555,65535,8298,31699,43455,56229,33930,65535,8308
1685534418,0,1,1,0,1321,3488,8150,11349,20560,65535,8316,31700,43451,56224,33942,65535,8326
1685534424,0,1,1,0,1321,3493,8161,11355,20560,65535,8342,31706,43436,56224,33954,65535,8346
1685534430,0,1,1,0,1321,3497,8171,11363,20576,65535,8356,31707,43458,56233,33962,65535,8368
1685534436,0,1,1,0,1321,3502,8171,11370,20580,65535,8378,31713,43455,56229,33961,65535,8385
1685534442,0,1,1,0,1321,3507,8180,11381,20591,65535,8402,31721,43463,56276,33979,65535,8407
1685534448,0,1,1,0,1321,3511,8186,11399,20605,65535,8420,31725,43471,56257,34001,65535,8430
1685534454,0,1,1,0,1321,3517,8197,11400,20612,65535,8442,31736,43478,56286,34015,65535,8452
1685534460,0,1,1,0,1321,3523,8205,11413,20631,65535,8466,31748,43493,56273,34034,65535,8476
1685534466,0,1,1,0,1322,3529,8216,11430,20643,65535,8500,31763,43510,56286,34040,65535,8504
1685534472,0,1,1,0,1322,3536,8227,11433,20657,65535,8524,31781,43534,56299,34081,65535,8536
1685534478,0,1,1,0,1322,3542,8238,11453,20669,65535,8554,31791,43546,56318,34107,65535,8566
1685534484,0,1,1,0,1322,3548,8248,11471,20677,65535,8590,31799,43576,56368,34129,65535,8602
1685534490,0,1,1,0,1322,3553,8258,11478,20700,65535,8618,31812,43569,56359,34152,65535,8630
1685534496,0,1,1,0,1322,3562,8269,11494,20714,65535,8656,31822,43584,56398,34176,65535,8666
1685534502,0,1,1,0,1323,3571,8281,11510,20735,65535,8690,31842,43584,56413,34202,65535,8702
1685534508,0,1,1,0,1323,3577,8290,11521,20744,65535,8720,31856,43602,56428,34220,65535,8733
1685534514,0,1,1,0,1323,3583,8303,11539,20771,65535,8760,31876,43630,56460,34261,65535,8770
1685534520,0,1,1,0,1323,3590,8315,11558,20774,65535,8784,31891,43641,56482,34283,65535,8794
1685534526,0,1,1,0,1323,3596,8318,11561,20784,65535,8814,31898,43655,56492,34299,65535,8830
1685534532,0,1,1,0,1324,3604,8332,11575,20799,65535,8844,31904,43670,56508,34317,65535,8854
1685534538,0,1,1,0,1324,3610,8341,11588,20813,65535,8880,31914,43671,56524,34346,65535,8894
1685534544,0,1,1,0,1324,3618,8352,11603,20827,65535,8914,31957,43697,56571,34373,65535,8932
1685534550,0,1,1,0,1324,3624,8364,11618,20834,65535,8948,31949,43700,56556,34399,65535,8964
1685534556,0,1,1,0,1324,3634,8375,11638,20865,65535,8986,31965,43715,56591,34431,65535,8994
1685534562,0,1,1,0,1324,3641,8388,11651,20873,65535,9016,31981,43736,56588,34458,65535,9032
1685534568,0,1,1,0,1325,3647,8397,11664,20889,65535,9044,31988,43742,56612,34478,65535,9062
1685534574,0,1,1,0,1325,3650,8403,11661,20890,65535,9068,31993,43745,56655,34499,65535,9086
1685534580,0,1,1,0,1325,3658,8411,11681,20908,65535,9104,32002,43742,56634,34503,65535,9120
1685534586,0,1,1,0,1325,3664,8418,11683,20904,65535,9130,31998,43730,56584,34505,65535,9148
1685534592,0,1,1,0,1325,3669,8427,11699,20926,65535,9168,32017,43766,56639,34529,65535,9176
1685534598,0,1,1,0,1325,3677,8440,11718,20941,65535,9202,32032,43776,56667,34554,65535,9214
1685534604,0,1,1,0,1325,3683,8447,11727,20954,65535,9232,32031,43766,56672,34565,65535,9244
1685534610,0,1,1,0,1330,3689,8460,11737,20965,65535,9268,32055,43781,56683,34591,65535,9276
1685534616,0,1,1,0,1330,3697,8468,11749,20982,65535,9298,32055,43782,56710,34609,65535,9310
1685534622,0,1,1,0,1330,3703,8479,11753,20995,65535,9328,32062,43791,56725,34632,65535,9340
1685534628,0,1,1,0,1330,3712,8491,11783,21018,65535,9366,32080,43827,56715,34664,65535,9380
1685534634,0,1,1,0,1330,3718,8501,11789,21020,65535,9398,32090,43811,56729,34677,65535,9406
1685534640,0,1,1,0,1330,3727,8514,11806,21034,65535,9426,32105,43829,56753,34713,65535,9442
1685534646,0,1,1,0,1331,3733,8522,11818,21054,65535,9458,32118,43851,56800,34737,65535,9478
1685534652,0,1,1,0,1331,3739,8535,11830,21063,65535,9492,32125,43860,56774,34748,65535,9504
1685534658,0,1,1,0,1331,3748,8545,11844,21088,65535,9524,32141,43863,56805,34781,65535,9540
1685534664,0,1,1,0,1331,3755,8559,11860,21103,65535,9562,32151,43892,56806,34811,65535,9572
1685534670,0,1,1,0,1331,3762,8565,11872,21099,65535,9590,32165,43905,56860,34838,65535,9606
1685534676,0,1,1,0,1331,3767,8573,11883,21120,65535,9620,32169,43908,56842,34844,65535,9634
1685534682,0,1,1,0,1332,3775,8588,11901,21143,65535,9654,32192,43923,56898,34878,65535,9670
1685534688,0,1,1,0,1332,3782,8597,11912,21164,65535,9682,32206,43925,56884,34894,65535,9694
1685534694,0,1,1,0,1332,3789,8608,11924,21171,65535,9712,32211,43942,56912,34929,65535,9724
1685534700,0,1,1,0,1332,3796,8619,11941,21180,65535,9736,32226,43966,56938,34950,65535,9750
1685534706,0,1,1,0,1332,3803,8633,11957,21207,65535,9766,32246,43991,56959,34964,65535,9782
1685534712,0,1,1,0,1332,3811,8643,11967,21210,65535,9798,32264,44005,56978,34987,65535,9808
1685534718,0,1,1,0,1333,3819,8652,11976,21228,65535,9824,32275,44005,56995,35010,65535,9842
1685534724,0,1,1,0,1333,3826,8664,11995,21247,65535,9854,32287,44011,57006,35053,65535,9872
1685534730,0,1,1,0,1333,3832,8673,12004,21257,65535,9876,32293,44018,56994,35049,65535,9892
1685534736,0,1,1,0,1333,3836,8680,12012,21262,65535,9901,32307,44029,57017,35074,65535,9918
1685534742,0,1,1,0,1333,3841,8687,12025,21287,65535,9916,32313,44057,57026,35069,65535,9934
1685534748,0,1,1,0,1334,3847,8696,12028,21281,65535,9938,32322,44074,57010,35082,65535,9952
1685534754,0,1,1,0,1334,3852,8704,12038,21298,65535,9962,32325,44062,57051,35080,65535,9974
1685534760,0,1,1,0,1334,3859,8713,12061,21313,65535,9984,32347,44085,57065,35116,65535,9998
1685534766,0,1,1,0,1334,3864,8720,12063,21316,65535,10010,32350,44089,57068,35139,65535,10018
1685534772,0,1,1,0,1334,3871,8730,12080,21344,65535,10026,32357,44085,57094,35130,65535,10040
1685534778,0,1,1,0,1334,3877,8740,12085,21338,65535,10050,32361,44106,57107,35146,65535,10064
1685534784,0,1,1,0,1335,3883,8749,12097,21351,65535,10072,32381,44111,57092,35163,65535,10086
1685534790,0,1,1,0,1335,3889,8757,12104,21363,65535,10100,32395,44124,57134,35183,65535,10114
1685534796,0,1,1,0,1335,3893,8762,12117,21365,65535,10128,32379,44098,57088,35180,65535,10138
1685534802,0,1,1,0,1335,3900,8770,12129,21376,65535,10146,32392,44096,57065,35188,65535,10158
1685534808,0,1,1,0,1335,3906,8780,12135,21386,65535,10178,32402,44124,57130,35194,65535,10184
1685534814,0,1,1,0,1335,3912,8787,12140,21398,65535,10198,32403,44088,57091,35199,65535,10216
1685534820,0,1,1,0,1335,3918,8800,12163,21413,65535,10225,32414,44119,57142,35220,65535,10238
1685534826,0,1,1,0,1340,3926,8807,12170,21424,65535,10260,32430,44137,57149,35238,65535,10266
1685534832,0,1,1,0,1340,3932,8816,12177,21432,65535,10283,32435,44141,57168,35248,65535,10298
1685534838,0,1,1,0,1340,3938,8829,12190,21451,65535,10312,32455,44163,57167,35295,65535,10320
1685534844,0,1,1,0,1340,3947,8839,12212,21471,65535,10348,32466,44172,57185,35295,65535,10358
1685534850,0,1,1,0,1340,3955,8852,12229,21483,65535,10368,32482,44179,57232,35316,65535,10388
1685534856,0,1,1,0,1340,3961,8859,12230,21491,65535,10408,32490,44209,57213,35331,65535,10418
1685534862,0,1,1,0,1341,3968,8877,12254,21511,65535,10440,32509,44214,57270,35377,65535,10446
1685534868,0,1,1,0,1341,3974,8882,12267,21530,65535,10466,32508,44212,57271,35382,65535,10479
1685534874,0,1,1,0,1341,3983,8894,12274,21537,65535,10490,32531,44235,57292,35386,65535,10504
1685534880,0,1,1,0,1341,3990,8905,12297,21552,65535,10520,32537,44235,57302,35420,65535,10532
1685534886,0,1,1,0,1342,3999,8917,12316,21569,65535,10546,32564,44254,57301,35441,65535,10560
1685534892,0,1,1,0,1342,4005,8927,12323,21582,65535,10574,32571,44268,57335,35448,65535,10588
1685534898,0,1,1,0,1342,4013,8940,12336,21597,65535,10604,32596,44291,57343,35471,65535,10622
1685534904,0,1,1,0,1342,4021,8955,12347,21606,65535,10634,32595,44285,57344,35479,65535,10642
1685534910,0,1,1,0,1342,4030,8966,12366,21632,65535,10666,32616,44319,57410,35520,65535,10671
1685534916,0,1,1,0,1343,4035,8974,12384,21645,65535,10692,32646,44332,57426,35534,65535,10708
1685534922,0,1,1,0,1343,4042,8988,12399,21661,65535,10726,32648,44380,57448,35565,65535,10740
1685534928,0,1,1,0,1343,4051,8997,12413,21672,65535,10750,32676,44394,57472,35576,65535,10766
1685534934,0,1,1,0,1343,4056,9004,12425,21682,65535,10770,32660,44359,57464,35583,65535,10784
1685534940,0,1,1,0,1343,4065,9016,12442,21709,65535,10806,32687,44382,57459,35616,65535,10816
1685534946,0,1,1,0,1344,4072,9033,12447,21725,65535,10828,32700,44401,57504,35604,65535,10842
1685534952,0,1,1,0,1344,4079,9039,12467,21730,65535,10852,32701,44390,57479,35631,65535,10866
1685534958,0,1,1,0,1344,4086,9055,12482,21741,65535,10888,32721,44430,57540,35656,65535,10904
1685534964,0,1,1,0,1344,4095,9067,12499,21760,65535,10910,32736,44432,57557,35681,65535,10922
1685534970,0,1,1,0,1344,4103,9076,12504,21783,65535,10948,32751,44444,57568,35703,65535,10956
1685534976,0,1,1,0,1344,4105,9075,12513,21759,65535,10952,32718,44396,57491,35698,65535,10972
1685534982,0,1,1,0,1345,4112,9085,12520,21777,65535,10994,32747,44420,57507,35700,65535,11010
1685534988,0,1,1,0,1345,4126,9106,12552,21808,65535,11034,32771,44471,57552,35734,65535,11048
1685534994,0,1,1,0,1345,4133,9120,12568,21833,65535,11060,32781,44465,57583,35757,65535,11072
1685535000,0,1,1,0,1345,4140,9132,12568,21839,65535,11086,32782,44459,57549,35770,65535,11100
1685535006,0,1,1,0,1345,4150,9143,12597,21857,65535,11114,32796,44463,57595,35774,65535,11134
1685535012,0,1,1,0,1345,4155,9154,12599,21863,65535,11140,32792,44447,57565,35782,65535,11154
1685535018,0,1,1,0,1350,4163,9158,12612,21871,65535,11168,32800,44450,57573,35799,65535,11190
1685535024,0,1,1,0,1350,4172,9173,12629,21899,65535,11196,32816,44473,57599,35800,65535,11214
1685535030,0,1,1,0,1350,4180,9184,12640,21910,65535,11225,32827,44471,57564,35836,65535,11240
1685535036,0,1,1,0,1350,4189,9198,12657,21931,65535,11264,32845,44503,57582,35859,65535,11270
1685535042,0,1,1,0,1350,4198,9211,12669,21941,65535,11286,32841,44467,57566,35865,65535,11300
1685535048,0,1,1,0,1351,4207,9225,12689,21961,65535,11322,32870,44504,57635,35904,65535,11334
1685535054,0,1,1,0,1351,4218,9242,12704,21985,65535,11358,32890,44526,57673,35936,65535,11380
1685535060,0,1,1,0,1351,4226,9254,12727,22000,65535,11396,32908,44537,57683,35954,65535,11408
1685535066,0,1,1,0,1351,4235,9270,12747,22018,65535,11436,32913,44536,57678,35971,65535,11456
1685535072,0,1,1,0,1351,4244,9279,12750,22027,65535,11466,32919,44542,57660,35987,65535,11488
1685535078,0,1,1,0,1352,4249,9287,12765,22041,65535,11504,32933,44553,57721,36006,65535,11518
1685535084,0,1,1,0,1352,4261,9305,12793,22066,65535,11548,32948,44562,57691,36035,65535,11564
1685535090,0,1,1,0,1352,4272,9324,12814,22093,65535,11588,32979,44578,57729,36073,65535,11604
1685535096,0,1,1,0,1352,4283,9337,12827,22112,65535,11628,32988,44583,57733,36092,65535,11653
1685535102,0,1,1,0,1353,4294,9353,12846,22129,65535,11678,32995,44589,57766,36112,65535,11690
1685535108,0,1,1,0,1353,4305,9371,12876,22152,65535,11720,33022,44621,57812,36162,65535,11736
1685535114,0,1,1,0,1353,4315,9385,12885,22187,65535,11756,33038,44621,57815,36175,65535,11770
1685535120,0,1,1,0,1353,4325,9395,12905,22196,65535,11792,33057,44640,57814,36206,65535,11806
1685535126,0,1,1,0,1354,4334,9414,12930,22211,65535,11820,33072,44651,57836,36229,65535,11834
1685535132,0,1,1,0,1354,4348,9431,12950,22243,65535,11862,33097,44673,57897,36273,65535,11879
1685535138,0,1,1,0,1354,4354,9442,12962,22251,65535,11894,33096,44674,57885,36276,65535,11908
1685535144,0,1,1,0,1354,4362,9454,12980,22270,65535,11936,33118,44698,57909,36305,65535,11946
1685535150,0,1,1,0,1354,4373,9470,12995,22303,65535,11974,33139,44706,57938,36327,65535,11983
1685535156,0,1,1,0,1355,4373,9466,13000,22298,65535,12014,33153,44731,57976,36356,65535,12032
1685535162,0,1,1,0,1355,4390,9500,13038,22332,65535,12058,33161,44734,57954,36380,65535,12073
1685535168,0,1,1,0,1355,4400,9513,13052,22349,65535,12104,33194,44784,57994,36423,65535,12110
1685535174,0,1,1,0,1400,4411,9526,13065,22368,65535,12144,33207,44774,58018,36443,65535,12156
1685535180,0,1,1,0,1400,4421,9542,13086,22392,65535,12185,33205,44772,57983,36457,65535,12204
1685535186,0,1,1,0,1400,4434,9560,13106,22413,65535,12230,33233,44802,58020,36499,65535,12244
1685535192,0,1,1,0,1400,4440,9566,13120,22428,65535,12270,33254,44818,58044,36540,65535,12286
1685535198,0,1,1,0,1401,4451,9584,13138,22450,65535,12318,33254,44782,58037,36539,65535,12334
1685535204,0,1,1,0,1401,4463,9604,13160,22481,65535,12371,33280,44815,58064,36581,65535,12382
1685535210,0,1,1,0,1401,4472,9613,13175,22486,65535,12411,33287,44834,58083,36593,65535,12440
1685535216,0,1,1,0,1401,4485,9638,13209,22524,65535,12464,33322,44859,58125,36644,65535,12483
1685535222,0,1,1,0,1402,4499,9660,13231,22544,65535,12512,33342,44887,58145,36674,65535,12529
1685535228,0,1,1,0,1402,4509,9670,13242,22566,65535,12566,33364,44909,58178,36711,65535,12579
1685535234,0,1,1,0,1402,4520,9688,13273,22591,65535,12612,33389,44923,58200,36747,65535,12632
1685535240,0,1,1,0,1403,4530,9702,13286,22607,65535,12673,33416,44950,58228,36788,65535,12683
1685535246,0,1,1,0,1403,4542,9723,13318,22633,65535,12724,33429,44942,58252,36814,65535,12734
1685535252,0,1,1,0,1403,4555,9743,13335,22665,65535,12774,33461,45001,58295,36861,65535,12790
1685535258,0,1,1,0,1403,4565,9751,13367,22684,65535,12822,33481,45011,58295,36909,65535,12837
1685535264,0,1,1,0,1404,4574,9771,13381,22702,65535,12872,33501,45010,58318,36914,65535,12890
1685535270,0,1,1,0,1404,4586,9784,13396,22723,65535,12928,33508,45029,58315,36944,65535,12945
1685535276,0,1,0,0,112,1584,2391,3017,3185,14593,6606,2755,2603,3468,4595,14588,6610
1685535282,0,1,0,0,112,1598,2412,3041,3212,14710,6666,2780,2627,3500,4637,14720,6670
1685535288,0,1,0,0,113,1609,2427,3061,3234,14821,6724,2800,2648,3529,4671,14833,6728
1685535294,0,1,0,0,113,1621,2448,3088,3264,14963,6786,2825,2672,3560,4714,14967,6796
1685535300,0,1,0,0,114,1634,2467,3109,3290,15095,6854,2850,2697,3587,4757,15103,6856
1685535306,0,1,0,0,114,1647,2485,3135,3319,15229,6924,2873,2723,3622,4799,15237,6927
1685535312,0,1,0,0,114,1660,2507,3160,3346,15371,6990,2901,2749,3657,4842,15383,6994
1685535318,0,1,0,0,115,1673,2525,3187,3374,15501,7052,2925,2773,3685,4881,15500,7054
1685535324,0,1,0,0,115,1687,2544,3211,3401,15619,7115,2950,2795,3719,4923,15625,7114
1685535330,0,1,0,0,115,1699,2564,3236,3429,15755,7170,2975,2821,3753,4965,15753,7175
1685535336,0,1,0,0,120,1713,2584,3263,3457,15882,7234,3001,2846,3788,5008,15894,7240
1685535342,0,1,0,0,120,1727,2604,3288,3487,16026,7304,3027,2873,3820,5054,16026,7304
1685535348,0,1,0,0,121,1741,2623,3313,3514,16151,7366,3053,2897,3854,5097,16163,7369
1685535354,0,1,0,0,121,1753,2643,3337,3541,16278,7438,3078,2923,3887,5140,16295,7438
1685535360,0,1,0,0,121,1768,2664,3365,3573,16437,7506,3106,2949,3924,5186,16442,7510
1685535366,0,1,0,0,122,1782,2685,3393,3602,16580,7583,3133,2978,3961,5230,16588,7586
1685535372,0,1,0,0,122,1795,2705,3418,3630,16722,7662,3158,3001,3993,5275,16728,7664
1685535378,0,1,0,0,123,1813,2732,3450,3667,16884,7738,3192,3036,4039,5331,16889,7742
1685535384,0,1,0,0,123,1825,2749,3474,3691,17021,7820,3215,3061,4070,5371,17031,7826
1685535390,0,1,0,0,124,1840,2770,3501,3724,17171,7904,3244,3087,4104,5419,17186,7912
1685535396,0,1,0,0,124,1854,2791,3528,3752,17324,7986,3272,3115,4140,5465,17334,7994
1685535402,0,1,0,0,125,1868,2813,3553,3783,17469,8070,3300,3142,4176,5511,17475,8074
1685535408,0,1,0,0,125,1885,2836,3585,3817,17639,8150,3332,3174,4218,5566,17653,8156
1685535414,0,1,0,0,130,1898,2856,3609,3846,17792,8240,3358,3200,4256,5612,17804,8244
1685535420,0,1,0,0,130,1909,2870,3631,3870,17930,8320,3380,3223,4284,5654,17935,8328
1685535426,0,1,0,0,130,1927,2895,3663,3905,18120,8426,3414,3255,4330,5709,18119,8428
1685535432,0,1,0,0,131,1942,2920,3694,3942,18296,8524,3446,3288,4375,5768,18318,8528
1685535438,0,1,0,0,132,1962,2946,3728,3982,18503,8628,3483,3325,4425,5833,18508,8638
1685535444,0,1,0,0,132,1978,2970,3757,4017,18687,8732,3518,3360,4468,5898,18700,8738
1685535450,0,1,0,0,133,2007,3019,3816,4079,18941,8844,3571,3412,4539,5986,18950,8854
1685535456,0,1,0,0,133,2014,3026,3829,4099,19105,8952,3589,3433,4565,6025,19105,8962
1685535462,0,1,0,0,134,2021,3035,3841,4115,19239,9052,3610,3457,4596,6064,19256,9058
1685535468,0,1,0,0,134,2043,3068,3887,4161,19433,9150,3651,3497,4651,6134,19448,9156
1685535474,0,1,0,0,135,2061,3095,3919,4201,19640,9254,3689,3533,4702,6201,19653,9262
1685535480,0,1,0,0,135,2077,3118,3950,4234,19811,9359,3721,3564,4740,6256,19811,9356
1685535486,0,1,0,0,140,2094,3141,3977,4268,19975,9444,3751,3594,4776,6306,19971,9450
1685535492,0,1,0,0,140,2108,3162,4005,4301,20140,9542,3782,3627,4822,6363,20141,9548
1685535498,0,1,0,0,141,2125,3186,4040,4338,20328,9644,3817,3660,4865,6425,20338,9650
1685535504,0,1,0,0,141,2143,3213,4073,4374,20513,9748,3852,3696,4913,6488,20523,9758
1685535510,0,1,0,0,142,2158,3235,4100,4411,20683,9858,3887,3732,4961,6548,20699,9858
1685535516,0,1,0,0,143,2176,3263,4135,4451,20886,9964,3925,3769,5013,6619,20895,9970
1685535522,0,1,0,0,143,2196,3293,4176,4495,21098,10086,3966,3812,5070,6697,21113,10096
1685535528,0,1,0,0,144,2214,3320,4211,4536,21313,10210,4002,3850,5116,6762,21318,10218
1685535534,0,1,0,0,144,2232,3345,4241,4573,21519,10328,4039,3888,5172,6831,21530,10339
1685535540,0,1,0,0,145,2249,3371,4275,4611,21719,10438,4074,3923,5215,6895,21733,10448
1685535546,0,1,0,0,150,2267,3396,4307,4649,21926,10552,4114,3961,5268,6962,21929,10560
1685535552,0,1,0,0,150,2285,3420,4337,4685,22123,10670,4144,3994,5310,7021,22116,10676
1685535558,0,1,0,0,151,2300,3442,4370,4719,22310,10780,4182,4033,5359,7090,22316,10787
1685535564,0,1,0,0,151,2317,3469,4401,4758,22518,10898,4216,4067,5406,7151,22522,10898
1685535570,0,1,0,0,152,2326,3479,4415,4778,22659,11000,4247,4098,5446,7206,22701,11012
1685535576,0,1,0,0,152,2347,3511,4458,4824,22902,11124,4285,4139,5499,7276,22908,11132
1685535582,0,1,0,0,153,2369,3541,4497,4871,23121,11246,4325,4178,5554,7349,23122,11244
1685535588,0,1,0,0,153,2387,3566,4531,4907,23292,11340,4360,4215,5601,7414,23309,11354
1685535594,0,1,0,0,154,2401,3587,4557,4941,23475,11442,4391,4249,5645,7466,23473,11450
1685535600,0,1,0,0,155,2423,3620,4598,4988,23694,11564,4440,4297,5712,7558,23704,11578
1685535606,0,1,0,0,155,2444,3650,4637,5032,23925,11698,4482,4341,5768,7640,23944,11708
1685535612,0,1,0,0,200,2464,3680,4678,5079,24178,11844,4526,4384,5831,7719,24179,11854
1685535618,0,1,0,0,200,2483,3708,4714,5117,24426,11998,4567,4426,5888,7798,24432,12006
1685535624,0,1,0,0,201,2503,3737,4751,5162,24690,12149,4611,4471,5947,7880,24711,12158
1685535630,0,1,0,0,202,2521,3763,4784,5202,24933,12310,4644,4505,5994,7942,24949,12323
1685535636,0,1,0,0,202,2542,3796,4826,5251,25224,12466,4696,4557,6067,8031,25235,12482
1685535642,0,1,0,0,203,2561,3819,4860,5292,25475,12631,4736,4599,6121,8110,25496,12634
1685535648,0,1,0,0,204,2580,3848,4896,5336,25739,12785,4776,4642,6183,8189,25753,12802
1685535654,0,1,0,0,204,2599,3874,4930,5377,25976,12938,4818,4682,6240,8260,26007,12942
1685535660,0,1,0,0,205,2621,3909,4976,5423,26251,13110,4864,4730,6304,8349,26273,13112
1685535666,0,1,0,0,210,2641,3938,5015,5470,26548,13289,4910,4780,6370,8445,26571,13304
1685535672,0,1,0,0,211,2665,3974,5059,5527,26874,13507,4964,4834,6446,8549,26891,13508
1685535678,0,1,0,0,211,2686,4006,5101,5576,27196,13703,5016,4890,6518,8655,27228,13715
1685535684,0,1,0,0,212,2712,4043,5153,5631,27504,13878,5067,4943,6597,8759,27533,13899
1685535690,0,1,0,0,213,2730,4071,5186,5678,27785,14054,5114,4991,6664,8850,27800,14063
1685535696,0,1,0,0,213,2756,4112,5238,5735,28089,14221,5171,5049,6744,8958,28126,14241
1685535702,0,1,0,0,214,2779,4147,5286,5788,28378,14375,5223,5103,6817,9059,28393,14381
1685535708,0,1,0,0,215,2801,4175,5327,5834,28617,14513,5268,5149,6883,9149,28624,14518
1685535714,0,1,0,0,215,2819,4203,5362,5875,28825,14637,5311,5192,6944,9228,28842,14646
1685535720,0,1,0,0,220,2841,4235,5405,5926,29061,14776,5358,5243,7018,9324,29088,14780
1685535726,0,1,0,0,221,2862,4268,5443,5972,29302,14906,5404,5291,7082,9408,29326,14912
1685535732,0,1,0,0,222,2880,4295,5480,6014,29510,15024,5450,5334,7140,9485,29520,15031
1685535738,0,1,0,0,222,2902,4323,5519,6061,29711,15134,5488,5379,7193,9559,29724,15139
1685535744,0,1,0,0,223,2923,4353,5558,6103,29927,15259,5533,5426,7256,9644,29952,15270
1685535750,0,1,0,0,224,2944,4384,5599,6150,30162,15381,5580,5476,7325,9733,30160,15391
1685535756,0,1,0,0,224,2962,4412,5636,6193,30363,15504,5623,5523,7385,9819,30399,15515
1685535762,0,1,0,0,225,2984,4442,5677,6243,30611,15635,5672,5571,7456,9910,30622,15643
1685535768,0,1,0,0,225,3002,4469,5712,6285,30842,15750,5716,5619,7514,9991,30857,15756
1685535774,0,1,0,0,230,3021,4499,5748,6332,31039,15856,5757,5659,7574,10061,31069,15867
1685535780,0,1,0,0,231,3039,4522,5783,6372,31249,15957,5802,5703,7633,10139,31260,15964
1685535786,0,1,0,0,231,3057,4553,5821,6418,31463,16051,5846,5749,7694,10219,31478,16056
1685535792,0,1,0,0,232,3077,4582,5861,6465,31680,16142,5894,5796,7757,10302,31676,16161
1685535798,0,1,0,0,233,3093,4606,5894,6505,31846,16209,5935,5838,7813,10373,31849,16215
1685535804,0,1,0,0,233,3099,4611,5906,6519,31942,16259,5953,5862,7847,10409,31940,16262
1685535810,0,1,0,0,234,3121,4649,5951,6575,32150,16324,5989,5897,7896,10469,32094,16319
1685535816,0,1,0,0,234,3142,4680,5996,6625,32352,16415,6057,5963,7989,10587,32377,16420
1685535822,0,1,0,0,235,3165,4716,6046,6680,32627,16537,6111,6018,8070,10691,32654,16544
1685535828,0,1,0,0,240,3188,4753,6089,6736,32926,16658,6170,6079,8150,10798,32923,16666
1685535834,0,1,0,0,240,3206,4783,6129,6785,33157,16783,6216,6125,8215,10884,33164,16787
1685535840,0,1,0,0,240,3218,4795,6151,6808,33287,16849,6238,6150,8244,10918,33272,16851
1685535846,0,1,0,0,241,3229,4815,6176,6838,33398,16894,6271,6184,8288,10967,33395,16886
1685535852,0,1,0,0,241,3239,4830,6190,6861,33431,16888,6288,6200,8307,10986,33453,16900
1685535858,0,1,0,0,242,3249,4843,6213,6879,33525,16927,6314,6224,8331,11016,33529,16929
1685535864,0,1,0,0,242,3262,4859,6235,6906,33628,16970,6340,6251,8371,11055,33621,16977
1685535870,0,1,0,0,243,3276,4879,6261,6937,33729,17033,6366,6279,8408,11109,33755,17023
1685535876,0,1,0,0,243,3290,4901,6287,6971,33895,17103,6402,6314,8447,11155,33891,17108
1685535882,0,1,0,0,244,3300,4916,6304,6994,34014,17176,6427,6341,8483,11201,34018,17171
1685535888,0,1,0,0,244,3316,4942,6342,7035,34224,17276,6470,6382,8544,11277,34236,17289
1685535894,0,1,0,0,244,3337,4975,6385,7089,34494,17433,6521,6439,8614,11375,34520,17428
1685535900,0,1,0,0,245,3366,5019,6445,7158,34884,17611,6590,6509,8719,11515,34897,17628
1685535906,0,1,0,0,245,3390,5055,6490,7216,35190,17787,6651,6572,8804,11631,35206,17805
1685535912,0,1,0,0,250,3407,5081,6527,7255,35434,17910,6690,6621,8863,11711,35450,17917
1685535918,0,1,0,0,250,3415,5091,6541,7276,35560,18001,6722,6649,8906,11762,35621,18008
1685535924,0,1,0,0,251,3433,5117,6577,7317,35744,18074,6751,6679,8940,11807,35749,18077
1685535930,0,1,0,0,251,3444,5135,6600,7343,35905,18158,6780,6708,8978,11854,35910,18161
1685535936,0,1,0,0,251,3460,5159,6631,7384,36138,18272,6823,6751,9038,11932,36142,18290
1685535942,0,1,0,0,252,3481,5188,6665,7427,36387,18394,6867,6801,9103,12015,36394,18415
1685535948,0,1,0,0,253,3498,5216,6706,7471,36626,18539,6910,6850,9161,12099,36636,18539
1685535954,0,1,0,0,253,3518,5241,6742,7516,36879,18653,6955,6895,9232,12190,36872,18660
1685535960,0,1,0,0,254,3533,5267,6778,7559,37058,18738,6997,6939,9289,12259,37060,18746
1685535966,0,1,0,0,255,3545,5282,6793,7580,37184,18781,7022,6964,9320,12302,37187,18784
1685535972,0,1,0,0,255,3562,5306,6829,7617,37307,18840,7058,7002,9365,12360,37308,18840
1685535978,0,1,0,0,300,3578,5329,6855,7650,37445,18904,7092,7041,9416,12425,37455,18906
1685535984,0,1,0,0,300,3591,5348,6879,7682,37562,18959,7120,7070,9456,12474,37586,18955
1685535990,0,1,0,0,301,3604,5367,6900,7707,37688,19013,7151,7100,9487,12524,37698,19010
1685535996,0,1,0,0,301,3621,5391,6933,7747,37907,19108,7190,7143,9543,12597,37912,19115
1685536002,0,1,0,0,302,3639,5415,6965,7782,38161,19249,7230,7190,9603,12682,38165,19265
1685536008,0,1,0,0,303,3691,5500,7068,7898,38626,19462,7359,7315,9785,12911,38729,19488
1685536014,0,1,0,0,303,3696,5501,7074,7909,38878,19635,7355,7320,9789,12931,38906,19651
1685536020,0,1,0,0,304,3710,5525,7105,7953,39215,19840,7401,7374,9869,13035,39229,19864
1685536026,0,1,0,0,305,3732,5555,7145,8003,39581,20031,7460,7437,9948,13163,39588,20059
1685536032,0,1,0,0,305,3751,5581,7183,8050,39852,20223,7508,7490,10022,13264,39872,20223
1685536038,0,1,0,0,310,3777,5620,7233,8109,40205,20392,7568,7557,10115,13390,40209,20401
1685536044,0,1,0,0,311,3798,5647,7267,8160,40451,20535,7623,7615,10197,13505,40465,20544
1685536050,0,1,0,0,311,3811,5665,7294,8190,40645,20666,7662,7662,10268,13602,40652,20676
1685536056,0,1,0,0,311,3797,5631,7250,8154,40536,20660,7617,7627,10211,13532,40471,20643
1685536062,0,1,0,0,312,3833,5687,7326,8234,40856,20772,7725,7736,10364,13743,40910,20793
1685536068,0,1,0,0,312,3864,5732,7380,8298,41102,20831,7784,7798,10455,13857,41152,20852
1685536074,0,1,0,0,313,3887,5766,7424,8344,41278,20861,7817,7834,10501,13916,41264,20860
1685536080,0,1,0,0,313,3896,5780,7446,8364,41316,20850,7825,7844,10513,13927,41260,20836
1685536086,0,1,0,0,313,3912,5803,7473,8399,41481,20879,7874,7895,10578,14015,41469,20890
1685536092,0,1,0,0,314,3931,5829,7505,8433,41586,20912,7907,7932,10628,14078,41593,20908
1685536098,0,1,0,0,314,3929,5821,7495,8430,41543,20861,7930,7952,10652,14100,41657,20887
1685536104,0,1,0,0,314,3927,5815,7485,8421,41508,20810,7922,7948,10644,14075,41582,20838
1685536110,0,1,0,0,315,3966,5878,7562,8505,41767,20864,7983,8006,10722,14168,41765,20866
1685536116,0,1,0,0,315,3984,5905,7593,8544,41870,20878,8011,8041,10768,14213,41852,20876
1685536122,0,1,0,0,320,3991,5914,7606,8558,41910,20864,8040,8062,10798,14250,41904,20870
1685536128,0,1,0,0,320,4001,5928,7620,8578,41883,20830,8051,8072,10811,14247,41882,20823
1685536134,0,1,0,0,320,4007,5938,7635,8591,41894,20794,8066,8084,10816,14251,41900,20806
1685536140,0,1,0,0,320,4019,5954,7655,8617,41963,20815,8096,8109,10852,14280,41994,20815
1685536146,0,1,0,0,321,4037,5979,7692,8657,42173,20875,8132,8151,10902,14336,42166,20880
1685536152,0,1,0,0,321,4052,6003,7722,8695,42322,20921,8170,8184,10951,14382,42343,20929
1685536158,0,1,0,0,322,4069,6030,7762,8731,42495,20969,8204,8225,10995,14427,42520,20977
1685536164,0,1,0,0,322,4084,6054,7791,8767,42681,21013,8244,8259,11040,14472,42693,21033
1685536170,0,1,0,0,323,4105,6084,7831,8814,42884,21086,8287,8307,11102,14543,42900,21092
1685536176,0,1,0,0,325,4151,6157,7927,8916,43283,21209,8379,8396,11225,14695,43265,21218
1685536182,0,1,0,0,324,4141,6136,7904,8893,43208,21151,8359,8377,11188,14623,43196,21169
1685536188,0,1,0,0,325,4146,6148,7922,8913,43297,21156,8377,8390,11197,14615,43280,21163
1685536194,0,1,0,0,330,4161,6171,7950,8943,43401,21167,8405,8412,11216,14621,43395,21162
1685536200,0,1,0,0,325,4119,6089,7851,8847,42933,20984,8301,8313,11053,14406,42866,20965
1685536206,0,1,0,0,331,4187,6209,7995,8996,43564,21142,8447,8455,11245,14639,43547,21155
1685536212,0,1,0,0,331,4201,6229,8023,9030,43696,21207,8488,8491,11289,14670,43716,21216
1685536218,0,1,0,0,332,4219,6255,8061,9070,43869,21260,8524,8525,11328,14717,43862,21269
1685536224,0,1,0,0,332,4214,6243,8049,9063,43903,21299,8538,8547,11342,14741,43982,21330
1685536230,0,1,0,0,333,4261,6317,8148,9173,44362,21477,8641,8643,11475,14904,44410,21505
1685536236,0,1,0,0,334,4289,6365,8214,9243,44681,21609,8700,8703,11550,15007,44684,21613
1685536242,0,1,0,0,335,4312,6398,8261,9295,44927,21712,8756,8761,11634,15097,44934,21731
1685536248,0,1,0,0,335,4334,6428,8301,9349,45178,21851,8810,8813,11697,15189,45201,21854
1685536254,0,1,0,0,340,4359,6471,8353,9415,45512,22008,8873,8883,11784,15312,45530,22008
1685536260,0,1,0,0,341,4384,6510,8403,9475,45808,22154,8939,8953,11867,15414,45832,22163
1685536266,0,1,0,0,342,4408,6546,8456,9533,46103,22273,8998,9007,11948,15512,46123,22279
1685536272,0,1,0,0,343,4430,6579,8499,9586,46353,22374,9053,9059,12017,15594,46390,22395
1685536278,0,1,0,0,343,4441,6591,8521,9612,46566,22484,9094,9107,12077,15659,46634,22506
1685536284,0,1,0,0,344,4474,6644,8589,9692,46941,22650,9161,9173,12169,15769,46976,22660
1685536290,0,1,0,0,350,4524,6726,8688,9809,47457,22861,9281,9290,12328,15975,47463,22858
1685536296,0,1,0,0,351,4533,6738,8708,9836,47698,22978,9310,9325,12373,16023,47725,22993
1685536302,0,1,0,0,352,4546,6754,8731,9869,47915,23103,9351,9367,12428,16089,47973,23133
1685536308,0,1,0,0,353,4577,6793,8784,9933,48277,23260,9406,9423,12507,16188,48267,23277
1685536314,0,1,0,0,354,4594,6823,8821,9980,48524,23389,9459,9482,12580,16268,48534,23399
1685536320,0,1,0,0,355,4619,6859,8867,10039,48792,23526,9515,9543,12660,16375,48795,23526
1685536326,0,1,0,0,400,4637,6881,8900,10079,48928,23598,9553,9583,12710,16432,48927,23590
1685536332,0,1,0,0,400,4631,6860,8879,10063,48894,23607,9546,9585,12701,16414,48891,23606
1685536338,0,1,0,0,401,4678,6941,8976,10180,49337,23775,9674,9711,12876,16641,49390,23808
1685536344,0,1,0,0,402,4708,6985,9031,10245,49668,23945,9731,9775,12962,16739,49665,23965
1685536350,0,1,0,0,403,4729,7011,9074,10298,49950,24111,9790,9841,13043,16841,49998,24145
1685536356,0,1,0,0,404,4751,7039,9106,10346,50249,24298,9833,9888,13096,16925,50291,24311
1685536362,0,1,0,0,405,4768,7063,9140,10390,50550,24463,9876,9934,13161,16990,50570,24479
1685536368,0,1,0,0,410,4785,7088,9175,10429,50854,24646,9922,9985,13219,17073,50890,24667
1685536374,0,1,0,0,410,4814,7135,9231,10497,51268,24864,9978,10050,13302,17176,51265,24881
1685536380,0,1,0,0,412,4848,7178,9299,10577,51676,25099,10067,10136,13418,17325,51704,25127
1685536386,0,1,0,0,413,4875,7221,9345,10636,52067,25329,10124,10199,13495,17429,52070,25343
1685536392,0,1,0,0,414,4907,7268,9414,10712,52469,25555,10223,10298,13632,17591,52530,25576
1685536398,0,1,0,0,415,4931,7304,9465,10773,52829,25765,10276,10352,13702,17685,52847,25784
1685536404,0,1,0,0,420,4961,7344,9522,10838,53256,26012,10348,10428,13795,17808,53256,26033
1685536410,0,1,0,0,421,5026,7447,9651,10995,53922,26344,10497,10577,14000,18071,53933,26364
1685536416,0,1,0,0,422,5025,7441,9648,11001,54248,26606,10516,10598,14025,18098,54265,26626
1685536422,0,1,0,0,431,5246,7782,10085,11495,55844,27257,10988,11085,14665,18958,55883,27271
1685536428,0,1,0,0,433,5234,7773,10075,11483,56119,27511,10997,11088,14679,18986,56109,27538
1685536434,0,1,0,0,433,5264,7824,10141,11565,56693,27833,11091,11196,14837,19190,56772,27880
1685536440,0,1,0,0,432,5186,7685,9974,11395,56534,27969,10886,11003,14569,18859,56421,27935
1685536446,0,1,0,0,433,5208,7708,10001,11441,56861,28195,10985,11106,14714,19053,56906,28230
1685536452,0,1,0,0,434,5231,7737,10043,11497,57198,28417,11047,11178,14811,19181,57201,28424
1685536458,0,1,0,0,435,5251,7765,10075,11543,57441,28578,11081,11219,14863,19253,57405,28572
1685536464,0,1,0,0,440,5275,7800,10124,11607,57719,28701,11139,11285,14947,19352,57649,28699
1685536470,0,1,0,0,441,5305,7838,10172,11665,58030,28855,11194,11343,15029,19450,57969,28853
1685536476,0,1,0,0,441,5287,7806,10133,11625,58053,28907,11195,11346,15030,19452,58058,28919
1685536482,0,1,0,0,442,5311,7840,10178,11686,58265,28953,11233,11392,15095,19520,58246,28971
1685536488,0,1,0,0,443,5325,7858,10202,11718,58393,29025,11285,11440,15153,19585,58428,29023
1685536494,0,1,0,0,443,5340,7878,10231,11754,58592,29074,11324,11482,15217,19642,58581,29103
1685536500,0,1,0,0,444,5364,7915,10276,11811,58834,29188,11382,11541,15293,19735,58854,29187
1685536506,0,1,0,0,445,5386,7943,10317,11862,59078,29280,11436,11597,15362,19823,59101,29291
1685536512,0,1,0,0,450,5397,7964,10345,11898,59265,29378,11465,11632,15401,19866,59290,29385
1685536518,0,1,0,0,451,5425,7997,10390,11952,59519,29498,11526,11695,15492,19963,59551,29493
1685536524,0,1,0,0,452,5448,8031,10432,12003,59790,29592,11581,11749,15555,20045,59814,29615
1685536530,0,1,0,0,452,5471,8059,10472,12056,60052,29733,11636,11810,15644,20142,60070,29727
1685536536,0,1,0,0,453,5496,8097,10527,12118,60370,29885,11707,11889,15744,20271,60407,29903
1685536542,0,1,0,0,454,5525,8139,10578,12190,60755,30099,11780,11972,15857,20419,60787,30117
1685536548,0,1,0,0,455,5555,8175,10629,12253,61142,30342,11852,12047,15969,20573,61173,30345
1685536554,0,1,0,0,500,5585,8223,10690,12334,61580,30604,11937,12152,16101,20746,61611,30603
1685536560,0,1,0,0,501,5620,8271,10753,12413,62052,30870,12023,12243,16225,20922,62042,30885
1685536566,0,1,0,0,502,5650,8314,10818,12490,62485,31116,12104,12335,16347,21088,62504,31131
1685536572,0,1,0,0,503,5684,8356,10874,12560,62879,31344,12187,12426,16468,21250,62911,31367
1685536578,0,1,0,0,504,5714,8406,10940,12638,63303,31587,12270,12514,16593,21409,63317,31584
1685536584,0,1,0,0,513,5874,8670,11278,13013,64401,31995,12591,12840,17050,21983,64348,31983
1685536590,0,1,0,0,510,5782,8502,11071,12806,64095,31980,12459,12708,16867,21744,64139,32003
1685536596,0,1,0,0,511,5817,8555,11141,12886,64447,32160,12539,12803,16979,21897,64528,32202
1685536602,0,1,0,0,512,5844,8595,11191,12947,64787,32332,12595,12862,17060,21993,64804,32332
1685536608,0,1,0,0,513,5868,8631,11244,13001,65038,32415,12655,12921,17149,22082,65048,32429
1685536614,0,1,0,0,513,5890,8665,11283,13050,65242,32490,12697,12962,17202,22146,65197,32511
1685536620,0,1,0,0,514,5908,8693,11323,13096,65401,32547,12747,13014,17255,22214,65407,32559
1685536626,0,1,0,0,515,5929,8720,11356,13129,65535,32575,12784,13057,17296,22266,65535,32583
1685536632,0,1,0,0,515,5948,8747,11397,13179,65535,32592,12838,13104,17365,22332,65535,32605
1685536638,0,1,0,0,520,5964,8771,11430,13220,65535,32640,12878,13144,17416,22388,65535,32649
1685536644,0,1,0,0,520,5983,8800,11458,13263,65535,32736,12917,13186,17473,22443,65535,32733
1685536650,0,1,0,0,521,6011,8837,11510,13323,65535,32823,12977,13248,17552,22528,65535,32832
1685536656,0,1,0,0,521,6039,8880,11564,13390,65535,32922,13026,13300,17616,22604,65535,32940
1685536662,0,1,0,0,522,6069,8925,11626,13454,65535,33059,13106,13378,17734,22725,65535,33054
1685536668,0,1,0,0,523,6099,8971,11683,13530,65535,33198,13190,13467,17839,22869,65535,33215
1685536674,0,1,0,0,523,6111,8977,11691,13541,65535,33267,13213,13501,17866,22903,65535,33288
1685536680,0,1,0,0,530,6212,9140,11899,13776,65535,33521,13432,13721,18171,23284,65535,33540
1685536686,0,1,0,0,530,6203,9119,11884,13753,65535,33516,13425,13717,18144,23261,65535,33546
1685536692,0,1,0,0,530,6193,9100,11854,13728,65535,33513,13384,13675,18071,23153,65535,33531
1685536698,0,1,0,0,531,6196,9101,11856,13732,65535,33548,13396,13692,18068,23144,65535,33573
1685536704,0,1,0,0,531,6210,9122,11880,13761,65535,33630,13417,13709,18083,23157,65535,33624
1685536710,0,1,0,0,532,6227,9145,11918,13800,65535,33749,13461,13745,18117,23201,65535,33756
1685536716,0,1,0,0,532,6244,9171,11949,13837,65535,33921,13507,13792,18170,23256,65535,33930
1685536722,0,1,0,0,535,6304,9268,12070,13976,65535,34182,13654,13931,18368,23508,65535,34200
1685536728,0,1,0,0,540,6347,9337,12155,14074,65535,34452,13698,13981,18408,23552,65535,34420
1685536734,0,1,0,0,535,6323,9295,12114,14025,65535,34605,13708,13988,18407,23548,65535,34629
1685536740,0,1,0,0,535,6342,9319,12145,14074,65535,34929,13758,14046,18497,23642,65535,34973
1685536746,0,1,0,0,542,6391,9402,12251,14194,65535,35316,13840,14132,18607,23785,65535,35315
1685536752,0,1,0,0,542,6404,9417,12271,14232,65535,35635,13928,14223,18734,23942,65535,35636
1685536758,0,1,0,0,544,6433,9457,12325,14296,65535,35908,14008,14310,18851,24091,65535,35920
1685536764,0,1,0,0,550,6480,9528,12419,14410,65535,36164,14140,14451,19063,24339,65535,36182
1685536770,0,1,0,0,551,6505,9567,12474,14468,65535,36369,14202,14513,19141,24452,65535,36398
1685536776,0,1,0,0,551,6503,9557,12459,14467,65535,36511,14173,14492,19099,24407,65535,36516
1685536782,0,1,0,0,551,6528,9586,12505,14518,65535,36632,14234,14550,19162,24491,65535,36658
1685536788,0,1,0,0,552,6533,9591,12513,14529,65535,36655,14228,14559,19160,24471,65535,36657
1685536794,0,1,0,0,553,6547,9617,12541,14567,65535,36622,14287,14605,19210,24518,65535,36643
1685536800,0,1,0,0,554,6567,9651,12575,14614,65535,36619,14324,14642,19251,24543,65535,36614
1685536806,0,1,0,0,555,6580,9667,12612,14645,65535,36616,14341,14660,19253,24530,65535,36623
1685536812,0,1,0,0,1000,6612,9716,12669,14703,65535,36660,14400,14709,19308,24586,65535,36665
1685536818,0,1,0,0,1000,6624,9731,12696,14744,65535,36719,14448,14757,19364,24635,65535,36751
1685536824,0,1,0,0,1001,6652,9772,12742,14811,65535,36880,14517,14841,19444,24737,65535,36877
1685536830,0,1,0,0,1002,6671,9803,12779,14856,65535,36956,14563,14878,19495,24793,65535,36972
1685536836,0,1,0,0,1004,6690,9830,12814,14901,65535,37018,14619,14929,19554,24860,65535,37063
1685536842,0,1,0,0,1005,6705,9851,12842,14931,65535,37142,14644,14953,19573,24877,65535,37162
1685536848,0,1,0,0,1005,6709,9852,12847,14939,65535,37179,14640,14949,19556,24839,65535,37176
1685536854,0,1,0,0,1010,6725,9873,12869,14971,65535,37194,14679,14986,19601,24868,65535,37188
1685536860,0,1,0,0,1010,6724,9869,12863,14965,65535,37162,14664,14968,19562,24818,65535,37169
1685536866,0,1,0,0,1011,6734,9889,12886,14989,65535,37121,14685,14981,19584,24811,65535,37125
1685536872,0,1,0,0,1012,6762,9925,12931,15046,65535,37155,14752,15054,19666,24908,65535,37184
1685536878,0,1,0,0,1013,6766,9925,12935,15059,65535,37221,14758,15059,19682,24916,65535,37237
1685536884,0,1,0,0,1013,6773,9928,12943,15070,65535,37361,14801,15111,19747,24987,65535,37374
1685536890,0,1,0,0,1014,6790,9953,12966,15112,65535,37569,14845,15174,19826,25060,65535,37594
1685536896,0,1,0,0,1015,6821,10005,13039,15190,65535,37774,14915,15245,19927,25201,65535,37791
1685536902,0,1,0,0,1020,6848,10038,13089,15254,65535,37971,14994,15326,20043,25353,65535,37989
1685536908,0,1,0,0,1021,6880,10086,13163,15330,65535,38205,15084,15422,20166,25507,65535,38229
1685536914,0,1,0,0,1022,6913,10139,13224,15427,65535,38496,15169,15534,20312,25710,65535,38522
1685536920,0,1,0,0,1024,6953,10192,13305,15526,65535,38794,15286,15655,20485,25920,65535,38832
1685536926,0,1,0,0,1030,7038,10327,13483,15733,65535,39129,15587,15959,20900,26438,65535,39216
1685536932,0,1,0,0,1031,7052,10344,13510,15781,65535,39371,15551,15938,20871,26400,65535,39374
1685536938,0,1,0,0,1031,7066,10359,13540,15822,65535,39551,15606,16003,20949,26500,65535,39600
1685536944,0,1,0,0,1032,7099,10404,13598,15897,65535,39730,15685,16088,21069,26629,65535,39749
1685536950,0,1,0,0,1033,7122,10442,13651,15954,65535,39888,15760,16161,21167,26743,65535,39908
1685536956,0,1,0,0,1034,7151,10478,13698,16021,65535,40075,15821,16232,21256,26839,65535,40075
1685536962,0,1,0,0,1035,7171,10508,13738,16074,65535,40203,15877,16292,21334,26936,65535,40233
1685536968,0,1,0,0,1040,7199,10550,13797,16145,65535,40348,15955,16380,21438,27067,65535,40390
1685536974,0,1,0,0,1041,7235,10600,13871,16236,65535,40576,16047,16477,21563,27218,65535,40594
1685536980,0,1,0,0,1042,7267,10653,13940,16319,65535,40770,16137,16564,21687,27356,65535,40811
1685536986,0,1,0,0,1043,7295,10691,13991,16377,65535,41002,16217,16655,21798,27513,65535,41053
1685536992,0,1,0,0,1044,7330,10739,14055,16466,65535,41214,16292,16741,21910,27652,65535,41230
1685536998,0,1,0,0,1045,7339,10749,14080,16494,65535,41429,16351,16808,21996,27761,65535,41469
1685537004,0,1,0,0,1045,7386,10820,14170,16612,65535,41610,16443,16898,22132,27913,65535,41623
1685537010,0,1,0,0,1045,7394,10824,14186,16628,65535,41667,16493,16955,22184,27997,65535,41690
1685537016,0,1,0,0,1051,7423,10869,14243,16703,65535,41832,16546,17012,22260,28073,65535,41837
1685537022,0,1,0,0,1052,7448,10905,14286,16758,65535,41966,16625,17095,22369,28203,65535,41986
1685537028,0,1,0,0,1053,7475,10947,14341,16826,65535,42106,16693,17166,22474,28314,65535,42139
1685537034,0,1,0,0,1054,7492,10967,14381,16876,65535,42207,16751,17224,22553,28403,65535,42220
1685537040,0,1,0,0,1055,7516,11002,14429,16936,65535,42294,16817,17298,22646,28505,65535,42287
1685537046,0,1,0,0,1101,7537,11039,14467,16986,65535,42334,16869,17351,22717,28587,65535,42368
1685537052,0,1,0,0,1101,7561,11069,14509,17040,65535,42435,16931,17421,22807,28690,65535,42450
1685537058,0,1,0,0,1102,7589,11103,14554,17100,65535,42610,17003,17502,22919,28821,65535,42623
1685537064,0,1,0,0,1103,7616,11144,14615,17179,65535,42777,17080,17598,23041,28971,65535,42767
1685537070,0,1,0,0,1104,7651,11194,14678,17259,65535,42951,17177,17689,23185,29130,65535,42985
1685537076,0,1,0,0,1105,7696,11259,14775,17370,65535,43224,17275,17805,23347,29332,65535,43239
1685537082,0,1,0,0,1110,7738,11318,14857,17491,65535,43535,17423,17960,23553,29591,65535,43566
1685537088,0,1,0,0,1112,7818,11451,15025,17678,65535,43901,17604,18145,23818,29914,65535,43931
1685537094,0,1,0,0,1112,7828,11458,15046,17728,65535,44138,17689,18242,23954,30100,65535,44175
1685537100,0,1,0,0,1115,7870,11524,15134,17844,65535,44464,17839,18411,24174,30375,65535,44513
1685537106,0,1,0,0,1120,7929,11616,15262,18001,65535,44776,17972,18557,24380,30640,65535,44795
1685537112,0,1,0,0,1121,7961,11665,15327,18082,65535,45121,18093,18690,24582,30889,65535,45141
1685537118,0,1,0,0,1124,8040,11789,15498,18290,65535,45448,18346,18946,24920,31314,65535,45513
1685537124,0,1,0,0,1125,8087,11863,15587,18417,65535,45833,18389,19009,25019,31450,65535,45834
1685537130,0,1,0,0,1125,8105,11877,15633,18469,65535,46143,18514,19156,25218,31710,65535,46160
1685537136,0,1,0,0,1131,8134,11913,15683,18545,65535,46388,18606,19261,25353,31898,65535,46426
1685537142,0,1,0,0,1133,8161,11952,15736,18620,65535,46646,18696,19361,25501,32079,65535,46700
1685537148,0,1,0,0,1134,8187,11991,15789,18691,65535,46920,18771,19450,25610,32245,65535,46928
1685537154,0,1,0,0,1140,8219,12038,15853,18771,65535,47177,18859,19558,25749,32412,65535,47201
1685537160,0,1,0,0,1142,8241,12058,15900,18828,65535,47436,18945,19651,25880,32587,65535,47457
1685537166,0,1,0,0,1143,8242,12056,15893,18848,65535,47631,18975,19696,25944,32674,65535,47643
1685537172,0,1,0,0,1145,8256,12078,15925,18894,65535,47810,19027,19753,26041,32785,65535,47822
1685537178,0,1,0,0,1150,8258,12074,15927,18901,65535,47951,19039,19769,26064,32831,65535,47937
1685537184,0,1,0,0,1152,8293,12127,15997,18988,65535,48137,19130,19874,26199,33004,65535,48173
1685537190,0,1,0,0,1151,8259,12068,15927,18922,65535,48212,19085,19853,26156,32955,65535,48232
1685537196,0,1,0,0,1153,8330,12176,16070,19105,65535,48499,19277,20062,26423,33278,65535,48511
1685537202,0,1,0,0,1153,8312,12148,16023,19079,65535,48499,19258,20047,26409,33274,65535,48545
1685537208,0,1,0,0,1153,8324,12158,16040,19109,65535,48588,19294,20092,26471,33320,65535,48604
1685537214,0,1,0,0,1154,8336,12177,16071,19144,65535,48622,19338,20146,26536,33406,65535,48672
1685537220,0,1,0,0,1154,8357,12211,16122,19202,65535,48755,19398,20214,26633,33497,65535,48777
1685537226,0,1,0,0,1154,8363,12217,16130,19226,65535,48833,19452,20271,26719,33620,65535,48851
1685537232,0,1,0,0,1154,8404,12282,16213,19330,65535,48956,19550,20377,26863,33769,65535,48967
1685537238,0,1,0,0,1154,8419,12304,16241,19368,65535,49103,19597,20436,26911,33880,65535,49108
1685537244,0,1,0,0,1155,8452,12354,16304,19466,65535,49233,19700,20531,27056,34046,65535,49244
1685537250,0,1,0,0,1155,8469,12375,16341,19506,65535,49334,19776,20623,27167,34197,65535,49353
1685537256,0,1,0,0,1155,8517,12445,16437,19621,65535,49449,19879,20736,27311,34390,65535,49488
1685537262,0,1,0,0,1155,8538,12471,16474,19668,65535,49542,19943,20804,27396,34502,65535,49603
1685537268,0,1,0,0,1154,8530,12453,16449,19633,65535,49497,19906,20773,27336,34429,65535,49511
1685537274,0,1,0,0,1200,8595,12559,16587,19809,65535,49674,20085,20952,27575,34723,65535,49695
1685537280,0,1,0,0,1201,8628,12605,16653,19875,65535,49673,20168,21035,27679,34847,65535,49672
1685537286,0,1,0,0,1202,8658,12651,16714,19957,65535,49655,20235,21107,27777,34939,65535,49659
1685537292,0,1,0,0,1202,8677,12680,16758,20003,65535,49529,20289,21152,27808,34989,65535,49547
1685537298,0,1,0,0,1202,8700,12721,16807,20067,65535,49462,20350,21208,27893,35065,65535,49484
1685537304,0,1,0,0,1203,8714,12742,16839,20099,65535,49358,20391,21256,27928,35097,65535,49385
1685537310,0,1,0,0,1203,8721,12749,16846,20115,65535,49244,20408,21261,27945,35088,65535,49286
1685537316,0,1,0,0,1204,8733,12774,16874,20147,65535,49147,20430,21272,27956,35080,65535,49161
1685537322,0,1,0,0,1204,8728,12766,16851,20129,65535,48985,20400,21242,27904,34964,65535,48961
1685537328,0,1,0,0,1205,8734,12774,16859,20131,65535,48868,20407,21242,27906,34934,65535,48868
1685537334,0,1,0,0,1205,8732,12770,16861,20126,65535,48719,20400,21209,27861,34866,65535,48754
1685537340,0,1,0,0,1210,8729,12769,16858,20111,65535,48614,20384,21187,27811,34776,65535,48624
1685537346,0,1,0,0,1211,8726,12757,16834,20087,65535,48475,20362,21156,27759,34669,65535,48505
1685537352,0,1,0,0,1212,8731,12766,16853,20089,65535,48408,20354,21133,27723,34606,65535,48442
1685537358,0,1,0,0,1212,8731,12760,16842,20080,65535,48359,20337,21115,27679,34518,65535,48391
1685537364,0,1,0,0,1213,8738,12771,16857,20093,65535,48345,20349,21120,27673,34476,65535,48365
1685537370,0,1,0,0,1213,8746,12792,16870,20105,65535,48396,20358,21123,27672,34454,65535,48397
1685537376,0,1,0,0,1215,8773,12832,16925,20165,65535,48487,20429,21191,27759,34563,65535,48507
1685537382,0,1,0,0,1230,8974,13146,17331,20657,65535,49042,20784,21561,28238,35142,65535,48932
1685537388,0,1,0,0,1221,8836,12931,17065,20312,65535,48675,20622,21370,27998,34799,65535,48733
1685537394,0,1,0,0,1221,8826,12907,17019,20271,65535,48613,20539,21290,27868,34595,65535,48658
1685537400,0,1,0,0,1222,8835,12913,17031,20277,65535,48646,20537,21291,27849,34557,65535,48653
1685537406,0,1,0,0,1222,8855,12945,17068,20320,65535,48702,20559,21315,27877,34566,65535,48743
1685537412,0,1,0,0,1223,8871,12966,17092,20341,65535,48775,20601,21356,27920,34608,65535,48803
1685537418,0,1,0,0,1223,8887,12975,17110,20352,65535,48833,20589,21348,27898,34558,65535,48853
1685537424,0,1,0,0,1223,8892,12999,17129,20373,65535,48901,20617,21355,27915,34568,65535,48917
1685537430,0,1,0,0,1224,8891,12990,17126,20354,65535,48885,20601,21338,27866,34492,65535,48902
1685537436,0,1,0,0,1224,8907,13011,17151,20376,65535,48934,20638,21375,27901,34518,65535,48984
1685537442,0,1,0,0,1225,8921,13028,17174,20413,65535,49021,20660,21391,27933,34550,65535,49024
1685537448,0,1,0,0,1224,8911,13012,17149,20372,65535,49008,20628,21352,27846,34424,65535,48995
1685537454,0,1,0,0,1224,8923,13032,17172,20404,65535,49046,20647,21377,27857,34420,65535,49085
1685537460,0,1,0,0,1230,8932,13047,17194,20423,65535,49108,20662,21386,27867,34429,65535,49157
1685537466,0,1,0,0,1230,8935,13046,17196,20413,65535,49088,20658,21371,27820,34345,65535,49142
1685537472,0,1,0,0,1231,8942,13054,17201,20418,65535,49108,20658,21364,27793,34298,65535,49143
1685537478,0,1,0,0,1231,8947,13065,17204,20422,65535,49130,20662,21361,27774,34260,65535,49124
1685537484,0,1,0,0,1231,8957,13079,17229,20444,65535,49140,20682,21373,27775,34241,65535,49162
1685537490,0,1,0,0,1232,8975,13097,17255,20476,65535,49151,20692,21390,27783,34239,65535,49165
1685537496,0,1,0,0,1232,8979,13108,17265,20477,65535,49190,20721,21413,27814,34257,65535,49206
1685537502,0,1,0,0,1233,8995,13131,17297,20501,65535,49229,20749,21440,27836,34280,65535,49279
1685537508,0,1,0,0,1234,9013,13159,17338,20543,65535,49391,20799,21489,27894,34349,65535,49424
1685537514,0,1,0,0,1234,9034,13182,17368,20581,65535,49493,20834,21526,27921,34388,65535,49513
1685537520,0,1,0,0,1235,9058,13221,17409,20629,65535,49626,20892,21583,27993,34472,65535,49652
1685537526,0,1,0,0,1240,9093,13278,17489,20714,65535,49882,20962,21656,28088,34577,65535,49898
1685537532,0,1,0,0,1242,9161,13387,17618,20873,65535,50167,21119,21818,28291,34830,65535,50146
1685537538,0,1,0,0,1242,9159,13377,17603,20846,65535,50274,21121,21820,28262,34798,65535,50318
1685537544,0,1,0,0,1242,9174,13400,17629,20882,65535,50350,21126,21823,28273,34782,65535,50377
1685537550,0,1,0,0,1242,9178,13394,17627,20864,65535,50483,21132,21837,28251,34759,65535,50469
1685537556,0,1,0,0,1242,9187,13399,17628,20874,65535,50505,21136,21841,28245,34751,65535,50542
1685537562,0,1,0,0,1243,9205,13427,17659,20912,65535,50652,21170,21882,28288,34793,65535,50693
1685537568,0,1,0,0,1244,9239,13474,17729,20982,65535,50858,21277,21988,28442,34958,65535,50888
1685537574,0,1,0,0,1254,9335,13623,17921,21206,65535,51188,21243,21969,28388,34885,65535,50991
1685537580,0,1,0,0,1250,9287,13542,17807,21082,65535,51186,21315,22034,28474,35000,65535,51191
1685537586,0,1,0,0,1250,9287,13533,17796,21068,65535,51322,21333,22053,28489,35010,65535,51351
1685537592,0,1,0,0,1250,9299,13545,17803,21082,65535,51454,21331,22059,28474,34997,65535,51487
1685537598,0,1,0,0,1251,9321,13573,17856,21127,65535,51653,21391,22100,28542,35060,65535,51660
1685537604,0,1,0,0,1251,9332,13589,17860,21147,65535,51795,21396,22131,28554,35074,65535,51855
1685537610,0,1,0,0,1251,9348,13611,17893,21177,65535,51984,21428,22167,28604,35127,65535,52040
1685537616,0,1,0,0,1252,9361,13620,17900,21198,65535,52154,21452,22186,28619,35146,65535,52161
1685537622,0,1,0,0,1252,9380,13652,17939,21240,65535,52262,21476,22226,28650,35176,65535,52300
1685537628,0,1,0,0,1253,9384,13658,17935,21239,65535,52361,21482,22223,28639,35150,65535,52356
1685537634,0,1,0,0,1253,9393,13666,17962,21256,65535,52410,21496,22252,28665,35166,65535,52469
1685537640,0,1,0,0,1253,9403,13681,17968,21274,65535,52481,21523,22262,28672,35159,65535,52534
1685537646,0,1,0,0,1253,9417,13697,17989,21292,65535,52518,21539,22277,28682,35160,65535,52562
1685537652,0,1,0,0,1253,9434,13725,18015,21331,65535,52573,21571,22305,28710,35165,65535,52590
1685537658,0,1,0,0,1253,9439,13730,18019,21343,65535,52579,21574,22304,28682,35143,65535,52636
1685537664,0,1,0,0,1253,9465,13773,18081,21396,65535,52641,21615,22349,28712,35167,65535,52670
1685537670,0,1,0,0,1253,9487,13808,18120,21443,65535,52619,21650,22377,28753,35172,65535,52671
1685537676,0,1,0,0,1252,9491,13808,18113,21437,65535,52599,21649,22378,28711,35115,65535,52654
1685537682,0,1,0,0,1254,9534,13880,18204,21535,65535,52697,21745,22464,28815,35215,65535,52734
1685537688,0,1,0,0,1254,9547,13913,18251,21574,65535,52690,21757,22475,28789,35184,65535,52724
1685537694,0,1,0,0,1254,9592,13970,18317,21656,65535,52732,21834,22547,28885,35276,65535,52757
1685537700,0,1,0,0,1255,9617,14016,18371,21722,65535,52705,21870,22583,28900,35294,65535,52749
1685537706,0,1,0,0,1300,9660,14089,18457,21802,65535,52765,21969,22693,29005,35400,65535,52802
1685537712,0,1,0,0,1301,9667,14099,18474,21813,65535,52658,21982,22681,29010,35362,65535,52649
1685537718,0,1,0,0,1301,9688,14135,18514,21865,65535,52499,21990,22690,28980,35318,65535,52492
1685537724,0,1,0,0,1302,9696,14150,18535,21871,65535,52289,21984,22676,28946,35240,65535,52292
1685537730,0,1,0,0,1302,9709,14162,18539,21874,65535,52060,21981,22661,28906,35163,65535,52043
1685537736,0,1,0,0,1302,9718,14168,18559,21887,65535,51806,21980,22656,28887,35108,65535,51817
1685537742,0,1,0,0,1303,9722,14190,18572,21897,65535,51645,21981,22647,28855,35048,65535,51620
1685537748,0,1,0,0,1303,9728,14196,18570,21899,65535,51462,21974,22628,28824,34967,65535,51474
1685537754,0,1,0,0,1303,9733,14204,18592,21903,65535,51275,21965,22618,28786,34937,65535,51292
1685537760,0,1,0,0,1303,9747,14222,18609,21920,65535,51147,21976,22625,28795,34887,65535,51156
1685537766,0,1,0,0,1304,9760,14247,18622,21939,65535,51057,22000,22639,28802,34850,65535,51047
1685537772,0,1,0,0,1303,9746,14217,18593,21888,65535,50918,21965,22600,28742,34757,65535,50935
1685537778,0,1,0,0,1305,9781,14266,18658,21966,65535,50992,22000,22642,28769,34788,65535,50992
1685537784,0,1,0,0,1305,9795,14291,18691,21997,65535,51056,22059,22691,28821,34834,65535,51064
1685537790,0,1,0,0,1310,9830,14336,18753,22068,65535,51250,22121,22759,28896,34911,65535,51269
1685537796,0,1,0,0,1311,9865,14392,18824,22156,65535,51532,22197,22843,29005,35040,65535,51538
1685537802,0,1,0,0,1312,9906,14444,18910,22269,65535,51931,22329,22970,29179,35245,65535,51979
1685537808,0,1,0,0,1313,9947,14503,18989,22369,65535,52423,22434,23098,29325,35425,65535,52469
1685537814,0,1,0,0,1314,9992,14566,19072,22464,65535,52906,22560,23227,29499,35623,65535,52930
1685537820,0,1,0,0,1320,10036,14641,19166,22582,65535,53404,22678,23349,29656,35834,65535,53445
1685537826,0,1,0,0,1321,10087,14712,19275,22706,65535,53937,22811,23511,29838,36077,65535,53977
1685537832,0,1,0,0,1323,10140,14797,19379,22839,65535,54481,22950,23660,30031,36319,65535,54533
1685537838,0,1,0,0,1325,10195,14878,19487,22971,65535,55070,23087,23807,30228,36571,65535,55120
1685537844,0,1,0,0,1331,10246,14946,19573,23089,65535,55656,23221,23967,30412,36838,65535,55708
1685537850,0,1,0,0,1334,10296,15019,19673,23221,65535,56227,23350,24125,30631,37093,65535,56272
1685537856,0,1,0,0,1340,10346,15083,19766,23352,65535,56776,23494,24279,30820,37355,65535,56820
1685537862,0,1,0,0,1343,10385,15135,19834,23439,65535,57322,23614,24425,31019,37600,65535,57376
1685537868,0,1,0,0,1350,10447,15211,19946,23577,65535,57966,23726,24560,31188,37827,65535,57970
1685537874,0,1,0,0,1352,10481,15260,20001,23667,65535,58506,23881,24745,31446,38129,65535,58577
1685537880,0,1,0,0,1355,10544,15343,20111,23795,65535,59016,24003,24894,31631,38393,65535,59074
1685537886,0,1,0,0,1401,10580,15388,20195,23901,65535,59441,24104,25037,31828,38609,65535,59491
1685537892,0,1,0,0,1404,10626,15446,20235,24009,65535,59896,24239,25190,32037,38852,65535,59945
1685537898,0,1,0,0,1410,10662,15498,20329,24109,65535,60341,24350,25273,32228,39075,65535,60384
1685537904,0,1,0,0,1412,10715,15566,20417,24240,65535,60797,24491,25463,32441,39341,65535,60815
1685537910,0,1,0,0,1413,10744,15615,20479,24345,65535,61205,24603,25589,32623,39574,65535,61224
1685537916,0,1,0,0,1420,10778,15656,20542,24432,65535,61554,24726,25736,32841,39823,65535,61612
1685537922,0,1,0,0,1421,10817,15711,20617,24528,65535,61899,24843,25866,33012,40067,65535,61956
1685537928,0,1,0,0,1422,10843,15744,20673,24600,65535,62219,24949,26001,33194,40300,65535,62273
1685537934,0,1,0,0,1424,10899,15805,20766,24739,65535,62612,25101,26174,33443,40633,65535,62665
1685537940,0,1,0,0,1424,10886,15783,20730,24732,65535,62928,25167,26259,33584,40805,65535,62993
1685537946,0,1,0,0,1430,10950,15876,20871,24892,65535,63249,25257,26400,33691,41044,65535,63278
1685537952,0,1,0,0,1433,10998,15941,20949,25019,65535,63624,25411,26579,33970,41362,65535,63668
1685537958,0,1,0,0,1434,11044,16004,21041,25147,65535,64094,25573,26757,34187,41682,65535,64163
1685537964,0,1,0,0,1435,11107,16098,21159,25279,65535,64643,25778,26981,34502,42096,65535,64696
1685537970,0,1,0,0,1441,11164,16167,21270,25452,65535,65229,25935,27186,34778,42458,65535,65224
1685537976,0,1,0,0,1443,11219,16244,21379,25601,65535,65535,26134,27407,35057,42855,65535,65535
1685537982,0,1,0,0,1450,11245,16280,21447,25704,65535,65535,26279,27571,35291,43169,65535,65535
1685537988,0,1,0,0,1451,11348,16453,21664,25983,65535,65535,26563,27883,35725,43717,65535,65535
1685537994,0,1,0,0,1453,11422,16563,21824,26169,65535,65535,26790,28138,36057,44179,65535,65535
