Timestamp,Amber,White,On,Override,Intensity,AS00,AS01,AS02,AS03,AS04,AS05,AS06,AS07,AS08,AS09,AS10,AS11
1685491200,0,1,0,0,10220,47119,65535,65535,65535,65535,65535,65535,65535,65535,65535,65535,65535
1685491206,0,1,0,0,10215,47077,65535,65535,65535,65535,65535,65535,65535,65535,65535,65535,65535
1685491212,0,1,0,0,10213,47020,65535,65535,65535,65535,65535,65535,65535,65535,65535,65535,65535
1685491218,0,1,0,0,10211,46947,65535,65535,65535,65535,65535,65535,65535,65535,65535,65535,65535
1685491224,0,1,0,0,10205,46896,65535,65535,65535,65535,65535,65535,65535,65535,65535,65535,65535
1685491230,0,1,0,0,10202,46825,65535,65535,65535,65535,65535,65535,65535,65535,65535,65535,65535
1685491236,0,1,0,0,10201,46740,65535,65535,65535,65535,65535,65535,65535,65535,65535,65535,65535
1685491242,0,1,0,0,10153,46643,65535,65535,65535,65535,65535,65535,65535,65535,65535,65535,65535
1685491248,0,1,0,0,10151,46574,65535,65535,65535,65535,65535,65535,65535,65535,65535,65535,65535
1685491254,0,1,0,0,10144,46493,65535,65535,65535,65535,65535,65535,65535,65535,65535,65535,65535
1685491260,0,1,0,0,10141,46413,65535,65535,65535,65535,65535,65535,65535,65535,65535,65535,65535
1685491266,0,1,0,0,10134,46341,65535,65535,65535,65535,65535,65535,65535,65535,65535,65535,65535
1685491272,0,1,0,0,10131,46295,65535,65535,65535,65535,65535,65535,65535,65535,65535,65535,65535
1685491278,0,1,0,0,10125,46202,65535,65535,65535,65535,65535,65535,65535,65535,65535,65535,65535
1685491284,0,1,0,0,10122,46072,65535,65535,65535,65535,65535,65535,65535,65535,65535,65535,65535
1685491290,0,1,0,0,10115,46036,65535,65535,65535,65535,65535,65535,65535,65535,65535,65535,65535
1685491296,0,1,0,0,10114,46013,65535,65535,65535,65535,65535,65535,65535,65535,65535,65535,65535
1685491302,0,1,0,0,10113,45979,65535,65535,65535,65535,65535,65535,65535,65535,65535,65535,65535
1685491308,0,1,0,0,10113,45959,65535,65535,65535,65535,65535,65535,65535,65535,65535,65535,65535
1685491314,0,1,0,0,10111,45892,65535,65535,65535,65535,65535,65535,65535,65535,65535,65535,65535
1685491320,0,1,0,0,10104,45824,65535,65535,65535,65535,65535,65535,65535,65535,65535,65535,65535
1685491326,0,1,0,0,10103,45805,65535,65535,65535,65535,65535,65535,65535,65535,65535,65535,65535
1685491332,0,1,0,0,10102,45767,65535,65535,65535,65535,65535,65535,65535,65535,65535,65535,65535
1685491338,0,1,0,0,10101,45712,65535,65535,65535,65535,65535,65535,65535,65535,65535,65535,65535
1685491344,0,1,0,0,10053,45630,65535,65535,65535,65535,65535,65535,65535,65535,65535,65535,65535
1685491350,0,1,0,0,10051,45470,65535,65535,65535,65535,65535,65535,65535,65535,65535,65535,65535
1685491356,0,1,0,0,10044,45404,65535,65535,65535,65535,65535,65535,65535,65535,65535,65535,65535
1685491362,0,1,0,0,10042,45354,65535,65535,65535,65535,65535,65535,65535,65535,65535,65535,65535
1685491368,0,1,0,0,10033,45235,65535,65535,65535,65535,65535,65535,65535,65535,65535,65535,65535
1685491374,0,1,0,0,10032,45122,65497,65535,65535,65535,65535,65535,65535,65535,65535,65535,65535
1685491380,0,1,0,0,10025,45067,65362,65535,65535,65535,65535,65535,65535,65535,65535,65535,65535
1685491386,0,1,0,0,10025,45046,65337,65535,65535,65535,65535,65535,65535,65535,65535,65535,65535
1685491392,0,1,0,0,10024,45011,65300,65535,65535,65535,65535,65535,65535,65535,65535,65535,65535
1685491398,0,1,0,0,10020,44843,65047,65535,65535,65535,65535,65535,65535,65535,65535,65535,65535
1685491404,0,1,0,0,10002,44492,64597,65535,65535,65535,65535,65535,65535,65535,65535,65535,65535
1685491410,0,1,0,0,5554,44457,64490,65535,65535,65535,65535,65535,65535,65535,65535,65535,65535
1685491416,0,1,0,0,5551,44370,64323,65535,65535,65535,65535,65535,65535,65535,65535,65535,65535
1685491422,0,1,0,0,5545,44259,64166,65535,65535,65535,65535,65535,65535,65535,65535,65535,65535
1685491428,0,1,0,0,5543,44214,64110,65535,65535,65535,65535,65535,65535,65535,65535,65535,65535
1685491434,0,1,0,0,5540,44170,64052,65535,65535,65535,65535,65535,65535,65535,65535,65535,65535
1685491440,0,1,0,0,5535,44123,64003,65535,65535,65535,65535,65535,65535,65535,65535,65535,65535
1685491446,0,1,0,0,5532,43962,63814,65535,65535,65535,65535,65535,65535,65535,65535,65535,65535
1685491452,0,1,0,0,5521,43758,63543,65535,65535,65535,65535,65535,65535,65535,65535,65535,65535
1685491458,0,1,0,0,5514,43697,63440,65535,65535,65535,65535,65535,65535,65535,65535,65535,65535
1685491464,0,1,0,0,5455,43303,62888,65535,65535,65535,65535,65535,65535,65535,65535,65535,65535
1685491470,0,1,0,0,5435,42927,62303,65535,65535,65535,65535,65535,65535,65535,65535,65535,65535
1685491476,0,1,0,0,5431,42892,62226,65535,65535,65535,65535,65535,65535,65535,65535,65535,65535
1685491482,0,1,0,0,5442,43191,62623,65535,65535,65535,65535,65535,65535,65535,65535,65535,65535
1685491488,0,1,0,0,5501,43536,63144,65535,65535,65535,65535,65535,65535,65535,65535,65535,65535
1685491494,0,1,0,0,5513,43786,63555,65535,65535,65535,65535,65535,65535,65535,65535,65535,65535
1685491500,0,1,0,0,5523,43987,63835,65535,65535,65535,65535,65535,65535,65535,65535,65535,65535
1685491506,0,1,0,0,5535,44176,64118,65535,65535,65535,65535,65535,65535,65535,65535,65535,65535
1685491512,0,1,0,0,5551,44354,64410,65535,65535,65535,65535,65535,65535,65535,65535,65535,65535
1685491518,0,1,0,0,10003,44561,64688,65535,65535,65535,65535,65535,65535,65535,65535,65535,65535
1685491524,0,1,0,0,10015,44726,64997,65535,65535,65535,65535,65535,65535,65535,65535,65535,65535
1685491530,0,1,0,0,10023,44767,65045,65535,65535,65535,65535,65535,65535,65535,65535,65535,65535
1685491536,0,1,0,0,10020,44610,64828,65535,65535,65535,65535,65535,65535,65535,65535,65535,65535
1685491542,0,1,0,0,10031,44827,65129,65535,65535,65535,65535,65535,65535,65535,65535,65535,65535
1685491548,0,1,0,0,10042,44934,65356,65535,65535,65535,65535,65535,65535,65535,65535,65535,65535
1685491554,0,1,0,0,10041,44896,65299,65535,65535,65535,65535,65535,65535,65535,65535,65535,65535
1685491560,0,1,0,0,10045,45155,65535,65535,65535,65535,65535,65535,65535,65535,65535,65535,65535
1685491566,0,1,0,0,10110,45445,65535,65535,65535,65535,65535,65535,65535,65535,65535,65535,65535
1685491572,0,1,0,0,10131,45840,65535,65535,65535,65535,65535,65535,65535,65535,65535,65535,65535
1685491578,0,1,0,0,10145,46096,65535,65535,65535,65535,65535,65535,65535,65535,65535,65535,65535
1685491584,0,1,0,0,5544,45685,65535,65535,65535,65535,65535,65535,65535,65535,65535,65535,65535
1685491590,0,1,0,0,10201,46174,65535,65535,65535,65535,65535,65535,65535,65535,65535,65535,65535
1685491596,0,1,0,0,10140,45824,65535,65535,65535,65535,65535,65535,65535,65535,65535,65535,65535
1685491602,0,1,0,0,10124,45500,65535,65535,65535,65535,65535,65535,65535,65535,65535,65535,65535
1685491608,0,1,0,0,10120,45161,65535,65535,65535,65535,65535,65535,65535,65535,65535,65535,65535
1685491614,0,1,0,0,10040,44478,64623,65535,65535,65535,65535,65535,65535,65535,65535,65535,65535
1685491620,0,1,0,0,10002,43844,63678,65535,65535,65535,65535,65535,65535,65535,65535,65535,65535
1685491626,0,1,0,0,5535,43348,62959,65535,65535,65535,65535,65535,65535,65535,65535,65535,65535
1685491632,0,1,0,0,5521,42963,62393,65535,65535,65535,65535,65535,65535,65535,65535,65535,65535
1685491638,0,1,0,0,5503,42653,61885,65535,65535,65535,65535,65535,65535,65535,65535,65535,65535
1685491644,0,1,0,0,5501,42622,61868,65535,65535,65535,65535,65535,65535,65535,65535,65535,65535
1685491650,0,1,0,0,5503,42687,61919,65535,65535,65535,65535,65535,65535,65535,65535,65535,65535
1685491656,0,1,0,0,5511,42755,62003,65535,65535,65535,65535,65535,65535,65535,65535,65535,65535
1685491662,0,1,0,0,5522,43014,62409,65535,65535,65535,65535,65535,65535,65535,65535,65535,65535
1685491668,0,1,0,0,5542,43495,63163,65535,65535,65535,65535,65535,65535,65535,65535,65535,65535
1685491674,0,1,0,0,10014,44116,64014,65535,65535,65535,65535,65535,65535,65535,65535,65535,65535
1685491680,0,1,0,0,10043,44438,64511,65535,65535,65535,65535,65535,65535,65535,65535,65535,65535
1685491686,0,1,0,0,10105,44734,64937,65535,65535,65535,65535,65535,65535,65535,65535,65535,65535
1685491692,0,1,0,0,10125,44967,65312,65535,65535,65535,65535,65535,65535,65535,65535,65535,65535
1685491698,0,1,0,0,10145,45273,65535,65535,65535,65535,65535,65535,65535,65535,65535,65535,65535
1685491704,0,1,0,0,10220,45814,65535,65535,65535,65535,65535,65535,65535,65535,65535,65535,65535
1685491710,0,1,0,0,10252,46321,65535,65535,65535,65535,65535,65535,65535,65535,65535,65535,65535
1685491716,0,1,0,0,10324,46742,65535,65535,65535,65535,65535,65535,65535,65535,65535,65535,65535
1685491722,0,1,0,0,10354,47180,65535,65535,65535,65535,65535,65535,65535,65535,65535,65535,65535
1685491728,0,1,0,0,10421,47632,65535,65535,65535,65535,65535,65535,65535,65535,65535,65535,65535
1685491734,0,1,0,0,10443,48017,65535,65535,65535,65535,65535,65535,65535,65535,65535,65535,65535
1685491740,0,1,0,0,10504,48423,65535,65535,65535,65535,65535,65535,65535,65535,65535,65535,65535
1685491746,0,1,0,0,10515,48575,65535,65535,65535,65535,65535,65535,65535,65535,65535,65535,65535
1685491752,0,1,0,0,10505,48303,65535,65535,65535,65535,65535,65535,65535,65535,65535,65535,65535
1685491758,0,1,0,0,10450,47938,65535,65535,65535,65535,65535,65535,65535,65535,65535,65535,65535
1685491764,0,1,0,0,10433,47660,65535,65535,65535,65535,65535,65535,65535,65535,65535,65535,65535
1685491770,0,1,0,0,10430,47643,65535,65535,65535,65535,65535,65535,65535,65535,65535,65535,65535
1685491776,0,1,0,0,10421,47469,65535,65535,65535,65535,65535,65535,65535,65535,65535,65535,65535
1685491782,0,1,0,0,10411,47393,65535,65535,65535,65535,65535,65535,65535,65535,65535,65535,65535
1685491788,0,1,0,0,10403,47408,65535,65535,65535,65535,65535,65535,65535,65535,65535,65535,65535
1685491794,0,1,0,0,10353,47394,65535,65535,65535,65535,65535,65535,65535,65535,65535,65535,65535
1685491800,0,1,0,0,10345,47546,65535,65535,65535,65535,65535,65535,65535,65535,65535,65535,65535
1685491806,0,1,0,0,10351,47771,65535,65535,65535,65535,65535,65535,65535,65535,65535,65535,65535
1685491812,0,1,0,0,10353,47851,65535,65535,65535,65535,65535,65535,65535,65535,65535,65535,65535
1685491818,0,1,0,0,10354,47907,65535,65535,65535,65535,65535,65535,65535,65535,65535,65535,65535
1685491824,0,1,0,0,10415,48269,65535,65535,65535,65535,65535,65535,65535,65535,65535,65535,65535
1685491830,0,1,0,0,10440,48678,65535,65535,65535,65535,65535,65535,65535,65535,65535,65535,65535
1685491836,0,1,0,0,10500,49234,65535,65535,65535,65535,65535,65535,65535,65535,65535,65535,65535
1685491842,0,1,0,0,10520,49768,65535,65535,65535,65535,65535,65535,65535,65535,65535,65535,65535
1685491848,0,1,0,0,10535,50161,65535,65535,65535,65535,65535,65535,65535,65535,65535,65535,65535
1685491854,0,1,0,0,11003,50181,65535,65535,65535,65535,65535,65535,65535,65535,65535,65535,65535
1685491860,0,1,0,0,11031,50498,65535,65535,65535,65535,65535,65535,65535,65535,65535,65535,65535
1685491866,0,1,0,0,11044,50617,65535,65535,65535,65535,65535,65535,65535,65535,65535,65535,65535
1685491872,0,1,0,0,11055,50759,65535,65535,65535,65535,65535,65535,65535,65535,65535,65535,65535
1685491878,0,1,0,0,11111,51010,65535,65535,65535,65535,65535,65535,65535,65535,65535,65535,65535
1685491884,0,1,0,0,11121,51167,65535,65535,65535,65535,65535,65535,65535,65535,65535,65535,65535
1685491890,0,1,0,0,11120,51018,65535,65535,65535,65535,65535,65535,65535,65535,65535,65535,65535
1685491896,0,1,0,0,11115,50886,65535,65535,65535,65535,65535,65535,65535,65535,65535,65535,65535
1685491902,0,1,0,0,11115,50824,65535,65535,65535,65535,65535,65535,65535,65535,65535,65535,65535
1685491908,0,1,0,0,11131,51016,65535,65535,65535,65535,65535,65535,65535,65535,65535,65535,65535
1685491914,0,1,0,0,11141,51155,65535,65535,65535,65535,65535,65535,65535,65535,65535,65535,65535
1685491920,0,1,0,0,11143,51224,65535,65535,65535,65535,65535,65535,65535,65535,65535,65535,65535
1685491926,0,1,0,0,11145,51397,65535,65535,65535,65535,65535,65535,65535,65535,65535,65535,65535
1685491932,0,1,0,0,11155,51590,65535,65535,65535,65535,65535,65535,65535,65535,65535,65535,65535
1685491938,0,1,0,0,11203,51571,65535,65535,65535,65535,65535,65535,65535,65535,65535,65535,65535
1685491944,0,1,0,0,11210,51681,65535,65535,65535,65535,65535,65535,65535,65535,65535,65535,65535
1685491950,0,1,0,0,11204,51605,65535,65535,65535,65535,65535,65535,65535,65535,65535,65535,65535
1685491956,0,1,0,0,11211,51529,65535,65535,65535,65535,65535,65535,65535,65535,65535,65535,65535
1685491962,0,1,0,0,11213,51518,65535,65535,65535,65535,65535,65535,65535,65535,65535,65535,65535
1685491968,0,1,0,0,11214,51681,65535,65535,65535,65535,65535,65535,65535,65535,65535,65535,65535
1685491974,0,1,0,0,11211,51560,65535,65535,65535,65535,65535,65535,65535,65535,65535,65535,65535
1685491980,0,1,0,0,11204,51546,65535,65535,65535,65535,65535,65535,65535,65535,65535,65535,65535
1685491986,0,1,0,0,11202,51561,65535,65535,65535,65535,65535,65535,65535,65535,65535,65535,65535
1685491992,0,1,0,0,11200,51513,65535,65535,65535,65535,65535,65535,65535,65535,65535,65535,65535
1685491998,0,1,0,0,11152,51383,65535,65535,65535,65535,65535,65535,65535,65535,65535,65535,65535
1685492004,0,1,0,0,11145,51499,65535,65535,65535,65535,65535,65535,65535,65535,65535,65535,65535
1685492010,0,1,0,0,11141,51384,65535,65535,65535,65535,65535,65535,65535,65535,65535,65535,65535
1685492016,0,1,0,0,11133,51522,65535,65535,65535,65535,65535,65535,65535,65535,65535,65535,65535
1685492022,0,1,0,0,11125,51459,65535,65535,65535,65535,65535,65535,65535,65535,65535,65535,65535
1685492028,0,1,0,0,11122,51381,65535,65535,65535,65535,65535,65535,65535,65535,65535,65535,65535
1685492034,0,1,0,0,11115,51317,65535,65535,65535,65535,65535,65535,65535,65535,65535,65535,65535
1685492040,0,1,0,0,11115,51286,65535,65535,65535,65535,65535,65535,65535,65535,65535,65535,65535
1685492046,0,1,0,0,11130,51204,65535,65535,65535,65535,65535,65535,65535,65535,65535,65535,65535
1685492052,0,1,0,0,11140,51311,65535,65535,65535,65535,65535,65535,65535,65535,65535,65535,65535
1685492058,0,1,0,0,11150,51365,65535,65535,65535,65535,65535,65535,65535,65535,65535,65535,65535
1685492064,0,1,0,0,11155,51464,65535,65535,65535,65535,65535,65535,65535,65535,65535,65535,65535
1685492070,0,1,0,0,11202,51404,65535,65535,65535,65535,65535,65535,65535,65535,65535,65535,65535
1685492076,0,1,0,0,11205,51538,65535,65535,65535,65535,65535,65535,65535,65535,65535,65535,65535
1685492082,0,1,0,0,11212,51361,65535,65535,65535,65535,65535,65535,65535,65535,65535,65535,65535
1685492088,0,1,0,0,11212,51230,65535,65535,65535,65535,65535,65535,65535,65535,65535,65535,65535
1685492094,0,1,0,0,11210,51049,65535,65535,65535,65535,65535,65535,65535,65535,65535,65535,65535
1685492100,0,1,0,0,11200,50655,65535,65535,65535,65535,65535,65535,65535,65535,65535,65535,65535
1685492106,0,1,0,0,11141,50500,65535,65535,65535,65535,65535,65535,65535,65535,65535,65535,65535
1685492112,0,1,0,0,11124,50498,65535,65535,65535,65535,65535,65535,65535,65535,65535,65535,65535
1685492118,0,1,0,0,11114,50424,65535,65535,65535,65535,65535,65535,65535,65535,65535,65535,65535
1685492124,0,1,0,0,11111,50324,65535,65535,65535,65535,65535,65535,65535,65535,65535,65535,65535
1685492130,0,1,0,0,11111,49880,65535,65535,65535,65535,65535,65535,65535,65535,65535,65535,65535
1685492136,0,1,0,0,11114,50156,65535,65535,65535,65535,65535,65535,65535,65535,65535,65535,65535
1685492142,0,1,0,0,11124,50191,65535,65535,65535,65535,65535,65535,65535,65535,65535,65535,65535
1685492148,0,1,0,0,11141,50348,65535,65535,65535,65535,65535,65535,65535,65535,65535,65535,65535
1685492154,0,1,0,0,11142,50196,65535,65535,65535,65535,65535,65535,65535,65535,65535,65535,65535
1685492160,0,1,0,0,11144,50501,65535,65535,65535,65535,65535,65535,65535,65535,65535,65535,65535
1685492166,0,1,0,0,11152,50711,65535,65535,65535,65535,65535,65535,65535,65535,65535,65535,65535
1685492172,0,1,0,0,11200,50985,65535,65535,65535,65535,65535,65535,65535,65535,65535,65535,65535
1685492178,0,1,0,0,11202,51117,65535,65535,65535,65535,65535,65535,65535,65535,65535,65535,65535
1685492184,0,1,0,0,11201,51186,65535,65535,65535,65535,65535,65535,65535,65535,65535,65535,65535
1685492190,0,1,0,0,11210,51623,65535,65535,65535,65535,65535,65535,65535,65535,65535,65535,65535
1685492196,0,1,0,0,11220,51828,65535,65535,65535,65535,65535,65535,65535,65535,65535,65535,65535
1685492202,0,1,0,0,1223223,51823,65535,65535,65535,65535,65535,65535,65535,65535,65535,65535,65535
1685492208,0,1,0,0,1223223,52137,65535,65535,65535,65535,65535,65535,65535,65535,65535,65535,65535
1685492214,0,1,0,0,1223223,52618,65535,65535,65535,65535,65535,65535,65535,65535,65535,65535,65535
1685492220,0,1,0,0,1223223,52863,65535,65535,65535,65535,65535,65535,65535,65535,65535,65535,65535
1685492226,0,1,0,0,1223223,52807,65535,65535,65535,65535,65535,65535,65535,65535,65535,65535,65535
1685492232,0,1,0,0,1223223,52893,65535,65535,65535,65535,65535,65535,65535,65535,65535,65535,65535
1685492238,0,1,0,0,1223223,53197,65535,65535,65535,65535,65535,65535,65535,65535,65535,65535,65535
1685492244,0,1,0,0,1223223,52879,65535,65535,65535,65535,65535,65535,65535,65535,65535,65535,65535
1685492250,0,1,0,0,1223223,53206,65535,65535,65535,65535,65535,65535,65535,65535,65535,65535,65535
1685492256,0,1,0,0,1223223,53307,65535,65535,65535,65535,65535,65535,65535,65535,65535,65535,65535
1685492262,0,1,0,0,1223223,53363,65535,65535,65535,65535,65535,65535,65535,65535,65535,65535,65535
1685492268,0,1,0,0,1223223,53328,65535,65535,65535,65535,65535,65535,65535,65535,65535,65535,65535
1685492274,0,1,0,0,1223223,53177,65535,65535,65535,65535,65535,65535,65535,65535,65535,65535,65535
1685492280,0,1,0,0,1223223,52963,65535,65535,65535,65535,65535,65535,65535,65535,65535,65535,65535
1685492286,0,1,0,0,1223223,52852,65535,65535,65535,65535,65535,65535,65535,65535,65535,65535,65535
1685492292,0,1,0,0,1223223,52825,65535,65535,65535,65535,65535,65535,65535,65535,65535,65535,65535
1685492298,0,1,0,0,1223223,52868,65535,65535,65535,65535,65535,65535,65535,65535,65535,65535,65535
1685492304,0,1,0,0,1223223,52831,65535,65535,65535,65535,65535,65535,65535,65535,65535,65535,65535
1685492310,0,1,0,0,1223223,53423,65535,65535,65535,65535,65535,65535,65535,65535,65535,65535,65535
1685492316,0,1,0,0,1223223,53543,65535,65535,65535,65535,65535,65535,65535,65535,65535,65535,65535
1685492322,0,1,0,0,1223223,54420,65535,65535,65535,65535,65535,65535,65535,65535,65535,65535,65535
1685492328,0,1,0,0,1223223,54703,65535,65535,65535,65535,65535,65535,65535,65535,65535,65535,65535
1685492334,0,1,0,0,1223223,54385,65535,65535,65535,65535,65535,65535,65535,65535,65535,65535,65535
1685492340,0,1,0,0,1223223,54502,65535,65535,65535,65535,65535,65535,65535,65535,65535,65535,65535
1685492346,0,1,0,0,1223223,54599,65535,65535,65535,65535,65535,65535,65535,65535,65535,65535,65535
1685492352,0,1,0,0,1223223,54603,65535,65535,65535,65535,65535,65535,65535,65535,65535,65535,65535
1685492358,0,1,0,0,1223223,54443,65535,65535,65535,65535,65535,65535,65535,65535,65535,65535,65535
1685492364,0,1,0,0,1223223,54132,65535,65535,65535,65535,65535,65535,65535,65535,65535,65535,65535
1685492370,0,1,0,0,1223223,54442,65535,65535,65535,65535,65535,65535,65535,65535,65535,65535,65535
1685492376,0,1,0,0,1223223,53613,65535,65535,65535,65535,65535,65535,65535,65535,65535,65535,65535
1685492382,0,1,0,0,1223223,53239,65535,65535,65535,65535,65535,65535,65535,65535,65535,65535,65535
1685492388,0,1,0,0,1223223,53229,65535,65535,65535,65535,65535,65535,65535,65535,65535,65535,65535
1685492394,0,1,0,0,1223223,52968,65535,65535,65535,65535,65535,65535,65535,65535,65535,65535,65535
1685492400,0,1,0,0,1223223,52966,65535,65535,65535,65535,65535,65535,65535,65535,65535,65535,65535
1685492406,0,1,0,0,1223223,53369,65535,65535,65535,65535,65535,65535,65535,65535,65535,65535,65535
1685492412,0,1,0,0,1223223,53340,65535,65535,65535,65535,65535,65535,65535,65535,65535,65535,65535
1685492418,0,1,0,0,1223223,54014,65535,65535,65535,65535,65535,65535,65535,65535,65535,65535,65535
1685492424,0,1,0,0,1223223,54184,65535,65535,65535,65535,65535,65535,65535,65535,65535,65535,65535
1685492430,0,1,0,0,1223223,54651,65535,65535,65535,65535,65535,65535,65535,65535,65535,65535,65535
1685492436,0,1,0,0,1223223,55009,65535,65535,65535,65535,65535,65535,65535,65535,65535,65535,65535
1685492442,0,1,0,0,1223223,54833,65535,65535,65535,65535,65535,65535,65535,65535,65535,65535,65535
1685492448,0,1,0,0,1223223,55041,65535,65535,65535,65535,65535,65535,65535,65535,65535,65535,65535
1685492454,0,1,0,0,1223223,55057,65535,65535,65535,65535,65535,65535,65535,65535,65535,65535,65535
1685492460,0,1,0,0,1223223,55144,65535,65535,65535,65535,65535,65535,65535,65535,65535,65535,65535
1685492466,0,1,0,0,1223223,55199,65535,65535,65535,65535,65535,65535,65535,65535,65535,65535,65535
1685492472,0,1,0,0,1223223,55084,65535,65535,65535,65535,65535,65535,65535,65535,65535,65535,65535
1685492478,0,1,0,0,1223223,54941,65535,65535,65535,65535,65535,65535,65535,65535,65535,65535,65535
1685492484,0,1,0,0,1223223,54752,65535,65535,65535,65535,65535,65535,65535,65535,65535,65535,65535
1685492490,0,1,0,0,1223223,54968,65535,65535,65535,65535,65535,65535,65535,65535,65535,65535,65535
1685492496,0,1,0,0,1223223,54624,65535,65535,65535,65535,65535,65535,65535,65535,65535,65535,65535
1685492502,0,1,0,0,1223223,54412,65535,65535,65535,65535,65535,65535,65535,65535,65535,65535,65535
1685492508,0,1,0,0,1223223,54344,65535,65535,65535,65535,65535,65535,65535,65535,65535,65535,65535
1685492514,0,1,0,0,1223223,53906,65535,65535,65535,65535,65535,65535,65535,65535,65535,65535,65535
1685492520,0,1,0,0,1223223,54213,65535,65535,65535,65535,65535,65535,65535,65535,65535,65535,65535
1685492526,0,1,0,0,1223223,54046,65535,65535,65535,65535,65535,65535,65535,65535,65535,65535,65535
1685492532,0,1,0,0,1223223,53935,65535,65535,65535,65535,65535,65535,65535,65535,65535,65535,65535
1685492538,0,1,0,0,1223223,53966,65535,65535,65535,65535,65535,65535,65535,65535,65535,65535,65535
1685492544,0,1,0,0,1223223,54176,65535,65535,65535,65535,65535,65535,65535,65535,65535,65535,65535
1685492550,0,1,0,0,1223223,54091,65535,65535,65535,65535,65535,65535,65535,65535,65535,65535,65535
1685492556,0,1,0,0,1223223,54976,65535,65535,65535,65535,65535,65535,65535,65535,65535,65535,65535
1685492562,0,1,0,0,1223223,54723,65535,65535,65535,65535,65535,65535,65535,65535,65535,65535,65535
1685492568,0,1,0,0,1223223,54765,65535,65535,65535,65535,65535,65535,65535,65535,65535,65535,65535
1685492574,0,1,0,0,1223223,54682,65535,65535,65535,65535,65535,65535,65535,65535,65535,65535,65535
1685492580,0,1,0,0,1223223,54564,65535,65535,65535,65535,65535,65535,65535,65535,65535,65535,65535
1685492586,0,1,0,0,1223223,54758,65535,65535,65535,65535,65535,65535,65535,65535,65535,65535,65535
1685492592,0,1,0,0,1223223,54931,65535,65535,65535,65535,65535,65535,65535,65535,65535,65535,65535
1685492598,0,1,0,0,1223223,54714,65535,65535,65535,65535,65535,65535,65535,65535,65535,65535,65535
1685492604,0,1,0,0,1223223,54618,65535,65535,65535,65535,65535,65535,65535,65535,65535,65535,65535
1685492610,0,1,0,0,1223223,54531,65535,65535,65535,65535,65535,65535,65535,65535,65535,65535,65535
1685492616,0,1,0,0,1223223,54466,65535,65535,65535,65535,65535,65535,65535,65535,65535,65535,65535
1685492622,0,1,0,0,1223223,54312,65535,65535,65535,65535,65535,65535,65535,65535,65535,65535,65535
1685492628,0,1,0,0,1223223,53986,65535,65535,65535,65535,65535,65535,65535,65535,65535,65535,65535
1685492634,0,1,0,0,1223223,53750,65535,65535,65535,65535,65535,65535,65535,65535,65535,65535,65535
1685492640,0,1,0,0,1223223,53419,65535,65535,65535,65535,65535,65535,65535,65535,65535,65535,65535
1685492646,0,1,0,0,1223223,53340,65535,65535,65535,65535,65535,65535,65535,65535,65535,65535,65535
1685492652,0,1,0,0,1223223,53093,65535,65535,65535,65535,65535,65535,65535,65535,65535,65535,65535
1685492658,0,1,0,0,1223223,53204,65535,65535,65535,65535,65535,65535,65535,65535,65535,65535,65535
1685492664,0,1,0,0,1223223,53565,65535,65535,65535,65535,65535,65535,65535,65535,65535,65535,65535
1685492670,0,1,0,0,1223223,53852,65535,65535,65535,65535,65535,65535,65535,65535,65535,65535,65535
1685492676,0,1,0,0,1223223,54255,65535,65535,65535,65535,65535,65535,65535,65535,65535,65535,65535
1685492682,0,1,0,0,1223223,54017,65535,65535,65535,65535,65535,65535,65535,65535,65535,65535,65535
1685492688,0,1,0,0,1223223,54638,65535,65535,65535,65535,65535,65535,65535,65535,65535,65535,65535
1685492694,0,1,0,0,1223223,54838,65535,65535,65535,65535,65535,65535,65535,65535,65535,65535,65535
1685492700,0,1,0,0,1223223,55059,65535,65535,65535,65535,65535,65535,65535,65535,65535,65535,65535
1685492706,0,1,0,0,1223223,54734,65535,65535,65535,65535,65535,65535,65535,65535,65535,65535,65535
1685492712,0,1,0,0,1223223,54863,65535,65535,65535,65535,65535,65535,65535,65535,65535,65535,65535
1685492718,0,1,0,0,1223223,54902,65535,65535,65535,65535,65535,65535,65535,65535,65535,65535,65535
1685492724,0,1,0,0,1223223,54907,65535,65535,65535,65535,65535,65535,65535,65535,65535,65535,65535
1685492730,0,1,0,0,1223223,54924,65535,65535,65535,65535,65535,65535,65535,65535,65535,65535,65535
1685492736,0,1,0,0,1223223,54902,65535,65535,65535,65535,65535,65535,65535,65535,65535,65535,65535
1685492742,0,1,0,0,1223223,54800,65535,65535,65535,65535,65535,65535,65535,65535,65535,65535,65535
1685492748,0,1,0,0,1223223,54684,65535,65535,65535,65535,65535,65535,65535,65535,65535,65535,65535
1685492754,0,1,0,0,1223223,55081,65535,65535,65535,65535,65535,65535,65535,65535,65535,65535,65535
1685492760,0,1,0,0,1223223,54974,65535,65535,65535,65535,65535,65535,65535,65535,65535,65535,65535
1685492766,0,1,0,0,1223223,54347,65535,65535,65535,65535,65535,65535,65535,65535,65535,65535,65535
1685492772,0,1,0,0,1223223,54579,65535,65535,65535,65535,65535,65535,65535,65535,65535,65535,65535
1685492778,0,1,0,0,1223223,53929,65535,65535,65535,65535,65535,65535,65535,65535,65535,65535,65535
1685492784,0,1,0,0,1223223,53726,65535,65535,65535,65535,65535,65535,65535,65535,65535,65535,65535
1685492790,0,1,0,0,1223223,53507,65535,65535,65535,65535,65535,65535,65535,65535,65535,65535,65535
1685492796,0,1,0,0,1223223,53390,65535,65535,65535,65535,65535,65535,65535,65535,65535,65535,65535
1685492802,0,1,0,0,1223223,52699,65535,65535,65535,65535,65535,65535,65535,65535,65535,65535,65535
1685492808,0,1,0,0,1223223,52423,65535,65535,65535,65535,65535,65535,65535,65535,65535,65535,65535
1685492814,0,1,0,0,1223223,51833,65535,65535,65535,65535,65535,65535,65535,65535,65535,65535,65535
1685492820,0,1,0,0,11142,51084,65535,65535,65535,65535,65535,65535,65535,65535,65535,65535,65535
1685492826,0,1,0,0,11115,50510,65535,65535,65535,65535,65535,65535,65535,65535,65535,65535,65535
1685492832,0,1,0,0,11050,50366,65535,65535,65535,65535,65535,65535,65535,65535,65535,65535,65535
1685492838,0,1,0,0,11013,49608,65535,65535,65535,65535,65535,65535,65535,65535,65535,65535,65535
1685492844,0,1,0,0,10551,48824,65535,65535,65535,65535,65535,65535,65535,65535,65535,65535,65535
1685492850,0,1,0,0,10532,48654,65535,65535,65535,65535,65535,65535,65535,65535,65535,65535,65535
1685492856,0,1,0,0,10514,48342,65535,65535,65535,65535,65535,65535,65535,65535,65535,65535,65535
1685492862,0,1,0,0,10500,47979,65535,65535,65535,65535,65535,65535,65535,65535,65535,65535,65535
1685492868,0,1,0,0,10444,47625,65535,65535,65535,65535,65535,65535,65535,65535,65535,65535,65535
1685492874,0,1,0,0,10440,47525,65535,65535,65535,65535,65535,65535,65535,65535,65535,65535,65535
1685492880,0,1,0,0,10431,47392,65535,65535,65535,65535,65535,65535,65535,65535,65535,65535,65535
1685492886,0,1,0,0,10422,47257,65535,65535,65535,65535,65535,65535,65535,65535,65535,65535,65535
1685492892,0,1,0,0,10412,47091,65535,65535,65535,65535,65535,65535,65535,65535,65535,65535,65535
1685492898,0,1,0,0,10401,46882,65535,65535,65535,65535,65535,65535,65535,65535,65535,65535,65535
1685492904,0,1,0,0,10352,46734,65535,65535,65535,65535,65535,65535,65535,65535,65535,65535,65535
1685492910,0,1,0,0,10352,46701,65535,65535,65535,65535,65535,65535,65535,65535,65535,65535,65535
1685492916,0,1,0,0,10354,46786,65535,65535,65535,65535,65535,65535,65535,65535,65535,65535,65535
1685492922,0,1,0,0,10402,46889,65535,65535,65535,65535,65535,65535,65535,65535,65535,65535,65535
1685492928,0,1,0,0,10414,46990,65535,65535,65535,65535,65535,65535,65535,65535,65535,65535,65535
1685492934,0,1,0,0,10430,47172,65535,65535,65535,65535,65535,65535,65535,65535,65535,65535,65535
1685492940,0,1,0,0,10442,47276,65535,65535,65535,65535,65535,65535,65535,65535,65535,65535,65535
1685492946,0,1,0,0,10500,47420,65535,65535,65535,65535,65535,65535,65535,65535,65535,65535,65535
1685492952,0,1,0,0,10511,47496,65535,65535,65535,65535,65535,65535,65535,65535,65535,65535,65535
1685492958,0,1,0,0,10522,47633,65535,65535,65535,65535,65535,65535,65535,65535,65535,65535,65535
1685492964,0,1,0,0,10532,47748,65535,65535,65535,65535,65535,65535,65535,65535,65535,65535,65535
1685492970,0,1,0,0,10541,47952,65535,65535,65535,65535,65535,65535,65535,65535,65535,65535,65535
1685492976,0,1,0,0,10545,48043,65535,65535,65535,65535,65535,65535,65535,65535,65535,65535,65535
1685492982,0,1,0,0,11000,47960,65535,65535,65535,65535,65535,65535,65535,65535,65535,65535,65535
1685492988,0,1,0,0,11010,48264,65535,65535,65535,65535,65535,65535,65535,65535,65535,65535,65535
1685492994,0,1,0,0,11014,48318,65535,65535,65535,65535,65535,65535,65535,65535,65535,65535,65535
1685493000,0,1,0,0,11020,48401,65535,65535,65535,65535,65535,65535,65535,65535,65535,65535,65535
1685493006,0,1,0,0,11025,48459,65535,65535,65535,65535,65535,65535,65535,65535,65535,65535,65535
1685493012,0,1,0,0,11040,48569,65535,65535,65535,65535,65535,65535,65535,65535,65535,65535,65535
1685493018,0,1,0,0,11051,48690,65535,65535,65535,65535,65535,65535,65535,65535,65535,65535,65535
1685493024,0,1,0,0,11055,48782,65535,65535,65535,65535,65535,65535,65535,65535,65535,65535,65535
1685493030,0,1,0,0,11100,48745,65535,65535,65535,65535,65535,65535,65535,65535,65535,65535,65535
1685493036,0,1,0,0,11051,48400,65535,65535,65535,65535,65535,65535,65535,65535,65535,65535,65535
1685493042,0,1,0,0,11041,48562,65535,65535,65535,65535,65535,65535,65535,65535,65535,65535,65535
1685493048,0,1,0,0,11033,48376,65535,65535,65535,65535,65535,65535,65535,65535,65535,65535,65535
1685493054,0,1,0,0,11034,48827,65535,65535,65535,65535,65535,65535,65535,65535,65535,65535,65535
1685493060,0,1,0,0,11043,49163,65535,65535,65535,65535,65535,65535,65535,65535,65535,65535,65535
1685493066,0,1,0,0,11055,49672,65535,65535,65535,65535,65535,65535,65535,65535,65535,65535,65535
1685493072,0,1,0,0,11115,50260,65535,65535,65535,65535,65535,65535,65535,65535,65535,65535,65535
1685493078,0,1,0,0,1223223,50474,65535,65535,65535,65535,65535,65535,65535,65535,65535,65535,65535
1685493084,0,1,0,0,1223223,50861,65535,65535,65535,65535,65535,65535,65535,65535,65535,65535,65535
1685493090,0,1,0,0,1223223,51349,65535,65535,65535,65535,65535,65535,65535,65535,65535,65535,65535
1685493096,0,1,0,0,1223223,51669,65535,65535,65535,65535,65535,65535,65535,65535,65535,65535,65535
1685493102,0,1,0,0,1223223,51931,65535,65535,65535,65535,65535,65535,65535,65535,65535,65535,65535
1685493108,0,1,0,0,1223223,52059,65535,65535,65535,65535,65535,65535,65535,65535,65535,65535,65535
1685493114,0,1,0,0,1223223,52050,65535,65535,65535,65535,65535,65535,65535,65535,65535,65535,65535
1685493120,0,1,0,0,1223223,52140,65535,65535,65535,65535,65535,65535,65535,65535,65535,65535,65535
1685493126,0,1,0,0,1223223,52193,65535,65535,65535,65535,65535,65535,65535,65535,65535,65535,65535
1685493132,0,1,0,0,1223223,51959,65535,65535,65535,65535,65535,65535,65535,65535,65535,65535,65535
1685493138,0,1,0,0,1223223,51453,65535,65535,65535,65535,65535,65535,65535,65535,65535,65535,65535
1685493144,0,1,0,0,1223223,50771,65535,65535,65535,65535,65535,65535,65535,65535,65535,65535,65535
1685493150,0,1,0,0,1223223,50500,65535,65535,65535,65535,65535,65535,65535,65535,65535,65535,65535
1685493156,0,1,0,0,1223223,50152,65535,65535,65535,65535,65535,65535,65535,65535,65535,65535,65535
1685493162,0,1,0,0,11115,50105,65535,65535,65535,65535,65535,65535,65535,65535,65535,65535,65535
1685493168,0,1,0,0,11102,49483,65535,65535,65535,65535,65535,65535,65535,65535,65535,65535,65535
1685493174,0,1,0,0,11053,49544,65535,65535,65535,65535,65535,65535,65535,65535,65535,65535,65535
1685493180,0,1,0,0,11042,49227,65535,65535,65535,65535,65535,65535,65535,65535,65535,65535,65535
1685493186,0,1,0,0,11040,49025,65535,65535,65535,65535,65535,65535,65535,65535,65535,65535,65535
1685493192,0,1,0,0,11044,48914,65535,65535,65535,65535,65535,65535,65535,65535,65535,65535,65535
1685493198,0,1,0,0,11050,48852,65535,65535,65535,65535,65535,65535,65535,65535,65535,65535,65535
1685493204,0,1,0,0,1223223,48798,65535,65535,65535,65535,65535,65535,65535,65535,65535,65535,65535
1685493210,0,1,0,0,11053,48632,65535,65535,65535,65535,65535,65535,65535,65535,65535,65535,65535
1685493216,0,1,0,0,11053,48386,65535,65535,65535,65535,65535,65535,65535,65535,65535,65535,65535
1685493222,0,1,0,0,1223223,48561,65535,65535,65535,65535,65535,65535,65535,65535,65535,65535,65535
1685493228,0,1,0,0,1223223,48546,65535,65535,65535,65535,65535,65535,65535,65535,65535,65535,65535
1685493234,0,1,0,0,1223223,48658,65535,65535,65535,65535,65535,65535,65535,65535,65535,65535,65535
1685493240,0,1,0,0,1223223,48887,65535,65535,65535,65535,65535,65535,65535,65535,65535,65535,65535
1685493246,0,1,0,0,1223223,49014,65535,65535,65535,65535,65535,65535,65535,65535,65535,65535,65535
1685493252,0,1,0,0,1223223,49180,65535,65535,65535,65535,65535,65535,65535,65535,65535,65535,65535
1685493258,0,1,0,0,1223223,49296,65535,65535,65535,65535,65535,65535,65535,65535,65535,65535,65535
1685493264,0,1,0,0,1223223,49477,65535,65535,65535,65535,65535,65535,65535,65535,65535,65535,65535
1685493270,0,1,0,0,1223223,49621,65535,65535,65535,65535,65535,65535,65535,65535,65535,65535,65535
1685493276,0,1,0,0,1223223,49729,65535,65535,65535,65535,65535,65535,65535,65535,65535,65535,65535
1685493282,0,1,0,0,1223223,49852,65535,65535,65535,65535,65535,65535,65535,65535,65535,65535,65535
1685493288,0,1,0,0,1223223,49907,65535,65535,65535,65535,65535,65535,65535,65535,65535,65535,65535
1685493294,0,1,0,0,1223223,49947,65535,65535,65535,65535,65535,65535,65535,65535,65535,65535,65535
1685493300,0,1,0,0,1223223,49959,65535,65535,65535,65535,65535,65535,65535,65535,65535,65535,65535
1685493306,0,1,0,0,1223223,50000,65535,65535,65535,65535,65535,65535,65535,65535,65535,65535,65535
1685493312,0,1,0,0,1223223,49968,65535,65535,65535,65535,65535,65535,65535,65535,65535,65535,65535
1685493318,0,1,0,0,1223223,49961,65535,65535,65535,65535,65535,65535,65535,65535,65535,65535,65535
1685493324,0,1,0,0,1223223,49983,65535,65535,65535,65535,65535,65535,65535,65535,65535,65535,65535
1685493330,0,1,0,0,1223223,49922,65535,65535,65535,65535,65535,65535,65535,65535,65535,65535,65535
1685493336,0,1,0,0,1223223,49875,65535,65535,65535,65535,65535,65535,65535,65535,65535,65535,65535
1685493342,0,1,0,0,1223223,49908,65535,65535,65535,65535,65535,65535,65535,65535,65535,65535,65535
1685493348,0,1,0,0,1223223,49925,65535,65535,65535,65535,65535,65535,65535,65535,65535,65535,65535
1685493354,0,1,0,0,1223223,50000,65535,65535,65535,65535,65535,65535,65535,65535,65535,65535,65535
1685493360,0,1,0,0,1223223,50190,65535,65535,65535,65535,65535,65535,65535,65535,65535,65535,65535
1685493366,0,1,0,0,1223223,50326,65535,65535,65535,65535,65535,65535,65535,65535,65535,65535,65535
1685493372,0,1,0,0,1223223,50359,65535,65535,65535,65535,65535,65535,65535,65535,65535,65535,65535
1685493378,0,1,0,0,1223223,50354,65535,65535,65535,65535,65535,65535,65535,65535,65535,65535,65535
1685493384,0,1,0,0,1223223,50318,65535,65535,65535,65535,65535,65535,65535,65535,65535,65535,65535
1685493390,0,1,0,0,1223223,50217,65535,65535,65535,65535,65535,65535,65535,65535,65535,65535,65535
1685493396,0,1,0,0,1223223,50159,65535,65535,65535,65535,65535,65535,65535,65535,65535,65535,65535
1685493402,0,1,0,0,1223223,50094,65535,65535,65535,65535,65535,65535,65535,65535,65535,65535,65535
1685493408,0,1,0,0,1223223,49988,65535,65535,65535,65535,65535,65535,65535,65535,65535,65535,65535
1685493414,0,1,0,0,1223223,49906,65535,65535,65535,65535,65535,65535,65535,65535,65535,65535,65535
1685493420,0,1,0,0,1223223,49733,65535,65535,65535,65535,65535,65535,65535,65535,65535,65535,65535
1685493426,0,1,0,0,1223223,49414,65535,65535,65535,65535,65535,65535,65535,65535,65535,65535,65535
1685493432,0,1,0,0,1223223,48872,65535,65535,65535,65535,65535,65535,65535,65535,65535,65535,65535
1685493438,0,1,0,0,1223223,48982,65535,65535,65535,65535,65535,65535,65535,65535,65535,65535,65535
1685493444,0,1,0,0,1223223,48576,65535,65535,65535,65535,65535,65535,65535,65535,65535,65535,65535
1685493450,0,1,0,0,1223223,48789,65535,65535,65535,65535,65535,65535,65535,65535,65535,65535,65535
1685493456,0,1,0,0,1223223,48689,65535,65535,65535,65535,65535,65535,65535,65535,65535,65535,65535
1685493462,0,1,0,0,1223223,48682,65535,65535,65535,65535,65535,65535,65535,65535,65535,65535,65535
1685493468,0,1,0,0,1223223,48676,65535,65535,65535,65535,65535,65535,65535,65535,65535,65535,65535
1685493474,0,1,0,0,1223223,48746,65535,65535,65535,65535,65535,65535,65535,65535,65535,65535,65535
1685493480,0,1,0,0,1223223,48793,65535,65535,65535,65535,65535,65535,65535,65535,65535,65535,65535
1685493486,0,1,0,0,1223223,48770,65535,65535,65535,65535,65535,65535,65535,65535,65535,65535,65535
1685493492,0,1,0,0,1223223,48631,65535,65535,65535,65535,65535,65535,65535,65535,65535,65535,65535
1685493498,0,1,0,0,1223223,48703,65535,65535,65535,65535,65535,65535,65535,65535,65535,65535,65535
1685493504,0,1,0,0,1223223,48872,65535,65535,65535,65535,65535,65535,65535,65535,65535,65535,65535
1685493510,0,1,0,0,1223223,49008,65535,65535,65535,65535,65535,65535,65535,65535,65535,65535,65535
1685493516,0,1,0,0,1223223,49033,65535,65535,65535,65535,65535,65535,65535,65535,65535,65535,65535
1685493522,0,1,0,0,1223223,48894,65535,65535,65535,65535,65535,65535,65535,65535,65535,65535,65535
1685493528,0,1,0,0,1223223,49292,65535,65535,65535,65535,65535,65535,65535,65535,65535,65535,65535
1685493534,0,1,0,0,1223223,49388,65535,65535,65535,65535,65535,65535,65535,65535,65535,65535,65535
1685493540,0,1,0,0,1223223,49459,65535,65535,65535,65535,65535,65535,65535,65535,65535,65535,65535
1685493546,0,1,0,0,1223223,49529,65535,65535,65535,65535,65535,65535,65535,65535,65535,65535,65535
1685493552,0,1,0,0,1223223,49639,65535,65535,65535,65535,65535,65535,65535,65535,65535,65535,65535
1685493558,0,1,0,0,1223223,49867,65535,65535,65535,65535,65535,65535,65535,65535,65535,65535,65535
1685493564,0,1,0,0,1223223,49923,65535,65535,65535,65535,65535,65535,65535,65535,65535,65535,65535
1685493570,0,1,0,0,1223223,49756,65535,65535,65535,65535,65535,65535,65535,65535,65535,65535,65535
1685493576,0,1,0,0,1223223,49513,65535,65535,65535,65535,65535,65535,65535,65535,65535,65535,65535
1685493582,0,1,0,0,1223223,49251,65535,65535,65535,65535,65535,65535,65535,65535,65535,65535,65535
1685493588,0,1,0,0,1223223,49072,65535,65535,65535,65535,65535,65535,65535,65535,65535,65535,65535
1685493594,0,1,0,0,1223223,48803,65535,65535,65535,65535,65535,65535,65535,65535,65535,65535,65535
1685493600,0,1,0,0,1223223,48519,65535,65535,65535,65535,65535,65535,65535,65535,65535,65535,65535
1685493606,0,1,0,0,1223223,48245,65535,65535,65535,65535,65535,65535,65535,65535,65535,65535,65535
1685493612,0,1,0,0,1223223,48064,65535,65535,65535,65535,65535,65535,65535,65535,65535,65535,65535
1685493618,0,1,0,0,11045,47924,65535,65535,65535,65535,65535,65535,65535,65535,65535,65535,65535
1685493624,0,1,0,0,11035,47944,65535,65535,65535,65535,65535,65535,65535,65535,65535,65535,65535
1685493630,0,1,0,0,11031,47999,65535,65535,65535,65535,65535,65535,65535,65535,65535,65535,65535
1685493636,0,1,0,0,11023,48124,65535,65535,65535,65535,65535,65535,65535,65535,65535,65535,65535
1685493642,0,1,0,0,11015,48180,65535,65535,65535,65535,65535,65535,65535,65535,65535,65535,65535
1685493648,0,1,0,0,11005,48177,65535,65535,65535,65535,65535,65535,65535,65535,65535,65535,65535
1685493654,0,1,0,0,11000,47920,65535,65535,65535,65535,65535,65535,65535,65535,65535,65535,65535
1685493660,0,1,0,0,11000,48174,65535,65535,65535,65535,65535,65535,65535,65535,65535,65535,65535
1685493666,0,1,0,0,11002,48258,65535,65535,65535,65535,65535,65535,65535,65535,65535,65535,65535
1685493672,0,1,0,0,11003,48262,65535,65535,65535,65535,65535,65535,65535,65535,65535,65535,65535
1685493678,0,1,0,0,11004,47997,65535,65535,65535,65535,65535,65535,65535,65535,65535,65535,65535
1685493684,0,1,0,0,11005,47990,65535,65535,65535,65535,65535,65535,65535,65535,65535,65535,65535
1685493690,0,1,0,0,11004,48106,65535,65535,65535,65535,65535,65535,65535,65535,65535,65535,65535
1685493696,0,1,0,0,10555,47689,65535,65535,65535,65535,65535,65535,65535,65535,65535,65535,65535
1685493702,0,1,0,0,10543,47524,65535,65535,65535,65535,65535,65535,65535,65535,65535,65535,65535
1685493708,0,1,0,0,10532,47200,65535,65535,65535,65535,65535,65535,65535,65535,65535,65535,65535
1685493714,0,1,0,0,10521,46816,65535,65535,65535,65535,65535,65535,65535,65535,65535,65535,65535
1685493720,0,1,0,0,10504,46377,65535,65535,65535,65535,65535,65535,65535,65535,65535,65535,65535
1685493726,0,1,0,0,10451,46166,65535,65535,65535,65535,65535,65535,65535,65535,65535,65535,65535
1685493732,0,1,0,0,10444,46126,65535,65535,65535,65535,65535,65535,65535,65535,65535,65535,65535
1685493738,0,1,0,0,10443,46118,65535,65535,65535,65535,65535,65535,65535,65535,65535,65535,65535
1685493744,0,1,0,0,10442,46121,65535,65535,65535,65535,65535,65535,65535,65535,65535,65535,65535
1685493750,0,1,0,0,10441,46111,65535,65535,65535,65535,65535,65535,65535,65535,65535,65535,65535
1685493756,0,1,0,0,10433,45979,65535,65535,65535,65535,65535,65535,65535,65535,65535,65535,65535
1685493762,0,1,0,0,10430,45841,65535,65535,65535,65535,65535,65535,65535,65535,65535,65535,65535
1685493768,0,1,0,0,10423,45826,65535,65535,65535,65535,65535,65535,65535,65535,65535,65535,65535
1685493774,0,1,0,0,10421,45757,65535,65535,65535,65535,65535,65535,65535,65535,65535,65535,65535
1685493780,0,1,0,0,10421,45702,65535,65535,65535,65535,65535,65535,65535,65535,65535,65535,65535
1685493786,0,1,0,0,10422,45672,65535,65535,65535,65535,65535,65535,65535,65535,65535,65535,65535
1685493792,0,1,0,0,10421,45574,65535,65535,65535,65535,65535,65535,65535,65535,65535,65535,65535
1685493798,0,1,0,0,10424,45601,65535,65535,65535,65535,65535,65535,65535,65535,65535,65535,65535
1685493804,0,1,0,0,10434,45699,65535,65535,65535,65535,65535,65535,65535,65535,65535,65535,65535
1685493810,0,1,0,0,10445,45802,65535,65535,65535,65535,65535,65535,65535,65535,65535,65535,65535
1685493816,0,1,0,0,10502,45844,65535,65535,65535,65535,65535,65535,65535,65535,65535,65535,65535
1685493822,0,1,0,0,10514,45952,65535,65535,65535,65535,65535,65535,65535,65535,65535,65535,65535
1685493828,0,1,0,0,10535,46229,65535,65535,65535,65535,65535,65535,65535,65535,65535,65535,65535
1685493834,0,1,0,0,11003,46536,65535,65535,65535,65535,65535,65535,65535,65535,65535,65535,65535
1685493840,0,1,0,0,11033,46864,65535,65535,65535,65535,65535,65535,65535,65535,65535,65535,65535
1685493846,0,1,0,0,1223223,47245,65535,65535,65535,65535,65535,65535,65535,65535,65535,65535,65535
1685493852,0,1,0,0,1223223,47310,65535,65535,65535,65535,65535,65535,65535,65535,65535,65535,65535
1685493858,0,1,0,0,1223223,47824,65535,65535,65535,65535,65535,65535,65535,65535,65535,65535,65535
1685493864,0,1,0,0,1223223,47889,65535,65535,65535,65535,65535,65535,65535,65535,65535,65535,65535
1685493870,0,1,0,0,1223223,48406,65535,65535,65535,65535,65535,65535,65535,65535,65535,65535,65535
1685493876,0,1,0,0,1223223,48668,65535,65535,65535,65535,65535,65535,65535,65535,65535,65535,65535
1685493882,0,1,0,0,1223223,48673,65535,65535,65535,65535,65535,65535,65535,65535,65535,65535,65535
1685493888,0,1,0,0,1223223,49052,65535,65535,65535,65535,65535,65535,65535,65535,65535,65535,65535
1685493894,0,1,0,0,1223223,49173,65535,65535,65535,65535,65535,65535,65535,65535,65535,65535,65535
1685493900,0,1,0,0,1223223,49277,65535,65535,65535,65535,65535,65535,65535,65535,65535,65535,65535
1685493906,0,1,0,0,1223223,49322,65535,65535,65535,65535,65535,65535,65535,65535,65535,65535,65535
1685493912,0,1,0,0,1223223,49934,65535,65535,65535,65535,65535,65535,65535,65535,65535,65535,65535
1685493918,0,1,0,0,1223223,49915,65535,65535,65535,65535,65535,65535,65535,65535,65535,65535,65535
1685493924,0,1,0,0,1223223,50492,65535,65535,65535,65535,65535,65535,65535,65535,65535,65535,65535
1685493930,0,1,0,0,1223223,50499,65535,65535,65535,65535,65535,65535,65535,65535,65535,65535,65535
1685493936,0,1,0,0,1223223,50635,65535,65535,65535,65535,65535,65535,65535,65535,65535,65535,65535
1685493942,0,1,0,0,1223223,50862,65535,65535,65535,65535,65535,65535,65535,65535,65535,65535,65535
1685493948,0,1,0,0,1223223,51133,65535,65535,65535,65535,65535,65535,65535,65535,65535,65535,65535
1685493954,0,1,0,0,1223223,51207,65535,65535,65535,65535,65535,65535,65535,65535,65535,65535,65535
1685493960,0,1,0,0,1223223,51399,65535,65535,65535,65535,65535,65535,65535,65535,65535,65535,65535
1685493966,0,1,0,0,1223223,51361,65535,65535,65535,65535,65535,65535,65535,65535,65535,65535,65535
1685493972,0,1,0,0,1223223,51469,65535,65535,65535,65535,65535,65535,65535,65535,65535,65535,65535
1685493978,0,1,0,0,1223223,51656,65535,65535,65535,65535,65535,65535,65535,65535,65535,65535,65535
1685493984,0,1,0,0,1223223,51785,65535,65535,65535,65535,65535,65535,65535,65535,65535,65535,65535
1685493990,0,1,0,0,1223223,51946,65535,65535,65535,65535,65535,65535,65535,65535,65535,65535,65535
1685493996,0,1,0,0,1223223,52095,65535,65535,65535,65535,65535,65535,65535,65535,65535,65535,65535
1685494002,0,1,0,0,1223223,52108,65535,65535,65535,65535,65535,65535,65535,65535,65535,65535,65535
1685494008,0,1,0,0,1223223,52453,65535,65535,65535,65535,65535,65535,65535,65535,65535,65535,65535
1685494014,0,1,0,0,1223223,52887,65535,65535,65535,65535,65535,65535,65535,65535,65535,65535,65535
1685494020,0,1,0,0,1223223,53074,65535,65535,65535,65535,65535,65535,65535,65535,65535,65535,65535
1685494026,0,1,0,0,1223223,53367,65535,65535,65535,65535,65535,65535,65535,65535,65535,65535,65535
1685494032,0,1,0,0,1223223,53913,65535,65535,65535,65535,65535,65535,65535,65535,65535,65535,65535
1685494038,0,1,0,0,1223223,53961,65535,65535,65535,65535,65535,65535,65535,65535,65535,65535,65535
1685494044,0,1,0,0,1223223,53735,65535,65535,65535,65535,65535,65535,65535,65535,65535,65535,65535
1685494050,0,1,0,0,1223223,53131,65535,65535,65535,65535,65535,65535,65535,65535,65535,65535,65535
1685494056,0,1,0,0,1223223,53069,65535,65535,65535,65535,65535,65535,65535,65535,65535,65535,65535
1685494062,0,1,0,0,1223223,52579,65535,65535,65535,65535,65535,65535,65535,65535,65535,65535,65535
1685494068,0,1,0,0,1223223,52119,65535,65535,65535,65535,65535,65535,65535,65535,65535,65535,65535
1685494074,0,1,0,0,1223223,51769,65535,65535,65535,65535,65535,65535,65535,65535,65535,65535,65535
1685494080,0,1,0,0,1223223,51169,65535,65535,65535,65535,65535,65535,65535,65535,65535,65535,65535
1685494086,0,1,0,0,1223223,50551,65535,65535,65535,65535,65535,65535,65535,65535,65535,65535,65535
1685494092,0,1,0,0,1223223,50500,65535,65535,65535,65535,65535,65535,65535,65535,65535,65535,65535
1685494098,0,1,0,0,1223223,50500,65535,65535,65535,65535,65535,65535,65535,65535,65535,65535,65535
1685494104,0,1,0,0,1223223,50113,65535,65535,65535,65535,65535,65535,65535,65535,65535,65535,65535
1685494110,0,1,0,0,1223223,49760,65535,65535,65535,65535,65535,65535,65535,65535,65535,65535,65535
1685494116,0,1,0,0,1223223,49605,65535,65535,65535,65535,65535,65535,65535,65535,65535,65535,65535
1685494122,0,1,0,0,1223223,49411,65535,65535,65535,65535,65535,65535,65535,65535,65535,65535,65535
1685494128,0,1,0,0,1223223,49454,65535,65535,65535,65535,65535,65535,65535,65535,65535,65535,65535
1685494134,0,1,0,0,1223223,49211,65535,65535,65535,65535,65535,65535,65535,65535,65535,65535,65535
1685494140,0,1,0,0,1223223,49500,65535,65535,65535,65535,65535,65535,65535,65535,65535,65535,65535
1685494146,0,1,0,0,1223223,49653,65535,65535,65535,65535,65535,65535,65535,65535,65535,65535,65535
1685494152,0,1,0,0,1223223,49992,65535,65535,65535,65535,65535,65535,65535,65535,65535,65535,65535
1685494158,0,1,0,0,1223223,50096,65535,65535,65535,65535,65535,65535,65535,65535,65535,65535,65535
1685494164,0,1,0,0,1223223,50047,65535,65535,65535,65535,65535,65535,65535,65535,65535,65535,65535
1685494170,0,1,0,0,1223223,50182,65535,65535,65535,65535,65535,65535,65535,65535,65535,65535,65535
1685494176,0,1,0,0,1223223,50028,65535,65535,65535,65535,65535,65535,65535,65535,65535,65535,65535
1685494182,0,1,0,0,1223223,50500,65535,65535,65535,65535,65535,65535,65535,65535,65535,65535,65535
1685494188,0,1,0,0,1223223,50617,65535,65535,65535,65535,65535,65535,65535,65535,65535,65535,65535
1685494194,0,1,0,0,1223223,51025,65535,65535,65535,65535,65535,65535,65535,65535,65535,65535,65535
1685494200,0,1,0,0,1223223,51045,65535,65535,65535,65535,65535,65535,65535,65535,65535,65535,65535
1685494206,0,1,0,0,1223223,50860,65535,65535,65535,65535,65535,65535,65535,65535,65535,65535,65535
1685494212,0,1,0,0,1223223,50500,65535,65535,65535,65535,65535,65535,65535,65535,65535,65535,65535
1685494218,0,1,0,0,1223223,50497,65535,65535,65535,65535,65535,65535,65535,65535,65535,65535,65535
1685494224,0,1,0,0,1223223,49893,65535,65535,65535,65535,65535,65535,65535,65535,65535,65535,65535
1685494230,0,1,0,0,1223223,49684,65535,65535,65535,65535,65535,65535,65535,65535,65535,65535,65535
1685494236,0,1,0,0,1223223,49293,65535,65535,65535,65535,65535,65535,65535,65535,65535,65535,65535
1685494242,0,1,0,0,1223223,49059,65535,65535,65535,65535,65535,65535,65535,65535,65535,65535,65535
1685494248,0,1,0,0,1223223,48753,65535,65535,65535,65535,65535,65535,65535,65535,65535,65535,65535
1685494254,0,1,0,0,1223223,48492,65535,65535,65535,65535,65535,65535,65535,65535,65535,65535,65535
1685494260,0,1,0,0,1223223,48209,65535,65535,65535,65535,65535,65535,65535,65535,65535,65535,65535
1685494266,0,1,0,0,1223223,47759,65535,65535,65535,65535,65535,65535,65535,65535,65535,65535,65535
1685494272,0,1,0,0,1223223,47207,65535,65535,65535,65535,65535,65535,65535,65535,65535,65535,65535
1685494278,0,1,0,0,11032,46700,65535,65535,65535,65535,65535,65535,65535,65535,65535,65535,65535
1685494284,0,1,0,0,11010,46285,65535,65535,65535,65535,65535,65535,65535,65535,65535,65535,65535
1685494290,0,1,0,0,10544,45913,65535,65535,65535,65535,65535,65535,65535,65535,65535,65535,65535
1685494296,0,1,0,0,10530,45591,65535,65535,65535,65535,65535,65535,65535,65535,65535,65535,65535
1685494302,0,1,0,0,10513,45398,65535,65535,65535,65535,65535,65535,65535,65535,65535,65535,65535
1685494308,0,1,0,0,10455,45269,65535,65535,65535,65535,65535,65535,65535,65535,65535,65535,65535
1685494314,0,1,0,0,10452,45312,65535,65535,65535,65535,65535,65535,65535,65535,65535,65535,65535
1685494320,0,1,0,0,10443,45304,65535,65535,65535,65535,65535,65535,65535,65535,65535,65535,65535
1685494326,0,1,0,0,10430,45235,65436,65535,65535,65535,65535,65535,65535,65535,65535,65535,65535
1685494332,0,1,0,0,10413,45031,65138,65535,65535,65535,65535,65535,65535,65535,65535,65535,65535
1685494338,0,1,0,0,10355,44792,64775,65535,65535,65535,65535,65535,65535,65535,65535,65535,65535
1685494344,0,1,0,0,10333,44581,64410,65535,65535,65535,65535,65535,65535,65535,65535,65535,65535
1685494350,0,1,0,0,10311,44314,63999,65535,65535,65535,65535,65535,65535,65535,65535,65535,65535
1685494356,0,1,0,0,10235,43923,63378,65535,65535,65535,65535,65535,65535,65535,65535,65535,65535
1685494362,0,1,0,0,10201,43373,62614,65535,65535,65535,65535,65535,65535,65535,65535,65535,65535
1685494368,0,1,0,0,10123,42847,61790,65535,65535,65535,65535,65535,65535,65535,65535,65535,65535
1685494374,0,1,0,0,10052,42322,60982,65535,65535,65535,65535,65535,65535,65535,65535,65535,65535
1685494380,0,1,0,0,10024,41797,60184,65535,65535,65535,65535,65535,65535,65535,65535,65535,65535
1685494386,0,1,0,0,10000,41277,59392,65535,65535,65535,65535,65535,65535,65535,65535,65535,65535
1685494392,0,1,0,0,5533,40721,58563,65535,65535,65535,65535,65535,65535,65535,65535,65535,65535
1685494398,0,1,0,0,5513,40312,57895,65535,65535,65535,65535,65535,65535,65535,65535,65535,65535
1685494404,0,1,0,0,5454,39965,57422,65535,65535,65535,65535,65535,65535,65535,65535,65535,65535
1685494410,0,1,0,0,5435,39612,56904,65535,65535,65535,65535,65535,65535,65535,65535,65535,65535
1685494416,0,1,0,0,5413,39248,56385,65535,65535,65535,65535,65535,65535,65535,65535,65535,65535
1685494422,0,1,0,0,5402,39046,56116,65535,65535,65535,65535,65535,65535,65535,65535,65535,65535
1685494428,0,1,0,0,5351,38862,55849,65535,65535,65535,65535,65535,65535,65535,65535,65535,65535
1685494434,0,1,0,0,5342,38720,55655,65535,65535,65535,65535,65535,65535,65535,65535,65535,65535
1685494440,0,1,0,0,5333,38579,55471,65535,65535,65535,65535,65535,65535,65535,65535,65535,65535
1685494446,0,1,0,0,5325,38494,55344,65535,65535,65535,65535,65535,65535,65535,65535,65535,65535
1685494452,0,1,0,0,5312,38222,54982,65535,65535,65535,65535,65535,65535,65535,65535,65535,65535
1685494458,0,1,0,0,5302,38062,54747,65535,65535,65535,65535,65535,65535,65535,65535,65535,65535
1685494464,0,1,0,0,5252,37938,54596,65535,65535,65535,65535,65535,65535,65535,65535,65535,65535
1685494470,0,1,0,0,5241,37753,54321,65535,65535,65535,65535,65535,65535,65535,65535,65535,65535
1685494476,0,1,0,0,5225,37561,54063,65535,65535,65535,65535,65535,65535,65535,65535,65535,65535
1685494482,0,1,0,0,5210,37324,53736,65535,65535,65535,65535,65535,65535,65535,65535,65535,65535
1685494488,0,1,0,0,5155,37178,53535,65535,65535,65535,65535,65535,65535,65535,65535,65535,65535
1685494494,0,1,0,0,5145,37080,53398,65535,65535,65535,65535,65535,65535,65535,65535,65535,65535
1685494500,0,1,0,0,5134,36846,53099,65535,65535,65535,65535,65535,65535,65535,65535,65535,65535
1685494506,0,1,0,0,5123,36703,52898,65535,65535,65535,65535,65535,65535,65535,65535,65535,65535
1685494512,0,1,0,0,5114,36625,52802,65535,65535,65535,65535,65535,65535,65535,65535,65535,65535
1685494518,0,1,0,0,5111,36564,52698,65535,65535,65535,65535,65535,65535,65535,65535,65535,65535
1685494524,0,1,0,0,5110,36533,52664,65535,65535,65535,65535,65535,65535,65535,65535,65535,65535
1685494530,0,1,0,0,5105,36438,52500,65507,65535,65535,65535,65535,65535,65535,65535,65535,65535
1685494536,0,1,0,0,5100,36207,52134,64995,65535,65535,65535,65535,65535,65535,65535,65535,65535
1685494542,0,1,0,0,5041,35773,51476,64142,65535,65535,65535,65535,65535,65535,65535,65535,65535
1685494548,0,1,0,0,5021,35457,50953,63479,65535,65535,65535,65535,65535,65535,65535,65535,65535
1685494554,0,1,0,0,5002,35162,50500,62877,65535,65535,65535,65535,65535,65535,65535,65535,65535
1685494560,0,1,0,0,4542,34778,49980,62137,65535,65535,65535,65535,65535,65535,65535,65535,65535
1685494566,0,1,0,0,4524,34459,49497,61495,65535,65535,65535,65535,65535,65535,65535,65535,65535
1685494572,0,1,0,0,4510,34149,49026,60894,65535,65535,65535,65535,65535,65535,65535,65535,65535
1685494578,0,1,0,0,4454,33922,48701,60470,65535,65535,65535,65535,65535,65535,65535,65535,65535
1685494584,0,1,0,0,4450,33844,48553,60298,65535,65535,65535,65535,65535,65535,65535,65535,65535
1685494590,0,1,0,0,4442,33701,48402,60037,65535,65535,65535,65535,65535,65535,65535,65535,65535
1685494596,0,1,0,0,4431,33560,48087,59637,65535,65535,65535,65535,65514,65535,65535,65535,65535
1685494602,0,1,0,0,4420,33330,47780,59209,65535,65535,65535,65535,65072,65535,65535,65535,65535
1685494608,0,1,0,0,4411,33163,47526,58904,65535,65535,65535,65434,64841,65535,65535,65535,65535
1685494614,0,1,0,0,4410,33117,47441,58804,65535,65535,65535,65324,64759,65535,65535,65535,65535
1685494620,0,1,0,0,4405,33076,47371,58721,65535,65535,65535,65344,64804,65535,65535,65535,65535
1685494626,0,1,0,0,4413,33119,47425,58780,65535,65535,65535,65525,65098,65535,65535,65535,65535
1685494632,0,1,0,0,4423,33220,47552,58892,65535,65535,65535,65535,65517,65535,65535,65535,65535
1685494638,0,1,0,0,4443,33434,47798,59252,65535,65535,65535,65535,65535,65535,65535,65535,65535
1685494644,0,1,0,0,4453,33411,47778,59246,65535,65535,65535,65535,65535,65535,65535,65535,65535
1685494650,0,1,0,0,4504,33427,47796,59276,65535,65535,65535,65535,65535,65535,65535,65535,65535
1685494656,0,1,0,0,4514,33365,47738,59189,65535,65535,65535,65535,65535,65535,65535,65535,65535
1685494662,0,1,0,0,4521,33345,47703,59132,65535,65535,65535,65535,65535,65535,65535,65535,65535
1685494668,0,1,0,0,4543,33654,48110,59718,65535,65535,65535,65535,65535,65535,65535,65535,65535
1685494674,0,1,0,0,5015,34005,48720,60537,65535,65535,65535,65535,65535,65535,65535,65535,65535
1685494680,0,1,0,0,5050,34350,49236,61223,65535,65535,65535,65535,65535,65535,65535,65535,65535
1685494686,0,1,0,0,5122,34696,49778,61946,65535,65535,65535,65535,65535,65535,65535,65535,65535
1685494692,0,1,0,0,5150,35005,50252,62545,65535,65535,65535,65535,65535,65535,65535,65535,65535
1685494698,0,1,0,0,5214,35271,50514,63062,65535,65535,65535,65535,65535,65535,65535,65535,65535
1685494704,0,1,0,0,5244,35608,51052,63710,65535,65535,65535,65535,65535,65535,65535,65535,65535
1685494710,0,1,0,0,5315,35982,51630,64452,65535,65535,65535,65535,65535,65535,65535,65535,65535
1685494716,0,1,0,0,5351,36378,52231,65272,65535,65535,65535,65535,65535,65535,65535,65535,65535
1685494722,0,1,0,0,5424,36795,52870,65535,65535,65535,65535,65535,65535,65535,65535,65535,65535
1685494728,0,1,0,0,5454,37165,53409,65535,65535,65535,65535,65535,65535,65535,65535,65535,65535
1685494734,0,1,0,0,5524,37495,53902,65535,65535,65535,65535,65535,65535,65535,65535,65535,65535
1685494740,0,1,0,0,5555,37817,54365,65535,65535,65535,65535,65535,65535,65535,65535,65535,65535
1685494746,0,1,0,0,10025,38209,54929,65535,65535,65535,65535,65535,65535,65535,65535,65535,65535
1685494752,0,1,0,0,10055,38644,55535,65535,65535,65535,65535,65535,65535,65535,65535,65535,65535
1685494758,0,1,0,0,10131,38991,56046,65535,65535,65535,65535,65535,65535,65535,65535,65535,65535
1685494764,0,1,0,0,10155,39309,56507,65535,65535,65535,65535,65535,65535,65535,65535,65535,65535
1685494770,0,1,0,0,10225,39763,57135,65535,65535,65535,65535,65535,65535,65535,65535,65535,65535
1685494776,0,1,0,0,10252,40179,57696,65535,65535,65535,65535,65535,65535,65535,65535,65535,65535
1685494782,0,1,0,0,10312,40555,58273,65535,65535,65535,65535,65535,65535,65535,65535,65535,65535
1685494788,0,1,0,0,10332,40972,58865,65535,65535,65535,65535,65535,65535,65535,65535,65535,65535
1685494794,0,1,0,0,10351,41362,59382,65535,65535,65535,65535,65535,65535,65535,65535,65535,65535
