Timestamp,Amber,White,On,Override,Intensity,AS00,AS01,AS02,AS03,AS04,AS05,AS06,AS07,AS08,AS09,AS10,AS11
1685523600,0,1,1,0,1311,3085,7575,10658,19887,65535,6518,31346,43389,55986,33035,65535,6520
1685523606,0,1,1,0,1311,3084,7580,10663,19886,65535,6520,31356,43393,55984,33047,65535,6522
1685523612,0,1,1,0,1311,3085,7582,10665,19889,65535,6518,31360,43386,56006,33048,65535,6526
1685523618,0,1,1,0,1312,3085,7577,10662,19887,65535,6520,31349,43386,55997,33064,65535,6524
1685523624,0,1,1,0,1311,3085,7580,10662,19885,65535,6516,31363,43398,56002,33041,65535,6524
1685523630,0,1,1,0,1311,3087,7584,10666,19891,65535,6516,31365,43421,56021,33052,65535,6528
1685523636,0,1,1,0,1311,3085,7583,10664,19892,65535,6518,31360,43390,56006,33030,65535,6528
1685523642,0,1,1,0,1311,3084,7576,10664,19887,65535,6520,31358,43397,56053,33052,65535,6526
1685523648,0,1,1,0,1311,3086,7581,10663,19888,65535,6516,31353,43384,56007,33045,65535,6524
1685523654,0,1,1,0,1311,3086,7581,10665,19894,65535,6517,31352,43393,56011,33047,65535,6528
1685523660,0,1,1,0,1311,3085,7577,10664,19888,65535,6520,31366,43391,56024,33053,65535,6524
1685523666,0,1,1,0,1311,3085,7580,10665,19887,65535,6518,31359,43401,56038,33042,65535,6524
1685523672,0,1,1,0,1311,3085,7582,10668,19884,65535,6514,31352,43381,55994,33040,65535,6522
1685523678,0,1,1,0,1311,3085,7578,10660,19881,65535,6520,31349,43379,55990,33035,65535,6522
1685523684,0,1,1,0,1311,3084,7577,10660,19883,65535,6518,31349,43371,55981,33041,65535,6522
1685523690,0,1,1,0,1311,3084,7577,10660,19889,65535,6514,31349,43377,55985,33045,65535,6524
1685523696,0,1,1,0,1311,3085,7577,10666,19883,65535,6520,31353,43379,56002,33052,65535,6524
1685523702,0,1,1,0,1311,3085,7577,10659,19888,65535,6516,31367,43395,55983,33041,65535,6522
1685523708,0,1,1,0,1311,3084,7580,10660,19893,65535,6514,31346,43374,55988,33037,65535,6524
1685523714,0,1,1,0,1311,3083,7573,10656,19880,65535,6516,31345,43366,55980,33031,65535,6520
1685523720,0,1,1,0,1311,3085,7579,10662,19890,65535,6514,31349,43392,55997,33043,65535,6520
1685523726,0,1,1,0,1311,3083,7575,10655,19881,65535,6516,31347,43396,55990,33036,65535,6524
1685523732,0,1,1,0,1311,3084,7573,10655,19881,65535,6513,31352,43362,55982,33022,65535,6522
1685523738,0,1,1,0,1311,3084,7576,10660,19889,65535,6520,31350,43395,56029,33043,65535,6522
1685523744,0,1,1,0,1312,3085,7578,10666,19888,65535,6516,31344,43360,56019,33038,65535,6524
1685523750,0,1,1,0,1311,3084,7573,10663,19883,65535,6518,31346,43368,55997,33034,65535,6526
1685523756,0,1,1,0,1311,3085,7579,10663,19877,65535,6518,31351,43393,55996,33040,65535,6526
1685523762,0,1,1,0,1311,3085,7577,10664,19889,65535,6516,31359,43390,55999,33050,65535,6524
1685523768,0,1,1,0,1311,3087,7579,10669,19892,65535,6518,31361,43410,56038,33053,65535,6528
1685523774,0,1,1,0,1311,3087,7581,10666,19897,65535,6520,31361,43393,56047,33038,65535,6522
1685523780,0,1,1,0,1311,3085,7584,10673,19892,65535,6520,31365,43395,56029,33055,65535,6528
1685523786,0,1,1,0,1311,3086,7582,10670,19892,65535,6516,31373,43423,56040,33061,65535,6528
1685523792,0,1,1,0,1312,3085,7582,10663,19876,65535,6518,31356,43393,56007,33057,65535,6522
1685523798,0,1,1,0,1311,3085,7579,10657,19887,65535,6516,31360,43401,56016,33055,65535,6524
1685523804,0,1,1,0,1311,3086,7580,10662,19888,65535,6520,31352,43402,55997,33043,65535,6524
1685523810,0,1,1,0,1311,3085,7584,10666,19890,65535,6520,31359,43388,55982,33050,65535,6524
1685523816,0,1,1,0,1311,3085,7580,10663,19885,65535,6516,31356,43410,56016,33053,65535,6522
1685523822,0,1,1,0,1311,3086,7580,10669,19894,65535,6518,31368,43402,56036,33063,65535,6526
1685523828,0,1,1,0,1311,3087,7581,10666,19896,65535,6518,31362,43417,56029,33038,65535,6526
1685523834,0,1,1,0,1311,3088,7582,10677,19910,65535,6520,31378,43404,56035,33074,65535,6526
1685523840,0,1,1,0,1312,3087,7583,10669,19896,65535,6524,31375,43422,56037,33069,65535,6534
1685523846,0,1,1,0,1312,3088,7586,10672,19893,65535,6524,31375,43429,56039,33062,65535,6532
1685523852,0,1,1,0,1312,3087,7583,10670,19886,65535,6522,31375,43415,56041,33067,65535,6532
1685523858,0,1,1,0,1311,3088,7581,10673,19900,65535,6522,31375,43432,56057,33067,65535,6528
1685523864,0,1,1,0,1312,3088,7582,10670,19899,65535,6520,31382,43425,56048,33056,65535,6528
1685523870,0,1,1,0,1311,3087,7582,10674,19901,65535,6520,31374,43414,56041,33069,65535,6528
1685523876,0,1,1,0,1312,3088,7583,10670,19894,65535,6522,31382,43433,56053,33092,65535,6529
1685523882,0,1,1,0,1311,3086,7583,10670,19895,65535,6520,31374,43419,56029,33063,65535,6529
1685523888,0,1,1,0,1312,3089,7586,10674,19904,65535,6526,31376,43420,56036,33074,65535,6528
1685523894,0,1,1,0,1312,3089,7588,10678,19898,65535,6528,31376,43415,56040,33067,65535,6530
1685523900,0,1,1,0,1312,3089,7582,10671,19897,65535,6521,31375,43434,56053,33064,65535,6526
1685523906,0,1,1,0,1312,3088,7583,10671,19897,65535,6521,31372,43403,56046,33063,65535,6530
1685523912,0,1,1,0,1311,3088,7582,10670,19894,65535,6520,31374,43416,56028,33067,65535,6534
1685523918,0,1,1,0,1312,3089,7584,10677,19897,65535,6524,31375,43408,56066,33063,65535,6532
1685523924,0,1,1,0,1311,3087,7586,10670,19895,65535,6524,31376,43432,56025,33065,65535,6528
1685523930,0,1,1,0,1312,3087,7581,10669,19896,65535,6522,31370,43406,56032,33066,65535,6530
1685523936,0,1,1,0,1311,3087,7581,10674,19894,65535,6522,31373,43408,56056,33058,65535,6528
1685523942,0,1,1,0,1311,3089,7581,10673,19893,65535,6520,31368,43427,56017,33075,65535,6530
1685523948,0,1,1,0,1311,3090,7581,10669,19902,65535,6522,31366,43401,56043,33049,65535,6526
1685523954,0,1,1,0,1311,3088,7581,10666,19888,65535,6518,31364,43414,56023,33054,65535,6525
1685523960,0,1,1,0,1311,3087,7582,10664,19889,65535,6522,31365,43409,56009,33054,65535,6530
1685523966,0,1,1,0,1311,3086,7582,10672,19893,65535,6518,31368,43414,56010,33041,65535,6528
1685523972,0,1,1,0,1311,3086,7579,10659,19886,65535,6518,31359,43398,56011,33049,65535,6524
1685523978,0,1,1,0,1311,3086,7581,10664,19894,65535,6518,31360,43390,56020,33048,65535,6528
1685523984,0,1,1,0,1311,3086,7580,10663,19891,65535,6518,31362,43399,56007,33054,65535,6530
1685523990,0,1,1,0,1311,3086,7579,10666,19897,65535,6520,31370,43400,56014,33049,65535,6526
1685523996,0,1,1,0,1311,3086,7585,10667,19898,65535,6518,31376,43422,56029,33066,65535,6524
1685524002,0,1,1,0,1311,3088,7582,10669,19899,65535,6524,31379,43415,56032,33068,65535,6526
1685524008,0,1,1,0,1311,3086,7585,10669,19889,65535,6518,31367,43420,56039,33055,65535,6528
1685524014,0,1,1,0,1312,3087,7583,10673,19893,65535,6520,31358,43423,56021,33059,65535,6531
1685524020,0,1,1,0,1311,3088,7579,10664,19897,65535,6522,31374,43413,56031,33062,65535,6526
1685524026,0,1,1,0,1311,3088,7583,10663,19894,65535,6518,31360,43404,56015,33048,65535,6525
1685524032,0,1,1,0,1311,3088,7585,10670,19897,65535,6522,31373,43417,56035,33062,65535,6526
1685524038,0,1,1,0,1311,3087,7580,10665,19887,65535,6520,31371,43406,56037,33049,65535,6526
1685524044,0,1,1,0,1311,3089,7581,10671,19897,65535,6520,31380,43415,56020,33066,65535,6530
1685524050,0,1,1,0,1311,3088,7582,10670,19901,65535,6518,31374,43392,56042,33045,65535,6526
1685524056,0,1,1,0,1311,3088,7579,10670,19898,65535,6522,31371,43404,56035,33065,65535,6526
1685524062,0,1,1,0,1311,3087,7582,10672,19899,65535,6524,31376,43418,56053,33072,65535,6528
1685524068,0,1,1,0,1311,3087,7583,10673,19901,65535,6520,31374,43425,56010,33060,65535,6528
1685524074,0,1,1,0,1311,3087,7584,10672,19898,65535,6522,31377,43417,56042,33062,65535,6528
1685524080,0,1,1,0,1312,3089,7584,10670,19900,65535,6520,31387,43425,56060,33071,65535,6530
1685524086,0,1,1,0,1312,3088,7586,10673,19905,65535,6524,31391,43437,56044,33075,65535,6531
1685524092,0,1,1,0,1312,3088,7586,10678,19901,65535,6522,31409,43440,56068,33081,65535,6534
1685524098,0,1,1,0,1312,3090,7588,10675,19903,65535,6529,31400,43450,56092,33089,65535,6530
1685524104,0,1,1,0,1312,3089,7588,10682,19905,65535,6528,31394,43454,56057,33084,65535,6532
1685524110,0,1,1,0,1312,3090,7591,10678,19909,65535,6528,31394,43460,56060,33092,65535,6534
1685524116,0,1,1,0,1312,3090,7590,10684,19907,65535,6526,31398,43451,56089,33086,65535,6534
1685524122,0,1,1,0,1312,3091,7590,10684,19910,65535,6530,31404,43469,56105,33100,65535,6536
1685524128,0,1,1,0,1312,3090,7588,10683,19907,65535,6526,31403,43461,56100,33100,65535,6532
1685524134,0,1,1,0,1312,3095,7591,10680,19910,65535,6528,31404,43459,56098,33099,65535,6538
1685524140,0,1,1,0,1312,3092,7593,10686,19915,65535,6532,31407,43466,56097,33107,65535,6534
1685524146,0,1,1,0,1312,3092,7591,10689,19915,65535,6532,31402,43474,56107,33107,65535,6532
1685524152,0,1,1,0,1312,3090,7589,10684,19908,65535,6530,31403,43474,56074,33095,65535,6536
1685524158,0,1,1,0,1312,3091,7591,10689,19911,65535,6532,31406,43463,56117,33102,65535,6534
1685524164,0,1,1,0,1312,3091,7590,10685,19910,65535,6527,31406,43470,56117,33087,65535,6534
1685524170,0,1,1,0,1312,3092,7594,10688,19912,65535,6534,31410,43479,56112,33106,65535,6542
1685524176,0,1,1,0,1312,3093,7596,10692,19923,65535,6530,31419,43497,56130,33122,65535,6538
1685524182,0,1,1,0,1312,3095,7602,10697,19925,65535,6534,31421,43493,56136,33120,65535,6542
1685524188,0,1,1,0,1312,3093,7597,10696,19922,65535,6532,31428,43517,56170,33126,65535,6546
1685524194,0,1,1,0,1312,3093,7599,10696,19924,65535,6538,31422,43509,56150,33141,65535,6544
1685524200,0,1,1,0,1312,3095,7601,10698,19926,65535,6538,31431,43511,56150,33140,65535,6544
1685524206,0,1,1,0,1312,3094,7597,10697,19924,65535,6530,31421,43501,56148,33121,65535,6544
1685524212,0,1,1,0,1312,3096,7599,10699,19919,65535,6536,31429,43500,56142,33126,65535,6544
1685524218,0,1,1,0,1312,3095,7601,10693,19924,65535,6536,31454,43508,56167,33131,65535,6540
1685524224,0,1,1,0,1312,3095,7605,10703,19931,65535,6536,31441,43525,56165,33149,65535,6544
1685524230,0,1,1,0,1312,3095,7600,10699,19933,65535,6536,31434,43534,56159,33137,65535,6542
1685524236,0,1,1,0,1312,3096,7605,10703,19939,65535,6540,31446,43537,56174,33154,65535,6548
1685524242,0,1,1,0,1312,3095,7598,10700,19931,65535,6534,31442,43540,56166,33148,65535,6546
1685524248,0,1,1,0,1312,3095,7603,10700,19935,65535,6534,31452,43505,56158,33140,65535,6542
1685524254,0,1,1,0,1312,3096,7605,10703,19939,65535,6534,31464,43522,56181,33150,65535,6546
1685524260,0,1,1,0,1312,3094,7598,10692,19915,65535,6534,31430,43507,56150,33131,65535,6540
1685524266,0,1,1,0,1312,3095,7602,10697,19931,65535,6534,31453,43523,56156,33133,65535,6544
1685524272,0,1,1,0,1312,3097,7600,10693,19927,65535,6538,31447,43525,56170,33150,65535,6546
1685524278,0,1,1,0,1312,3096,7604,10704,19937,65535,6540,31441,43549,56198,33143,65535,6542
1685524284,0,1,1,0,1312,3096,7607,10704,19934,65535,6534,31449,43538,56180,33148,65535,6544
1685524290,0,1,1,0,1312,3095,7603,10704,19934,65535,6536,31444,43537,56196,33151,65535,6548
1685524296,0,1,1,0,1312,3098,7607,10699,19939,65535,6542,31449,43534,56175,33156,65535,6550
1685524302,0,1,1,0,1312,3097,7607,10711,19930,65535,6538,31452,43540,56190,33159,65535,6546
1685524308,0,1,1,0,1312,3097,7606,10708,19937,65535,6544,31456,43559,56196,33140,65535,6550
1685524314,0,1,1,0,1312,3096,7608,10711,19936,65535,6538,31453,43545,56201,33161,65535,6548
1685524320,0,1,1,0,1312,3100,7608,10708,19943,65535,6544,31459,43584,56214,33174,65535,6552
1685524326,0,1,1,0,1312,3098,7612,10713,19938,65535,6542,31465,43580,56213,33181,65535,6556
1685524332,0,1,1,0,1313,3099,7611,10713,19937,65535,6540,31468,43573,56219,33164,65535,6552
1685524338,0,1,1,0,1313,3100,7611,10715,19950,65535,6541,31467,43566,56214,33172,65535,6550
1685524344,0,1,1,0,1313,3099,7612,10714,19937,65535,6542,31463,43580,56216,33173,65535,6550
1685524350,0,1,1,0,1313,3099,7611,10709,19942,65535,6546,31467,43577,56203,33172,65535,6554
1685524356,0,1,1,0,1313,3097,7610,10712,19943,65535,6544,31469,43577,56203,33152,65535,6550
1685524362,0,1,1,0,1312,3102,7614,10717,19953,65535,6546,31485,43591,56236,33180,65535,6554
1685524368,0,1,1,0,1313,3099,7615,10714,19955,65535,6546,31475,43592,56245,33180,65535,6554
1685524374,0,1,1,0,1313,3100,7610,10719,19951,65535,6544,31464,43564,56203,33170,65535,6552
1685524380,0,1,1,0,1313,3101,7614,10721,19945,65535,6546,31480,43575,56227,33180,65535,6552
1685524386,0,1,1,0,1313,3099,7608,10717,19946,65535,6546,31476,43581,56235,33187,65535,6554
1685524392,0,1,1,0,1313,3102,7613,10725,19951,65535,6548,31499,43616,56243,33198,65535,6556
1685524398,0,1,1,0,1313,3101,7614,10719,19950,65535,6548,31477,43584,56244,33192,65535,6555
1685524404,0,1,1,0,1313,3103,7616,10720,19956,65535,6548,31503,43613,56252,33201,65535,6556
1685524410,0,1,1,0,1313,3101,7613,10722,19955,65535,6550,31502,43589,56254,33199,65535,6554
1685524416,0,1,1,0,1313,3102,7620,10730,19962,65535,6548,31500,43606,56254,33204,65535,6560
1685524422,0,1,1,0,1313,3103,7616,10731,19961,65535,6550,31499,43599,56257,33209,65535,6556
1685524428,0,1,1,0,1313,3101,7619,10722,19960,65535,6548,31502,43628,56275,33209,65535,6554
1685524434,0,1,1,0,1313,3102,7615,10722,19962,65535,6552,31498,43615,56280,33215,65535,6554
1685524440,0,1,1,0,1313,3103,7621,10725,19962,65535,6554,31493,43597,56246,33199,65535,6554
1685524446,0,1,1,0,1313,3105,7616,10724,19962,65535,6550,31507,43602,56255,33201,65535,6560
1685524452,0,1,1,0,1313,3101,7613,10720,19942,65535,6550,31479,43583,56240,33186,65535,6556
1685524458,0,1,1,0,1313,3100,7610,10721,19952,65535,6544,31473,43577,56226,33183,65535,6554
1685524464,0,1,1,0,1313,3100,7609,10716,19936,65535,6546,31487,43577,56220,33185,65535,6552
1685524470,0,1,1,0,1313,3100,7609,10716,19949,65535,6548,31473,43574,56224,33179,65535,6550
1685524476,0,1,1,0,1313,3097,7607,10714,19943,65535,6546,31480,43566,56225,33174,65535,6548
1685524482,0,1,1,0,1312,3100,7608,10715,19944,65535,6546,31464,43575,56217,33171,65535,6552
1685524488,0,1,1,0,1312,3098,7607,10709,19939,65535,6540,31460,43544,56192,33154,65535,6548
1685524494,0,1,1,0,1312,3097,7602,10709,19942,65535,6538,31447,43530,56178,33155,65535,6548
1685524500,0,1,1,0,1312,3097,7600,10701,19929,65535,6538,31440,43548,56163,33140,65535,6542
1685524506,0,1,1,0,1312,3094,7603,10703,19928,65535,6534,31453,43535,56147,33137,65535,6548
1685524512,0,1,1,0,1312,3094,7597,10699,19925,65535,6536,31428,43511,56118,33114,65535,6540
1685524518,0,1,1,0,1312,3093,7598,10697,19933,65535,6533,31428,43507,56149,33128,65535,6542
1685524524,0,1,1,0,1312,3094,7602,10695,19929,65535,6536,31424,43495,56152,33128,65535,6544
1685524530,0,1,1,0,1312,3094,7599,10695,19928,65535,6534,31440,43505,56127,33131,65535,6540
1685524536,0,1,1,0,1312,3094,7598,10697,19920,65535,6534,31425,43525,56126,33133,65535,6540
1685524542,0,1,1,0,1312,3092,7597,10690,19917,65535,6536,31431,43487,56138,33120,65535,6540
1685524548,0,1,1,0,1312,3091,7590,10692,19917,65535,6532,31401,43459,56082,33106,65535,6538
1685524554,0,1,1,0,1312,3091,7590,10690,19912,65535,6534,31404,43463,56084,33102,65535,6538
1685524560,0,1,1,0,1312,3091,7591,10692,19913,65535,6528,31426,43468,56120,33089,65535,6536
1685524566,0,1,1,0,1312,3094,7590,10684,19916,65535,6528,31420,43489,56099,33111,65535,6536
1685524572,0,1,1,0,1312,3093,7595,10691,19915,65535,6528,31400,43457,56110,33097,65535,6536
1685524578,0,1,1,0,1312,3091,7589,10688,19911,65535,6528,31413,43445,56077,33095,65535,6536
1685524584,0,1,1,0,1312,3092,7590,10684,19910,65535,6526,31396,43477,56063,33101,65535,6534
1685524590,0,1,1,0,1312,3091,7587,10680,19905,65535,6528,31402,43436,56093,33086,65535,6534
1685524596,0,1,1,0,1312,3091,7585,10684,19906,65535,6526,31408,43459,56066,33086,65535,6533
1685524602,0,1,1,0,1312,3092,7592,10685,19900,65535,6526,31386,43434,56066,33069,65535,6534
1685524608,0,1,1,0,1312,3090,7585,10682,19907,65535,6530,31384,43458,56054,33084,65535,6536
1685524614,0,1,1,0,1312,3088,7588,10677,19900,65535,6522,31383,43448,56051,33081,65535,6530
1685524620,0,1,1,0,1312,3088,7588,10674,19904,65535,6524,31373,43424,56041,33071,65535,6528
1685524626,0,1,1,0,1312,3088,7584,10677,19901,65535,6520,31365,43415,56052,33066,65535,6532
1685524632,0,1,1,0,1312,3087,7584,10676,19896,65535,6522,31375,43419,56062,33069,65535,6532
1685524638,0,1,1,0,1312,3089,7583,10667,19895,65535,6525,31373,43423,56044,33047,65535,6532
1685524644,0,1,1,0,1312,3088,7586,10674,19899,65535,6520,31370,43418,56038,33059,65535,6528
1685524650,0,1,1,0,1312,3091,7587,10681,19903,65535,6526,31398,43431,56060,33081,65535,6534
1685524656,0,1,1,0,1312,3088,7582,10669,19898,65535,6526,31373,43435,56058,33049,65535,6527
1685524662,0,1,1,0,1312,3087,7583,10671,19897,65535,6526,31372,43443,56046,33059,65535,6530
1685524668,0,1,1,0,1312,3088,7587,10680,19902,65535,6524,31373,43429,56049,33067,65535,6532
1685524674,0,1,1,0,1312,3087,7584,10672,19889,65535,6524,31373,43427,56047,33074,65535,6528
1685524680,0,1,1,0,1312,3087,7582,10674,19898,65535,6520,31373,43440,56013,33070,65535,6528
1685524686,0,1,1,0,1312,3087,7586,10673,19899,65535,6522,31371,43420,56047,33072,65535,6528
1685524692,0,1,1,0,1312,3089,7587,10673,19897,65535,6526,31380,43448,56045,33069,65535,6534
1685524698,0,1,1,0,1312,3087,7589,10675,19903,65535,6522,31375,43428,56075,33074,65535,6528
1685524704,0,1,1,0,1312,3088,7585,10676,19897,65535,6526,31377,43424,56048,33070,65535,6529
1685524710,0,1,1,0,1312,3089,7592,10680,19915,65535,6524,31390,43435,56058,33062,65535,6534
1685524716,0,1,1,0,1312,3088,7584,10684,19898,65535,6524,31387,43466,56071,33090,65535,6537
1685524722,0,1,1,0,1312,3090,7586,10678,19903,65535,6526,31390,43457,56073,33097,65535,6536
1685524728,0,1,1,0,1312,3089,7595,10686,19905,65535,6526,31394,43452,56078,33090,65535,6534
1685524734,0,1,1,0,1312,3091,7595,10686,19912,65535,6526,31398,43476,56074,33090,65535,6534
1685524740,0,1,1,0,1312,3089,7586,10680,19906,65535,6526,31393,43473,56085,33091,65535,6532
1685524746,0,1,1,0,1312,3091,7590,10682,19912,65535,6526,31389,43449,56076,33079,65535,6536
1685524752,0,1,1,0,1312,3094,7597,10686,19913,65535,6528,31404,43497,56104,33101,65535,6540
1685524758,0,1,1,0,1312,3090,7590,10684,19909,65535,6534,31416,43460,56099,33097,65535,6534
1685524764,0,1,1,0,1312,3091,7590,10684,19911,65535,6528,31396,43456,56085,33095,65535,6537
1685524770,0,1,1,0,1312,3093,7589,10683,19912,65535,6532,31404,43465,56095,33097,65535,6536
1685524776,0,1,1,0,1312,3091,7594,10691,19908,65535,6532,31406,43475,56103,33108,65535,6534
1685524782,0,1,1,0,1312,3092,7591,10687,19912,65535,6530,31406,43460,56072,33099,65535,6536
1685524788,0,1,1,0,1312,3092,7594,10685,19908,65535,6532,31402,43476,56095,33099,65535,6539
1685524794,0,1,1,0,1312,3091,7593,10683,19906,65535,6526,31399,43469,56088,33091,65535,6534
1685524800,0,1,1,0,1312,3089,7591,10680,19907,65535,6528,31398,43456,56083,33100,65535,6534
1685524806,0,1,1,0,1312,3091,7590,10685,19916,65535,6533,31407,43479,56092,33102,65535,6538
1685524812,0,1,1,0,1312,3091,7590,10684,19911,65535,6530,31409,43477,56133,33111,65535,6542
1685524818,0,1,1,0,1312,3092,7592,10683,19915,65535,6530,31413,43477,56108,33113,65535,6538
1685524824,0,1,1,0,1312,3090,7589,10686,19910,65535,6530,31401,43467,56090,33081,65535,6540
1685524830,0,1,1,0,1312,3092,7591,10686,19900,65535,6532,31397,43461,56089,33111,65535,6536
1685524836,0,1,1,0,1312,3092,7592,10686,19910,65535,6530,31406,43469,56086,33098,65535,6536
1685524842,0,1,1,0,1312,3091,7591,10689,19910,65535,6532,31425,43477,56092,33111,65535,6534
1685524848,0,1,1,0,1312,3092,7591,10686,19911,65535,6532,31411,43491,56137,33113,65535,6538
1685524854,0,1,1,0,1312,3092,7595,10694,19901,65535,6530,31409,43493,56103,33105,65535,6538
1685524860,0,1,1,0,1312,3093,7595,10695,19919,65535,6532,31416,43482,56113,33117,65535,6538
1685524866,0,1,1,0,1312,3092,7595,10691,19916,65535,6528,31416,43490,56121,33112,65535,6538
1685524872,0,1,1,0,1312,3092,7597,10691,19918,65535,6534,31405,43488,56107,33104,65535,6536
1685524878,0,1,1,0,1312,3092,7596,10686,19912,65535,6528,31404,43475,56110,33109,65535,6538
1685524884,0,1,1,0,1312,3090,7589,10683,19907,65535,6530,31408,43483,56100,33108,65535,6538
1685524890,0,1,1,0,1312,3092,7594,10689,19915,65535,6532,31404,43498,56103,33109,65535,6534
1685524896,0,1,1,0,1312,3092,7596,10694,19905,65535,6534,31420,43490,56142,33120,65535,6538
1685524902,0,1,1,0,1312,3093,7595,10689,19920,65535,6530,31413,43479,56107,33104,65535,6538
1685524908,0,1,1,0,1312,3091,7596,10677,19909,65535,6528,31408,43475,56118,33101,65535,6542
1685524914,0,1,1,0,1312,3091,7590,10680,19908,65535,6528,31397,43453,56080,33097,65535,6536
1685524920,0,1,1,0,1312,3090,7591,10686,19904,65535,6524,31390,43465,56090,33086,65535,6534
1685524926,0,1,1,0,1312,3090,7589,10686,19899,65535,6524,31397,43447,56074,33087,65535,6532
1685524932,0,1,1,0,1312,3090,7588,10679,19902,65535,6528,31393,43453,56065,33083,65535,6532
1685524938,0,1,1,0,1312,3089,7586,10681,19895,65535,6528,31393,43452,56073,33091,65535,6530
1685524944,0,1,1,0,1312,3090,7588,10684,19903,65535,6528,31393,43452,56066,33085,65535,6530
1685524950,0,1,1,0,1312,3089,7588,10681,19901,65535,6524,31390,43430,56078,33078,65535,6535
1685524956,0,1,1,0,1312,3089,7584,10678,19902,65535,6524,31391,43452,56069,33090,65535,6534
1685524962,0,1,1,0,1312,3090,7588,10686,19902,65535,6526,31391,43437,56070,33082,65535,6534
1685524968,0,1,1,0,1312,3089,7590,10679,19908,65535,6526,31394,43467,56076,33094,65535,6538
1685524974,0,1,1,0,1312,3091,7591,10682,19908,65535,6528,31400,43469,56079,33093,65535,6537
1685524980,0,1,1,0,1312,3094,7594,10689,19914,65535,6528,31414,43479,56135,33114,65535,6538
1685524986,0,1,1,0,1312,3091,7591,10686,19910,65535,6530,31406,43479,56097,33106,65535,6542
1685524992,0,1,1,0,1312,3092,7591,10694,19901,65535,6528,31409,43471,56099,33107,65535,6536
1685524998,0,1,1,0,1312,3092,7594,10688,19914,65535,6530,31414,43494,56146,33114,65535,6538
1685525004,0,1,1,0,1312,3093,7595,10688,19916,65535,6530,31419,43477,56141,33112,65535,6538
1685525010,0,1,1,0,1312,3094,7595,10692,19909,65535,6532,31430,43517,56125,33125,65535,6540
1685525016,0,1,1,0,1312,3092,7593,10691,19915,65535,6530,31412,43503,56096,33103,65535,6538
1685525022,0,1,1,0,1312,3092,7598,10690,19914,65535,6534,31410,43484,56132,33103,65535,6536
1685525028,0,1,1,0,1312,3092,7599,10689,19907,65535,6528,31415,43477,56114,33127,65535,6538
1685525034,0,1,1,0,1312,3093,7593,10686,19913,65535,6532,31409,43477,56092,33106,65535,6536
1685525040,0,1,1,0,1312,3092,7592,10690,19915,65535,6532,31409,43481,56114,33109,65535,6541
1685525046,0,1,1,0,1312,3092,7599,10686,19912,65535,6530,31403,43490,56096,33102,65535,6536
1685525052,0,1,1,0,1312,3093,7592,10684,19913,65535,6530,31406,43475,56100,33100,65535,6536
1685525058,0,1,1,0,1312,3090,7596,10686,19901,65535,6530,31392,43454,56058,33095,65535,6536
1685525064,0,1,1,0,1312,3088,7585,10679,19893,65535,6526,31372,43443,56039,33071,65535,6530
1685525070,0,1,1,0,1312,3088,7585,10673,19897,65535,6526,31379,43455,56049,33076,65535,6534
1685525076,0,1,1,0,1312,3088,7585,10672,19893,65535,6524,31376,43449,56043,33069,65535,6533
1685525082,0,1,1,0,1312,3087,7585,10671,19894,65535,6526,31377,43454,56072,33070,65535,6528
1685525088,0,1,1,0,1312,3086,7584,10667,19889,65535,6522,31363,43434,56026,33057,65535,6528
1685525094,0,1,1,0,1312,3086,7584,10669,19886,65535,6522,31360,43427,56034,33053,65535,6528
1685525100,0,1,1,0,1311,3085,7577,10660,19878,65535,6516,31351,43391,55989,33039,65535,6528
1685525106,0,1,1,0,1311,3086,7579,10662,19886,65535,6520,31353,43395,56002,33042,65535,6522
1685525112,0,1,1,0,1311,3086,7576,10660,19883,65535,6519,31351,43397,55984,33038,65535,6526
1685525118,0,1,1,0,1311,3085,7579,10660,19884,65535,6518,31345,43405,56010,33034,65535,6524
1685525124,0,1,1,0,1311,3085,7576,10660,19884,65535,6520,31353,43418,56029,33044,65535,6528
1685525130,0,1,1,0,1311,3085,7581,10662,19882,65535,6518,31357,43417,56038,33045,65535,6524
1685525136,0,1,1,0,1311,3087,7579,10667,19887,65535,6518,31357,43397,55997,33046,65535,6526
1685525142,0,1,1,0,1311,3085,7582,10664,19884,65535,6520,31352,43394,55998,33040,65535,6528
1685525148,0,1,1,0,1311,3086,7579,10661,19890,65535,6520,31353,43410,56017,33048,65535,6524
1685525154,0,1,1,0,1311,3086,7579,10658,19881,65535,6518,31367,43398,56002,33043,65535,6526
1685525160,0,1,1,0,1311,3086,7576,10665,19881,65535,6516,31343,43367,55966,33030,65535,6524
1685525166,0,1,1,0,1311,3084,7581,10662,19881,65535,6514,31336,43364,55961,33011,65535,6522
1685525172,0,1,1,0,1311,3083,7573,10658,19875,65535,6516,31338,43387,55978,33024,65535,6525
1685525178,0,1,1,0,1311,3084,7573,10654,19875,65535,6516,31343,43372,55971,33036,65535,6522
1685525184,0,1,1,0,1311,3083,7572,10658,19871,65535,6514,31347,43395,55975,33033,65535,6522
1685525190,0,1,1,0,1311,3083,7576,10655,19877,65535,6514,31326,43345,55941,33015,65535,6520
1685525196,0,1,1,0,1311,3082,7572,10649,19870,65535,6514,31335,43352,55975,33019,65535,6516
1685525202,0,1,1,0,1311,3083,7569,10655,19872,65535,6512,31326,43359,55942,32991,65535,6516
1685525208,0,1,1,0,1311,3081,7574,10648,19875,65535,6513,31328,43349,55979,33011,65535,6520
1685525214,0,1,1,0,1311,3080,7569,10643,19868,65535,6510,31320,43371,55967,33016,65535,6518
1685525220,0,1,1,0,1311,3080,7564,10640,19850,65535,6510,31309,43339,55917,32996,65535,6518
1685525226,0,1,1,0,1311,3080,7567,10641,19864,65535,6508,31315,43329,55917,33002,65535,6514
1685525232,0,1,1,0,1311,3080,7564,10643,19861,65535,6506,31300,43307,55882,32995,65535,6512
1685525238,0,1,1,0,1311,3079,7563,10636,19861,65535,6506,31303,43308,55887,32992,65535,6514
1685525244,0,1,1,0,1311,3079,7561,10633,19853,65535,6506,31300,43325,55903,32981,65535,6512
1685525250,0,1,1,0,1311,3078,7557,10632,19849,65535,6500,31280,43275,55844,32946,65535,6512
1685525256,0,1,1,0,1311,3078,7558,10632,19848,65535,6500,31295,43287,55882,32975,65535,6512
1685525262,0,1,1,0,1311,3077,7557,10630,19849,65535,6498,31282,43297,55868,32964,65535,6508
1685525268,0,1,1,0,1311,3078,7562,10628,19853,65535,6504,31292,43286,55864,32967,65535,6510
1685525274,0,1,1,0,1311,3077,7557,10630,19837,65535,6502,31281,43283,55847,32960,65535,6508
1685525280,0,1,1,0,1311,3076,7559,10628,19847,65535,6498,31288,43284,55864,32958,65535,6506
1685525286,0,1,1,0,1311,3076,7557,10627,19846,65535,6500,31281,43273,55879,32946,65535,6506
1685525292,0,1,1,0,1311,3075,7557,10627,19838,65535,6498,31282,43294,55857,32959,65535,6508
1685525298,0,1,1,0,1310,3075,7558,10623,19843,65535,6498,31272,43251,55846,32948,65535,6508
1685525304,0,1,1,0,1310,3075,7554,10625,19842,65535,6496,31276,43273,55870,32935,65535,6508
1685525310,0,1,1,0,1311,3076,7558,10626,19839,65535,6500,31289,43261,55861,32945,65535,6502
1685525316,0,1,1,0,1310,3077,7563,10631,19847,65535,6502,31292,43283,55866,32964,65535,6510
1685525322,0,1,1,0,1311,3076,7556,10632,19843,65535,6500,31289,43304,55885,32976,65535,6506
1685525328,0,1,1,0,1311,3077,7558,10627,19849,65535,6498,31282,43279,55879,32960,65535,6510
1685525334,0,1,1,0,1311,3077,7564,10631,19852,65535,6501,31289,43295,55891,32964,65535,6510
1685525340,0,1,1,0,1311,3077,7562,10628,19853,65535,6504,31293,43306,55887,32969,65535,6510
1685525346,0,1,1,0,1311,3077,7565,10629,19846,65535,6500,31283,43287,55861,32968,65535,6510
1685525352,0,1,1,0,1311,3078,7559,10629,19849,65535,6504,31287,43282,55886,32960,65535,6508
1685525358,0,1,1,0,1310,3077,7558,10631,19838,65535,6500,31280,43267,55869,32957,65535,6510
1685525364,0,1,1,0,1311,3075,7557,10629,19840,65535,6500,31275,43267,55846,32955,65535,6506
1685525370,0,1,1,0,1311,3076,7557,10627,19847,65535,6500,31279,43292,55861,32959,65535,6504
1685525376,0,1,1,0,1310,3076,7562,10625,19852,65535,6498,31280,43276,55882,32957,65535,6512
1685525382,0,1,1,0,1310,3074,7552,10628,19841,65535,6498,31271,43272,55830,32945,65535,6506
1685525388,0,1,1,0,1310,3074,7550,10618,19825,65535,6496,31268,43263,55821,32935,65535,6508
1685525394,0,1,1,0,1310,3077,7555,10621,19838,65535,6498,31274,43246,55857,32922,65535,6504
1685525400,0,1,1,0,1310,3075,7557,10625,19839,65535,6500,31266,43244,55845,32925,65535,6504
1685525406,0,1,1,0,1310,3075,7556,10625,19834,65535,6500,31267,43260,55852,32936,65535,6506
1685525412,0,1,1,0,1310,3075,7556,10621,19844,65535,6498,31273,43258,55864,32943,65535,6508
1685525418,0,1,1,0,1310,3077,7554,10629,19840,65535,6502,31272,43272,55874,32948,65535,6508
1685525424,0,1,1,0,1310,3075,7555,10630,19838,65535,6498,31274,43262,55863,32946,65535,6506
1685525430,0,1,1,0,1311,3077,7560,10634,19845,65535,6500,31293,43283,55894,32966,65535,6510
1685525436,0,1,1,0,1311,3077,7558,10629,19849,65535,6500,31286,43275,55876,32958,65535,6508
1685525442,0,1,1,0,1311,3077,7561,10633,19861,65535,6502,31293,43295,55895,32968,65535,6508
1685525448,0,1,1,0,1311,3078,7561,10637,19853,65535,6506,31298,43298,55897,32972,65535,6510
1685525454,0,1,1,0,1311,3078,7562,10635,19858,65535,6502,31295,43297,55896,32973,65535,6510
1685525460,0,1,1,0,1311,3078,7562,10644,19853,65535,6501,31292,43300,55894,32965,65535,6512
1685525466,0,1,1,0,1311,3076,7559,10630,19846,65535,6502,31287,43281,55873,32971,65535,6512
1685525472,0,1,1,0,1311,3076,7557,10636,19844,65535,6500,31280,43289,55887,32954,65535,6510
1685525478,0,1,1,0,1311,3077,7561,10635,19848,65535,6500,31268,43271,55884,32960,65535,6506
1685525484,0,1,1,0,1310,3076,7562,10629,19847,65535,6500,31283,43290,55892,32965,65535,6510
1685525490,0,1,1,0,1311,3076,7560,10635,19839,65535,6502,31289,43283,55900,32966,65535,6512
1685525496,0,1,1,0,1310,3077,7561,10630,19851,65535,6504,31286,43278,55870,32965,65535,6510
1685525502,0,1,1,0,1311,3076,7558,10626,19850,65535,6502,31276,43277,55869,32958,65535,6512
1685525508,0,1,1,0,1310,3077,7558,10631,19851,65535,6500,31289,43287,55880,32966,65535,6512
1685525514,0,1,1,0,1310,3078,7559,10640,19854,65535,6500,31285,43301,55892,32966,65535,6510
1685525520,0,1,1,0,1310,3077,7560,10632,19856,65535,6506,31296,43321,55889,32982,65535,6512
1685525526,0,1,1,0,1310,3078,7567,10634,19850,65535,6504,31302,43302,55900,32979,65535,6510
1685525532,0,1,1,0,1310,3077,7558,10635,19852,65535,6502,31288,43277,55862,32960,65535,6512
1685525538,0,1,1,0,1311,3076,7561,10632,19853,65535,6503,31283,43276,55862,32964,65535,6504
1685525544,0,1,1,0,1310,3075,7554,10623,19843,65535,6498,31272,43256,55865,32949,65535,6504
1685525550,0,1,1,0,1310,3075,7555,10628,19844,65535,6502,31272,43264,55836,32945,65535,6506
1685525556,0,1,1,0,1310,3075,7554,10620,19840,65535,6496,31269,43252,55854,32944,65535,6506
1685525562,0,1,1,0,1310,3076,7557,10628,19847,65535,6500,31279,43267,55847,32946,65535,6504
1685525568,0,1,1,0,1310,3076,7554,10623,19836,65535,6498,31276,43272,55839,32949,65535,6504
1685525574,0,1,1,0,1310,3076,7559,10624,19845,65535,6502,31283,43273,55877,32964,65535,6506
1685525580,0,1,1,0,1310,3076,7558,10632,19853,65535,6500,31287,43263,55891,32967,65535,6506
1685525586,0,1,1,0,1310,3075,7559,10636,19850,65535,6502,31275,43290,55902,32972,65535,6511
1685525592,0,1,1,0,1311,3078,7562,10638,19858,65535,6500,31287,43285,55873,32967,65535,6510
1685525598,0,1,1,0,1311,3078,7558,10635,19852,65535,6502,31292,43291,55895,32970,65535,6512
1685525604,0,1,1,0,1311,3078,7564,10635,19855,65535,6508,31295,43301,55861,32967,65535,6513
1685525610,0,1,1,0,1311,3079,7568,10639,19861,65535,6502,31296,43323,55901,32982,65535,6512
1685525616,0,1,1,0,1311,3079,7568,10642,19865,65535,6510,31297,43302,55899,32982,65535,6516
1685525622,0,1,1,0,1311,3079,7565,10638,19852,65535,6504,31307,43311,55939,32991,65535,6516
1685525628,0,1,1,0,1311,3078,7565,10638,19863,65535,6510,31312,43326,55920,32998,65535,6518
1685525634,0,1,1,0,1311,3078,7569,10645,19864,65535,6510,31313,43346,55949,32984,65535,6514
1685525640,0,1,1,0,1311,3080,7567,10646,19869,65535,6506,31320,43327,55922,33006,65535,6514
1685525646,0,1,1,0,1311,3079,7562,10640,19856,65535,6507,31296,43310,55887,32981,65535,6512
1685525652,0,1,1,0,1311,3079,7563,10640,19862,65535,6508,31303,43315,55921,32983,65535,6510
1685525658,0,1,1,0,1311,3079,7564,10636,19855,65535,6506,31288,43309,55892,32974,65535,6512
1685525664,0,1,1,0,1311,3079,7564,10636,19855,65535,6506,31289,43291,55895,32978,65535,6510
1685525670,0,1,1,0,1311,3076,7557,10632,19851,65535,6505,31289,43297,55904,32972,65535,6508
1685525676,0,1,1,0,1311,3075,7561,10636,19836,65535,6506,31277,43267,55866,32959,65535,6510
1685525682,0,1,1,0,1310,3076,7557,10630,19843,65535,6502,31287,43267,55896,32955,65535,6508
1685525688,0,1,1,0,1310,3075,7557,10634,19844,65535,6502,31276,43280,55899,32967,65535,6508
1685525694,0,1,1,0,1311,3076,7559,10627,19849,65535,6498,31276,43270,55867,32965,65535,6510
1685525700,0,1,1,0,1311,3077,7558,10630,19842,65535,6504,31282,43285,55904,32957,65535,6510
1685525706,0,1,1,0,1310,3077,7562,10639,19856,65535,6504,31295,43291,55889,32979,65535,6510
1685525712,0,1,1,0,1311,3077,7559,10628,19840,65535,6506,31290,43297,55898,32980,65535,6508
1685525718,0,1,1,0,1311,3078,7565,10637,19855,65535,6506,31293,43300,55898,32984,65535,6514
1685525724,0,1,1,0,1311,3078,7565,10637,19862,65535,6508,31299,43315,55932,32986,65535,6516
1685525730,0,1,1,0,1311,3080,7569,10643,19863,65535,6510,31312,43339,55922,32998,65535,6516
1685525736,0,1,1,0,1311,3080,7566,10644,19867,65535,6508,31317,43332,55937,32989,65535,6518
1685525742,0,1,1,0,1311,3079,7564,10641,19863,65535,6508,31305,43321,55919,32994,65535,6516
1685525748,0,1,1,0,1311,3079,7563,10640,19850,65535,6508,31302,43311,55912,32993,65535,6514
1685525754,0,1,1,0,1311,3079,7562,10640,19849,65535,6508,31305,43306,55917,32990,65535,6516
1685525760,0,1,1,0,1311,3079,7566,10644,19864,65535,6506,31309,43325,55907,33000,65535,6518
1685525766,0,1,1,0,1311,3078,7565,10643,19853,65535,6508,31305,43319,55920,32993,65535,6516
1685525772,0,1,1,0,1311,3080,7566,10650,19864,65535,6506,31308,43320,55949,32993,65535,6516
1685525778,0,1,1,0,1311,3080,7565,10642,19864,65535,6508,31322,43314,55918,32992,65535,6514
1685525784,0,1,1,0,1311,3081,7571,10648,19869,65535,6508,31310,43321,55922,33000,65535,6518
1685525790,0,1,1,0,1311,3082,7568,10650,19869,65535,6510,31320,43341,55952,32994,65535,6518
1685525796,0,1,1,0,1311,3082,7570,10656,19869,65535,6514,31325,43348,55951,33010,65535,6522
1685525802,0,1,1,0,1311,3082,7571,10652,19877,65535,6512,31323,43346,55952,33007,65535,6520
1685525808,0,1,1,0,1311,3083,7573,10653,19879,65535,6512,31328,43373,55964,33021,65535,6522
1685525814,0,1,1,0,1311,3083,7571,10652,19874,65535,6516,31338,43382,55987,33025,65535,6520
1685525820,0,1,1,0,1311,3083,7578,10653,19881,65535,6516,31339,43380,55960,33021,65535,6524
1685525826,0,1,1,0,1311,3084,7578,10652,19869,65535,6516,31341,43379,56008,33029,65535,6520
1685525832,0,1,1,0,1311,3083,7575,10653,19879,65535,6518,31345,43376,56002,33036,65535,6524
1685525838,0,1,1,0,1311,3085,7576,10661,19881,65535,6516,31357,43402,55993,33038,65535,6526
1685525844,0,1,1,0,1311,3084,7575,10656,19880,65535,6518,31343,43376,55984,33019,65535,6526
1685525850,0,1,1,0,1311,3085,7573,10660,19880,65535,6518,31346,43374,55986,33039,65535,6524
1685525856,0,1,1,0,1311,3085,7576,10660,19881,65535,6514,31350,43374,55985,33033,65535,6522
1685525862,0,1,1,0,1311,3084,7577,10657,19882,65535,6517,31349,43398,55995,33027,65535,6526
1685525868,0,1,1,0,1311,3083,7574,10657,19883,65535,6520,31349,43386,56032,33044,65535,6522
1685525874,0,1,1,0,1311,3085,7579,10658,19884,65535,6520,31352,43395,56011,33038,65535,6522
1685525880,0,1,1,0,1311,3085,7578,10657,19893,65535,6518,31346,43391,55987,33031,65535,6524
1685525886,0,1,1,0,1311,3084,7578,10659,19884,65535,6518,31348,43376,56016,33043,65535,6525
1685525892,0,1,1,0,1311,3085,7580,10660,19887,65535,6519,31350,43383,56015,33048,65535,6522
1685525898,0,1,1,0,1311,3085,7577,10661,19886,65535,6518,31364,43391,56009,33043,65535,6522
1685525904,0,1,1,0,1311,3087,7576,10662,19890,65535,6514,31368,43397,56003,33051,65535,6526
1685525910,0,1,1,0,1311,3086,7578,10669,19885,65535,6522,31360,43398,56037,33044,65535,6524
1685525916,0,1,1,0,1311,3086,7579,10671,19894,65535,6524,31361,43422,56026,33044,65535,6528
1685525922,0,1,1,0,1311,3086,7578,10667,19892,65535,6522,31355,43410,55995,33033,65535,6526
1685525928,0,1,1,0,1311,3085,7581,10654,19878,65535,6522,31355,43409,55996,33051,65535,6528
1685525934,0,1,1,0,1311,3084,7578,10658,19877,65535,6518,31348,43380,55955,33026,65535,6528
1685525940,0,1,1,0,1311,3085,7577,10658,19888,65535,6516,31354,43389,56006,33045,65535,6526
1685525946,0,1,1,0,1311,3085,7575,10657,19884,65535,6517,31348,43381,55984,33042,65535,6524
1685525952,0,1,1,0,1311,3083,7578,10657,19877,65535,6514,31340,43360,55977,33029,65535,6524
1685525958,0,1,1,0,1311,3084,7571,10653,19881,65535,6514,31335,43366,55974,33033,65535,6522
1685525964,0,1,1,0,1311,3086,7575,10656,19882,65535,6516,31335,43381,55998,33030,65535,6522
1685525970,0,1,1,0,1311,3081,7572,10648,19871,65535,6512,31345,43337,55965,33018,65535,6522
1685525976,0,1,1,0,1311,3084,7570,10645,19867,65535,6514,31325,43346,55927,33011,65535,6520
1685525982,0,1,1,0,1311,3081,7569,10643,19872,65535,6512,31326,43335,55935,33007,65535,6520
1685525988,0,1,1,0,1311,3081,7567,10649,19868,65535,6514,31317,43323,55923,33004,65535,6520
1685525994,0,1,1,0,1311,3082,7571,10649,19876,65535,6512,31337,43331,55943,33020,65535,6518
1685526000,0,1,1,0,1311,3082,7573,10648,19877,65535,6512,31330,43345,55984,32996,65535,6520
1685526006,0,1,1,0,1311,3082,7567,10647,19868,65535,6510,31339,43340,55946,33011,65535,6520
1685526012,0,1,1,0,1311,3082,7570,10656,19875,65535,6516,31326,43335,55942,33010,65535,6518
1685526018,0,1,1,0,1311,3082,7569,10654,19877,65535,6512,31333,43369,55981,33027,65535,6524
1685526024,0,1,1,0,1311,3083,7578,10654,19881,65535,6514,31338,43380,55994,33030,65535,6520
1685526030,0,1,1,0,1311,3083,7575,10658,19871,65535,6514,31337,43376,55986,33028,65535,6520
1685526036,0,1,1,0,1311,3082,7575,10656,19877,65535,6516,31339,43344,55983,33009,65535,6522
1685526042,0,1,1,0,1311,3083,7572,10659,19880,65535,6516,31332,43350,55991,33025,65535,6522
1685526048,0,1,1,0,1311,3083,7576,10655,19873,65535,6514,31335,43360,55991,33021,65535,6524
1685526054,0,1,1,0,1311,3083,7572,10656,19880,65535,6512,31343,43387,55998,33034,65535,6526
1685526060,0,1,1,0,1311,3083,7572,10656,19874,65535,6514,31331,43348,55956,33032,65535,6524
1685526066,0,1,1,0,1311,3084,7571,10656,19881,65535,6516,31342,43373,56015,33037,65535,6526
1685526072,0,1,1,0,1311,3085,7576,10658,19886,65535,6518,31347,43357,56000,33039,65535,6524
1685526078,0,1,1,0,1311,3085,7577,10664,19877,65535,6514,31338,43353,56000,33022,65535,6518
1685526084,0,1,1,0,1311,3084,7573,10659,19884,65535,6518,31341,43371,55976,33028,65535,6524
1685526090,0,1,1,0,1311,3083,7572,10655,19878,65535,6518,31336,43380,55972,33030,65535,6522
1685526096,0,1,1,0,1311,3083,7575,10655,19877,65535,6516,31330,43365,55962,33012,65535,6522
1685526102,0,1,1,0,1311,3084,7574,10658,19882,65535,6516,31340,43363,55975,33019,65535,6527
1685526108,0,1,1,0,1311,3082,7568,10650,19872,65535,6516,31357,43344,55970,33026,65535,6524
1685526114,0,1,1,0,1311,3083,7569,10652,19877,65535,6514,31348,43342,55968,33019,65535,6522
1685526120,0,1,1,0,1311,3081,7568,10647,19868,65535,6510,31324,43339,55974,33027,65535,6520
1685526126,0,1,1,0,1311,3082,7573,10651,19866,65535,6510,31332,43364,55984,33016,65535,6524
1685526132,0,1,1,0,1311,3080,7570,10651,19873,65535,6514,31333,43368,55972,33026,65535,6518
1685526138,0,1,1,0,1311,3081,7570,10644,19859,65535,6508,31320,43324,55954,33008,65535,6516
1685526144,0,1,1,0,1311,3081,7570,10646,19870,65535,6512,31315,43340,55927,33004,65535,6518
1685526150,0,1,1,0,1311,3079,7570,10651,19867,65535,6512,31310,43335,55930,33005,65535,6514
1685526156,0,1,1,0,1311,3082,7565,10645,19859,65535,6512,31325,43328,55952,33012,65535,6522
1685526162,0,1,1,0,1311,3081,7572,10650,19871,65535,6512,31324,43346,55951,33006,65535,6516
1685526168,0,1,1,0,1311,3082,7569,10656,19873,65535,6516,31331,43346,55954,33014,65535,6524
1685526174,0,1,1,0,1311,3083,7571,10657,19875,65535,6514,31334,43348,55982,33024,65535,6524
1685526180,0,1,1,0,1311,3081,7569,10645,19871,65535,6514,31326,43358,55970,33013,65535,6516
1685526186,0,1,1,0,1311,3083,7570,10652,19868,65535,6508,31319,43342,55939,32998,65535,6520
1685526192,0,1,1,0,1311,3081,7568,10647,19868,65535,6512,31309,43308,55925,33016,65535,6518
1685526198,0,1,1,0,1311,3085,7569,10651,19873,65535,6514,31324,43358,55932,33018,65535,6524
1685526204,0,1,1,0,1311,3083,7572,10650,19876,65535,6514,31332,43369,55948,33020,65535,6522
1685526210,0,1,1,0,1311,3084,7568,10649,19870,65535,6516,31323,43362,55933,33013,65535,6524
1685526216,0,1,1,0,1311,3084,7571,10651,19878,65535,6514,31346,43354,55976,33021,65535,6520
1685526222,0,1,1,0,1311,3082,7573,10659,19877,65535,6516,31355,43368,55961,33024,65535,6522
1685526228,0,1,1,0,1311,3084,7576,10660,19879,65535,6512,31355,43382,55987,33026,65535,6522
1685526234,0,1,1,0,1311,3083,7576,10657,19877,65535,6514,31328,43371,55943,33018,65535,6522
1685526240,0,1,1,0,1311,3082,7571,10657,19880,65535,6516,31341,43382,55956,33042,65535,6526
1685526246,0,1,1,0,1311,3084,7575,10656,19880,65535,6514,31336,43356,55987,33034,65535,6524
1685526252,0,1,1,0,1311,3085,7578,10657,19883,65535,6518,31357,43363,55969,33029,65535,6524
1685526258,0,1,1,0,1311,3083,7577,10650,19872,65535,6516,31342,43366,55969,33035,65535,6524
1685526264,0,1,1,0,1311,3087,7577,10661,19886,65535,6520,31349,43372,55984,33039,65535,6524
1685526270,0,1,1,0,1311,3085,7575,10659,19884,65535,6518,31342,43370,55971,33026,65535,6524
1685526276,0,1,1,0,1311,3085,7581,10656,19886,65535,6518,31358,43406,55979,33046,65535,6526
1685526282,0,1,1,0,1311,3085,7575,10656,19886,65535,6520,31353,43411,55969,33045,65535,6526
1685526288,0,1,1,0,1311,3084,7577,10665,19890,65535,6520,31364,43400,56033,33053,65535,6528
1685526294,0,1,1,0,1311,3085,7575,10660,19878,65535,6520,31344,43370,56011,33035,65535,6526
1685526300,0,1,1,0,1311,3084,7575,10664,19878,65535,6518,31344,43381,56017,33036,65535,6524
1685526306,0,1,1,0,1311,3085,7577,10663,19876,65535,6516,31344,43391,56007,33030,65535,6528
1685526312,0,1,1,0,1311,3084,7577,10665,19871,65535,6516,31360,43387,56030,33048,65535,6526
1685526318,0,1,1,0,1311,3086,7577,10663,19886,65535,6516,31359,43415,56037,33053,65535,6524
1685526324,0,1,1,0,1311,3085,7581,10665,19878,65535,6520,31352,43378,56019,33033,65535,6527
1685526330,0,1,1,0,1311,3086,7580,10663,19892,65535,6524,31365,43418,56036,33056,65535,6528
1685526336,0,1,1,0,1311,3087,7583,10668,19877,65535,6521,31377,43431,56029,33062,65535,6532
1685526342,0,1,1,0,1311,3087,7580,10671,19899,65535,6522,31365,43416,56018,33056,65535,6530
1685526348,0,1,1,0,1311,3087,7581,10668,19893,65535,6522,31369,43421,56018,33059,65535,6526
1685526354,0,1,1,0,1311,3087,7582,10669,19893,65535,6520,31365,43414,56053,33053,65535,6526
1685526360,0,1,1,0,1311,3085,7579,10668,19896,65535,6522,31354,43409,56033,33050,65535,6528
1685526366,0,1,1,0,1311,3085,7575,10665,19882,65535,6522,31358,43405,55992,33049,65535,6528
1685526372,0,1,1,0,1311,3085,7580,10659,19891,65535,6522,31348,43392,55982,33036,65535,6526
1685526378,0,1,1,0,1311,3084,7574,10663,19879,65535,6518,31345,43374,55988,33039,65535,6524
1685526384,0,1,1,0,1311,3084,7575,10660,19877,65535,6516,31346,43376,55989,33036,65535,6526
1685526390,0,1,1,0,1311,3086,7576,10657,19877,65535,6514,31342,43362,56012,33033,65535,6526
1685526396,0,1,1,0,1311,3086,7575,10654,19876,65535,6518,31336,43360,55956,33031,65535,6522
1685526402,0,1,1,0,1311,3084,7575,10659,19878,65535,6516,31346,43375,56019,33033,65535,6524
1685526408,0,1,1,0,1311,3084,7576,10660,19879,65535,6514,31350,43377,55998,33037,65535,6522
1685526414,0,1,1,0,1311,3084,7577,10662,19879,65535,6516,31346,43383,55999,33035,65535,6522
1685526420,0,1,1,0,1311,3086,7576,10664,19884,65535,6518,31347,43392,55996,33030,65535,6524
1685526426,0,1,1,0,1311,3085,7579,10663,19881,65535,6514,31354,43377,56014,33046,65535,6524
1685526432,0,1,1,0,1311,3085,7578,10664,19885,65535,6516,31349,43379,55998,33041,65535,6526
1685526438,0,1,1,0,1311,3085,7576,10663,19880,65535,6518,31349,43382,55985,33040,65535,6528
1685526444,0,1,1,0,1311,3084,7579,10657,19882,65535,6518,31353,43385,55983,33047,65535,6526
1685526450,0,1,1,0,1311,3085,7577,10661,19888,65535,6520,31377,43397,56000,33052,65535,6528
1685526456,0,1,1,0,1311,3087,7577,10670,19890,65535,6524,31387,43406,56038,33060,65535,6528
1685526462,0,1,1,0,1311,3087,7577,10665,19891,65535,6524,31363,43425,56009,33055,65535,6526
1685526468,0,1,1,0,1311,3088,7583,10663,19889,65535,6520,31372,43406,56023,33065,65535,6528
1685526474,0,1,1,0,1311,3087,7580,10668,19890,65535,6524,31370,43436,56023,33061,65535,6528
1685526480,0,1,1,0,1311,3087,7582,10665,19890,65535,6522,31371,43428,56016,33056,65535,6528
1685526486,0,1,1,0,1311,3090,7583,10675,19886,65535,6522,31374,43428,56046,33072,65535,6534
1685526492,0,1,1,0,1311,3088,7583,10668,19892,65535,6522,31358,43402,56019,33052,65535,6528
1685526498,0,1,1,0,1311,3086,7581,10670,19896,65535,6524,31373,43411,56039,33058,65535,6526
1685526504,0,1,1,0,1311,3086,7575,10662,19879,65535,6522,31351,43400,55997,33039,65535,6526
1685526510,0,1,1,0,1311,3084,7577,10661,19883,65535,6518,31365,43398,55991,33034,65535,6526
1685526516,0,1,1,0,1311,3086,7581,10664,19888,65535,6519,31351,43384,56002,33044,65535,6526
1685526522,0,1,1,0,1311,3084,7573,10658,19878,65535,6514,31343,43376,55994,33033,65535,6524
1685526528,0,1,1,0,1311,3087,7573,10659,19878,65535,6518,31353,43388,56002,33041,65535,6524
1685526534,0,1,1,0,1311,3084,7575,10660,19875,65535,6516,31337,43369,56000,33023,65535,6524
1685526540,0,1,1,0,1311,3083,7574,10658,19875,65535,6518,31340,43374,55972,33029,65535,6524
1685526546,0,1,1,0,1311,3084,7575,10653,19875,65535,6516,31331,43340,55987,33016,65535,6524
1685526552,0,1,1,0,1311,3084,7572,10660,19881,65535,6516,31355,43367,55993,33024,65535,6522
1685526558,0,1,1,0,1311,3084,7572,10662,19875,65535,6516,31331,43358,55967,33018,65535,6522
1685526564,0,1,1,0,1311,3083,7571,10654,19875,65535,6518,31340,43362,55986,33029,65535,6524
1685526570,0,1,1,0,1311,3083,7575,10653,19871,65535,6516,31334,43363,55958,33016,65535,6524
1685526576,0,1,1,0,1311,3081,7568,10651,19867,65535,6516,31324,43356,55968,33020,65535,6518
1685526582,0,1,1,0,1311,3083,7574,10661,19874,65535,6516,31336,43343,55999,33020,65535,6520
1685526588,0,1,1,0,1311,3083,7573,10656,19875,65535,6512,31323,43365,55936,33011,65535,6518
1685526594,0,1,1,0,1311,3081,7568,10651,19867,65535,6512,31323,43356,55954,33010,65535,6522
1685526600,0,1,1,0,1311,3080,7566,10656,19868,65535,6514,31319,43331,55950,32998,65535,6516
1685526606,0,1,1,0,1311,3081,7566,10651,19865,65535,6510,31315,43332,55951,33001,65535,6520
1685526612,0,1,1,0,1311,3081,7568,10653,19866,65535,6512,31332,43370,55973,33022,65535,6526
1685526618,0,1,1,0,1311,3082,7569,10658,19866,65535,6514,31321,43317,55951,33001,65535,6522
1685526624,0,1,1,0,1311,3085,7573,10657,19881,65535,6514,31327,43361,55968,33009,65535,6520
1685526630,0,1,1,0,1311,3084,7573,10654,19869,65535,6514,31322,43334,55931,33009,65535,6518
1685526636,0,1,1,0,1311,3082,7571,10652,19875,65535,6516,31329,43334,55958,33014,65535,6520
1685526642,0,1,1,0,1311,3083,7568,10658,19873,65535,6515,31318,43353,55959,33021,65535,6522
1685526648,0,1,1,0,1311,3083,7572,10654,19864,65535,6516,31326,43361,55975,33017,65535,6520
1685526654,0,1,1,0,1311,3084,7571,10655,19870,65535,6516,31338,43333,55960,33026,65535,6522
1685526660,0,1,1,0,1311,3083,7569,10655,19879,65535,6514,31327,43344,55991,33016,65535,6520
1685526666,0,1,1,0,1311,3083,7574,10653,19873,65535,6514,31345,43371,55997,33026,65535,6521
1685526672,0,1,1,0,1311,3084,7573,10653,19871,65535,6514,31330,43373,55996,33019,65535,6524
1685526678,0,1,1,0,1311,3083,7577,10661,19877,65535,6518,31339,43378,55972,33026,65535,6526
1685526684,0,1,1,0,1311,3084,7573,10657,19874,65535,6520,31345,43382,55978,33026,65535,6524
1685526690,0,1,1,0,1311,3086,7578,10662,19884,65535,6518,31356,43405,56023,33047,65535,6524
1685526696,0,1,1,0,1311,3084,7576,10661,19879,65535,6516,31367,43405,56002,33041,65535,6530
1685526702,0,1,1,0,1311,3086,7579,10659,19888,65535,6516,31360,43383,56021,33036,65535,6528
1685526708,0,1,1,0,1311,3084,7578,10661,19875,65535,6518,31345,43398,56006,33036,65535,6524
1685526714,0,1,1,0,1311,3084,7578,10663,19880,65535,6514,31350,43397,56009,33057,65535,6526
1685526720,0,1,1,0,1311,3083,7575,10656,19876,65535,6522,31344,43389,55975,33040,65535,6524
1685526726,0,1,1,0,1311,3082,7573,10659,19877,65535,6518,31347,43368,55998,33035,65535,6526
1685526732,0,1,1,0,1311,3083,7575,10661,19876,65535,6520,31354,43383,55997,33040,65535,6526
1685526738,0,1,1,0,1311,3084,7576,10660,19874,65535,6518,31338,43362,55964,33027,65535,6528
1685526744,0,1,1,0,1311,3083,7576,10658,19874,65535,6518,31336,43374,55959,33022,65535,6527
1685526750,0,1,1,0,1311,3085,7575,10657,19874,65535,6516,31335,43367,55981,33022,65535,6520
1685526756,0,1,1,0,1311,3081,7571,10647,19872,65535,6514,31340,43356,55939,33012,65535,6517
1685526762,0,1,1,0,1311,3082,7572,10649,19869,65535,6514,31337,43350,55964,33008,65535,6520
1685526768,0,1,1,0,1311,3083,7568,10646,19866,65535,6508,31312,43340,55954,33008,65535,6516
1685526774,0,1,1,0,1311,3078,7560,10636,19834,65535,6506,31297,43317,55899,32992,65535,6516
1685526780,0,1,1,0,1311,3079,7565,10637,19857,65535,6508,31292,43305,55870,32978,65535,6514
1685526786,0,1,1,0,1311,3078,7560,10640,19854,65535,6508,31288,43311,55906,32976,65535,6514
1685526792,0,1,1,0,1311,3077,7564,10633,19857,65535,6506,31306,43284,55901,32969,65535,6514
1685526798,0,1,1,0,1311,3077,7564,10636,19855,65535,6506,31291,43304,55871,32971,65535,6516
1685526804,0,1,1,0,1310,3078,7564,10642,19855,65535,6510,31318,43313,55903,32986,65535,6514
1685526810,0,1,1,0,1311,3079,7566,10639,19858,65535,6508,31303,43311,55907,32990,65535,6514
1685526816,0,1,1,0,1311,3078,7561,10634,19858,65535,6504,31299,43309,55919,32992,65535,6516
1685526822,0,1,1,0,1310,3078,7563,10633,19852,65535,6506,31283,43279,55863,32968,65535,6516
1685526828,0,1,1,0,1310,3076,7560,10630,19858,65535,6504,31295,43302,55909,32978,65535,6514
1685526834,0,1,1,0,1310,3080,7561,10635,19853,65535,6504,31279,43269,55883,32966,65535,6510
1685526840,0,1,1,0,1310,3076,7557,10626,19849,65535,6502,31269,43270,55863,32958,65535,6506
1685526846,0,1,1,0,1310,3074,7553,10617,19839,65535,6502,31267,43231,55863,32943,65535,6507
1685526852,0,1,1,0,1310,3074,7552,10623,19845,65535,6500,31266,43248,55833,32961,65535,6506
1685526858,0,1,1,0,1310,3076,7552,10625,19837,65535,6504,31281,43278,55857,32957,65535,6506
1685526864,0,1,1,0,1310,3076,7557,10628,19843,65535,6502,31273,43253,55864,32952,65535,6504
1685526870,0,1,1,0,1310,3075,7553,10623,19848,65535,6500,31269,43244,55835,32936,65535,6508
1685526876,0,1,1,0,1310,3072,7548,10614,19832,65535,6498,31258,43249,55815,32947,65535,6504
1685526882,0,1,1,0,1310,3072,7548,10617,19818,65535,6492,31231,43210,55779,32904,65535,6498
1685526888,0,1,1,0,1310,3072,7545,10614,19829,65535,6495,31239,43219,55808,32924,65535,6502
1685526894,0,1,1,0,1310,3072,7544,10613,19823,65535,6496,31236,43198,55786,32914,65535,6502
1685526900,0,1,1,0,1310,3070,7541,10606,19818,65535,6494,31233,43194,55802,32904,65535,6496
1685526906,0,1,1,0,1310,3069,7544,10606,19823,65535,6494,31229,43205,55796,32895,65535,6502
1685526912,0,1,1,0,1310,3070,7541,10605,19826,65535,6492,31217,43175,55748,32896,65535,6500
1685526918,0,1,1,0,1310,3070,7542,10614,19821,65535,6494,31228,43203,55801,32901,65535,6500
1685526924,0,1,1,0,1310,3070,7545,10609,19824,65535,6494,31227,43209,55777,32916,65535,6498
1685526930,0,1,1,0,1310,3069,7542,10604,19826,65535,6492,31221,43174,55759,32898,65535,6498
1685526936,0,1,1,0,1310,3068,7536,10609,19811,65535,6490,31220,43166,55761,32893,65535,6498
1685526942,0,1,1,0,1310,3069,7536,10601,19806,65535,6489,31212,43154,55740,32894,65535,6492
1685526948,0,1,1,0,1305,3066,7532,10597,19810,65535,6482,31197,43161,55721,32874,65535,6494
1685526954,0,1,1,0,1305,3066,7533,10595,19798,65535,6486,31223,43150,55730,32876,65535,6496
1685526960,0,1,1,0,1305,3067,7534,10594,19802,65535,6482,31205,43137,55743,32870,65535,6494
1685526966,0,1,1,0,1305,3068,7534,10595,19809,65535,6484,31203,43157,55738,32865,65535,6494
1685526972,0,1,1,0,1305,3067,7536,10597,19807,65535,6486,31212,43143,55732,32878,65535,6494
1685526978,0,1,1,0,1305,3067,7536,10595,19805,65535,6486,31209,43139,55748,32874,65535,6492
1685526984,0,1,1,0,1305,3064,7534,10588,19797,65535,6486,31197,43148,55718,32863,65535,6488
1685526990,0,1,1,0,1305,3065,7537,10589,19796,65535,6486,31190,43138,55690,32875,65535,6492
1685526996,0,1,1,0,1305,3065,7534,10585,19801,65535,6484,31200,43141,55674,32850,65535,6488
1685527002,0,1,1,0,1305,3065,7536,10588,19805,65535,6480,31203,43130,55695,32870,65535,6488
1685527008,0,1,1,0,1305,3066,7531,10591,19809,65535,6482,31193,43121,55721,32877,65535,6494
1685527014,0,1,1,0,1305,3066,7538,10592,19803,65535,6484,31198,43152,55738,32884,65535,6492
1685527020,0,1,1,0,1305,3066,7536,10599,19801,65535,6486,31210,43152,55734,32867,65535,6492
1685527026,0,1,1,0,1305,3067,7536,10602,19813,65535,6489,31226,43149,55758,32886,65535,6492
1685527032,0,1,1,0,1305,3066,7536,10596,19804,65535,6490,31223,43158,55755,32873,65535,6494
1685527038,0,1,1,0,1305,3067,7532,10594,19799,65535,6486,31203,43142,55708,32874,65535,6492
1685527044,0,1,1,0,1305,3065,7534,10596,19813,65535,6484,31205,43136,55717,32865,65535,6492
1685527050,0,1,1,0,1305,3067,7535,10601,19801,65535,6486,31219,43165,55750,32882,65535,6498
1685527056,0,1,1,0,1305,3066,7535,10596,19800,65535,6488,31211,43148,55758,32874,65535,6496
1685527062,0,1,1,0,1305,3067,7539,10599,19811,65535,6492,31233,43185,55749,32884,65535,6496
1685527068,0,1,1,0,1310,3068,7536,10598,19814,65535,6486,31210,43162,55739,32873,65535,6496
1685527074,0,1,1,0,1305,3068,7538,10602,19809,65535,6484,31212,43184,55750,32901,65535,6496
1685527080,0,1,1,0,1310,3069,7537,10603,19806,65535,6492,31218,43185,55755,32888,65535,6494
1685527086,0,1,1,0,1310,3070,7544,10613,19812,65535,6490,31224,43199,55758,32898,65535,6502
1685527092,0,1,1,0,1310,3069,7540,10606,19823,65535,6494,31229,43185,55796,32915,65535,6498
1685527098,0,1,1,0,1305,3070,7541,10611,19826,65535,6490,31222,43192,55774,32894,65535,6498
1685527104,0,1,1,0,1310,3070,7542,10610,19818,65535,6494,31243,43178,55776,32899,65535,6498
1685527110,0,1,1,0,1310,3074,7547,10608,19831,65535,6494,31255,43215,55806,32910,65535,6500
1685527116,0,1,1,0,1310,3071,7544,10612,19819,65535,6492,31238,43202,55794,32912,65535,6504
1685527122,0,1,1,0,1310,3072,7548,10614,19828,65535,6492,31241,43206,55797,32929,65535,6502
1685527128,0,1,1,0,1310,3071,7545,10613,19818,65535,6496,31232,43207,55781,32919,65535,6502
1685527134,0,1,1,0,1310,3069,7542,10610,19822,65535,6492,31237,43199,55763,32885,65535,6498
1685527140,0,1,1,0,1305,3069,7539,10605,19820,65535,6490,31223,43172,55758,32888,65535,6496
1685527146,0,1,1,0,1310,3069,7536,10601,19812,65535,6492,31214,43172,55728,32899,65535,6498
1685527152,0,1,1,0,1310,3069,7539,10605,19812,65535,6490,31208,43161,55743,32885,65535,6498
1685527158,0,1,1,0,1310,3066,7536,10599,19802,65535,6490,31206,43155,55735,32871,65535,6496
1685527164,0,1,1,0,1305,3068,7539,10600,19802,65535,6486,31211,43177,55742,32876,65535,6494
1685527170,0,1,1,0,1310,3070,7538,10600,19801,65535,6488,31212,43163,55739,32878,65535,6498
1685527176,0,1,1,0,1305,3067,7541,10601,19802,65535,6486,31208,43151,55743,32874,65535,6500
1685527182,0,1,1,0,1305,3068,7539,10598,19805,65535,6487,31216,43155,55769,32884,65535,6494
1685527188,0,1,1,0,1305,3067,7534,10593,19800,65535,6486,31202,43147,55714,32875,65535,6492
1685527194,0,1,1,0,1305,3066,7539,10596,19803,65535,6487,31234,43168,55777,32886,65535,6498
