Timestamp,Amber,White,On,Override,Intensity,AS00,AS01,AS02,AS03,AS04,AS05,AS06,AS07,AS08,AS09,AS10,AS11
1685494800,0,1,0,0,10410,41762,59964,65535,65535,65535,65535,65535,65535,65535,65535,65535,65535
1685494806,0,1,0,0,10425,42163,60500,65535,65535,65535,65535,65535,65535,65535,65535,65535,65535
1685494812,0,1,0,0,10443,42607,61177,65535,65535,65535,65535,65535,65535,65535,65535,65535,65535
1685494818,0,1,0,0,10453,42976,61694,65535,65535,65535,65535,65535,65535,65535,65535,65535,65535
1685494824,0,1,0,0,10503,43297,62144,65535,65535,65535,65535,65535,65535,65535,65535,65535,65535
1685494830,0,1,0,0,10511,43537,62497,65535,65535,65535,65535,65535,65535,65535,65535,65535,65535
1685494836,0,1,0,0,10515,43778,62809,65535,65535,65535,65535,65535,65535,65535,65535,65535,65535
1685494842,0,1,0,0,10524,44025,63140,65535,65535,65535,65535,65535,65535,65535,65535,65535,65535
1685494848,0,1,0,0,10532,44386,63630,65535,65535,65535,65535,65535,65535,65535,65535,65535,65535
1685494854,0,1,0,0,10533,44591,63889,65535,65535,65535,65535,65535,65535,65535,65535,65535,65535
1685494860,0,1,0,0,10533,44730,64056,65535,65535,65535,65535,65535,65535,65535,65535,65535,65535
1685494866,0,1,0,0,10534,44832,64170,65535,65535,65535,65535,65535,65535,65535,65535,65535,65535
1685494872,0,1,0,0,1223223,44941,64216,65535,65535,65535,65535,65535,65535,65535,65535,65535,65535
1685494878,0,1,0,0,1223223,44960,64182,65535,65535,65535,65535,65535,65535,65535,65535,65535,65535
1685494884,0,1,0,0,1223223,44977,64104,65535,65535,65535,65535,65535,65535,65535,65535,65535,65535
1685494890,0,1,0,0,1223223,45043,64149,65535,65535,65535,65535,65535,65535,65535,65535,65535,65535
1685494896,0,1,0,0,1223223,45035,64118,65535,65535,65535,65535,65535,65535,65535,65535,65535,65535
1685494902,0,1,0,0,1223223,45107,64194,65535,65535,65535,65535,65535,65535,65535,65535,65535,65535
1685494908,0,1,0,0,1223223,45333,64457,65535,65535,65535,65535,65535,65535,65535,65535,65535,65535
1685494914,0,1,0,0,1223223,45531,64781,65535,65535,65535,65535,65535,65535,65535,65535,65535,65535
1685494920,0,1,0,0,1223223,45856,65230,65535,65535,65535,65535,65535,65535,65535,65535,65535,65535
1685494926,0,1,0,0,1223223,46210,65535,65535,65535,65535,65535,65535,65535,65535,65535,65535,65535
1685494932,0,1,0,0,1223223,46418,65535,65535,65535,65535,65535,65535,65535,65535,65535,65535,65535
1685494938,0,1,0,0,1223223,46492,65535,65535,65535,65535,65535,65535,65535,65535,65535,65535,65535
1685494944,0,1,0,0,1223223,46650,65535,65535,65535,65535,65535,65535,65535,65535,65535,65535,65535
1685494950,0,1,0,0,1223223,46790,65535,65535,65535,65535,65535,65535,65535,65535,65535,65535,65535
1685494956,0,1,0,0,1223223,46940,65535,65535,65535,65535,65535,65535,65535,65535,65535,65535,65535
1685494962,0,1,0,0,1223223,47080,65535,65535,65535,65535,65535,65535,65535,65535,65535,65535,65535
1685494968,0,1,0,0,1223223,47281,65535,65535,65535,65535,65535,65535,65535,65535,65535,65535,65535
1685494974,0,1,0,0,1223223,47530,65535,65535,65535,65535,65535,65535,65535,65535,65535,65535,65535
1685494980,0,1,0,0,1223223,47881,65535,65535,65535,65535,65535,65535,65535,65535,65535,65535,65535
1685494986,0,1,0,0,1223223,48066,65535,65535,65535,65535,65535,65535,65535,65535,65535,65535,65535
1685494992,0,1,0,0,1223223,48200,65535,65535,65535,65535,65535,65535,65535,65535,65535,65535,65535
1685494998,0,1,0,0,1223223,48282,65535,65535,65535,65535,65535,65535,65535,65535,65535,65535,65535
1685495004,0,1,0,0,1223223,48165,65535,65535,65535,65535,65535,65535,65535,65535,65535,65535,65535
1685495010,0,1,0,0,1223223,48512,65535,65535,65535,65535,65535,65535,65535,65535,65535,65535,65535
1685495016,0,1,0,0,1223223,48520,65535,65535,65535,65535,65535,65535,65535,65535,65535,65535,65535
1685495022,0,1,0,0,1223223,48351,65535,65535,65535,65535,65535,65535,65535,65535,65535,65535,65535
1685495028,0,1,0,0,1223223,48151,65535,65535,65535,65535,65535,65535,65535,65535,65535,65535,65535
1685495034,0,1,0,0,1223223,47802,65535,65535,65535,65535,65535,65535,65535,65535,65535,65535,65535
1685495040,0,1,0,0,1223223,47303,65535,65535,65535,65535,65535,65535,65535,65535,65535,65535,65535
1685495046,0,1,0,0,10550,46911,65535,65535,65535,65535,65535,65535,65535,65535,65535,65535,65535
1685495052,0,1,0,0,10530,46564,65535,65535,65535,65535,65535,65535,65535,65535,65535,65535,65535
1685495058,0,1,0,0,10513,46310,65535,65535,65535,65535,65535,65535,65535,65535,65535,65535,65535
1685495064,0,1,0,0,10505,46158,65535,65535,65535,65535,65535,65535,65535,65535,65535,65535,65535
1685495070,0,1,0,0,10500,46027,65535,65535,65535,65535,65535,65535,65535,65535,65535,65535,65535
1685495076,0,1,0,0,10452,45900,65535,65535,65535,65535,65535,65535,65535,65535,65535,65535,65535
1685495082,0,1,0,0,10443,45733,65535,65535,65535,65535,65535,65535,65535,65535,65535,65535,65535
1685495088,0,1,0,0,10440,45639,65513,65535,65535,65535,65535,65535,65535,65535,65535,65535,65535
1685495094,0,1,0,0,10433,45578,65466,65535,65535,65535,65535,65535,65535,65535,65535,65535,65535
1685495100,0,1,0,0,10425,45461,65332,65535,65535,65535,65535,65535,65535,65535,65535,65535,65535
1685495106,0,1,0,0,10420,45320,65159,65535,65535,65535,65535,65535,65535,65535,65535,65535,65535
1685495112,0,1,0,0,10410,45086,64920,65535,65535,65535,65535,65535,65535,65535,65535,65535,65535
1685495118,0,1,0,0,10400,44798,64559,65535,65535,65535,65535,65535,65535,65535,65535,65535,65535
1685495124,0,1,0,0,10344,44470,64135,65535,65535,65535,65535,65535,65535,65535,65535,65535,65535
1685495130,0,1,0,0,10325,44065,63645,65535,65535,65535,65535,65535,65535,65535,65535,65535,65535
1685495136,0,1,0,0,10304,43620,63034,65535,65535,65535,65535,65535,65535,65535,65535,65535,65535
1685495142,0,1,0,0,10244,43227,62473,65535,65535,65535,65535,65535,65535,65535,65535,65535,65535
1685495148,0,1,0,0,10231,42895,62042,65535,65535,65535,65535,65535,65535,65535,65535,65535,65535
1685495154,0,1,0,0,10220,42602,61658,65535,65535,65535,65535,65535,65535,65535,65535,65535,65535
1685495160,0,1,0,0,10205,42266,61175,65535,65535,65535,65535,65535,65535,65535,65535,65535,65535
1685495166,0,1,0,0,10201,42018,60881,65535,65535,65535,65535,65535,65535,65535,65535,65535,65535
1685495172,0,1,0,0,10154,41809,60601,65535,65535,65535,65535,65535,65535,65535,65535,65535,65535
1685495178,0,1,0,0,10200,41738,60527,65535,65535,65535,65535,65535,65535,65535,65535,65535,65535
1685495184,0,1,0,0,10212,41890,60750,65535,65535,65535,65535,65535,65535,65535,65535,65535,65535
1685495190,0,1,0,0,10235,42225,61227,65535,65535,65535,65535,65535,65535,65535,65535,65535,65535
1685495196,0,1,0,0,10303,42579,61799,65535,65535,65535,65535,65535,65535,65535,65535,65535,65535
1685495202,0,1,0,0,10334,42921,62325,65535,65535,65535,65535,65535,65535,65535,65535,65535,65535
1685495208,0,1,0,0,10404,43310,62947,65535,65535,65535,65535,65535,65535,65535,65535,65535,65535
1685495214,0,1,0,0,10440,43712,63561,65535,65535,65535,65535,65535,65535,65535,65535,65535,65535
1685495220,0,1,0,0,10515,44179,64277,65535,65535,65535,65535,65535,65535,65535,65535,65535,65535
1685495226,0,1,0,0,1223223,44739,65075,65535,65535,65535,65535,65535,65535,65535,65535,65535,65535
1685495232,0,1,0,0,1223223,45261,65535,65535,65535,65535,65535,65535,65535,65535,65535,65535,65535
1685495238,0,1,0,0,1223223,45719,65535,65535,65535,65535,65535,65535,65535,65535,65535,65535,65535
1685495244,0,1,0,0,1223223,46283,65535,65535,65535,65535,65535,65535,65535,65535,65535,65535,65535
1685495250,0,1,0,0,1223223,46626,65535,65535,65535,65535,65535,65535,65535,65535,65535,65535,65535
1685495256,0,1,0,0,1223223,47324,65535,65535,65535,65535,65535,65535,65535,65535,65535,65535,65535
1685495262,0,1,0,0,1223223,47844,65535,65535,65535,65535,65535,65535,65535,65535,65535,65535,65535
1685495268,0,1,0,0,1223223,48497,65535,65535,65535,65535,65535,65535,65535,65535,65535,65535,65535
1685495274,0,1,0,0,1223223,49176,65535,65535,65535,65535,65535,65535,65535,65535,65535,65535,65535
1685495280,0,1,0,0,1223223,49853,65535,65535,65535,65535,65535,65535,65535,65535,65535,65535,65535
1685495286,0,1,0,0,1223223,50461,65535,65535,65535,65535,65535,65535,65535,65535,65535,65535,65535
1685495292,0,1,0,0,1223223,50500,65535,65535,65535,65535,65535,65535,65535,65535,65535,65535,65535
1685495298,0,1,0,0,1223223,50741,65535,65535,65535,65535,65535,65535,65535,65535,65535,65535,65535
1685495304,0,1,0,0,1223223,51166,65535,65535,65535,65535,65535,65535,65535,65535,65535,65535,65535
1685495310,0,1,0,0,1223223,51571,65535,65535,65535,65535,65535,65535,65535,65535,65535,65535,65535
1685495316,0,1,0,0,1223223,51700,65535,65535,65535,65535,65535,65535,65535,65535,65535,65535,65535
1685495322,0,1,0,0,1223223,51668,65535,65535,65535,65535,65535,65535,65535,65535,65535,65535,65535
1685495328,0,1,0,0,1223223,51463,65535,65535,65535,65535,65535,65535,65535,65535,65535,65535,65535
1685495334,0,1,0,0,1223223,51190,65535,65535,65535,65535,65535,65535,65535,65535,65535,65535,65535
1685495340,0,1,0,0,1223223,51005,65535,65535,65535,65535,65535,65535,65535,65535,65535,65535,65535
1685495346,0,1,0,0,1223223,50760,65535,65535,65535,65535,65535,65535,65535,65535,65535,65535,65535
1685495352,0,1,0,0,1223223,50503,65535,65535,65535,65535,65535,65535,65535,65535,65535,65535,65535
1685495358,0,1,0,0,1223223,50501,65535,65535,65535,65535,65535,65535,65535,65535,65535,65535,65535
1685495364,0,1,0,0,1223223,50415,65535,65535,65535,65535,65535,65535,65535,65535,65535,65535,65535
1685495370,0,1,0,0,1223223,50500,65535,65535,65535,65535,65535,65535,65535,65535,65535,65535,65535
1685495376,0,1,0,0,1223223,50500,65535,65535,65535,65535,65535,65535,65535,65535,65535,65535,65535
1685495382,0,1,0,0,1223223,50442,65535,65535,65535,65535,65535,65535,65535,65535,65535,65535,65535
1685495388,0,1,0,0,1223223,50500,65535,65535,65535,65535,65535,65535,65535,65535,65535,65535,65535
1685495394,0,1,0,0,1223223,50649,65535,65535,65535,65535,65535,65535,65535,65535,65535,65535,65535
1685495400,0,1,0,0,1223223,50800,65535,65535,65535,65535,65535,65535,65535,65535,65535,65535,65535
1685495406,0,1,0,0,1223223,50916,65535,65535,65535,65535,65535,65535,65535,65535,65535,65535,65535
1685495412,0,1,0,0,1223223,50781,65535,65535,65535,65535,65535,65535,65535,65535,65535,65535,65535
1685495418,0,1,0,0,1223223,50580,65535,65535,65535,65535,65535,65535,65535,65535,65535,65535,65535
1685495424,0,1,0,0,1223223,50498,65535,65535,65535,65535,65535,65535,65535,65535,65535,65535,65535
1685495430,0,1,0,0,1223223,50500,65535,65535,65535,65535,65535,65535,65535,65535,65535,65535,65535
1685495436,0,1,0,0,1223223,50135,65535,65535,65535,65535,65535,65535,65535,65535,65535,65535,65535
1685495442,0,1,0,0,1223223,49493,65535,65535,65535,65535,65535,65535,65535,65535,65535,65535,65535
1685495448,0,1,0,0,1223223,49277,65535,65535,65535,65535,65535,65535,65535,65535,65535,65535,65535
1685495454,0,1,0,0,1223223,49335,65535,65535,65535,65535,65535,65535,65535,65535,65535,65535,65535
1685495460,0,1,0,0,1223223,49010,65535,65535,65535,65535,65535,65535,65535,65535,65535,65535,65535
1685495466,0,1,0,0,1223223,48624,65535,65535,65535,65535,65535,65535,65535,65535,65535,65535,65535
1685495472,0,1,0,0,1223223,48287,65535,65535,65535,65535,65535,65535,65535,65535,65535,65535,65535
1685495478,0,1,0,0,1223223,47821,65535,65535,65535,65535,65535,65535,65535,65535,65535,65535,65535
1685495484,0,1,0,0,1223223,47947,65535,65535,65535,65535,65535,65535,65535,65535,65535,65535,65535
1685495490,0,1,0,0,1223223,47603,65535,65535,65535,65535,65535,65535,65535,65535,65535,65535,65535
1685495496,0,1,0,0,1223223,47747,65535,65535,65535,65535,65535,65535,65535,65535,65535,65535,65535
1685495502,0,1,0,0,1223223,47728,65535,65535,65535,65535,65535,65535,65535,65535,65535,65535,65535
1685495508,0,1,0,0,1223223,47581,65535,65535,65535,65535,65535,65535,65535,65535,65535,65535,65535
1685495514,0,1,0,0,1223223,47313,65535,65535,65535,65535,65535,65535,65535,65535,65535,65535,65535
1685495520,0,1,0,0,1223223,46904,65535,65535,65535,65535,65535,65535,65535,65535,65535,65535,65535
1685495526,0,1,0,0,1223223,46519,65535,65535,65535,65535,65535,65535,65535,65535,65535,65535,65535
1685495532,0,1,0,0,1223223,46318,65535,65535,65535,65535,65535,65535,65535,65535,65535,65535,65535
1685495538,0,1,0,0,1223223,46208,65535,65535,65535,65535,65535,65535,65535,65535,65535,65535,65535
1685495544,0,1,0,0,1223223,46147,65535,65535,65535,65535,65535,65535,65535,65535,65535,65535,65535
1685495550,0,1,0,0,1223223,46171,65535,65535,65535,65535,65535,65535,65535,65535,65535,65535,65535
1685495556,0,1,0,0,1223223,46302,65535,65535,65535,65535,65535,65535,65535,65535,65535,65535,65535
1685495562,0,1,0,0,1223223,46522,65535,65535,65535,65535,65535,65535,65535,65535,65535,65535,65535
1685495568,0,1,0,0,1223223,46817,65535,65535,65535,65535,65535,65535,65535,65535,65535,65535,65535
1685495574,0,1,0,0,1223223,46973,65535,65535,65535,65535,65535,65535,65535,65535,65535,65535,65535
1685495580,0,1,0,0,1223223,47290,65535,65535,65535,65535,65535,65535,65535,65535,65535,65535,65535
1685495586,0,1,0,0,1223223,47624,65535,65535,65535,65535,65535,65535,65535,65535,65535,65535,65535
1685495592,0,1,0,0,1223223,47847,65535,65535,65535,65535,65535,65535,65535,65535,65535,65535,65535
1685495598,0,1,0,0,1223223,47947,65535,65535,65535,65535,65535,65535,65535,65535,65535,65535,65535
1685495604,0,1,0,0,1223223,48202,65535,65535,65535,65535,65535,65535,65535,65535,65535,65535,65535
1685495610,0,1,0,0,1223223,48459,65535,65535,65535,65535,65535,65535,65535,65535,65535,65535,65535
1685495616,0,1,0,0,1223223,48683,65535,65535,65535,65535,65535,65535,65535,65535,65535,65535,65535
1685495622,0,1,0,0,1223223,49037,65535,65535,65535,65535,65535,65535,65535,65535,65535,65535,65535
1685495628,0,1,0,0,1223223,49097,65535,65535,65535,65535,65535,65535,65535,65535,65535,65535,65535
1685495634,0,1,0,0,1223223,49161,65535,65535,65535,65535,65535,65535,65535,65535,65535,65535,65535
1685495640,0,1,0,0,1223223,49168,65535,65535,65535,65535,65535,65535,65535,65535,65535,65535,65535
1685495646,0,1,0,0,1223223,49096,65535,65535,65535,65535,65535,65535,65535,65535,65535,65535,65535
1685495652,0,1,0,0,1223223,49000,65535,65535,65535,65535,65535,65535,65535,65535,65535,65535,65535
1685495658,0,1,0,0,1223223,48729,65535,65535,65535,65535,65535,65535,65535,65535,65535,65535,65535
1685495664,0,1,0,0,1223223,49003,65535,65535,65535,65535,65535,65535,65535,65535,65535,65535,65535
1685495670,0,1,0,0,1223223,49068,65535,65535,65535,65535,65535,65535,65535,65535,65535,65535,65535
1685495676,0,1,0,0,1223223,49140,65535,65535,65535,65535,65535,65535,65535,65535,65535,65535,65535
1685495682,0,1,0,0,1223223,49202,65535,65535,65535,65535,65535,65535,65535,65535,65535,65535,65535
1685495688,0,1,0,0,1223223,49244,65535,65535,65535,65535,65535,65535,65535,65535,65535,65535,65535
1685495694,0,1,0,0,1223223,49273,65535,65535,65535,65535,65535,65535,65535,65535,65535,65535,65535
1685495700,0,1,0,0,1223223,49238,65535,65535,65535,65535,65535,65535,65535,65535,65535,65535,65535
1685495706,0,1,0,0,1223223,49004,65535,65535,65535,65535,65535,65535,65535,65535,65535,65535,65535
1685495712,0,1,0,0,1223223,49214,65535,65535,65535,65535,65535,65535,65535,65535,65535,65535,65535
1685495718,0,1,0,0,1223223,48963,65535,65535,65535,65535,65535,65535,65535,65535,65535,65535,65535
1685495724,0,1,0,0,1223223,49163,65535,65535,65535,65535,65535,65535,65535,65535,65535,65535,65535
1685495730,0,1,0,0,1223223,49197,65535,65535,65535,65535,65535,65535,65535,65535,65535,65535,65535
1685495736,0,1,0,0,1223223,49265,65535,65535,65535,65535,65535,65535,65535,65535,65535,65535,65535
1685495742,0,1,0,0,1223223,49385,65535,65535,65535,65535,65535,65535,65535,65535,65535,65535,65535
1685495748,0,1,0,0,1223223,49532,65535,65535,65535,65535,65535,65535,65535,65535,65535,65535,65535
1685495754,0,1,0,0,1223223,49708,65535,65535,65535,65535,65535,65535,65535,65535,65535,65535,65535
1685495760,0,1,0,0,1223223,49931,65535,65535,65535,65535,65535,65535,65535,65535,65535,65535,65535
1685495766,0,1,0,0,1223223,50228,65535,65535,65535,65535,65535,65535,65535,65535,65535,65535,65535
1685495772,0,1,0,0,1223223,50157,65535,65535,65535,65535,65535,65535,65535,65535,65535,65535,65535
1685495778,0,1,0,0,1223223,50480,65535,65535,65535,65535,65535,65535,65535,65535,65535,65535,65535
1685495784,0,1,0,0,1223223,50640,65535,65535,65535,65535,65535,65535,65535,65535,65535,65535,65535
1685495790,0,1,0,0,1223223,51014,65535,65535,65535,65535,65535,65535,65535,65535,65535,65535,65535
1685495796,0,1,0,0,1223223,51305,65535,65535,65535,65535,65535,65535,65535,65535,65535,65535,65535
1685495802,0,1,0,0,1223223,51531,65535,65535,65535,65535,65535,65535,65535,65535,65535,65535,65535
1685495808,0,1,0,0,1223223,51751,65535,65535,65535,65535,65535,65535,65535,65535,65535,65535,65535
1685495814,0,1,0,0,1223223,51721,65535,65535,65535,65535,65535,65535,65535,65535,65535,65535,65535
1685495820,0,1,0,0,1223223,51948,65535,65535,65535,65535,65535,65535,65535,65535,65535,65535,65535
1685495826,0,1,0,0,1223223,51999,65535,65535,65535,65535,65535,65535,65535,65535,65535,65535,65535
1685495832,0,1,0,0,1223223,51891,65535,65535,65535,65535,65535,65535,65535,65535,65535,65535,65535
1685495838,0,1,0,0,1223223,51955,65535,65535,65535,65535,65535,65535,65535,65535,65535,65535,65535
1685495844,0,1,0,0,1223223,51918,65535,65535,65535,65535,65535,65535,65535,65535,65535,65535,65535
1685495850,0,1,0,0,1223223,52085,65535,65535,65535,65535,65535,65535,65535,65535,65535,65535,65535
1685495856,0,1,0,0,1223223,52294,65535,65535,65535,65535,65535,65535,65535,65535,65535,65535,65535
1685495862,0,1,0,0,1223223,52825,65535,65535,65535,65535,65535,65535,65535,65535,65535,65535,65535
1685495868,0,1,0,0,1223223,53428,65535,65535,65535,65535,65535,65535,65535,65535,65535,65535,65535
1685495874,0,1,0,0,1223223,53603,65535,65535,65535,65535,65535,65535,65535,65535,65535,65535,65535
1685495880,0,1,0,0,1223223,54161,65535,65535,65535,65535,65535,65535,65535,65535,65535,65535,65535
1685495886,0,1,0,0,1223223,54651,65535,65535,65535,65535,65535,65535,65535,65535,65535,65535,65535
1685495892,0,1,0,0,1223223,54891,65535,65535,65535,65535,65535,65535,65535,65535,65535,65535,65535
1685495898,0,1,0,0,1223223,54952,65535,65535,65535,65535,65535,65535,65535,65535,65535,65535,65535
1685495904,0,1,0,0,1223223,54832,65535,65535,65535,65535,65535,65535,65535,65535,65535,65535,65535
1685495910,0,1,0,0,1223223,54652,65535,65535,65535,65535,65535,65535,65535,65535,65535,65535,65535
1685495916,0,1,0,0,1223223,54436,65535,65535,65535,65535,65535,65535,65535,65535,65535,65535,65535
1685495922,0,1,0,0,1223223,54204,65535,65535,65535,65535,65535,65535,65535,65535,65535,65535,65535
1685495928,0,1,0,0,1223223,53937,65535,65535,65535,65535,65535,65535,65535,65535,65535,65535,65535
1685495934,0,1,0,0,1223223,53622,65535,65535,65535,65535,65535,65535,65535,65535,65535,65535,65535
1685495940,0,1,0,0,1223223,53386,65535,65535,65535,65535,65535,65535,65535,65535,65535,65535,65535
1685495946,0,1,0,0,1223223,53584,65535,65535,65535,65535,65535,65535,65535,65535,65535,65535,65535
1685495952,0,1,0,0,1223223,52943,65535,65535,65535,65535,65535,65535,65535,65535,65535,65535,65535
1685495958,0,1,0,0,1223223,53040,65535,65535,65535,65535,65535,65535,65535,65535,65535,65535,65535
1685495964,0,1,0,0,1223223,52959,65535,65535,65535,65535,65535,65535,65535,65535,65535,65535,65535
1685495970,0,1,0,0,1223223,53006,65535,65535,65535,65535,65535,65535,65535,65535,65535,65535,65535
1685495976,0,1,0,0,1223223,53064,65535,65535,65535,65535,65535,65535,65535,65535,65535,65535,65535
1685495982,0,1,0,0,1223223,53351,65535,65535,65535,65535,65535,65535,65535,65535,65535,65535,65535
1685495988,0,1,0,0,1223223,53611,65535,65535,65535,65535,65535,65535,65535,65535,65535,65535,65535
1685495994,0,1,0,0,1223223,53853,65535,65535,65535,65535,65535,65535,65535,65535,65535,65535,65535
1685496000,0,1,0,0,1223223,53939,65535,65535,65535,65535,65535,65535,65535,65535,65535,65535,65535
1685496006,0,1,0,0,1223223,53490,65535,65535,65535,65535,65535,65535,65535,65535,65535,65535,65535
1685496012,0,1,0,0,1223223,53461,65535,65535,65535,65535,65535,65535,65535,65535,65535,65535,65535
1685496018,0,1,0,0,1223223,53829,65535,65535,65535,65535,65535,65535,65535,65535,65535,65535,65535
1685496024,0,1,0,0,1223223,53807,65535,65535,65535,65535,65535,65535,65535,65535,65535,65535,65535
1685496030,0,1,0,0,1223223,53770,65535,65535,65535,65535,65535,65535,65535,65535,65535,65535,65535
1685496036,0,1,0,0,1223223,53794,65535,65535,65535,65535,65535,65535,65535,65535,65535,65535,65535
1685496042,0,1,0,0,1223223,53815,65535,65535,65535,65535,65535,65535,65535,65535,65535,65535,65535
1685496048,0,1,0,0,1223223,53339,65535,65535,65535,65535,65535,65535,65535,65535,65535,65535,65535
1685496054,0,1,0,0,1223223,53563,65535,65535,65535,65535,65535,65535,65535,65535,65535,65535,65535
1685496060,0,1,0,0,1223223,53515,65535,65535,65535,65535,65535,65535,65535,65535,65535,65535,65535
1685496066,0,1,0,0,1223223,53366,65535,65535,65535,65535,65535,65535,65535,65535,65535,65535,65535
1685496072,0,1,0,0,1223223,52830,65535,65535,65535,65535,65535,65535,65535,65535,65535,65535,65535
1685496078,0,1,0,0,1223223,52625,65535,65535,65535,65535,65535,65535,65535,65535,65535,65535,65535
1685496084,0,1,0,0,1223223,52433,65535,65535,65535,65535,65535,65535,65535,65535,65535,65535,65535
1685496090,0,1,0,0,1223223,52388,65535,65535,65535,65535,65535,65535,65535,65535,65535,65535,65535
1685496096,0,1,0,0,1223223,51920,65535,65535,65535,65535,65535,65535,65535,65535,65535,65535,65535
1685496102,0,1,0,0,1223223,51656,65535,65535,65535,65535,65535,65535,65535,65535,65535,65535,65535
1685496108,0,1,0,0,1223223,51299,65535,65535,65535,65535,65535,65535,65535,65535,65535,65535,65535
1685496114,0,1,0,0,1223223,51039,65535,65535,65535,65535,65535,65535,65535,65535,65535,65535,65535
1685496120,0,1,0,0,1223223,50786,65535,65535,65535,65535,65535,65535,65535,65535,65535,65535,65535
1685496126,0,1,0,0,1223223,50656,65535,65535,65535,65535,65535,65535,65535,65535,65535,65535,65535
1685496132,0,1,0,0,1223223,50514,65535,65535,65535,65535,65535,65535,65535,65535,65535,65535,65535
1685496138,0,1,0,0,1223223,50623,65535,65535,65535,65535,65535,65535,65535,65535,65535,65535,65535
1685496144,0,1,0,0,1223223,50500,65535,65535,65535,65535,65535,65535,65535,65535,65535,65535,65535
1685496150,0,1,0,0,1223223,50406,65535,65535,65535,65535,65535,65535,65535,65535,65535,65535,65535
1685496156,0,1,0,0,1223223,50199,65535,65535,65535,65535,65535,65535,65535,65535,65535,65535,65535
1685496162,0,1,0,0,1223223,50468,65535,65535,65535,65535,65535,65535,65535,65535,65535,65535,65535
1685496168,0,1,0,0,1223223,50244,65535,65535,65535,65535,65535,65535,65535,65535,65535,65535,65535
1685496174,0,1,0,0,1223223,49745,65535,65535,65535,65535,65535,65535,65535,65535,65535,65535,65535
1685496180,0,1,0,0,1223223,49568,65535,65535,65535,65535,65535,65535,65535,65535,65535,65535,65535
1685496186,0,1,0,0,1223223,49351,65535,65535,65535,65535,65535,65535,65535,65535,65535,65535,65535
1685496192,0,1,0,0,1223223,49143,65535,65535,65535,65535,65535,65535,65535,65535,65535,65535,65535
1685496198,0,1,0,0,1223223,49033,65535,65535,65535,65535,65535,65535,65535,65535,65535,65535,65535
1685496204,0,1,0,0,1223223,48989,65535,65535,65535,65535,65535,65535,65535,65535,65535,65535,65535
1685496210,0,1,0,0,1223223,49252,65535,65535,65535,65535,65535,65535,65535,65535,65535,65535,65535
1685496216,0,1,0,0,1223223,49117,65535,65535,65535,65535,65535,65535,65535,65535,65535,65535,65535
1685496222,0,1,0,0,1223223,49472,65535,65535,65535,65535,65535,65535,65535,65535,65535,65535,65535
1685496228,0,1,0,0,1223223,49282,65535,65535,65535,65535,65535,65535,65535,65535,65535,65535,65535
1685496234,0,1,0,0,1223223,49552,65535,65535,65535,65535,65535,65535,65535,65535,65535,65535,65535
1685496240,0,1,0,0,1223223,49209,65535,65535,65535,65535,65535,65535,65535,65535,65535,65535,65535
1685496246,0,1,0,0,1223223,49325,65535,65535,65535,65535,65535,65535,65535,65535,65535,65535,65535
1685496252,0,1,0,0,1223223,49081,65535,65535,65535,65535,65535,65535,65535,65535,65535,65535,65535
1685496258,0,1,0,0,1223223,48442,65535,65535,65535,65535,65535,65535,65535,65535,65535,65535,65535
1685496264,0,1,0,0,1223223,48062,65535,65535,65535,65535,65535,65535,65535,65535,65535,65535,65535
1685496270,0,1,0,0,1223223,47927,65535,65535,65535,65535,65535,65535,65535,65535,65535,65535,65535
1685496276,0,1,0,0,1223223,47455,65535,65535,65535,65535,65535,65535,65535,65535,65535,65535,65535
1685496282,0,1,0,0,1223223,46726,65535,65535,65535,65535,65535,65535,65535,65535,65535,65535,65535
1685496288,0,1,0,0,1223223,46436,65535,65535,65535,65535,65535,65535,65535,65535,65535,65535,65535
1685496294,0,1,0,0,10551,46040,65535,65535,65535,65535,65535,65535,65535,65535,65535,65535,65535
1685496300,0,1,0,0,10531,45646,65535,65535,65535,65535,65535,65535,65535,65535,65535,65535,65535
1685496306,0,1,0,0,10513,45324,65535,65535,65535,65535,65535,65535,65535,65535,65535,65535,65535
1685496312,0,1,0,0,10501,45082,65535,65535,65535,65535,65535,65535,65535,65535,65535,65535,65535
1685496318,0,1,0,0,10443,44842,65213,65535,65535,65535,65535,65535,65535,65535,65535,65535,65535
1685496324,0,1,0,0,10431,44644,64935,65535,65535,65535,65535,65535,65535,65535,65535,65535,65535
1685496330,0,1,0,0,10423,44463,64644,65535,65535,65535,65535,65535,65535,65535,65535,65535,65535
1685496336,0,1,0,0,10413,44274,64349,65535,65535,65535,65535,65535,65535,65535,65535,65535,65535
1685496342,0,1,0,0,10405,44105,64060,65535,65535,65535,65535,65535,65535,65535,65535,65535,65535
1685496348,0,1,0,0,10400,43941,63801,65535,65535,65535,65535,65535,65535,65535,65535,65535,65535
1685496354,0,1,0,0,10345,43803,63583,65535,65535,65535,65535,65535,65535,65535,65535,65535,65535
1685496360,0,1,0,0,10333,43537,63185,65535,65535,65535,65535,65535,65535,65535,65535,65535,65535
1685496366,0,1,0,0,10315,43207,62706,65535,65535,65535,65535,65535,65535,65535,65535,65535,65535
1685496372,0,1,0,0,10253,42903,62242,65535,65535,65535,65535,65535,65535,65535,65535,65535,65535
1685496378,0,1,0,0,10230,42499,61654,65535,65535,65535,65535,65535,65535,65535,65535,65535,65535
1685496384,0,1,0,0,10201,42034,60943,65535,65535,65535,65535,65535,65535,65535,65535,65535,65535
1685496390,0,1,0,0,10135,41639,60384,65535,65535,65535,65535,65535,65535,65535,65535,65535,65535
1685496396,0,1,0,0,10113,41249,59823,65535,65535,65535,65535,65535,65535,65535,65535,65535,65535
1685496402,0,1,0,0,10053,40926,59390,65535,65535,65535,65535,65535,65535,65535,65535,65535,65535
1685496408,0,1,0,0,10041,40674,59036,65535,65535,65535,65535,65535,65535,65535,65535,65535,65535
1685496414,0,1,0,0,10031,40473,58660,65535,65535,65535,65535,65535,65535,65535,65535,65535,65535
1685496420,0,1,0,0,10021,40332,58409,65535,65535,65535,65535,65535,65535,65535,65535,65535,65535
1685496426,0,1,0,0,10011,40076,58038,65535,65535,65535,65535,65535,65535,65535,65535,65535,65535
1685496432,0,1,0,0,10003,39852,57692,65535,65535,65535,65535,65535,65535,65535,65535,65535,65535
1685496438,0,1,0,0,10000,39712,57471,65535,65535,65535,65535,65535,65535,65535,65535,65535,65535
1685496444,0,1,0,0,5554,39577,57282,65535,65535,65535,65535,65535,65535,65535,65535,65535,65535
1685496450,0,1,0,0,5552,39439,57095,65535,65535,65535,65535,65535,65535,65535,65535,65535,65535
1685496456,0,1,0,0,5551,39325,56924,65535,65535,65535,65535,65535,65535,65535,65535,65535,65535
1685496462,0,1,0,0,5552,39268,56904,65535,65535,65535,65535,65535,65535,65535,65535,65535,65535
1685496468,0,1,0,0,5550,39127,56715,65535,65535,65535,65535,65535,65535,65535,65535,65535,65535
1685496474,0,1,0,0,5545,39010,56545,65535,65535,65535,65535,65535,65535,65535,65535,65535,65535
1685496480,0,1,0,0,5551,38972,56478,65535,65535,65535,65535,65535,65535,65535,65535,65535,65535
1685496486,0,1,0,0,5553,38887,56327,65535,65535,65535,65535,65535,65535,65535,65535,65535,65535
1685496492,0,1,0,0,5551,38752,56082,65535,65535,65535,65535,65535,65535,65535,65535,65535,65535
1685496498,0,1,0,0,5542,38667,55887,65535,65535,65535,65535,65535,65535,65535,65535,65535,65535
1685496504,0,1,0,0,5540,38686,55867,65535,65535,65535,65535,65535,65535,65535,65535,65535,65535
1685496510,0,1,0,0,5540,38712,55840,65535,65535,65535,65535,65535,65535,65535,65535,65535,65535
1685496516,0,1,0,0,5545,38824,55992,65535,65535,65535,65535,65535,65535,65535,65535,65535,65535
1685496522,0,1,0,0,10000,38958,56187,65535,65535,65535,65535,65535,65535,65535,65535,65535,65535
1685496528,0,1,0,0,10013,39161,56492,65535,65535,65535,65535,65535,65535,65535,65535,65535,65535
1685496534,0,1,0,0,10032,39375,56781,65535,65535,65535,65535,65535,65535,65535,65535,65535,65535
1685496540,0,1,0,0,10051,39571,57030,65535,65535,65535,65535,65535,65535,65535,65535,65535,65535
1685496546,0,1,0,0,10104,39761,57310,65535,65535,65535,65535,65535,65535,65535,65535,65535,65535
1685496552,0,1,0,0,10123,40043,57679,65535,65535,65535,65535,65535,65535,65535,65535,65535,65535
1685496558,0,1,0,0,10140,40246,57949,65535,65535,65535,65535,65535,65535,65535,65535,65535,65535
1685496564,0,1,0,0,10151,40441,58217,65535,65535,65535,65535,65535,65535,65535,65535,65535,65535
1685496570,0,1,0,0,10202,40563,58413,65535,65535,65535,65535,65535,65535,65535,65535,65535,65535
1685496576,0,1,0,0,10211,40710,58576,65535,65535,65535,65535,65535,65535,65535,65535,65535,65535
1685496582,0,1,0,0,10213,40856,58711,65535,65535,65535,65535,65535,65535,65535,65535,65535,65535
1685496588,0,1,0,0,10213,40936,58765,65535,65535,65535,65535,65535,65535,65535,65535,65535,65535
1685496594,0,1,0,0,10212,40993,58805,65535,65535,65535,65535,65535,65535,65535,65535,65535,65535
1685496600,0,1,0,0,10210,40975,58718,65535,65535,65535,65535,65535,65535,65535,65535,65535,65535
1685496606,0,1,0,0,10210,40950,58639,65535,65535,65535,65535,65535,65535,65535,65535,65535,65535
1685496612,0,1,0,0,10205,40898,58519,65535,65535,65535,65535,65535,65535,65535,65535,65535,65535
1685496618,0,1,0,0,10202,40841,58437,65535,65535,65535,65535,65535,65535,65535,65535,65535,65535
1685496624,0,1,0,0,10154,40781,58350,65535,65535,65535,65535,65535,65535,65535,65535,65535,65535
1685496630,0,1,0,0,10152,40774,58331,65535,65535,65535,65535,65535,65535,65535,65535,65535,65535
1685496636,0,1,0,0,10150,40705,58266,65535,65535,65535,65535,65535,65535,65535,65535,65535,65535
1685496642,0,1,0,0,10144,40684,58243,65535,65535,65535,65535,65535,65535,65535,65535,65535,65535
1685496648,0,1,0,0,10142,40604,58162,65535,65535,65535,65535,65535,65535,65535,65535,65535,65535
1685496654,0,1,0,0,10135,40558,58144,65535,65535,65535,65535,65535,65535,65535,65535,65535,65535
1685496660,0,1,0,0,10132,40545,58127,65535,65535,65535,65535,65535,65535,65535,65535,65535,65535
1685496666,0,1,0,0,10123,40441,57956,65535,65535,65535,65535,65535,65535,65535,65535,65535,65535
1685496672,0,1,0,0,10112,40190,57633,65535,65535,65535,65535,65535,65535,65535,65535,65535,65535
1685496678,0,1,0,0,10103,40018,57436,65535,65535,65535,65535,65535,65535,65535,65535,65535,65535
1685496684,0,1,0,0,10055,39876,57308,65535,65535,65535,65535,65535,65535,65535,65535,65535,65535
1685496690,0,1,0,0,10052,39699,57138,65535,65535,65535,65535,65535,65535,65535,65535,65535,65535
1685496696,0,1,0,0,10050,39610,57068,65535,65535,65535,65535,65535,65535,65535,65535,65535,65535
1685496702,0,1,0,0,10055,39667,57223,65535,65535,65535,65535,65535,65535,65535,65535,65535,65535
1685496708,0,1,0,0,10104,39726,57373,65535,65535,65535,65535,65535,65535,65535,65535,65535,65535
1685496714,0,1,0,0,10110,39642,57297,65535,65535,65535,65535,65535,65535,65535,65535,65535,65535
1685496720,0,1,0,0,10105,39484,57117,65535,65535,65535,65535,65535,65535,65535,65535,65535,65535
1685496726,0,1,0,0,10110,39418,57031,65535,65535,65535,65535,65535,65535,65535,65535,65535,65535
1685496732,0,1,0,0,10111,39374,56984,65535,65535,65535,65535,65535,65535,65535,65535,65535,65535
1685496738,0,1,0,0,10113,39332,56954,65535,65535,65535,65535,65535,65535,65535,65535,65535,65535
1685496744,0,1,0,0,10120,39312,56940,65535,65535,65535,65535,65535,65535,65535,65535,65535,65535
1685496750,0,1,0,0,10125,39369,57038,65535,65535,65535,65535,65535,65535,65535,65535,65535,65535
1685496756,0,1,0,0,10134,39406,57114,65535,65535,65535,65535,65535,65535,65535,65535,65535,65535
1685496762,0,1,0,0,10142,39496,57216,65535,65535,65535,65535,65535,65535,65535,65535,65535,65535
1685496768,0,1,0,0,10150,39554,57325,65535,65535,65535,65535,65535,65535,65535,65535,65535,65535
1685496774,0,1,0,0,10152,39607,57423,65535,65535,65535,65535,65535,65535,65535,65535,65535,65535
1685496780,0,1,0,0,10153,39631,57464,65535,65535,65535,65535,65535,65535,65535,65535,65535,65535
1685496786,0,1,0,0,10151,39663,57511,65535,65535,65535,65535,65535,65535,65535,65535,65535,65535
1685496792,0,1,0,0,10143,39611,57459,65535,65535,65535,65535,65535,65535,65535,65535,65535,65535
1685496798,0,1,0,0,10135,39580,57432,65535,65535,65535,65535,65535,65535,65535,65535,65535,65535
1685496804,0,1,0,0,10133,39586,57471,65535,65535,65535,65535,65535,65535,65535,65535,65535,65535
1685496810,0,1,0,0,10130,39608,57538,65535,65535,65535,65535,65535,65535,65535,65535,65535,65535
1685496816,0,1,0,0,10124,39657,57644,65535,65535,65535,65535,65535,65535,65535,65535,65535,65535
1685496822,0,1,0,0,10130,39894,58023,65535,65535,65535,65535,65535,65535,65535,65535,65535,65535
1685496828,0,1,0,0,10132,40094,58349,65535,65535,65535,65535,65535,65535,65535,65535,65535,65535
1685496834,0,1,0,0,10141,40374,58793,65535,65535,65535,65535,65535,65535,65535,65535,65535,65535
1685496840,0,1,0,0,10152,40575,59218,65535,65535,65535,65535,65535,65535,65535,65535,65535,65535
1685496846,0,1,0,0,10201,40729,59468,65535,65535,65535,65535,65535,65535,65535,65535,65535,65535
1685496852,0,1,0,0,10200,40703,59425,65535,65535,65535,65535,65535,65535,65535,65535,65535,65535
1685496858,0,1,0,0,10153,40568,59205,65535,65535,65535,65535,65535,65535,65535,65535,65535,65535
1685496864,0,1,0,0,10141,40403,58860,65535,65535,65535,65535,65535,65535,65535,65535,65535,65535
1685496870,0,1,0,0,10122,40053,58350,65535,65535,65535,65535,65535,65535,65535,65535,65535,65535
1685496876,0,1,0,0,10103,39704,57852,65535,65535,65535,65535,65535,65535,65535,65535,65535,65535
1685496882,0,1,0,0,10041,39276,57201,65535,65535,65535,65535,65535,65535,65535,65535,65535,65535
1685496888,0,1,0,0,10014,38916,56656,65535,65535,65535,65535,65535,65535,65535,65535,65535,65535
1685496894,0,1,0,0,5545,38561,56169,65535,65535,65535,65535,65535,65535,65535,65535,65535,65535
1685496900,0,1,0,0,5531,38375,55848,65535,65535,65535,65535,65535,65535,65535,65535,65535,65535
1685496906,0,1,0,0,5515,38236,55654,65535,65535,65535,65535,65535,65535,65535,65535,65535,65535
1685496912,0,1,0,0,5502,38059,55425,65535,65535,65535,65535,65535,65535,65535,65535,65535,65535
1685496918,0,1,0,0,5452,38062,55498,65535,65535,65535,65535,65535,65535,65535,65535,65535,65535
1685496924,0,1,0,0,5442,38084,55584,65535,65535,65535,65535,65535,65535,65535,65535,65535,65535
1685496930,0,1,0,0,5434,38058,55611,65535,65535,65535,65535,65535,65535,65535,65535,65535,65535
1685496936,0,1,0,0,5425,38050,55585,65535,65535,65535,65535,65535,65535,65535,65535,65535,65535
1685496942,0,1,0,0,5421,38018,55548,65535,65535,65535,65535,65535,65535,65535,65535,65535,65535
1685496948,0,1,0,0,5413,37974,55468,65535,65535,65535,65535,65535,65535,65535,65535,65535,65535
1685496954,0,1,0,0,5405,37926,55334,65535,65535,65535,65535,65535,65535,65535,65535,65535,65535
1685496960,0,1,0,0,5355,37862,55208,65535,65535,65535,65535,65535,65535,65535,65535,65535,65535
1685496966,0,1,0,0,5344,37692,54944,65535,65535,65535,65535,65535,65535,65535,65535,65535,65535
1685496972,0,1,0,0,5325,37582,54781,65535,65535,65535,65535,65535,65535,65535,65535,65535,65535
1685496978,0,1,0,0,5313,37472,54660,65535,65535,65535,65535,65535,65535,65535,65535,65535,65535
1685496984,0,1,0,0,5304,37498,54669,65535,65535,65535,65535,65535,65535,65535,65535,65535,65535
1685496990,0,1,0,0,5304,37570,54770,65535,65535,65535,65535,65535,65535,65535,65535,65535,65535
1685496996,0,1,0,0,5305,37598,54830,65535,65535,65535,65535,65535,65535,65535,65535,65535,65535
1685497002,0,1,0,0,5304,37575,54801,65535,65535,65535,65535,65535,65535,65535,65535,65535,65535
1685497008,0,1,0,0,5310,37659,54922,65535,65535,65535,65535,65535,65535,65535,65535,65535,65535
1685497014,0,1,0,0,5311,37666,54939,65535,65535,65535,65535,65535,65535,65535,65535,65535,65535
1685497020,0,1,0,0,5305,37678,54955,65535,65535,65535,65535,65535,65535,65535,65535,65535,65535
1685497026,0,1,0,0,5305,37664,54952,65535,65535,65535,65535,65535,65535,65535,65535,65535,65535
1685497032,0,1,0,0,5304,37646,54954,65535,65535,65535,65535,65535,65535,65535,65535,65535,65535
1685497038,0,1,0,0,5302,37685,55009,65535,65535,65535,65535,65535,65535,65535,65535,65535,65535
1685497044,0,1,0,0,5300,37688,55012,65535,65535,65535,65535,65535,65535,65535,65535,65535,65535
1685497050,0,1,0,0,5254,37684,54990,65535,65535,65535,65535,65535,65535,65535,65535,65535,65535
1685497056,0,1,0,0,5254,37741,55080,65535,65535,65535,65535,65535,65535,65535,65535,65535,65535
1685497062,0,1,0,0,5302,37896,55340,65535,65535,65535,65535,65535,65535,65535,65535,65535,65535
1685497068,0,1,0,0,5313,38083,55669,65535,65535,65535,65535,65535,65535,65535,65535,65535,65535
1685497074,0,1,0,0,5323,38217,55927,65535,65535,65535,65535,65535,65535,65535,65535,65535,65535
1685497080,0,1,0,0,5330,38252,56018,65535,65535,65535,65535,65535,65535,65535,65535,65535,65535
1685497086,0,1,0,0,5334,38300,56109,65535,65535,65535,65535,65535,65535,65535,65535,65535,65535
1685497092,0,1,0,0,5341,38364,56196,65535,65535,65535,65535,65535,65535,65535,65535,65535,65535
1685497098,0,1,0,0,5340,38302,56138,65535,65535,65535,65535,65535,65535,65535,65535,65535,65535
1685497104,0,1,0,0,5332,38180,55940,65535,65535,65535,65535,65535,65535,65535,65535,65535,65535
1685497110,0,1,0,0,5324,37971,55608,65535,65535,65535,65535,65535,65535,65535,65535,65535,65535
1685497116,0,1,0,0,5315,37826,55368,65535,65535,65535,65535,65535,65535,65535,65535,65535,65535
1685497122,0,1,0,0,5305,37650,55076,65535,65535,65535,65535,65535,65535,65535,65535,65535,65535
1685497128,0,1,0,0,5252,37460,54751,65535,65535,65535,65535,65535,65535,65535,65535,65535,65535
1685497134,0,1,0,0,5240,37347,54548,65535,65535,65535,65535,65535,65535,65535,65535,65535,65535
1685497140,0,1,0,0,5230,37251,54401,65535,65535,65535,65535,65535,65535,65535,65535,65535,65535
1685497146,0,1,0,0,5222,37231,54314,65535,65535,65535,65535,65535,65535,65535,65535,65535,65535
1685497152,0,1,0,0,5215,37178,54240,65535,65535,65535,65535,65535,65535,65535,65535,65535,65535
1685497158,0,1,0,0,5215,37146,54178,65535,65535,65535,65535,65535,65535,65535,65535,65535,65535
1685497164,0,1,0,0,5214,37217,54281,65535,65535,65535,65535,65535,65535,65535,65535,65535,65535
1685497170,0,1,0,0,5213,37262,54351,65535,65535,65535,65535,65535,65535,65535,65535,65535,65535
1685497176,0,1,0,0,5210,37303,54403,65535,65535,65535,65535,65535,65535,65535,65535,65535,65535
1685497182,0,1,0,0,5201,37257,54316,65535,65535,65535,65535,65535,65535,65535,65535,65535,65535
1685497188,0,1,0,0,5154,37184,54228,65535,65535,65535,65535,65535,65535,65535,65535,65535,65535
1685497194,0,1,0,0,5152,37133,54163,65535,65535,65535,65535,65535,65535,65535,65535,65535,65535
1685497200,0,1,0,0,5145,37031,54039,65535,65535,65535,65535,65535,65535,65535,65535,65535,65535
1685497206,0,1,0,0,5142,36898,53874,65535,65535,65535,65535,65535,65535,65535,65535,65535,65535
1685497212,0,1,0,0,5141,36788,53744,65535,65535,65535,65535,65535,65535,65535,65535,65535,65535
1685497218,0,1,0,0,5143,36759,53710,65535,65535,65535,65535,65535,65535,65535,65535,65535,65535
1685497224,0,1,0,0,5032,34493,49962,63797,65535,65535,65535,65535,65535,65535,65535,65535,65535
1685497230,0,1,0,0,5143,36465,53376,65535,65535,65535,65535,65535,65535,65535,65535,65535,65535
1685497236,0,1,0,0,5151,36433,53357,65535,65535,65535,65535,65535,65535,65535,65535,65535,65535
1685497242,0,1,0,0,5152,36398,53312,65535,65535,65535,65535,65535,65535,65535,65535,65535,65535
1685497248,0,1,0,0,5151,36353,53239,65535,65535,65535,65535,65535,65535,65535,65535,65535,65535
1685497254,0,1,0,0,5150,36257,53056,65535,65535,65535,65535,65535,65535,65535,65535,65535,65535
1685497260,0,1,0,0,5141,36083,52724,65535,65535,65535,65535,65535,65535,65535,65535,65535,65535
1685497266,0,1,0,0,5125,35795,52257,65535,65535,65535,65535,65535,65535,65535,65535,65535,65535
1685497272,0,1,0,0,5123,35639,51965,65535,65535,65535,65535,65535,65535,65535,65535,65535,65535
1685497278,0,1,0,0,5124,35541,51761,65535,65535,65535,65535,65535,65535,65535,65535,65535,65535
1685497284,0,1,0,0,5130,35440,51544,65535,65535,65535,65535,65535,65535,65535,65535,65535,65535
1685497290,0,1,0,0,5131,35310,51318,65331,65535,65535,65535,65535,65535,65535,65535,65535,65535
1685497296,0,1,0,0,5132,35110,50971,64876,65535,65535,65535,65535,65535,65535,65535,65535,65535
1685497302,0,1,0,0,5130,34853,50510,64335,65535,65535,65535,65535,65535,65535,65535,65535,65535
1685497308,0,1,0,0,5121,34582,50205,63732,65535,65535,65535,65535,65535,65535,65535,65535,65535
1685497314,0,1,0,0,5112,34316,49762,63160,65535,65535,65535,65535,65535,65535,65535,65535,65535
1685497320,0,1,0,0,5101,34055,49352,62574,65535,65535,65535,65535,65535,65535,65535,65535,65535
1685497326,0,1,0,0,5050,33781,48945,62049,65535,65535,65535,65535,65535,65535,65535,65535,65535
1685497332,0,1,0,0,5031,33534,48444,61370,65535,65535,65535,65535,65535,65535,65535,65535,65535
1685497338,0,1,0,0,5010,33124,47875,60588,65535,65535,65535,65535,65535,65535,65535,65535,65535
1685497344,0,1,0,0,4552,32818,47406,59943,65535,65535,65535,65535,65535,65535,65535,65535,65535
1685497350,0,1,0,0,4535,32546,46997,59411,65535,65535,65535,65535,65535,65535,65535,65535,65535
1685497356,0,1,0,0,4523,32299,46633,58905,65535,65535,65535,65535,65535,65535,65535,65535,65535
1685497362,0,1,0,0,4512,32133,46424,58603,65535,65535,65535,65535,65535,65535,65535,65535,65535
1685497368,0,1,0,0,4502,31978,46204,58329,65535,65535,65535,65535,65535,65535,65535,65535,65535
1685497374,0,1,0,0,4455,31952,46209,58318,65535,65535,65535,65535,65535,65535,65535,65535,65535
1685497380,0,1,0,0,4501,31989,46287,58440,65535,65535,65535,65535,65535,65535,65535,65535,65535
1685497386,0,1,0,0,4505,32044,46456,58678,65535,65535,65535,65535,65535,65535,65535,65535,65535
1685497392,0,1,0,0,4520,32139,46683,58982,65535,65535,65535,65535,65535,65535,65535,65535,65535
1685497398,0,1,0,0,4531,32252,46884,59267,65535,65535,65535,65535,65535,65535,65535,65535,65535
1685497404,0,1,0,0,4534,32228,46879,59274,65535,65535,65535,65535,65535,65535,65535,65535,65535
1685497410,0,1,0,0,4540,32237,46904,59320,65535,65535,65535,65535,65535,65535,65535,65535,65535
1685497416,0,1,0,0,4541,32211,46894,59314,65535,65535,65535,65535,65535,65535,65535,65535,65535
1685497422,0,1,0,0,4542,32198,46832,59207,65535,65535,65535,65535,65535,65535,65535,65535,65535
1685497428,0,1,0,0,4550,32191,46810,59164,65535,65535,65535,65535,65535,65535,65535,65535,65535
1685497434,0,1,0,0,4550,32097,46631,58906,65535,65535,65535,65535,65535,65535,65535,65535,65535
1685497440,0,1,0,0,4543,31959,46381,58564,65535,65535,65535,65535,65535,65535,65535,65535,65535
1685497446,0,1,0,0,4542,31865,46202,58335,65535,65535,65535,65535,65535,65535,65535,65535,65535
1685497452,0,1,0,0,4540,31805,46056,58159,65535,65535,65535,65535,65535,65535,65535,65535,65535
1685497458,0,1,0,0,4540,31725,45925,57977,65535,65535,65535,65535,65535,65535,65535,65535,65535
1685497464,0,1,0,0,4541,31670,45819,57859,65535,65535,65535,65535,65535,65535,65535,65535,65535
1685497470,0,1,0,0,4543,31678,45864,57891,65535,65535,65535,65535,65535,65535,65535,65535,65535
1685497476,0,1,0,0,4545,31658,45851,57877,65535,65535,65535,65535,65535,65535,65535,65535,65535
1685497482,0,1,0,0,4542,31603,45757,57701,65535,65535,65535,65535,65535,65535,65535,65535,65535
1685497488,0,1,0,0,4533,31457,45534,57442,65535,65535,65535,65535,65535,65535,65535,65535,65535
1685497494,0,1,0,0,4522,31309,45323,57142,65535,65535,65535,65486,65535,65535,65535,65535,65535
1685497500,0,1,0,0,4512,31207,45143,56883,65535,65535,65535,65125,65535,65535,65535,65535,65535
1685497506,0,1,0,0,4504,31225,45121,56851,65535,65535,65535,65096,65535,65535,65535,65535,65535
1685497512,0,1,0,0,4500,31227,45071,56853,65535,65535,65535,64983,65535,65535,65535,65535,65535
1685497518,0,1,0,0,4452,31241,45065,56829,65535,65535,65535,64996,65535,65535,65535,65535,65535
1685497524,0,1,0,0,4445,31250,45109,56884,65535,65535,65535,65019,65535,65535,65535,65535,65535
1685497530,0,1,0,0,4444,31307,45162,56994,65535,65535,65535,65108,65535,65535,65535,65535,65535
1685497536,0,1,0,0,4444,31426,45354,57263,65535,65535,65535,65464,65535,65535,65535,65535,65535
1685497542,0,1,0,0,4445,31516,45513,57481,65535,65535,65535,65535,65535,65535,65535,65535,65535
1685497548,0,1,0,0,4443,31556,45552,57559,65535,65535,65535,65535,65535,65535,65535,65535,65535
1685497554,0,1,0,0,4442,31625,45672,57770,65535,65535,65535,65535,65535,65535,65535,65535,65535
1685497560,0,1,0,0,4445,31836,46016,58245,65535,65535,65535,65535,65535,65535,65535,65535,65535
1685497566,0,1,0,0,4453,32052,46361,58756,65535,65535,65535,65535,65535,65535,65535,65535,65535
1685497572,0,1,0,0,4510,32383,46876,59448,65535,65535,65535,65535,65535,65535,65535,65535,65535
1685497578,0,1,0,0,4521,32674,47314,60066,65535,65535,65535,65535,65535,65535,65535,65535,65535
1685497584,0,1,0,0,4534,32875,47647,60539,65535,65535,65535,65535,65535,65535,65535,65535,65535
1685497590,0,1,0,0,4544,32975,47812,60793,65535,65535,65535,65535,65535,65535,65535,65535,65535
1685497596,0,1,0,0,4543,32867,47681,60614,65535,65535,65535,65535,65535,65535,65535,65535,65535
1685497602,0,1,0,0,4541,32764,47506,60387,65535,65535,65535,65535,65535,65535,65535,65535,65535
1685497608,0,1,0,0,4534,32605,47278,60078,65535,65535,65535,65535,65535,65535,65535,65535,65535
1685497614,0,1,0,0,4525,32387,46976,59648,65535,65535,65535,65535,65535,65535,65535,65535,65535
1685497620,0,1,0,0,4521,32218,46706,59257,65535,65535,65535,65535,65535,65535,65535,65535,65535
1685497626,0,1,0,0,4511,32015,46390,58832,65535,65535,65535,65535,65535,65535,65535,65535,65535
1685497632,0,1,0,0,4501,31852,46164,58553,65535,65535,65535,65535,65535,65535,65535,65535,65535
1685497638,0,1,0,0,4455,31750,46030,58312,65535,65535,65535,65535,65535,65535,65535,65535,65535
1685497644,0,1,0,0,4453,31708,45983,58248,65535,65535,65535,65535,65535,65535,65535,65535,65535
1685497650,0,1,0,0,4453,31747,46034,58321,65535,65535,65535,65535,65535,65535,65535,65535,65535
1685497656,0,1,0,0,4454,31823,46152,58497,65535,65535,65535,65535,65535,65535,65535,65535,65535
1685497662,0,1,0,0,4501,31956,46349,58760,65535,65535,65535,65535,65535,65535,65535,65535,65535
1685497668,0,1,0,0,4503,31949,46393,58813,65535,65535,65535,65535,65535,65535,65535,65535,65535
1685497674,0,1,0,0,4501,31872,46292,58693,65535,65535,65535,65535,65535,65535,65535,65535,65535
1685497680,0,1,0,0,4453,31748,46118,58438,65535,65535,65535,65535,65535,65535,65535,65535,65535
1685497686,0,1,0,0,4445,31609,45908,58127,65535,65535,65535,65535,65535,65535,65535,65535,65535
1685497692,0,1,0,0,4440,31492,45742,57894,65535,65535,65535,65535,65535,65535,65535,65535,65535
1685497698,0,1,0,0,4433,31360,45547,57640,65535,65535,65535,65535,65535,65535,65535,65535,65535
1685497704,0,1,0,0,4431,31271,45429,57467,65535,65535,65535,65535,65535,65535,65535,65535,65535
1685497710,0,1,0,0,4430,31237,45386,57430,65535,65535,65535,65535,65535,65535,65535,65535,65535
1685497716,0,1,0,0,4425,31214,45333,57324,65535,65535,65535,65535,65535,65535,65535,65535,65535
1685497722,0,1,0,0,4424,31171,45277,57234,65535,65535,65535,65535,65535,65535,65535,65535,65535
1685497728,0,1,0,0,4421,31116,45165,57098,65535,65535,65535,65434,65535,65535,65535,65535,65535
1685497734,0,1,0,0,4414,31028,45013,56865,65496,65535,65535,65123,65535,65535,65535,65535,65535
1685497740,0,1,0,0,4411,30892,44788,56572,65183,65535,65535,64767,65535,65535,65535,65535,65535
1685497746,0,1,0,0,4403,30764,44599,56309,64881,65535,65535,64430,65173,65535,65535,65535,65535
1685497752,0,1,0,0,4355,30605,44345,55967,64466,65535,65535,63913,64654,65535,65535,65535,65535
1685497758,0,1,0,0,4352,30453,44087,55607,64041,65535,65535,63398,64121,65535,65535,65535,65535
1685497764,0,1,0,0,4344,30335,43922,55439,63720,65535,65535,63092,63789,65535,65535,65535,65535
1685497770,0,1,0,0,4334,30246,43797,55269,63505,65535,65535,62928,63582,65535,65535,65535,65535
1685497776,0,1,0,0,4324,30120,43640,55076,63208,65535,65535,62637,63250,65535,65535,65535,65535
1685497782,0,1,0,0,4314,30044,43528,54929,63013,65535,65535,62430,63001,65535,65535,65535,65535
1685497788,0,1,0,0,4304,29994,43458,54816,62898,65535,65535,62382,62935,65535,65535,65535,65535
1685497794,0,1,0,0,4253,29951,43410,54777,62831,65535,65535,62331,62862,65535,65535,65535,65535
1685497800,0,1,0,0,4244,29927,43398,54771,62838,65535,65535,62334,62842,65535,65535,65535,65535
1685497806,0,1,0,0,4244,29993,43522,54939,63019,65535,65535,62558,63064,65535,65535,65535,65535
1685497812,0,1,0,0,4244,29996,43545,54979,63082,65535,65535,62641,63166,65535,65535,65535,65535
1685497818,0,1,0,0,4251,30147,43725,55255,63388,65535,65535,62966,63545,65535,65535,65535,65535
1685497824,0,1,0,0,4301,30285,43932,55505,63713,65535,65535,63359,63949,65535,65535,65535,65535
1685497830,0,1,0,0,4304,30284,43933,55542,63759,65535,65535,63351,63977,65535,65535,65535,65535
1685497836,0,1,0,0,4305,30243,43850,55455,63649,65535,65535,63229,63818,65535,65535,65535,65535
1685497842,0,1,0,0,4313,30307,43921,55516,63786,65535,65535,63399,64066,65535,65535,65535,65535
1685497848,0,1,0,0,4323,30323,43929,55542,63830,65535,65535,63459,64139,65535,65535,65535,65535
1685497854,0,1,0,0,4330,30300,43869,55517,63724,65535,65535,63360,64056,65535,65535,65535,65535
1685497860,0,1,0,0,4330,30329,43915,55541,63813,65535,65535,63476,64187,65535,65535,65535,65535
1685497866,0,1,0,0,4333,30438,44071,55770,64092,65535,65535,63836,64591,65535,65535,65535,65535
1685497872,0,1,0,0,4341,30572,44266,56051,64394,65535,65535,64226,65007,65535,65535,65535,65535
1685497878,0,1,0,0,4351,30696,44459,56316,64758,65535,65535,64573,65409,65535,65535,65535,65535
1685497884,0,1,0,0,4355,30826,44665,56618,65113,65535,65535,65036,65535,65535,65535,65535,65535
1685497890,0,1,0,0,4404,30951,44851,56891,65448,65535,65535,65388,65535,65535,65535,65535,65535
1685497896,0,1,0,0,4413,31075,45058,57171,65535,65535,65535,65535,65535,65535,65535,65535,65535
1685497902,0,1,0,0,4423,31191,45280,57452,65535,65535,65535,65535,65535,65535,65535,65535,65535
1685497908,0,1,0,0,4433,31295,45448,57667,65535,65535,65535,65535,65535,65535,65535,65535,65535
1685497914,0,1,0,0,4442,31389,45593,57873,65535,65535,65535,65535,65535,65535,65535,65535,65535
1685497920,0,1,0,0,4450,31469,45727,58050,65535,65535,65535,65535,65535,65535,65535,65535,65535
1685497926,0,1,0,0,4450,31404,45629,57937,65535,65535,65535,65535,65535,65535,65535,65535,65535
1685497932,0,1,0,0,4442,31277,45442,57683,65535,65535,65535,65535,65535,65535,65535,65535,65535
1685497938,0,1,0,0,4432,31133,45225,57381,65535,65535,65535,65535,65535,65535,65535,65535,65535
1685497944,0,1,0,0,4422,30966,44945,57017,65531,65535,65535,65375,65535,65535,65535,65535,65535
1685497950,0,1,0,0,4411,30773,44663,56632,65087,65535,65535,64842,65535,65535,65535,65535,65535
1685497956,0,1,0,0,4353,30585,44367,56229,64567,65535,65535,64242,65195,65535,65535,65535,65535
1685497962,0,1,0,0,4340,30354,44005,55732,63958,65535,65535,63562,64432,65535,65535,65535,65535
1685497968,0,1,0,0,4321,30134,43650,55250,63336,65535,65535,62885,63665,65535,65535,65535,65535
1685497974,0,1,0,0,4304,29932,43380,54888,62872,65535,65535,62456,63157,65535,65535,65535,65535
1685497980,0,1,0,0,4251,29839,43259,54734,62614,65535,65535,62313,62943,65535,65535,65535,65535
1685497986,0,1,0,0,4234,29763,43184,54626,62501,65535,65535,62221,62799,65535,65535,65535,65535
1685497992,0,1,0,0,4221,29702,43114,54572,62372,65535,65535,62137,62689,65535,65535,65535,65535
1685497998,0,1,0,0,4212,29677,43095,54548,62351,65535,65535,62198,62722,65535,65535,65535,65535
1685498004,0,1,0,0,4204,29695,43121,54601,62381,65535,65535,62281,62789,65535,65535,65535,65535
1685498010,0,1,0,0,4204,29759,43233,54770,62618,65535,65535,62545,63086,65535,65535,65535,65535
1685498016,0,1,0,0,4204,29910,43462,55066,62985,65535,65535,62990,63538,65535,65535,65535,65535
1685498022,0,1,0,0,4211,30036,43686,55400,63386,65535,65535,63515,64074,65535,65535,65535,65535
1685498028,0,1,0,0,4220,30210,43981,55763,63893,65535,65535,64095,64689,65535,65535,65535,65535
1685498034,0,1,0,0,4230,30376,44265,56177,64382,65535,65535,64754,65360,65535,65535,65535,65535
1685498040,0,1,0,0,4240,30533,44523,56532,64873,65535,65535,65260,65535,65535,65535,65535,65535
1685498046,0,1,0,0,4250,30638,44727,56795,65215,65535,65535,65535,65535,65535,65535,65535,65535
1685498052,0,1,0,0,4254,30714,44852,56986,65496,65535,65535,65535,65535,65535,65535,65535,65535
1685498058,0,1,0,0,4302,30723,44862,57013,65535,65535,65535,65535,65535,65535,65535,65535,65535
1685498064,0,1,0,0,4303,30654,44753,56839,65415,65535,65535,65535,65535,65535,65535,65535,65535
1685498070,0,1,0,0,4303,30587,44639,56671,65209,65535,65535,65438,65535,65535,65535,65535,65535
1685498076,0,1,0,0,4301,30452,44401,56357,64821,65535,65535,64951,65535,65535,65535,65535,65535
1685498082,0,1,0,0,4252,30196,44042,55871,64172,65535,65535,64300,65156,65535,65535,65535,65535
1685498088,0,1,0,0,4243,30028,43749,55453,63703,65535,65535,63680,64523,65535,65535,65535,65535
1685498094,0,1,0,0,4231,29789,43359,54933,63047,65535,65535,62956,63767,65535,65535,65535,65535
1685498100,0,1,0,0,4214,29567,43002,54421,62441,65535,65535,62307,63045,65535,65535,65535,65535
1685498106,0,1,0,0,4204,29459,42771,54175,62058,65535,65535,61887,62634,65535,65535,65535,65535
1685498112,0,1,0,0,4204,29421,42710,54041,61986,65535,65535,61803,62546,65535,65535,65535,65535
1685498118,0,1,0,0,4203,29388,42627,53944,61868,65535,65535,61667,62429,65535,65535,65535,65535
1685498124,0,1,0,0,4204,29360,42585,53855,61794,65535,65535,61562,62313,65535,65535,65535,65535
1685498130,0,1,0,0,4204,29346,42559,53822,61726,65535,65535,61515,62270,65535,65535,65535,65535
1685498136,0,1,0,0,4210,29394,42641,53948,61911,65535,65535,61708,62434,65535,65535,65535,65535
1685498142,0,1,0,0,4212,29449,42749,54106,62064,65535,65535,61877,62575,65535,65535,65535,65535
1685498148,0,1,0,0,4213,29525,42888,54306,62295,65535,65535,62073,62776,65535,65535,65535,65535
1685498154,0,1,0,0,4215,29575,43014,54490,62504,65535,65535,62352,62997,65535,65535,65535,65535
1685498160,0,1,0,0,4222,29726,43238,54810,62842,65535,65535,62743,63377,65535,65535,65535,65535
1685498166,0,1,0,0,4224,29869,43475,55140,63258,65535,65535,63188,63817,65535,65535,65535,65535
1685498172,0,1,0,0,4230,29987,43666,55455,63593,65535,65535,63554,64175,65535,65535,65535,65535
1685498178,0,1,0,0,4230,30094,43801,55616,63816,65535,65535,63788,64443,65535,65535,65535,65535
1685498184,0,1,0,0,4223,30097,43804,55622,63809,65535,65535,63778,64406,65535,65535,65535,65535
1685498190,0,1,0,0,4220,30012,43706,55474,63623,65535,65535,63560,64189,65535,65535,65535,65535
1685498196,0,1,0,0,4214,29966,43639,55391,63533,65535,65535,63464,64046,65535,65535,65535,65535
1685498202,0,1,0,0,4214,29936,43602,55351,63486,65535,65535,63433,63988,65535,65535,65535,65535
1685498208,0,1,0,0,4214,29949,43599,55343,63445,65535,65535,63399,63985,65535,65535,65535,65535
1685498214,0,1,0,0,4214,29919,43582,55300,63448,65535,65535,63371,63948,65535,65535,65535,65535
1685498220,0,1,0,0,4214,29919,43587,55316,63426,65535,65535,63409,63978,65535,65535,65535,65535
1685498226,0,1,0,0,4221,29893,43576,55314,63431,65535,65535,63438,63996,65535,65535,65535,65535
1685498232,0,1,0,0,4225,29931,43622,55378,63588,65535,65535,63570,64137,65535,65535,65535,65535
1685498238,0,1,0,0,4234,29973,43674,55445,63668,65535,65535,63708,64206,65535,65535,65535,65535
1685498244,0,1,0,0,4235,29897,43559,55302,63503,65535,65535,63512,64069,65535,65535,65535,65535
1685498250,0,1,0,0,4235,29864,43485,55171,63431,65535,65535,63400,64008,65535,65535,65535,65535
1685498256,0,1,0,0,4242,29880,43513,55202,63469,65535,65535,63513,64140,65535,65535,65535,65535
1685498262,0,1,0,0,4253,29961,43685,55424,63804,65535,65535,63863,64526,65535,65535,65535,65535
1685498268,0,1,0,0,4311,30019,43790,55565,63986,65535,65535,64101,64756,65535,65535,65535,65535
1685498274,0,1,0,0,4324,30063,43884,55722,64296,65535,65535,64399,65107,65535,65535,65535,65535
1685498280,0,1,0,0,4342,30085,43971,55803,64440,65535,65535,64556,65322,65535,65535,65535,65535
1685498286,0,1,0,0,4401,30223,44196,56126,64896,65535,65535,65057,65535,65535,65535,65535,65535
1685498292,0,1,0,0,4414,30288,44340,56265,65224,65535,65535,65253,65535,65535,65535,65535,65535
1685498298,0,1,0,0,4425,30237,44289,56216,65195,65535,65535,65186,65535,65535,65535,65535,65535
1685498304,0,1,0,0,4431,30185,44208,56090,65096,65535,65535,65044,65535,65535,65535,65535,65535
1685498310,0,1,0,0,4434,30141,44130,55989,64963,65535,65535,64929,65535,65535,65535,65535,65535
1685498316,0,1,0,0,4445,30198,44173,56047,65129,65535,65535,65063,65535,65535,65535,65535,65535
1685498322,0,1,0,0,4453,30131,44022,55788,64857,65535,65535,64744,65535,65535,65535,65535,65535
1685498328,0,1,0,0,4452,30019,43843,55571,64561,65535,65535,64388,65535,65535,65535,65535,65535
1685498334,0,1,0,0,4453,29999,43776,55475,64478,65535,65535,64269,65535,65535,65535,65535,65535
1685498340,0,1,0,0,4454,30031,43787,55509,64548,65535,65535,64309,65535,65535,65535,65535,65535
1685498346,0,1,0,0,4452,30044,43768,55500,64537,65535,65535,64298,65535,65535,65535,65535,65535
1685498352,0,1,0,0,4445,30005,43715,55430,64404,65535,65535,64144,65535,65535,65535,65535,65535
1685498358,0,1,0,0,4433,29935,43572,55283,64202,65535,65535,63939,65404,65535,65535,65535,65535
1685498364,0,1,0,0,4421,29900,43513,55201,64060,65535,65535,63828,65242,65535,65535,65535,65535
1685498370,0,1,0,0,4405,29848,43410,55097,63819,65535,65535,63614,65018,65535,65535,65535,65535
1685498376,0,1,0,0,4351,29740,43235,54850,63493,65535,65535,63309,64634,65535,65535,65535,65535
1685498382,0,1,0,0,4332,29630,43079,54685,63216,65535,65535,63015,64271,65535,65535,65535,65535
1685498388,0,1,0,0,4321,29606,43025,54673,63081,65535,65535,62973,64154,65535,65535,65535,65535
1685498394,0,1,0,0,4310,29537,42966,54585,62918,65535,65535,62865,63930,65535,65535,65535,65535
