Timestamp,Amber,White,On,Override,Intensity,AS00,AS01,AS02,AS03,AS04,AS05,AS06,AS07,AS08,AS09,AS10,AS11
1685512800,0,1,1,0,1335,3224,7907,11195,20468,65535,6760,32480,45211,58077,34295,65535,6768
1685512806,0,1,1,0,1334,3224,7903,11196,20452,65535,6760,32488,45217,58073,34278,65535,6768
1685512812,0,1,1,0,1335,3224,7908,11194,20464,65535,6761,32481,45210,58070,34286,65535,6768
1685512818,0,1,1,0,1335,3224,7902,11200,20465,65535,6760,32477,45207,58056,34270,65535,6768
1685512824,0,1,1,0,1335,3223,7902,11197,20455,65535,6758,32486,45203,58047,34277,65535,6770
1685512830,0,1,1,0,1335,3223,7903,11198,20453,65535,6764,32492,45212,58082,34294,65535,6772
1685512836,0,1,1,0,1335,3223,7903,11198,20456,65535,6764,32473,45203,58085,34277,65535,6770
1685512842,0,1,1,0,1335,3224,7903,11198,20465,65535,6760,32473,45180,58050,34279,65535,6766
1685512848,0,1,1,0,1335,3223,7901,11197,20448,65535,6762,32470,45173,58050,34272,65535,6766
1685512854,0,1,1,0,1335,3224,7902,11197,20461,65535,6760,32477,45183,58047,34275,65535,6772
1685512860,0,1,1,0,1335,3222,7904,11199,20455,65535,6757,32484,45198,58065,34266,65535,6770
1685512866,0,1,1,0,1334,3223,7904,11197,20465,65535,6764,32461,45205,58056,34281,65535,6770
1685512872,0,1,1,0,1335,3224,7906,11198,20468,65535,6758,32484,45190,58061,34272,65535,6772
1685512878,0,1,1,0,1335,3224,7902,11196,20454,65535,6762,32483,45205,58064,34267,65535,6766
1685512884,0,1,1,0,1335,3224,7903,11194,20465,65535,6756,32467,45191,58036,34282,65535,6764
1685512890,0,1,1,0,1335,3224,7905,11189,20467,65535,6760,32483,45205,58056,34291,65535,6766
1685512896,0,1,1,0,1335,3223,7907,11202,20459,65535,6760,32494,45221,58086,34280,65535,6772
1685512902,0,1,1,0,1335,3223,7908,11194,20470,65535,6762,32485,45202,58083,34275,65535,6768
1685512908,0,1,1,0,1335,3225,7904,11200,20464,65535,6762,32484,45199,58089,34281,65535,6770
1685512914,0,1,1,0,1335,3223,7906,11202,20457,65535,6760,32476,45213,58045,34293,65535,6770
1685512920,0,1,1,0,1335,3224,7902,11201,20456,65535,6764,32479,45190,58076,34274,65535,6772
1685512926,0,1,1,0,1335,3224,7910,11197,20465,65535,6758,32480,45185,58053,34287,65535,6772
1685512932,0,1,1,0,1335,3224,7904,11199,20455,65535,6758,32484,45201,58081,34294,65535,6772
1685512938,0,1,1,0,1335,3224,7903,11201,20464,65535,6761,32477,45191,58081,34289,65535,6768
1685512944,0,1,1,0,1334,3224,7904,11193,20467,65535,6760,32472,45180,58062,34261,65535,6768
1685512950,0,1,1,0,1334,3224,7908,11201,20457,65535,6758,32475,45185,58046,34274,65535,6768
1685512956,0,1,1,0,1334,3224,7900,11198,20455,65535,6762,32483,45193,58049,34293,65535,6770
1685512962,0,1,1,0,1334,3225,7902,11202,20467,65535,6760,32478,45176,58040,34282,65535,6772
1685512968,0,1,1,0,1334,3223,7903,11198,20465,65535,6760,32487,45196,58069,34289,65535,6766
1685512974,0,1,1,0,1335,3224,7906,11192,20466,65535,6758,32486,45189,58075,34267,65535,6771
1685512980,0,1,1,0,1334,3224,7907,11197,20468,65535,6762,32488,45207,58089,34297,65535,6770
1685512986,0,1,1,0,1334,3225,7907,11200,20463,65535,6760,32491,45215,58051,34280,65535,6770
1685512992,0,1,1,0,1334,3225,7902,11202,20460,65535,6760,32490,45205,58094,34276,65535,6772
1685512998,0,1,1,0,1334,3224,7902,11197,20464,65535,6758,32483,45195,58039,34289,65535,6766
1685513004,0,1,1,0,1334,3222,7904,11195,20455,65535,6758,32470,45191,58067,34284,65535,6766
1685513010,0,1,1,0,1334,3223,7900,11188,20461,65535,6756,32475,45191,58067,34260,65535,6766
1685513016,0,1,1,0,1334,3222,7901,11190,20453,65535,6758,32476,45187,58053,34279,65535,6766
1685513022,0,1,1,0,1334,3222,7899,11186,20458,65535,6754,32460,45170,58022,34267,65535,6765
1685513028,0,1,1,0,1334,3220,7895,11190,20445,65535,6758,32461,45180,58040,34254,65535,6762
1685513034,0,1,1,0,1334,3220,7901,11188,20453,65535,6756,32448,45159,58039,34275,65535,6762
1685513040,0,1,1,0,1334,3223,7902,11188,20452,65535,6758,32469,45178,58075,34256,65535,6762
1685513046,0,1,1,0,1334,3222,7900,11186,20457,65535,6754,32456,45157,58021,34257,65535,6760
1685513052,0,1,1,0,1334,3221,7898,11183,20444,65535,6756,32442,45151,58008,34242,65535,6764
1685513058,0,1,1,0,1334,3220,7896,11180,20451,65535,6752,32455,45161,58007,34254,65535,6762
1685513064,0,1,1,0,1334,3222,7897,11183,20455,65535,6758,32458,45129,58009,34243,65535,6766
1685513070,0,1,1,0,1334,3218,7893,11180,20441,65535,6752,32456,45152,58041,34256,65535,6758
1685513076,0,1,1,0,1334,3221,7893,11184,20443,65535,6750,32449,45123,57999,34254,65535,6758
1685513082,0,1,1,0,1334,3220,7891,11176,20440,65535,6748,32435,45131,57976,34245,65535,6758
1685513088,0,1,1,0,1334,3220,7896,11180,20440,65535,6754,32440,45124,57991,34228,65535,6758
1685513094,0,1,1,0,1334,3219,7891,11184,20441,65535,6748,32446,45125,58036,34236,65535,6757
1685513100,0,1,1,0,1334,3220,7895,11178,20439,65535,6754,32450,45142,58035,34242,65535,6760
1685513106,0,1,1,0,1334,3218,7888,11173,20443,65535,6748,32437,45128,57978,34217,65535,6756
1685513112,0,1,1,0,1334,3215,7893,11169,20432,65535,6750,32411,45113,57960,34223,65535,6758
1685513118,0,1,1,0,1334,3218,7887,11171,20442,65535,6752,32432,45127,57966,34219,65535,6760
1685513124,0,1,1,0,1334,3219,7893,11168,20435,65535,6748,32427,45099,57947,34216,65535,6756
1685513130,0,1,1,0,1334,3216,7891,11168,20430,65535,6750,32422,45111,57945,34208,65535,6752
1685513136,0,1,1,0,1334,3217,7892,11174,20440,65535,6746,32424,45117,57983,34211,65535,6760
1685513142,0,1,1,0,1334,3216,7890,11171,20431,65535,6748,32425,45120,57974,34213,65535,6756
1685513148,0,1,1,0,1334,3216,7890,11169,20429,65535,6746,32415,45086,57971,34222,65535,6753
1685513154,0,1,1,0,1334,3217,7887,11163,20425,65535,6750,32411,45089,57977,34214,65535,6758
1685513160,0,1,1,0,1334,3217,7890,11166,20428,65535,6744,32426,45086,57958,34224,65535,6754
1685513166,0,1,1,0,1334,3217,7888,11167,20432,65535,6746,32405,45083,57948,34222,65535,6754
1685513172,0,1,1,0,1334,3217,7891,11167,20440,65535,6744,32424,45120,57957,34209,65535,6754
1685513178,0,1,1,0,1334,3217,7886,11168,20441,65535,6748,32406,45111,57955,34224,65535,6754
1685513184,0,1,1,0,1334,3216,7885,11165,20434,65535,6746,32417,45116,57950,34227,65535,6752
1685513190,0,1,1,0,1334,3215,7887,11162,20419,65535,6744,32407,45068,57933,34209,65535,6756
1685513196,0,1,1,0,1334,3218,7889,11166,20421,65535,6744,32416,45074,57946,34215,65535,6754
1685513202,0,1,1,0,1334,3217,7886,11167,20437,65535,6746,32421,45106,57978,34228,65535,6750
1685513208,0,1,1,0,1334,3215,7889,11166,20429,65535,6744,32414,45102,57941,34204,65535,6758
1685513214,0,1,1,0,1334,3216,7889,11163,20434,65535,6746,32420,45102,57938,34196,65535,6758
1685513220,0,1,1,0,1334,3216,7889,11160,20422,65535,6744,32417,45083,57938,34210,65535,6756
1685513226,0,1,1,0,1334,3215,7884,11165,20424,65535,6748,32407,45066,57922,34195,65535,6750
1685513232,0,1,1,0,1334,3214,7886,11167,20425,65535,6744,32401,45101,57943,34220,65535,6756
1685513238,0,1,1,0,1334,3214,7888,11158,20435,65535,6746,32408,45064,57927,34196,65535,6752
1685513244,0,1,1,0,1334,3214,7886,11159,20432,65535,6744,32412,45070,57947,34190,65535,6752
1685513250,0,1,1,0,1334,3216,7889,11159,20428,65535,6748,32393,45097,57949,34199,65535,6750
1685513256,0,1,1,0,1334,3216,7885,11160,20425,65535,6748,32413,45091,57957,34206,65535,6752
1685513262,0,1,1,0,1334,3216,7888,11168,20433,65535,6748,32411,45084,57937,34198,65535,6758
1685513268,0,1,1,0,1334,3215,7885,11169,20436,65535,6748,32416,45104,57925,34198,65535,6750
1685513274,0,1,1,0,1334,3215,7886,11160,20421,65535,6742,32407,45078,57954,34194,65535,6752
1685513280,0,1,1,0,1334,3214,7886,11164,20420,65535,6743,32410,45084,57948,34197,65535,6753
1685513286,0,1,1,0,1334,3215,7885,11163,20423,65535,6744,32412,45063,57923,34211,65535,6752
1685513292,0,1,1,0,1334,3214,7885,11165,20421,65535,6744,32412,45071,57916,34198,65535,6750
1685513298,0,1,1,0,1334,3216,7882,11158,20434,65535,6744,32405,45065,57941,34194,65535,6752
1685513304,0,1,1,0,1334,3215,7886,11155,20417,65535,6744,32413,45095,57943,34190,65535,6752
1685513310,0,1,1,0,1334,3214,7882,11163,20433,65535,6744,32413,45067,57946,34209,65535,6750
1685513316,0,1,1,0,1334,3215,7884,11162,20432,65535,6744,32411,45059,57915,34217,65535,6750
1685513322,0,1,1,0,1334,3216,7884,11155,20421,65535,6742,32410,45076,57915,34213,65535,6750
1685513328,0,1,1,0,1334,3216,7884,11151,20432,65535,6744,32417,45078,57955,34194,65535,6752
1685513334,0,1,1,0,1334,3215,7880,11159,20429,65535,6740,32399,45051,57900,34200,65535,6750
1685513340,0,1,1,0,1333,3213,7879,11151,20420,65535,6742,32402,45079,57910,34204,65535,6749
1685513346,0,1,1,0,1333,3214,7884,11153,20425,65535,6742,32402,45074,57913,34177,65535,6748
1685513352,0,1,1,0,1333,3214,7879,11151,20425,65535,6744,32400,45071,57889,34197,65535,6748
1685513358,0,1,1,0,1333,3212,7878,11147,20407,65535,6736,32383,45028,57877,34191,65535,6744
1685513364,0,1,1,0,1333,3212,7880,11147,20421,65535,6736,32381,45048,57899,34168,65535,6746
1685513370,0,1,1,0,1333,3213,7879,11155,20422,65535,6740,32393,45058,57883,34170,65535,6744
1685513376,0,1,1,0,1333,3211,7876,11148,20411,65535,6738,32366,45055,57869,34164,65535,6746
1685513382,0,1,1,0,1333,3214,7880,11146,20415,65535,6736,32390,45053,57912,34173,65535,6746
1685513388,0,1,1,0,1333,3213,7882,11153,20417,65535,6742,32393,45030,57884,34192,65535,6746
1685513394,0,1,1,0,1333,3211,7882,11150,20418,65535,6738,32391,45046,57898,34183,65535,6750
1685513400,0,1,1,0,1333,3213,7882,11158,20418,65535,6744,32396,45058,57888,34197,65535,6750
1685513406,0,1,1,0,1333,3213,7877,11147,20415,65535,6738,32390,45036,57914,34176,65535,6748
1685513412,0,1,1,0,1333,3212,7879,11148,20422,65535,6742,32391,45055,57893,34189,65535,6744
1685513418,0,1,1,0,1333,3210,7882,11153,20426,65535,6738,32385,45056,57871,34179,65535,6746
1685513424,0,1,1,0,1333,3212,7877,11146,20412,65535,6738,32382,45027,57867,34191,65535,6748
1685513430,0,1,1,0,1333,3211,7877,11146,20413,65535,6738,32390,45039,57878,34191,65535,6746
1685513436,0,1,1,0,1333,3213,7881,11151,20421,65535,6738,32382,45028,57892,34158,65535,6746
1685513442,0,1,1,0,1333,3212,7875,11145,20420,65535,6736,32380,45043,57859,34161,65535,6744
1685513448,0,1,1,0,1333,3213,7875,11145,20417,65535,6736,32384,45024,57898,34166,65535,6746
1685513454,0,1,1,0,1333,3212,7875,11147,20418,65535,6738,32383,45042,57871,34155,65535,6744
1685513460,0,1,1,0,1333,3211,7880,11145,20410,65535,6736,32380,45042,57869,34163,65535,6746
1685513466,0,1,1,0,1333,3212,7879,11149,20408,65535,6738,32386,45031,57857,34168,65535,6746
1685513472,0,1,1,0,1333,3213,7879,11145,20414,65535,6738,32387,45053,57902,34190,65535,6744
1685513478,0,1,1,0,1333,3212,7877,11150,20411,65535,6740,32398,45042,57897,34195,65535,6747
1685513484,0,1,1,0,1333,3210,7877,11140,20409,65535,6738,32384,45023,57911,34168,65535,6746
1685513490,0,1,1,0,1333,3213,7879,11148,20413,65535,6738,32363,45032,57871,34182,65535,6744
1685513496,0,1,1,0,1333,3212,7875,11145,20409,65535,6740,32391,45049,57879,34183,65535,6746
1685513502,0,1,1,0,1333,3212,7878,11151,20409,65535,6738,32391,45026,57917,34189,65535,6746
1685513508,0,1,1,0,1333,3212,7878,11145,20414,65535,6736,32367,45039,57875,34160,65535,6747
1685513514,0,1,1,0,1333,3210,7871,11142,20405,65535,6740,32363,45043,57869,34162,65535,6744
1685513520,0,1,1,0,1333,3211,7871,11148,20410,65535,6734,32381,45009,57887,34162,65535,6742
1685513526,0,1,1,0,1333,3211,7873,11135,20405,65535,6732,32369,45011,57823,34152,65535,6742
1685513532,0,1,1,0,1333,3210,7870,11142,20408,65535,6734,32361,45015,57837,34153,65535,6742
1685513538,0,1,1,0,1333,3207,7867,11135,20401,65535,6734,32367,44987,57834,34149,65535,6740
1685513544,0,1,1,0,1333,3210,7872,11137,20404,65535,6738,32373,44990,57851,34155,65535,6740
1685513550,0,1,1,0,1333,3210,7870,11139,20406,65535,6732,32364,44997,57846,34157,65535,6740
1685513556,0,1,1,0,1333,3210,7869,11137,20408,65535,6738,32363,44999,57844,34151,65535,6742
1685513562,0,1,1,0,1333,3209,7870,11139,20410,65535,6734,32347,44994,57868,34150,65535,6742
1685513568,0,1,1,0,1333,3211,7869,11135,20414,65535,6732,32369,44998,57834,34153,65535,6744
1685513574,0,1,1,0,1333,3210,7869,11136,20401,65535,6734,32365,45003,57834,34145,65535,6744
1685513580,0,1,1,0,1333,3208,7867,11133,20401,65535,6730,32345,44986,57796,34136,65535,6738
1685513586,0,1,1,0,1333,3208,7868,11123,20394,65535,6730,32349,44956,57779,34133,65535,6738
1685513592,0,1,1,0,1333,3208,7870,11132,20403,65535,6734,32361,44986,57803,34138,65535,6740
1685513598,0,1,1,0,1333,3209,7868,11132,20396,65535,6734,32354,44960,57800,34139,65535,6737
1685513604,0,1,1,0,1333,3206,7868,11130,20393,65535,6728,32355,44969,57842,34134,65535,6736
1685513610,0,1,1,0,1333,3207,7868,11129,20390,65535,6728,32325,44959,57800,34124,65535,6736
1685513616,0,1,1,0,1333,3207,7868,11135,20396,65535,6728,32350,44965,57803,34127,65535,6742
1685513622,0,1,1,0,1333,3208,7866,11127,20393,65535,6734,32356,44984,57844,34137,65535,6742
1685513628,0,1,1,0,1333,3208,7864,11132,20391,65535,6728,32346,44959,57821,34127,65535,6738
1685513634,0,1,1,0,1333,3209,7870,11139,20400,65535,6734,32348,44999,57823,34138,65535,6744
1685513640,0,1,1,0,1333,3209,7869,11132,20404,65535,6730,32335,44979,57851,34139,65535,6742
1685513646,0,1,1,0,1333,3208,7865,11132,20398,65535,6730,32347,44970,57819,34130,65535,6738
1685513652,0,1,1,0,1333,3209,7867,11136,20405,65535,6732,32357,44989,57838,34144,65535,6740
1685513658,0,1,1,0,1333,3209,7870,11134,20399,65535,6730,32350,44994,57828,34138,65535,6740
1685513664,0,1,1,0,1333,3208,7870,11131,20402,65535,6732,32348,44989,57828,34133,65535,6740
1685513670,0,1,1,0,1333,3208,7870,11132,20397,65535,6734,32343,44978,57829,34133,65535,6742
1685513676,0,1,1,0,1333,3208,7870,11132,20410,65535,6732,32360,44998,57834,34138,65535,6738
1685513682,0,1,1,0,1333,3207,7870,11132,20398,65535,6732,32358,44995,57819,34134,65535,6738
1685513688,0,1,1,0,1333,3207,7868,11125,20389,65535,6730,32344,44973,57819,34122,65535,6740
1685513694,0,1,1,0,1333,3206,7866,11129,20393,65535,6730,32348,44957,57801,34122,65535,6736
1685513700,0,1,1,0,1333,3207,7868,11129,20394,65535,6728,32352,44984,57800,34143,65535,6738
1685513706,0,1,1,0,1333,3207,7866,11129,20392,65535,6728,32346,44956,57807,34127,65535,6740
1685513712,0,1,1,0,1333,3207,7864,11132,20387,65535,6728,32342,44954,57792,34120,65535,6736
1685513718,0,1,1,0,1333,3206,7863,11129,20389,65535,6734,32346,44961,57813,34123,65535,6740
1685513724,0,1,1,0,1333,3207,7868,11130,20393,65535,6733,32351,44987,57812,34143,65535,6736
1685513730,0,1,1,0,1333,3208,7866,11123,20394,65535,6730,32346,44964,57797,34124,65535,6738
1685513736,0,1,1,0,1333,3208,7864,11132,20395,65535,6730,32349,44983,57792,34125,65535,6740
1685513742,0,1,1,0,1333,3206,7867,11129,20402,65535,6734,32359,44984,57829,34131,65535,6738
1685513748,0,1,1,0,1333,3209,7868,11134,20407,65535,6730,32348,44983,57814,34129,65535,6738
1685513754,0,1,1,0,1333,3208,7863,11129,20399,65535,6730,32357,44962,57854,34128,65535,6742
1685513760,0,1,1,0,1333,3207,7867,11125,20401,65535,6728,32335,44961,57789,34128,65535,6738
1685513766,0,1,1,0,1333,3205,7861,11127,20394,65535,6726,32328,44938,57775,34120,65535,6734
1685513772,0,1,1,0,1333,3205,7859,11116,20379,65535,6725,32328,44956,57766,34118,65535,6730
1685513778,0,1,1,0,1332,3205,7859,11114,20376,65535,6724,32315,44940,57758,34087,65535,6733
1685513784,0,1,1,0,1333,3204,7859,11111,20375,65535,6722,32316,44938,57746,34107,65535,6730
1685513790,0,1,1,0,1332,3202,7856,11117,20371,65535,6720,32302,44922,57735,34077,65535,6728
1685513796,0,1,1,0,1332,3205,7855,11113,20380,65535,6720,32302,44909,57740,34085,65535,6728
1685513802,0,1,1,0,1333,3203,7861,11116,20380,65535,6722,32323,44929,57750,34088,65535,6734
1685513808,0,1,1,0,1332,3204,7858,11114,20375,65535,6724,32322,44935,57754,34091,65535,6731
1685513814,0,1,1,0,1332,3204,7862,11112,20393,65535,6721,32318,44919,57779,34086,65535,6730
1685513820,0,1,1,0,1332,3203,7856,11113,20384,65535,6722,32323,44945,57781,34089,65535,6730
1685513826,0,1,1,0,1332,3206,7862,11114,20392,65535,6724,32329,44945,57761,34116,65535,6732
1685513832,0,1,1,0,1332,3205,7861,11116,20389,65535,6722,32306,44925,57783,34096,65535,6732
1685513838,0,1,1,0,1332,3204,7860,11117,20384,65535,6722,32306,44948,57792,34091,65535,6730
1685513844,0,1,1,0,1333,3205,7862,11123,20393,65535,6724,32329,44947,57757,34100,65535,6732
1685513850,0,1,1,0,1333,3206,7860,11117,20395,65535,6726,32326,44942,57756,34095,65535,6734
1685513856,0,1,1,0,1333,3205,7861,11117,20379,65535,6728,32319,44918,57760,34106,65535,6732
1685513862,0,1,1,0,1332,3204,7862,11113,20377,65535,6722,32312,44920,57739,34082,65535,6730
1685513868,0,1,1,0,1333,3205,7854,11111,20375,65535,6722,32304,44913,57773,34080,65535,6728
1685513874,0,1,1,0,1332,3204,7859,11119,20376,65535,6724,32302,44928,57772,34108,65535,6730
1685513880,0,1,1,0,1332,3205,7861,11115,20382,65535,6722,32328,44950,57765,34109,65535,6730
1685513886,0,1,1,0,1333,3202,7857,11113,20386,65535,6724,32298,44914,57739,34079,65535,6730
1685513892,0,1,1,0,1332,3204,7857,11111,20373,65535,6722,32308,44928,57726,34096,65535,6728
1685513898,0,1,1,0,1332,3202,7857,11113,20369,65535,6724,32302,44915,57722,34087,65535,6728
1685513904,0,1,1,0,1332,3204,7856,11120,20387,65535,6728,32299,44914,57785,34103,65535,6730
1685513910,0,1,1,0,1332,3204,7851,11109,20379,65535,6720,32310,44906,57769,34094,65535,6728
1685513916,0,1,1,0,1332,3204,7858,11111,20384,65535,6728,32312,44920,57741,34098,65535,6732
1685513922,0,1,1,0,1333,3205,7861,11117,20383,65535,6722,32317,44905,57757,34088,65535,6728
1685513928,0,1,1,0,1332,3202,7858,11116,20386,65535,6724,32324,44935,57783,34085,65535,6730
1685513934,0,1,1,0,1333,3204,7854,11119,20378,65535,6722,32296,44919,57741,34086,65535,6726
1685513940,0,1,1,0,1332,3205,7858,11113,20376,65535,6720,32317,44934,57784,34085,65535,6734
1685513946,0,1,1,0,1332,3204,7859,11113,20376,65535,6724,32305,44921,57755,34109,65535,6729
1685513952,0,1,1,0,1332,3203,7856,11110,20373,65535,6722,32303,44904,57778,34085,65535,6732
1685513958,0,1,1,0,1332,3202,7861,11111,20379,65535,6726,32317,44935,57729,34091,65535,6730
1685513964,0,1,1,0,1332,3202,7859,11115,20386,65535,6722,32326,44919,57734,34087,65535,6734
1685513970,0,1,1,0,1332,3202,7855,11111,20369,65535,6724,32316,44911,57780,34101,65535,6730
1685513976,0,1,1,0,1332,3202,7855,11111,20373,65535,6720,32296,44908,57776,34099,65535,6730
1685513982,0,1,1,0,1332,3202,7850,11109,20379,65535,6719,32310,44921,57733,34090,65535,6726
1685513988,0,1,1,0,1332,3203,7857,11116,20377,65535,6720,32306,44921,57757,34093,65535,6732
1685513994,0,1,1,0,1332,3204,7860,11119,20386,65535,6724,32315,44930,57745,34090,65535,6732
1685514000,0,1,1,0,1332,3203,7858,11114,20374,65535,6722,32305,44937,57751,34089,65535,6734
1685514006,0,1,1,0,1332,3204,7861,11120,20386,65535,6724,32318,44913,57779,34100,65535,6730
1685514012,0,1,1,0,1332,3204,7859,11118,20384,65535,6727,32322,44938,57778,34094,65535,6732
1685514018,0,1,1,0,1333,3202,7854,11109,20376,65535,6724,32320,44910,57769,34090,65535,6734
1685514024,0,1,1,0,1332,3203,7855,11118,20373,65535,6724,32320,44936,57742,34088,65535,6730
1685514030,0,1,1,0,1332,3203,7855,11114,20371,65535,6720,32304,44904,57741,34093,65535,6726
1685514036,0,1,1,0,1332,3203,7855,11117,20369,65535,6720,32295,44906,57738,34087,65535,6730
1685514042,0,1,1,0,1332,3202,7856,11114,20376,65535,6722,32322,44943,57780,34088,65535,6730
1685514048,0,1,1,0,1332,3203,7857,11113,20384,65535,6722,32318,44924,57752,34079,65535,6730
1685514054,0,1,1,0,1332,3204,7859,11115,20376,65535,6724,32314,44925,57782,34087,65535,6734
1685514060,0,1,1,0,1332,3204,7860,11115,20386,65535,6724,32330,44947,57778,34093,65535,6732
1685514066,0,1,1,0,1332,3205,7860,11114,20374,65535,6722,32319,44932,57742,34104,65535,6732
1685514072,0,1,1,0,1332,3204,7859,11116,20372,65535,6724,32328,44949,57765,34113,65535,6734
1685514078,0,1,1,0,1332,3206,7861,11118,20379,65535,6724,32303,44934,57725,34104,65535,6732
1685514084,0,1,1,0,1333,3204,7858,11116,20384,65535,6724,32324,44937,57764,34100,65535,6736
1685514090,0,1,1,0,1332,3202,7857,11110,20377,65535,6722,32316,44928,57744,34093,65535,6730
1685514096,0,1,1,0,1332,3205,7862,11116,20374,65535,6728,32319,44942,57747,34098,65535,6730
1685514102,0,1,1,0,1332,3204,7859,11112,20371,65535,6722,32322,44937,57757,34109,65535,6730
1685514108,0,1,1,0,1332,3205,7859,11118,20389,65535,6724,32317,44925,57754,34102,65535,6732
1685514114,0,1,1,0,1332,3202,7854,11116,20382,65535,6726,32327,44940,57759,34110,65535,6734
1685514120,0,1,1,0,1332,3205,7857,11120,20381,65535,6724,32310,44932,57752,34109,65535,6732
1685514126,0,1,1,0,1332,3204,7860,11113,20378,65535,6728,32322,44942,57744,34110,65535,6736
1685514132,0,1,1,0,1332,3204,7860,11114,20386,65535,6722,32317,44931,57750,34116,65535,6732
1685514138,0,1,1,0,1332,3204,7856,11118,20376,65535,6726,32328,44929,57764,34096,65535,6736
1685514144,0,1,1,0,1332,3206,7858,11119,20393,65535,6724,32327,44918,57774,34111,65535,6732
1685514150,0,1,1,0,1332,3203,7861,11118,20389,65535,6728,32322,44917,57760,34110,65535,6730
1685514156,0,1,1,0,1332,3205,7862,11118,20391,65535,6722,32333,44953,57818,34118,65535,6732
1685514162,0,1,1,0,1332,3206,7859,11119,20394,65535,6725,32328,44947,57772,34096,65535,6734
1685514168,0,1,1,0,1332,3207,7862,11118,20391,65535,6728,32331,44956,57806,34106,65535,6732
1685514174,0,1,1,0,1332,3206,7859,11123,20389,65535,6726,32326,44942,57775,34113,65535,6734
1685514180,0,1,1,0,1332,3203,7856,11122,20377,65535,6726,32302,44910,57751,34102,65535,6734
1685514186,0,1,1,0,1332,3203,7859,11115,20389,65535,6728,32310,44941,57760,34094,65535,6732
1685514192,0,1,1,0,1332,3203,7858,11119,20380,65535,6726,32304,44928,57784,34089,65535,6736
1685514198,0,1,1,0,1332,3204,7861,11113,20388,65535,6724,32329,44940,57763,34093,65535,6736
1685514204,0,1,1,0,1332,3203,7857,11111,20386,65535,6725,32301,44929,57754,34089,65535,6732
1685514210,0,1,1,0,1332,3203,7855,11113,20371,65535,6722,32312,44903,57747,34096,65535,6733
1685514216,0,1,1,0,1332,3203,7853,11114,20384,65535,6728,32319,44930,57759,34085,65535,6732
1685514222,0,1,1,0,1332,3201,7855,11110,20386,65535,6720,32310,44901,57738,34079,65535,6730
1685514228,0,1,1,0,1332,3200,7854,11103,20367,65535,6718,32299,44881,57702,34068,65535,6730
1685514234,0,1,1,0,1332,3200,7851,11100,20367,65535,6720,32275,44871,57723,34078,65535,6730
1685514240,0,1,1,0,1332,3199,7848,11101,20370,65535,6720,32276,44883,57693,34069,65535,6724
1685514246,0,1,1,0,1332,3201,7849,11106,20361,65535,6718,32276,44866,57696,34060,65535,6724
1685514252,0,1,1,0,1332,3200,7853,11100,20372,65535,6724,32287,44886,57695,34074,65535,6728
1685514258,0,1,1,0,1332,3200,7850,11100,20357,65535,6718,32277,44895,57706,34076,65535,6724
1685514264,0,1,1,0,1332,3201,7852,11110,20364,65535,6720,32284,44902,57711,34069,65535,6730
1685514270,0,1,1,0,1332,3201,7853,11109,20374,65535,6724,32300,44898,57718,34072,65535,6730
1685514276,0,1,1,0,1332,3202,7853,11111,20379,65535,6720,32277,44885,57715,34067,65535,6730
1685514282,0,1,1,0,1332,3201,7853,11102,20361,65535,6720,32296,44895,57712,34060,65535,6730
1685514288,0,1,1,0,1332,3201,7852,11112,20366,65535,6720,32302,44871,57726,34083,65535,6728
1685514294,0,1,1,0,1332,3201,7850,11098,20371,65535,6718,32299,44887,57707,34077,65535,6724
1685514300,0,1,1,0,1332,3202,7852,11104,20365,65535,6717,32276,44891,57701,34061,65535,6724
1685514306,0,1,1,0,1332,3201,7849,11106,20366,65535,6720,32297,44884,57732,34060,65535,6726
1685514312,0,1,1,0,1332,3199,7851,11107,20371,65535,6718,32292,44879,57690,34054,65535,6728
1685514318,0,1,1,0,1332,3202,7853,11105,20374,65535,6720,32302,44894,57715,34055,65535,6729
1685514324,0,1,1,0,1332,3200,7850,11106,20373,65535,6715,32288,44852,57693,34050,65535,6724
1685514330,0,1,1,0,1332,3201,7855,11102,20364,65535,6720,32283,44901,57741,34081,65535,6726
1685514336,0,1,1,0,1332,3201,7852,11110,20367,65535,6720,32282,44892,57685,34063,65535,6726
1685514342,0,1,1,0,1332,3203,7854,11101,20367,65535,6721,32301,44908,57731,34067,65535,6728
1685514348,0,1,1,0,1332,3202,7852,11108,20365,65535,6722,32286,44896,57713,34066,65535,6726
1685514354,0,1,1,0,1332,3201,7851,11107,20365,65535,6718,32293,44888,57728,34086,65535,6730
1685514360,0,1,1,0,1332,3202,7849,11102,20364,65535,6716,32298,44896,57719,34078,65535,6730
1685514366,0,1,1,0,1332,3203,7853,11105,20380,65535,6720,32291,44870,57720,34064,65535,6730
1685514372,0,1,1,0,1332,3201,7848,11106,20364,65535,6718,32302,44899,57735,34084,65535,6732
1685514378,0,1,1,0,1332,3201,7853,11103,20376,65535,6718,32281,44887,57700,34064,65535,6730
1685514384,0,1,1,0,1332,3200,7854,11103,20375,65535,6720,32311,44912,57760,34092,65535,6728
1685514390,0,1,1,0,1332,3200,7854,11104,20366,65535,6716,32298,44898,57713,34076,65535,6724
1685514396,0,1,1,0,1332,3201,7849,11098,20362,65535,6716,32287,44888,57696,34055,65535,6724
1685514402,0,1,1,0,1332,3197,7844,11092,20353,65535,6714,32277,44851,57674,34042,65535,6722
1685514408,0,1,1,0,1332,3199,7843,11095,20354,65535,6714,32281,44868,57684,34058,65535,6724
1685514414,0,1,1,0,1332,3199,7846,11096,20354,65535,6716,32270,44871,57680,34056,65535,6720
1685514420,0,1,1,0,1332,3197,7844,11090,20363,65535,6714,32262,44869,57675,34048,65535,6720
1685514426,0,1,1,0,1332,3198,7842,11087,20356,65535,6714,32274,44848,57653,34035,65535,6718
1685514432,0,1,1,0,1332,3195,7839,11085,20355,65535,6716,32233,44837,57643,34018,65535,6718
1685514438,0,1,1,0,1332,3197,7839,11088,20358,65535,6708,32259,44827,57650,34022,65535,6717
1685514444,0,1,1,0,1332,3195,7839,11085,20341,65535,6708,32251,44805,57612,34007,65535,6714
1685514450,0,1,1,0,1331,3193,7840,11079,20344,65535,6706,32260,44805,57620,34015,65535,6720
1685514456,0,1,1,0,1331,3195,7839,11080,20342,65535,6706,32241,44803,57626,34011,65535,6720
1685514462,0,1,1,0,1332,3196,7840,11074,20339,65535,6710,32252,44810,57629,34010,65535,6718
1685514468,0,1,1,0,1331,3196,7837,11080,20344,65535,6708,32235,44804,57631,34031,65535,6718
1685514474,0,1,1,0,1332,3195,7840,11081,20341,65535,6708,32241,44826,57633,34024,65535,6712
1685514480,0,1,1,0,1332,3196,7834,11080,20339,65535,6712,32234,44798,57625,34009,65535,6720
1685514486,0,1,1,0,1331,3197,7837,11081,20343,65535,6708,32247,44808,57661,34014,65535,6716
1685514492,0,1,1,0,1331,3196,7842,11082,20340,65535,6708,32260,44808,57665,34012,65535,6722
1685514498,0,1,1,0,1331,3195,7837,11082,20341,65535,6710,32260,44834,57634,34025,65535,6718
1685514504,0,1,1,0,1331,3196,7839,11083,20357,65535,6706,32248,44822,57665,34036,65535,6716
1685514510,0,1,1,0,1332,3195,7839,11085,20340,65535,6712,32263,44826,57664,34022,65535,6716
1685514516,0,1,1,0,1331,3195,7839,11087,20349,65535,6708,32256,44799,57650,34026,65535,6716
1685514522,0,1,1,0,1331,3194,7841,11079,20339,65535,6708,32258,44805,57634,34010,65535,6720
1685514528,0,1,1,0,1331,3194,7837,11087,20349,65535,6710,32245,44836,57652,34019,65535,6716
1685514534,0,1,1,0,1331,3197,7839,11081,20355,65535,6712,32258,44820,57631,34011,65535,6720
1685514540,0,1,1,0,1331,3195,7839,11084,20349,65535,6708,32248,44815,57635,34019,65535,6716
1685514546,0,1,1,0,1332,3196,7844,11083,20351,65535,6708,32267,44820,57643,34023,65535,6722
1685514552,0,1,1,0,1332,3197,7841,11084,20350,65535,6714,32253,44844,57638,34025,65535,6714
1685514558,0,1,1,0,1332,3197,7839,11091,20360,65535,6712,32268,44847,57633,34042,65535,6720
1685514564,0,1,1,0,1332,3197,7845,11088,20354,65535,6710,32247,44847,57635,34026,65535,6718
1685514570,0,1,1,0,1332,3197,7844,11088,20353,65535,6712,32273,44840,57653,34045,65535,6720
1685514576,0,1,1,0,1332,3198,7846,11087,20356,65535,6716,32270,44842,57660,34028,65535,6718
1685514582,0,1,1,0,1332,3198,7842,11087,20352,65535,6712,32262,44853,57664,34047,65535,6718
1685514588,0,1,1,0,1332,3197,7847,11093,20359,65535,6716,32259,44857,57675,34035,65535,6724
1685514594,0,1,1,0,1332,3198,7844,11084,20351,65535,6712,32271,44850,57672,34034,65535,6719
1685514600,0,1,1,0,1332,3199,7845,11086,20360,65535,6710,32270,44854,57638,34044,65535,6722
1685514606,0,1,1,0,1332,3199,7842,11089,20357,65535,6716,32275,44858,57662,34036,65535,6726
1685514612,0,1,1,0,1331,3197,7845,11089,20358,65535,6718,32267,44869,57709,34058,65535,6726
1685514618,0,1,1,0,1332,3197,7840,11083,20342,65535,6713,32265,44818,57635,34034,65535,6724
1685514624,0,1,1,0,1332,3195,7842,11084,20348,65535,6712,32244,44807,57634,34031,65535,6720
1685514630,0,1,1,0,1332,3197,7839,11081,20346,65535,6710,32240,44834,57641,34017,65535,6720
1685514636,0,1,1,0,1331,3196,7835,11081,20341,65535,6710,32236,44798,57637,34012,65535,6718
1685514642,0,1,1,0,1331,3195,7839,11079,20339,65535,6710,32250,44813,57658,34025,65535,6718
1685514648,0,1,1,0,1331,3195,7837,11080,20354,65535,6710,32247,44825,57627,34007,65535,6716
1685514654,0,1,1,0,1331,3194,7839,11080,20343,65535,6710,32232,44786,57630,34004,65535,6712
1685514660,0,1,1,0,1331,3194,7836,11076,20346,65535,6710,32242,44817,57615,34022,65535,6716
1685514666,0,1,1,0,1331,3194,7833,11072,20338,65535,6708,32244,44814,57637,34002,65535,6716
1685514672,0,1,1,0,1331,3194,7833,11080,20338,65535,6706,32244,44808,57640,34001,65535,6718
1685514678,0,1,1,0,1331,3194,7835,11076,20356,65535,6706,32220,44807,57632,34016,65535,6714
1685514684,0,1,1,0,1331,3195,7834,11079,20343,65535,6706,32238,44784,57622,34008,65535,6712
1685514690,0,1,1,0,1331,3193,7836,11073,20347,65535,6709,32240,44775,57591,33992,65535,6714
1685514696,0,1,1,0,1331,3193,7832,11070,20334,65535,6706,32240,44790,57610,34018,65535,6718
1685514702,0,1,1,0,1331,3194,7832,11070,20336,65535,6708,32227,44772,57585,34002,65535,6716
1685514708,0,1,1,0,1331,3194,7833,11075,20336,65535,6706,32234,44776,57614,34015,65535,6710
1685514714,0,1,1,0,1331,3192,7830,11067,20344,65535,6705,32235,44766,57579,33991,65535,6714
1685514720,0,1,1,0,1331,3193,7830,11069,20343,65535,6707,32216,44790,57585,33986,65535,6717
1685514726,0,1,1,0,1331,3193,7830,11077,20341,65535,6706,32215,44775,57601,34004,65535,6716
1685514732,0,1,1,0,1331,3193,7835,11071,20329,65535,6706,32237,44775,57603,33991,65535,6716
1685514738,0,1,1,0,1331,3194,7836,11073,20336,65535,6708,32237,44787,57611,34013,65535,6714
1685514744,0,1,1,0,1331,3195,7835,11073,20334,65535,6710,32233,44774,57601,34001,65535,6714
1685514750,0,1,1,0,1331,3193,7835,11074,20333,65535,6706,32216,44766,57632,33991,65535,6716
1685514756,0,1,1,0,1331,3193,7836,11069,20343,65535,6708,32234,44809,57596,34015,65535,6716
1685514762,0,1,1,0,1331,3194,7835,11074,20338,65535,6708,32236,44812,57609,33981,65535,6714
1685514768,0,1,1,0,1331,3193,7836,11070,20334,65535,6710,32240,44792,57600,34016,65535,6714
1685514774,0,1,1,0,1331,3192,7831,11071,20342,65535,6708,32233,44795,57581,33990,65535,6714
1685514780,0,1,1,0,1331,3194,7832,11077,20334,65535,6704,32240,44779,57598,33993,65535,6710
1685514786,0,1,1,0,1331,3190,7833,11069,20334,65535,6706,32230,44764,57599,33988,65535,6714
1685514792,0,1,1,0,1331,3190,7827,11074,20325,65535,6704,32219,44768,57577,33973,65535,6712
1685514798,0,1,1,0,1331,3191,7824,11060,20332,65535,6704,32222,44751,57561,33994,65535,6712
1685514804,0,1,1,0,1331,3191,7825,11061,20332,65535,6700,32200,44751,57552,33985,65535,6708
1685514810,0,1,1,0,1331,3192,7831,11057,20326,65535,6704,32213,44766,57567,33965,65535,6706
1685514816,0,1,1,0,1331,3191,7822,11058,20329,65535,6700,32201,44737,57552,33982,65535,6710
1685514822,0,1,1,0,1331,3191,7828,11053,20321,65535,6698,32194,44751,57541,33977,65535,6704
1685514828,0,1,1,0,1331,3190,7823,11056,20316,65535,6700,32194,44738,57558,33957,65535,6704
1685514834,0,1,1,0,1331,3188,7824,11061,20331,65535,6702,32186,44716,57512,33953,65535,6706
1685514840,0,1,1,0,1331,3188,7825,11055,20326,65535,6696,32202,44737,57525,33972,65535,6706
1685514846,0,1,1,0,1331,3188,7825,11057,20315,65535,6696,32188,44745,57535,33971,65535,6706
1685514852,0,1,1,0,1331,3191,7823,11055,20316,65535,6697,32193,44728,57577,33971,65535,6710
1685514858,0,1,1,0,1331,3189,7822,11057,20322,65535,6696,32201,44725,57547,33948,65535,6709
1685514864,0,1,1,0,1331,3189,7825,11057,20318,65535,6702,32207,44716,57535,33949,65535,6704
1685514870,0,1,1,0,1331,3189,7825,11054,20313,65535,6698,32198,44732,57531,33948,65535,6708
1685514876,0,1,1,0,1331,3190,7825,11060,20316,65535,6698,32201,44745,57528,33965,65535,6706
1685514882,0,1,1,0,1331,3190,7822,11056,20327,65535,6702,32202,44732,57539,33971,65535,6709
1685514888,0,1,1,0,1331,3190,7824,11059,20321,65535,6698,32202,44723,57545,33970,65535,6706
1685514894,0,1,1,0,1331,3190,7825,11059,20319,65535,6698,32191,44725,57536,33975,65535,6704
1685514900,0,1,1,0,1331,3188,7827,11059,20318,65535,6696,32193,44733,57548,33981,65535,6706
1685514906,0,1,1,0,1331,3190,7827,11059,20329,65535,6698,32190,44746,57553,33954,65535,6710
1685514912,0,1,1,0,1331,3191,7823,11065,20318,65535,6698,32195,44734,57543,33955,65535,6706
1685514918,0,1,1,0,1331,3190,7828,11058,20328,65535,6700,32198,44757,57554,33962,65535,6707
1685514924,0,1,1,0,1331,3190,7828,11062,20331,65535,6698,32215,44758,57559,33974,65535,6712
1685514930,0,1,1,0,1331,3190,7825,11060,20314,65535,6700,32212,44746,57566,33959,65535,6705
1685514936,0,1,1,0,1331,3190,7825,11054,20319,65535,6696,32200,44714,57529,33958,65535,6708
1685514942,0,1,1,0,1331,3190,7821,11054,20320,65535,6699,32200,44736,57530,33958,65535,6708
1685514948,0,1,1,0,1331,3190,7825,11056,20324,65535,6698,32190,44726,57536,33967,65535,6704
1685514954,0,1,1,0,1331,3189,7824,11053,20312,65535,6696,32187,44706,57534,33966,65535,6704
1685514960,0,1,1,0,1331,3187,7820,11055,20315,65535,6700,32195,44709,57537,33949,65535,6704
1685514966,0,1,1,0,1331,3189,7825,11054,20328,65535,6698,32196,44730,57503,33950,65535,6708
1685514972,0,1,1,0,1331,3190,7824,11060,20323,65535,6696,32206,44752,57556,33958,65535,6706
1685514978,0,1,1,0,1331,3187,7820,11049,20314,65535,6696,32202,44719,57548,33972,65535,6704
1685514984,0,1,1,0,1331,3189,7821,11057,20322,65535,6698,32198,44728,57522,33952,65535,6706
1685514990,0,1,1,0,1331,3189,7822,11049,20329,65535,6698,32192,44707,57505,33949,65535,6708
1685514996,0,1,1,0,1331,3188,7822,11040,20310,65535,6696,32176,44726,57518,33947,65535,6704
1685515002,0,1,1,0,1331,3186,7823,11048,20322,65535,6692,32188,44699,57510,33935,65535,6700
1685515008,0,1,1,0,1331,3188,7821,11039,20308,65535,6696,32186,44719,57496,33937,65535,6702
1685515014,0,1,1,0,1331,3188,7820,11043,20315,65535,6694,32192,44702,57503,33954,65535,6702
1685515020,0,1,1,0,1331,3188,7821,11048,20317,65535,6696,32188,44718,57483,33934,65535,6700
1685515026,0,1,1,0,1331,3187,7818,11045,20312,65535,6692,32186,44685,57469,33953,65535,6702
1685515032,0,1,1,0,1331,3188,7818,11048,20313,65535,6692,32189,44704,57484,33941,65535,6702
1685515038,0,1,1,0,1331,3186,7817,11050,20309,65535,6694,32182,44714,57510,33955,65535,6702
1685515044,0,1,1,0,1331,3187,7816,11048,20306,65535,6698,32185,44689,57513,33931,65535,6704
1685515050,0,1,1,0,1331,3188,7817,11047,20308,65535,6696,32170,44716,57512,33950,65535,6700
1685515056,0,1,1,0,1331,3188,7821,11052,20308,65535,6694,32184,44706,57521,33935,65535,6702
1685515062,0,1,1,0,1331,3187,7815,11042,20315,65535,6692,32182,44713,57513,33934,65535,6702
1685515068,0,1,1,0,1330,3187,7820,11043,20316,65535,6694,32178,44709,57505,33947,65535,6700
1685515074,0,1,1,0,1331,3188,7814,11050,20316,65535,6696,32167,44683,57508,33949,65535,6698
1685515080,0,1,1,0,1331,3187,7816,11041,20306,65535,6694,32166,44711,57514,33934,65535,6702
1685515086,0,1,1,0,1331,3186,7819,11047,20306,65535,6694,32181,44715,57484,33934,65535,6702
1685515092,0,1,1,0,1331,3188,7817,11047,20303,65535,6693,32179,44709,57468,33929,65535,6702
1685515098,0,1,1,0,1331,3185,7815,11035,20305,65535,6692,32173,44703,57477,33933,65535,6700
1685515104,0,1,1,0,1330,3185,7809,11034,20307,65535,6690,32167,44676,57441,33909,65535,6696
1685515110,0,1,1,0,1330,3185,7815,11036,20305,65535,6690,32161,44683,57466,33926,65535,6698
1685515116,0,1,1,0,1330,3185,7815,11037,20302,65535,6690,32167,44668,57437,33924,65535,6698
1685515122,0,1,1,0,1330,3185,7809,11035,20297,65535,6688,32167,44682,57461,33923,65535,6698
1685515128,0,1,1,0,1330,3185,7817,11036,20304,65535,6688,32167,44686,57452,33922,65535,6696
1685515134,0,1,1,0,1330,3182,7813,11035,20303,65535,6692,32155,44675,57442,33920,65535,6698
1685515140,0,1,1,0,1330,3186,7811,11040,20293,65535,6688,32168,44667,57450,33933,65535,6702
1685515146,0,1,1,0,1330,3182,7813,11036,20305,65535,6690,32155,44671,57459,33904,65535,6695
1685515152,0,1,1,0,1330,3184,7813,11035,20292,65535,6688,32160,44654,57460,33910,65535,6700
1685515158,0,1,1,0,1330,3184,7814,11033,20300,65535,6690,32142,44656,57448,33917,65535,6702
1685515164,0,1,1,0,1330,3185,7814,11038,20294,65535,6690,32164,44657,57471,33910,65535,6696
1685515170,0,1,1,0,1330,3184,7808,11038,20289,65535,6692,32158,44665,57473,33927,65535,6696
1685515176,0,1,1,0,1330,3185,7815,11033,20297,65535,6688,32164,44655,57460,33911,65535,6702
1685515182,0,1,1,0,1330,3185,7815,11037,20296,65535,6694,32167,44680,57470,33934,65535,6700
1685515188,0,1,1,0,1330,3186,7815,11040,20299,65535,6688,32165,44687,57478,33932,65535,6700
1685515194,0,1,1,0,1330,3183,7813,11032,20294,65535,6690,32159,44684,57488,33912,65535,6698
1685515200,0,1,1,0,1330,3184,7809,11037,20303,65535,6694,32172,44691,57519,33932,65535,6696
1685515206,0,1,1,0,1330,3185,7816,11036,20304,65535,6690,32170,44696,57479,33933,65535,6702
1685515212,0,1,1,0,1330,3187,7816,11048,20298,65535,6688,32161,44695,57510,33940,65535,6698
1685515218,0,1,1,0,1330,3186,7817,11049,20300,65535,6694,32183,44698,57506,33941,65535,6698
1685515224,0,1,1,0,1330,3186,7817,11042,20309,65535,6691,32170,44701,57488,33916,65535,6700
1685515230,0,1,1,0,1330,3184,7819,11037,20301,65535,6690,32175,44688,57490,33927,65535,6702
1685515236,0,1,1,0,1330,3186,7817,11041,20307,65535,6692,32167,44659,57484,33926,65535,6700
1685515242,0,1,1,0,1330,3186,7812,11034,20293,65535,6688,32170,44682,57475,33904,65535,6697
1685515248,0,1,1,0,1330,3185,7810,11040,20298,65535,6690,32160,44678,57470,33928,65535,6696
1685515254,0,1,1,0,1330,3183,7811,11038,20295,65535,6688,32167,44674,57472,33910,65535,6694
1685515260,0,1,1,0,1330,3185,7810,11036,20302,65535,6691,32166,44681,57467,33922,65535,6700
1685515266,0,1,1,0,1330,3184,7814,11035,20294,65535,6692,32158,44667,57470,33906,65535,6694
1685515272,0,1,1,0,1330,3186,7816,11040,20311,65535,6692,32168,44670,57479,33908,65535,6702
1685515278,0,1,1,0,1330,3186,7818,11043,20307,65535,6692,32169,44668,57482,33932,65535,6700
1685515284,0,1,1,0,1330,3185,7811,11042,20307,65535,6692,32164,44669,57488,33917,65535,6702
1685515290,0,1,1,0,1330,3186,7813,11042,20308,65535,6692,32163,44666,57475,33911,65535,6702
1685515296,0,1,1,0,1330,3184,7816,11040,20305,65535,6694,32171,44672,57482,33935,65535,6700
1685515302,0,1,1,0,1330,3186,7814,11041,20305,65535,6690,32156,44688,57489,33939,65535,6698
1685515308,0,1,1,0,1330,3187,7816,11045,20296,65535,6694,32171,44681,57485,33936,65535,6702
1685515314,0,1,1,0,1330,3185,7815,11050,20312,65535,6694,32181,44685,57493,33949,65535,6700
1685515320,0,1,1,0,1330,3186,7814,11051,20303,65535,6690,32171,44683,57512,33924,65535,6702
1685515326,0,1,1,0,1330,3185,7818,11043,20297,65535,6692,32171,44679,57496,33947,65535,6698
1685515332,0,1,1,0,1330,3186,7818,11048,20308,65535,6694,32176,44706,57518,33928,65535,6702
1685515338,0,1,1,0,1330,3185,7818,11040,20313,65535,6692,32190,44692,57485,33922,65535,6698
1685515344,0,1,1,0,1330,3188,7817,11041,20315,65535,6696,32179,44700,57501,33946,65535,6704
1685515350,0,1,1,0,1330,3186,7814,11045,20296,65535,6696,32169,44685,57497,33942,65535,6698
1685515356,0,1,1,0,1330,3186,7814,11044,20300,65535,6694,32175,44676,57466,33933,65535,6704
1685515362,0,1,1,0,1330,3183,7815,11044,20309,65535,6692,32166,44670,57477,33932,65535,6698
1685515368,0,1,1,0,1330,3185,7818,11041,20307,65535,6694,32176,44683,57489,33944,65535,6700
1685515374,0,1,1,0,1330,3184,7816,11035,20296,65535,6690,32169,44677,57486,33934,65535,6702
1685515380,0,1,1,0,1330,3187,7818,11045,20311,65535,6692,32160,44680,57493,33938,65535,6700
1685515386,0,1,1,0,1330,3188,7823,11047,20309,65535,6692,32173,44689,57499,33932,65535,6704
1685515392,0,1,1,0,1331,3187,7815,11044,20309,65535,6692,32179,44713,57499,33923,65535,6696
1685515398,0,1,1,0,1330,3184,7818,11043,20296,65535,6694,32169,44682,57485,33937,65535,6702
1685515404,0,1,1,0,1330,3186,7818,11044,20301,65535,6692,32162,44700,57503,33936,65535,6704
1685515410,0,1,1,0,1330,3184,7817,11046,20304,65535,6696,32177,44699,57493,33930,65535,6702
1685515416,0,1,1,0,1330,3186,7817,11047,20308,65535,6696,32167,44687,57467,33924,65535,6700
1685515422,0,1,1,0,1330,3183,7811,11036,20301,65535,6692,32167,44670,57482,33921,65535,6700
1685515428,0,1,1,0,1330,3183,7810,11038,20288,65535,6692,32165,44686,57497,33913,65535,6700
1685515434,0,1,1,0,1330,3185,7813,11038,20306,65535,6690,32144,44663,57475,33920,65535,6698
1685515440,0,1,1,0,1330,3184,7811,11039,20306,65535,6692,32161,44659,57472,33931,65535,6698
1685515446,0,1,1,0,1330,3182,7806,11034,20281,65535,6690,32131,44662,57456,33910,65535,6694
1685515452,0,1,1,0,1330,3182,7812,11028,20300,65535,6690,32159,44680,57466,33910,65535,6698
1685515458,0,1,1,0,1330,3185,7816,11032,20295,65535,6689,32152,44682,57465,33911,65535,6694
1685515464,0,1,1,0,1330,3184,7810,11037,20287,65535,6688,32137,44662,57463,33908,65535,6696
1685515470,0,1,1,0,1330,3185,7811,11037,20296,65535,6692,32162,44674,57471,33913,65535,6700
1685515476,0,1,1,0,1330,3185,7815,11039,20297,65535,6690,32170,44672,57473,33931,65535,6698
1685515482,0,1,1,0,1330,3185,7814,11040,20303,65535,6693,32168,44672,57507,33929,65535,6700
1685515488,0,1,1,0,1330,3183,7813,11039,20295,65535,6692,32151,44674,57471,33928,65535,6700
1685515494,0,1,1,0,1330,3185,7808,11030,20289,65535,6692,32133,44653,57461,33911,65535,6698
1685515500,0,1,1,0,1330,3183,7809,11033,20298,65535,6688,32160,44661,57465,33906,65535,6694
1685515506,0,1,1,0,1330,3183,7808,11032,20295,65535,6686,32148,44652,57448,33911,65535,6694
1685515512,0,1,1,0,1330,3183,7807,11027,20284,65535,6686,32139,44634,57440,33905,65535,6692
1685515518,0,1,1,0,1330,3183,7809,11032,20298,65535,6686,32127,44643,57436,33889,65535,6694
1685515524,0,1,1,0,1330,3182,7805,11024,20284,65535,6682,32139,44633,57433,33904,65535,6694
1685515530,0,1,1,0,1330,3182,7805,11026,20279,65535,6684,32138,44635,57422,33902,65535,6692
1685515536,0,1,1,0,1330,3181,7805,11026,20288,65535,6682,32143,44636,57467,33896,65535,6694
1685515542,0,1,1,0,1330,3181,7808,11030,20283,65535,6684,32147,44636,57437,33908,65535,6694
1685515548,0,1,1,0,1330,3183,7806,11031,20285,65535,6690,32139,44640,57439,33904,65535,6698
1685515554,0,1,1,0,1330,3182,7810,11025,20294,65535,6684,32143,44639,57421,33905,65535,6696
1685515560,0,1,1,0,1330,3181,7809,11027,20290,65535,6690,32130,44649,57430,33897,65535,6698
1685515566,0,1,1,0,1330,3182,7807,11025,20280,65535,6684,32146,44643,57421,33907,65535,6696
1685515572,0,1,1,0,1330,3182,7805,11029,20283,65535,6688,32149,44643,57410,33917,65535,6692
1685515578,0,1,1,0,1330,3183,7805,11029,20288,65535,6686,32127,44638,57400,33895,65535,6698
1685515584,0,1,1,0,1330,3183,7808,11034,20299,65535,6686,32129,44639,57423,33893,65535,6695
1685515590,0,1,1,0,1330,3182,7808,11027,20286,65535,6686,32149,44644,57452,33889,65535,6692
1685515596,0,1,1,0,1330,3182,7807,11031,20296,65535,6684,32134,44624,57428,33902,65535,6692
1685515602,0,1,1,0,1330,3180,7803,11026,20290,65535,6686,32136,44631,57440,33901,65535,6692
1685515608,0,1,1,0,1330,3181,7807,11022,20283,65535,6687,32138,44631,57412,33889,65535,6694
1685515614,0,1,1,0,1330,3183,7809,11028,20284,65535,6686,32137,44653,57431,33891,65535,6692
1685515620,0,1,1,0,1330,3182,7809,11024,20280,65535,6688,32134,44655,57456,33883,65535,6694
1685515626,0,1,1,0,1330,3181,7806,11024,20284,65535,6688,32140,44634,57412,33889,65535,6692
1685515632,0,1,1,0,1330,3180,7802,11025,20280,65535,6684,32121,44617,57411,33876,65535,6691
1685515638,0,1,1,0,1330,3180,7802,11024,20273,65535,6686,32125,44615,57410,33877,65535,6690
1685515644,0,1,1,0,1330,3181,7803,11028,20278,65535,6684,32141,44646,57440,33898,65535,6694
1685515650,0,1,1,0,1330,3182,7811,11032,20282,65535,6684,32146,44634,57417,33904,65535,6692
1685515656,0,1,1,0,1330,3182,7808,11030,20287,65535,6688,32145,44641,57442,33891,65535,6692
1685515662,0,1,1,0,1330,3183,7807,11028,20293,65535,6688,32126,44657,57460,33889,65535,6696
1685515668,0,1,1,0,1330,3183,7807,11031,20296,65535,6690,32144,44634,57433,33895,65535,6696
1685515674,0,1,1,0,1330,3183,7806,11031,20290,65535,6688,32159,44639,57463,33904,65535,6694
1685515680,0,1,1,0,1330,3184,7807,11036,20288,65535,6686,32154,44672,57464,33905,65535,6698
1685515686,0,1,1,0,1330,3184,7812,11036,20295,65535,6694,32166,44680,57471,33919,65535,6696
1685515692,0,1,1,0,1330,3183,7811,11034,20301,65535,6692,32150,44659,57480,33926,65535,6700
1685515698,0,1,1,0,1330,3183,7810,11032,20294,65535,6692,32141,44651,57427,33902,65535,6694
1685515704,0,1,1,0,1330,3184,7807,11031,20291,65535,6692,32157,44646,57434,33904,65535,6696
1685515710,0,1,1,0,1330,3185,7810,11040,20305,65535,6686,32145,44671,57478,33911,65535,6700
1685515716,0,1,1,0,1330,3183,7811,11033,20298,65535,6690,32139,44667,57444,33917,65535,6698
1685515722,0,1,1,0,1330,3185,7807,11041,20296,65535,6686,32154,44640,57454,33913,65535,6698
1685515728,0,1,1,0,1330,3181,7806,11031,20278,65535,6688,32132,44640,57444,33903,65535,6696
1685515734,0,1,1,0,1330,3182,7805,11028,20291,65535,6684,32127,44654,57435,33886,65535,6692
1685515740,0,1,1,0,1330,3183,7812,11030,20285,65535,6686,32148,44661,57437,33911,65535,6692
1685515746,0,1,1,0,1330,3184,7807,11031,20299,65535,6686,32156,44667,57477,33900,65535,6694
1685515752,0,1,1,0,1330,3184,7809,11031,20298,65535,6686,32153,44646,57440,33914,65535,6694
1685515758,0,1,1,0,1330,3182,7805,11029,20288,65535,6688,32121,44636,57397,33886,65535,6696
1685515764,0,1,1,0,1330,3184,7810,11031,20288,65535,6690,32140,44668,57440,33915,65535,6694
1685515770,0,1,1,0,1330,3180,7806,11027,20299,65535,6688,32144,44633,57443,33893,65535,6698
1685515776,0,1,1,0,1330,3183,7808,11025,20299,65535,6686,32148,44650,57445,33909,65535,6694
1685515782,0,1,1,0,1330,3182,7806,11029,20287,65535,6686,32139,44635,57401,33889,65535,6694
1685515788,0,1,1,0,1330,3183,7810,11026,20287,65535,6684,32140,44628,57420,33898,65535,6694
1685515794,0,1,1,0,1330,3183,7810,11024,20282,65535,6686,32128,44621,57433,33878,65535,6692
1685515800,0,1,1,0,1330,3182,7804,11027,20289,65535,6684,32134,44635,57465,33902,65535,6692
1685515806,0,1,1,0,1330,3184,7811,11031,20294,65535,6688,32134,44638,57438,33905,65535,6694
1685515812,0,1,1,0,1330,3181,7807,11028,20288,65535,6686,32144,44647,57442,33896,65535,6692
1685515818,0,1,1,0,1330,3181,7809,11029,20292,65535,6688,32135,44615,57402,33882,65535,6692
1685515824,0,1,1,0,1330,3180,7807,11026,20292,65535,6688,32130,44634,57433,33906,65535,6692
1685515830,0,1,1,0,1330,3182,7805,11029,20294,65535,6689,32143,44656,57445,33907,65535,6692
1685515836,0,1,1,0,1330,3182,7804,11032,20286,65535,6680,32129,44618,57386,33888,65535,6694
1685515842,0,1,1,0,1330,3180,7805,11030,20287,65535,6682,32113,44639,57418,33893,65535,6694
1685515848,0,1,1,0,1330,3182,7807,11029,20279,65535,6690,32135,44639,57436,33905,65535,6692
1685515854,0,1,1,0,1330,3180,7803,11030,20290,65535,6686,32123,44630,57442,33901,65535,6694
1685515860,0,1,1,0,1330,3181,7802,11026,20276,65535,6682,32133,44644,57425,33870,65535,6696
1685515866,0,1,1,0,1330,3181,7800,11024,20279,65535,6682,32109,44617,57420,33891,65535,6692
1685515872,0,1,1,0,1330,3182,7803,11018,20280,65535,6686,32132,44620,57404,33874,65535,6694
1685515878,0,1,1,0,1330,3181,7804,11020,20274,65535,6684,32132,44622,57411,33903,65535,6688
1685515884,0,1,1,0,1330,3181,7806,11023,20294,65535,6684,32125,44634,57408,33893,65535,6692
1685515890,0,1,1,0,1330,3181,7807,11024,20290,65535,6686,32136,44620,57416,33880,65535,6692
1685515896,0,1,1,0,1330,3181,7810,11026,20294,65535,6686,32135,44634,57426,33893,65535,6692
1685515902,0,1,1,0,1330,3182,7808,11024,20279,65535,6688,32131,44623,57419,33895,65535,6696
1685515908,0,1,1,0,1330,3181,7807,11027,20291,65535,6686,32135,44643,57452,33882,65535,6694
1685515914,0,1,1,0,1330,3182,7803,11028,20284,65535,6688,32140,44641,57423,33903,65535,6690
1685515920,0,1,1,0,1330,3182,7802,11025,20293,65535,6686,32137,44615,57426,33879,65535,6692
1685515926,0,1,1,0,1330,3182,7807,11034,20283,65535,6686,32137,44619,57429,33879,65535,6696
1685515932,0,1,1,0,1330,3182,7808,11032,20284,65535,6682,32134,44637,57418,33895,65535,6690
1685515938,0,1,1,0,1330,3182,7807,11029,20278,65535,6686,32131,44647,57415,33877,65535,6691
1685515944,0,1,1,0,1330,3181,7804,11023,20280,65535,6686,32134,44657,57426,33894,65535,6690
1685515950,0,1,1,0,1330,3180,7807,11032,20291,65535,6686,32141,44637,57447,33885,65535,6692
1685515956,0,1,1,0,1330,3183,7809,11030,20294,65535,6688,32147,44636,57442,33913,65535,6696
1685515962,0,1,1,0,1330,3181,7808,11035,20295,65535,6686,32152,44641,57450,33912,65535,6698
1685515968,0,1,1,0,1330,3184,7807,11034,20297,65535,6690,32150,44669,57450,33922,65535,6694
1685515974,0,1,1,0,1330,3183,7812,11034,20296,65535,6686,32141,44638,57439,33888,65535,6694
1685515980,0,1,1,0,1330,3181,7810,11036,20298,65535,6686,32145,44643,57414,33891,65535,6694
1685515986,0,1,1,0,1330,3183,7808,11028,20282,65535,6690,32149,44650,57438,33905,65535,6696
1685515992,0,1,1,0,1330,3182,7805,11030,20288,65535,6688,32141,44644,57449,33897,65535,6698
1685515998,0,1,1,0,1330,3184,7812,11029,20302,65535,6688,32148,44665,57449,33897,65535,6696
1685516004,0,1,1,0,1330,3183,7809,11026,20290,65535,6689,32144,44645,57433,33906,65535,6696
1685516010,0,1,1,0,1330,3180,7807,11029,20292,65535,6688,32146,44646,57466,33882,65535,6695
1685516016,0,1,1,0,1330,3182,7802,11027,20278,65535,6688,32128,44636,57422,33895,65535,6690
1685516022,0,1,1,0,1330,3182,7803,11030,20278,65535,6686,32140,44649,57416,33894,65535,6694
1685516028,0,1,1,0,1330,3179,7808,11023,20288,65535,6686,32139,44629,57459,33900,65535,6694
1685516034,0,1,1,0,1330,3181,7804,11030,20283,65535,6688,32131,44635,57410,33891,65535,6694
1685516040,0,1,1,0,1330,3181,7808,11025,20275,65535,6686,32120,44632,57423,33891,65535,6694
1685516046,0,1,1,0,1330,3179,7807,11022,20287,65535,6682,32128,44639,57410,33873,65535,6694
1685516052,0,1,1,0,1330,3182,7803,11031,20288,65535,6684,32132,44614,57413,33878,65535,6692
1685516058,0,1,1,0,1330,3180,7801,11024,20289,65535,6684,32135,44646,57418,33879,65535,6690
1685516064,0,1,1,0,1330,3181,7804,11022,20282,65535,6686,32126,44621,57418,33892,65535,6692
1685516070,0,1,1,0,1330,3181,7803,11025,20289,65535,6686,32118,44616,57416,33879,65535,6696
1685516076,0,1,1,0,1330,3180,7803,11028,20283,65535,6686,32105,44614,57401,33883,65535,6692
1685516082,0,1,1,0,1330,3179,7800,11020,20267,65535,6682,32120,44605,57363,33856,65535,6690
1685516088,0,1,1,0,1330,3180,7804,11022,20283,65535,6680,32122,44606,57387,33857,65535,6692
1685516094,0,1,1,0,1330,3179,7802,11023,20283,65535,6686,32124,44621,57389,33863,65535,6693
1685516100,0,1,1,0,1330,3180,7798,11012,20267,65535,6680,32111,44605,57409,33867,65535,6692
1685516106,0,1,1,0,1325,3178,7801,11014,20276,65535,6678,32095,44583,57365,33863,65535,6686
1685516112,0,1,1,0,1330,3178,7801,11015,20277,65535,6684,32100,44582,57373,33868,65535,6686
1685516118,0,1,1,0,1325,3179,7794,11016,20259,65535,6682,32115,44603,57399,33859,65535,6688
1685516124,0,1,1,0,1325,3177,7795,11010,20273,65535,6682,32111,44580,57365,33861,65535,6688
1685516130,0,1,1,0,1330,3180,7801,11014,20267,65535,6678,32095,44583,57374,33866,65535,6688
1685516136,0,1,1,0,1330,3177,7795,11014,20259,65535,6682,32114,44596,57377,33850,65535,6686
1685516142,0,1,1,0,1330,3179,7798,11015,20274,65535,6680,32121,44594,57383,33854,65535,6686
1685516148,0,1,1,0,1330,3179,7799,11015,20277,65535,6680,32117,44602,57381,33850,65535,6688
1685516154,0,1,1,0,1325,3179,7797,11017,20270,65535,6681,32120,44594,57388,33868,65535,6688
1685516160,0,1,1,0,1325,3179,7804,11014,20272,65535,6680,32122,44618,57382,33858,65535,6690
1685516166,0,1,1,0,1325,3179,7802,11014,20269,65535,6678,32114,44619,57388,33858,65535,6688
1685516172,0,1,1,0,1325,3179,7801,11019,20274,65535,6678,32096,44593,57409,33870,65535,6686
1685516178,0,1,1,0,1325,3178,7799,11011,20274,65535,6676,32110,44574,57361,33840,65535,6690
1685516184,0,1,1,0,1325,3176,7797,11010,20275,65535,6678,32087,44570,57356,33840,65535,6684
1685516190,0,1,1,0,1325,3177,7793,11009,20259,65535,6680,32113,44597,57358,33862,65535,6688
1685516196,0,1,1,0,1325,3176,7798,11009,20262,65535,6676,32097,44582,57347,33833,65535,6684
1685516202,0,1,1,0,1325,3177,7798,11009,20271,65535,6676,32089,44568,57361,33831,65535,6686
1685516208,0,1,1,0,1325,3179,7798,11006,20263,65535,6682,32105,44565,57336,33857,65535,6682
1685516214,0,1,1,0,1325,3176,7793,11006,20270,65535,6674,32101,44556,57335,33843,65535,6682
1685516220,0,1,1,0,1325,3175,7793,11002,20258,65535,6680,32094,44558,57353,33843,65535,6685
1685516226,0,1,1,0,1325,3174,7796,10998,20268,65535,6676,32093,44546,57352,33825,65535,6682
1685516232,0,1,1,0,1325,3173,7791,10997,20258,65535,6672,32073,44559,57346,33831,65535,6680
1685516238,0,1,1,0,1325,3175,7788,10998,20256,65535,6676,32093,44559,57345,33817,65535,6680
1685516244,0,1,1,0,1325,3174,7790,10995,20245,65535,6676,32072,44552,57296,33825,65535,6682
1685516250,0,1,1,0,1325,3174,7786,10993,20252,65535,6674,32071,44534,57333,33822,65535,6682
1685516256,0,1,1,0,1325,3175,7788,11001,20258,65535,6674,32072,44534,57353,33825,65535,6678
1685516262,0,1,1,0,1325,3175,7791,10995,20258,65535,6675,32079,44549,57306,33830,65535,6678
1685516268,0,1,1,0,1325,3174,7787,11003,20259,65535,6674,32069,44536,57314,33828,65535,6682
1685516274,0,1,1,0,1325,3174,7789,10998,20263,65535,6672,32088,44543,57323,33809,65535,6680
1685516280,0,1,1,0,1325,3173,7786,10998,20246,65535,6674,32075,44527,57315,33796,65535,6678
1685516286,0,1,1,0,1325,3175,7787,10994,20256,65535,6671,32085,44543,57315,33826,65535,6680
1685516292,0,1,1,0,1325,3176,7790,11002,20264,65535,6676,32071,44537,57330,33830,65535,6682
1685516298,0,1,1,0,1325,3174,7790,11005,20256,65535,6672,32079,44554,57360,33845,65535,6682
1685516304,0,1,1,0,1325,3173,7791,11000,20265,65535,6678,32072,44541,57331,33841,65535,6680
1685516310,0,1,1,0,1325,3175,7786,10996,20248,65535,6670,32079,44525,57312,33812,65535,6680
1685516316,0,1,1,0,1325,3171,7785,10991,20253,65535,6666,32075,44515,57292,33810,65535,6678
1685516322,0,1,1,0,1325,3172,7785,10984,20237,65535,6670,32056,44521,57299,33808,65535,6674
1685516328,0,1,1,0,1325,3175,7783,10990,20244,65535,6672,32055,44497,57289,33806,65535,6678
1685516334,0,1,1,0,1325,3169,7783,10984,20243,65535,6664,32040,44503,57265,33769,65535,6674
1685516340,0,1,1,0,1325,3170,7777,10982,20240,65535,6670,32038,44505,57265,33787,65535,6674
1685516346,0,1,1,0,1325,3169,7774,10983,20230,65535,6662,32018,44454,57254,33777,65535,6670
1685516352,0,1,1,0,1325,3167,7778,10976,20225,65535,6666,32040,44455,57256,33781,65535,6668
1685516358,0,1,1,0,1325,3168,7775,10974,20227,65535,6660,32022,44455,57250,33749,65535,6668
1685516364,0,1,1,0,1325,3168,7774,10978,20226,65535,6662,32040,44460,57241,33778,65535,6670
1685516370,0,1,1,0,1325,3168,7774,10980,20222,65535,6662,32014,44448,57225,33746,65535,6668
1685516376,0,1,1,0,1325,3168,7780,10978,20236,65535,6660,32031,44443,57235,33747,65535,6668
1685516382,0,1,1,0,1324,3170,7776,10978,20236,65535,6660,32016,44459,57236,33765,65535,6670
1685516388,0,1,1,0,1325,3167,7774,10975,20219,65535,6664,32037,44468,57237,33748,65535,6668
1685516394,0,1,1,0,1325,3170,7777,10979,20239,65535,6662,32025,44446,57225,33741,65535,6668
