Timestamp,Amber,White,On,Override,Intensity,AS00,AS01,AS02,AS03,AS04,AS05,AS06,AS07,AS08,AS09,AS10,AS11
1685527200,0,1,1,0,1305,3069,7535,10599,19805,65535,6486,31212,43180,55734,32878,65535,6494
1685527206,0,1,1,0,1305,3068,7534,10598,19799,65535,6488,31198,43148,55707,32868,65535,6492
1685527212,0,1,1,0,1305,3069,7536,10599,19800,65535,6492,31212,43162,55734,32882,65535,6492
1685527218,0,1,1,0,1305,3067,7536,10598,19802,65535,6490,31202,43162,55730,32889,65535,6492
1685527224,0,1,1,0,1305,3067,7539,10601,19816,65535,6490,31194,43154,55719,32870,65535,6496
1685527230,0,1,1,0,1305,3068,7535,10599,19803,65535,6486,31206,43155,55731,32873,65535,6490
1685527236,0,1,1,0,1305,3067,7536,10598,19810,65535,6490,31207,43152,55730,32889,65535,6498
1685527242,0,1,1,0,1305,3067,7536,10596,19801,65535,6486,31209,43156,55735,32877,65535,6494
1685527248,0,1,1,0,1305,3067,7536,10594,19801,65535,6485,31211,43161,55741,32871,65535,6494
1685527254,0,1,1,0,1305,3067,7534,10594,19797,65535,6488,31196,43146,55726,32887,65535,6490
1685527260,0,1,1,0,1305,3067,7536,10593,19802,65535,6488,31206,43160,55716,32881,65535,6498
1685527266,0,1,1,0,1305,3067,7536,10594,19801,65535,6488,31204,43157,55705,32890,65535,6496
1685527272,0,1,1,0,1305,3067,7534,10595,19807,65535,6486,31207,43160,55710,32864,65535,6494
1685527278,0,1,1,0,1305,3067,7532,10593,19794,65535,6488,31206,43153,55707,32885,65535,6494
1685527284,0,1,1,0,1305,3068,7534,10595,19797,65535,6488,31200,43142,55741,32881,65535,6494
1685527290,0,1,1,0,1305,3067,7535,10602,19798,65535,6488,31205,43149,55743,32888,65535,6494
1685527296,0,1,1,0,1310,3069,7541,10601,19803,65535,6490,31209,43158,55733,32876,65535,6498
1685527302,0,1,1,0,1305,3069,7536,10596,19805,65535,6488,31209,43156,55726,32879,65535,6498
1685527308,0,1,1,0,1305,3067,7535,10596,19813,65535,6486,31222,43148,55745,32878,65535,6496
1685527314,0,1,1,0,1305,3068,7535,10596,19808,65535,6490,31212,43154,55716,32881,65535,6498
1685527320,0,1,1,0,1305,3067,7536,10598,19802,65535,6488,31209,43155,55723,32896,65535,6492
1685527326,0,1,1,0,1310,3068,7539,10597,19810,65535,6492,31221,43166,55768,32906,65535,6498
1685527332,0,1,1,0,1310,3069,7542,10599,19802,65535,6490,31218,43165,55757,32902,65535,6498
1685527338,0,1,1,0,1310,3069,7538,10602,19817,65535,6492,31224,43179,55749,32891,65535,6498
1685527344,0,1,1,0,1310,3070,7541,10613,19820,65535,6494,31230,43190,55764,32895,65535,6498
1685527350,0,1,1,0,1310,3070,7542,10609,19821,65535,6494,31226,43200,55773,32905,65535,6502
1685527356,0,1,1,0,1310,3070,7542,10606,19809,65535,6494,31231,43197,55771,32896,65535,6503
1685527362,0,1,1,0,1310,3070,7540,10610,19810,65535,6490,31239,43189,55740,32897,65535,6498
1685527368,0,1,1,0,1310,3073,7544,10612,19815,65535,6490,31223,43187,55738,32896,65535,6502
1685527374,0,1,1,0,1310,3070,7544,10609,19826,65535,6492,31245,43212,55770,32897,65535,6502
1685527380,0,1,1,0,1310,3072,7546,10611,19819,65535,6490,31230,43203,55775,32907,65535,6500
1685527386,0,1,1,0,1310,3070,7543,10614,19812,65535,6491,31232,43201,55798,32907,65535,6502
1685527392,0,1,1,0,1310,3069,7544,10607,19814,65535,6492,31230,43193,55760,32902,65535,6500
1685527398,0,1,1,0,1310,3073,7550,10617,19820,65535,6494,31237,43227,55771,32907,65535,6502
1685527404,0,1,1,0,1310,3072,7549,10619,19819,65535,6496,31266,43226,55813,32922,65535,6504
1685527410,0,1,1,0,1310,3072,7548,10621,19825,65535,6500,31247,43222,55793,32937,65535,6506
1685527416,0,1,1,0,1310,3072,7545,10615,19825,65535,6496,31245,43222,55792,32924,65535,6502
1685527422,0,1,1,0,1310,3072,7546,10620,19818,65535,6496,31245,43214,55761,32917,65535,6504
1685527428,0,1,1,0,1310,3071,7543,10613,19810,65535,6494,31228,43203,55797,32908,65535,6502
1685527434,0,1,1,0,1310,3072,7547,10613,19819,65535,6496,31239,43208,55807,32920,65535,6504
1685527440,0,1,1,0,1310,3070,7545,10613,19818,65535,6494,31225,43191,55756,32914,65535,6500
1685527446,0,1,1,0,1310,3070,7543,10612,19819,65535,6490,31230,43191,55782,32897,65535,6500
1685527452,0,1,1,0,1310,3070,7541,10604,19811,65535,6495,31238,43183,55781,32909,65535,6502
1685527458,0,1,1,0,1310,3071,7541,10602,19820,65535,6494,31225,43177,55772,32892,65535,6497
1685527464,0,1,1,0,1310,3068,7540,10600,19807,65535,6494,31219,43181,55766,32894,65535,6500
1685527470,0,1,1,0,1310,3069,7541,10601,19807,65535,6492,31222,43180,55734,32906,65535,6496
1685527476,0,1,1,0,1310,3069,7541,10606,19813,65535,6492,31234,43188,55758,32908,65535,6498
1685527482,0,1,1,0,1310,3069,7541,10609,19807,65535,6488,31216,43170,55740,32889,65535,6500
1685527488,0,1,1,0,1310,3070,7541,10607,19809,65535,6492,31234,43214,55763,32903,65535,6500
1685527494,0,1,1,0,1310,3070,7547,10608,19821,65535,6492,31224,43192,55754,32902,65535,6499
1685527500,0,1,1,0,1310,3069,7540,10606,19808,65535,6494,31229,43188,55796,32905,65535,6496
1685527506,0,1,1,0,1310,3068,7540,10603,19808,65535,6494,31226,43185,55751,32917,65535,6500
1685527512,0,1,1,0,1305,3070,7544,10605,19809,65535,6492,31222,43197,55780,32910,65535,6498
1685527518,0,1,1,0,1310,3069,7540,10602,19808,65535,6490,31225,43180,55775,32895,65535,6502
1685527524,0,1,1,0,1310,3068,7541,10610,19807,65535,6490,31227,43191,55760,32919,65535,6502
1685527530,0,1,1,0,1310,3070,7540,10604,19809,65535,6494,31231,43187,55766,32905,65535,6502
1685527536,0,1,1,0,1310,3070,7542,10607,19814,65535,6496,31242,43195,55755,32907,65535,6502
1685527542,0,1,1,0,1310,3070,7545,10610,19821,65535,6496,31246,43207,55824,32920,65535,6504
1685527548,0,1,1,0,1310,3071,7545,10612,19815,65535,6496,31237,43204,55790,32912,65535,6504
1685527554,0,1,1,0,1310,3071,7543,10608,19812,65535,6494,31241,43210,55772,32916,65535,6503
1685527560,0,1,1,0,1310,3070,7541,10610,19815,65535,6496,31249,43208,55795,32920,65535,6504
1685527566,0,1,1,0,1310,3071,7543,10610,19814,65535,6494,31233,43215,55770,32926,65535,6502
1685527572,0,1,1,0,1310,3071,7542,10609,19825,65535,6496,31232,43176,55761,32896,65535,6498
1685527578,0,1,1,0,1310,3069,7539,10604,19806,65535,6492,31230,43186,55752,32898,65535,6500
1685527584,0,1,1,0,1305,3069,7541,10605,19806,65535,6490,31207,43150,55750,32881,65535,6496
1685527590,0,1,1,0,1310,3069,7536,10600,19800,65535,6491,31217,43164,55740,32905,65535,6496
1685527596,0,1,1,0,1310,3069,7540,10608,19807,65535,6492,31214,43179,55735,32883,65535,6498
1685527602,0,1,1,0,1310,3067,7535,10596,19809,65535,6488,31218,43174,55765,32887,65535,6496
1685527608,0,1,1,0,1305,3068,7536,10596,19803,65535,6486,31209,43163,55756,32885,65535,6498
1685527614,0,1,1,0,1305,3067,7536,10603,19801,65535,6492,31213,43169,55729,32886,65535,6492
1685527620,0,1,1,0,1305,3067,7535,10596,19797,65535,6492,31209,43143,55716,32890,65535,6498
1685527626,0,1,1,0,1305,3066,7531,10590,19791,65535,6484,31202,43144,55736,32868,65535,6492
1685527632,0,1,1,0,1305,3066,7532,10590,19790,65535,6484,31188,43119,55716,32851,65535,6492
1685527638,0,1,1,0,1305,3065,7530,10590,19789,65535,6486,31192,43132,55688,32861,65535,6488
1685527644,0,1,1,0,1305,3064,7529,10594,19799,65535,6480,31185,43114,55671,32867,65535,6492
1685527650,0,1,1,0,1305,3064,7526,10586,19787,65535,6482,31176,43127,55666,32842,65535,6486
1685527656,0,1,1,0,1305,3063,7528,10586,19786,65535,6484,31181,43113,55679,32859,65535,6490
1685527662,0,1,1,0,1305,3064,7528,10594,19788,65535,6484,31188,43138,55685,32877,65535,6492
1685527668,0,1,1,0,1305,3064,7530,10591,19786,65535,6482,31188,43113,55680,32867,65535,6490
1685527674,0,1,1,0,1305,3064,7530,10588,19790,65535,6484,31190,43120,55681,32851,65535,6492
1685527680,0,1,1,0,1305,3064,7529,10588,19799,65535,6485,31176,43108,55669,32842,65535,6490
1685527686,0,1,1,0,1305,3065,7535,10589,19801,65535,6480,31189,43118,55689,32871,65535,6490
1685527692,0,1,1,0,1305,3064,7525,10585,19779,65535,6482,31173,43099,55652,32842,65535,6490
1685527698,0,1,1,0,1305,3064,7524,10588,19790,65535,6480,31179,43133,55662,32845,65535,6486
1685527704,0,1,1,0,1305,3066,7527,10588,19784,65535,6480,31182,43109,55663,32841,65535,6486
1685527710,0,1,1,0,1305,3065,7529,10583,19776,65535,6480,31168,43096,55673,32850,65535,6488
1685527716,0,1,1,0,1305,3063,7523,10586,19779,65535,6476,31191,43117,55686,32837,65535,6486
1685527722,0,1,1,0,1305,3064,7530,10587,19792,65535,6482,31181,43095,55667,32852,65535,6490
1685527728,0,1,1,0,1305,3064,7526,10583,19780,65535,6482,31179,43118,55662,32850,65535,6490
1685527734,0,1,1,0,1305,3063,7525,10584,19793,65535,6484,31174,43097,55669,32836,65535,6486
1685527740,0,1,1,0,1305,3065,7529,10586,19784,65535,6480,31173,43134,55680,32864,65535,6490
1685527746,0,1,1,0,1305,3066,7530,10589,19797,65535,6484,31181,43103,55703,32862,65535,6488
1685527752,0,1,1,0,1305,3065,7531,10592,19793,65535,6484,31210,43123,55699,32854,65535,6492
1685527758,0,1,1,0,1305,3066,7531,10591,19787,65535,6486,31189,43121,55697,32868,65535,6492
1685527764,0,1,1,0,1305,3066,7532,10591,19792,65535,6482,31195,43133,55705,32887,65535,6492
1685527770,0,1,1,0,1305,3067,7530,10589,19789,65535,6486,31197,43124,55691,32873,65535,6494
1685527776,0,1,1,0,1305,3064,7530,10589,19799,65535,6484,31195,43131,55722,32862,65535,6492
1685527782,0,1,1,0,1305,3067,7530,10587,19789,65535,6486,31193,43133,55691,32864,65535,6489
1685527788,0,1,1,0,1305,3064,7528,10584,19791,65535,6484,31184,43114,55674,32850,65535,6490
1685527794,0,1,1,0,1305,3064,7526,10588,19782,65535,6486,31190,43135,55704,32870,65535,6492
1685527800,0,1,1,0,1305,3064,7529,10587,19789,65535,6486,31189,43129,55671,32877,65535,6494
1685527806,0,1,1,0,1305,3065,7531,10595,19793,65535,6484,31192,43130,55696,32868,65535,6494
1685527812,0,1,1,0,1305,3067,7532,10593,19800,65535,6486,31199,43154,55709,32868,65535,6494
1685527818,0,1,1,0,1305,3067,7529,10595,19794,65535,6486,31193,43149,55702,32860,65535,6494
1685527824,0,1,1,0,1305,3066,7531,10593,19794,65535,6486,31197,43129,55698,32865,65535,6492
1685527830,0,1,1,0,1305,3066,7538,10598,19798,65535,6486,31199,43145,55716,32870,65535,6496
1685527836,0,1,1,0,1305,3067,7536,10597,19797,65535,6486,31203,43141,55719,32858,65535,6496
1685527842,0,1,1,0,1305,3067,7540,10607,19813,65535,6488,31199,43143,55700,32873,65535,6492
1685527848,0,1,1,0,1305,3067,7538,10600,19801,65535,6488,31217,43182,55742,32889,65535,6494
1685527854,0,1,1,0,1305,3067,7538,10603,19805,65535,6492,31222,43154,55728,32895,65535,6498
1685527860,0,1,1,0,1305,3066,7537,10597,19796,65535,6490,31210,43168,55735,32879,65535,6496
1685527866,0,1,1,0,1305,3068,7536,10600,19803,65535,6488,31208,43147,55759,32895,65535,6496
1685527872,0,1,1,0,1305,3066,7534,10594,19791,65535,6484,31196,43155,55711,32872,65535,6494
1685527878,0,1,1,0,1305,3067,7535,10596,19795,65535,6488,31208,43162,55728,32879,65535,6496
1685527884,0,1,1,0,1305,3067,7532,10597,19795,65535,6489,31207,43164,55734,32896,65535,6496
1685527890,0,1,1,0,1305,3066,7537,10599,19803,65535,6486,31201,43165,55700,32876,65535,6492
1685527896,0,1,1,0,1305,3067,7533,10596,19814,65535,6488,31195,43143,55709,32871,65535,6498
1685527902,0,1,1,0,1305,3065,7532,10599,19794,65535,6486,31199,43128,55688,32868,65535,6496
1685527908,0,1,1,0,1305,3066,7532,10588,19792,65535,6488,31204,43137,55724,32886,65535,6494
1685527914,0,1,1,0,1305,3067,7538,10602,19805,65535,6488,31203,43169,55709,32878,65535,6496
1685527920,0,1,1,0,1305,3067,7537,10592,19804,65535,6488,31194,43145,55705,32885,65535,6494
1685527926,0,1,1,0,1305,3064,7529,10593,19787,65535,6484,31191,43124,55707,32863,65535,6492
1685527932,0,1,1,0,1305,3067,7530,10590,19787,65535,6484,31188,43118,55692,32875,65535,6494
1685527938,0,1,1,0,1305,3064,7528,10590,19788,65535,6484,31182,43097,55676,32858,65535,6492
1685527944,0,1,1,0,1305,3064,7527,10586,19789,65535,6486,31186,43133,55703,32857,65535,6494
1685527950,0,1,1,0,1305,3065,7530,10588,19786,65535,6484,31178,43106,55681,32846,65535,6490
1685527956,0,1,1,0,1305,3066,7534,10586,19792,65535,6485,31184,43111,55704,32856,65535,6488
1685527962,0,1,1,0,1305,3063,7528,10582,19781,65535,6484,31175,43099,55683,32843,65535,6488
1685527968,0,1,1,0,1305,3062,7522,10583,19785,65535,6480,31171,43090,55676,32845,65535,6488
1685527974,0,1,1,0,1305,3062,7525,10584,19782,65535,6478,31176,43092,55675,32846,65535,6486
1685527980,0,1,1,0,1305,3062,7524,10582,19783,65535,6482,31163,43097,55636,32839,65535,6484
1685527986,0,1,1,0,1305,3062,7522,10576,19778,65535,6478,31165,43087,55631,32835,65535,6486
1685527992,0,1,1,0,1305,3064,7525,10586,19781,65535,6480,31171,43096,55648,32841,65535,6486
1685527998,0,1,1,0,1305,3063,7522,10581,19782,65535,6478,31171,43085,55666,32842,65535,6485
1685528004,0,1,1,0,1305,3063,7521,10582,19791,65535,6482,31158,43078,55662,32831,65535,6484
1685528010,0,1,1,0,1305,3063,7524,10586,19779,65535,6478,31173,43093,55679,32833,65535,6488
1685528016,0,1,1,0,1305,3063,7522,10583,19782,65535,6482,31171,43094,55670,32835,65535,6488
1685528022,0,1,1,0,1305,3063,7525,10584,19784,65535,6480,31162,43085,55659,32850,65535,6485
1685528028,0,1,1,0,1305,3062,7525,10581,19779,65535,6480,31161,43087,55651,32828,65535,6488
1685528034,0,1,1,0,1305,3062,7524,10580,19787,65535,6482,31171,43104,55645,32832,65535,6484
1685528040,0,1,1,0,1305,3063,7522,10582,19780,65535,6478,31167,43108,55663,32852,65535,6484
1685528046,0,1,1,0,1305,3062,7528,10584,19781,65535,6476,31166,43090,55654,32829,65535,6488
1685528052,0,1,1,0,1305,3063,7527,10584,19786,65535,6478,31172,43107,55671,32839,65535,6486
1685528058,0,1,1,0,1305,3064,7527,10581,19784,65535,6480,31172,43091,55686,32837,65535,6490
1685528064,0,1,1,0,1305,3061,7525,10577,19773,65535,6482,31168,43094,55656,32851,65535,6490
1685528070,0,1,1,0,1305,3063,7527,10582,19784,65535,6478,31167,43085,55649,32835,65535,6484
1685528076,0,1,1,0,1305,3063,7524,10580,19786,65535,6478,31166,43101,55614,32836,65535,6488
1685528082,0,1,1,0,1305,3063,7525,10587,19790,65535,6482,31171,43099,55657,32836,65535,6484
1685528088,0,1,1,0,1305,3063,7525,10581,19787,65535,6482,31180,43085,55658,32830,65535,6488
1685528094,0,1,1,0,1305,3062,7526,10578,19777,65535,6478,31166,43085,55652,32834,65535,6484
1685528100,0,1,1,0,1305,3062,7526,10583,19785,65535,6482,31165,43086,55655,32839,65535,6488
1685528106,0,1,1,0,1305,3062,7522,10580,19780,65535,6482,31174,43113,55689,32839,65535,6486
1685528112,0,1,1,0,1305,3063,7525,10579,19782,65535,6480,31173,43103,55651,32839,65535,6492
1685528118,0,1,1,0,1305,3063,7525,10580,19775,65535,6478,31159,43093,55648,32827,65535,6482
1685528124,0,1,1,0,1305,3062,7526,10583,19781,65535,6478,31184,43098,55677,32857,65535,6492
1685528130,0,1,1,0,1305,3063,7525,10582,19780,65535,6480,31168,43109,55673,32840,65535,6486
1685528136,0,1,1,0,1305,3064,7524,10583,19791,65535,6481,31175,43108,55652,32834,65535,6488
1685528142,0,1,1,0,1305,3063,7525,10584,19784,65535,6483,31173,43099,55669,32846,65535,6490
1685528148,0,1,1,0,1305,3062,7526,10573,19777,65535,6478,31169,43108,55664,32839,65535,6486
1685528154,0,1,1,0,1305,3062,7526,10581,19777,65535,6478,31166,43080,55661,32835,65535,6486
1685528160,0,1,1,0,1305,3061,7520,10581,19775,65535,6476,31162,43099,55660,32827,65535,6484
1685528166,0,1,1,0,1305,3061,7521,10578,19780,65535,6478,31167,43083,55636,32836,65535,6484
1685528172,0,1,1,0,1305,3062,7524,10582,19780,65535,6476,31165,43080,55655,32831,65535,6482
1685528178,0,1,1,0,1305,3060,7523,10577,19772,65535,6476,31155,43064,55619,32820,65535,6484
1685528184,0,1,1,0,1305,3060,7526,10578,19776,65535,6479,31154,43082,55639,32823,65535,6482
1685528190,0,1,1,0,1305,3062,7522,10578,19784,65535,6474,31158,43083,55658,32821,65535,6488
1685528196,0,1,1,0,1305,3061,7520,10583,19778,65535,6477,31159,43081,55673,32838,65535,6484
1685528202,0,1,1,0,1305,3061,7522,10581,19779,65535,6476,31143,43072,55671,32822,65535,6482
1685528208,0,1,1,0,1305,3062,7526,10579,19776,65535,6482,31163,43076,55655,32835,65535,6486
1685528214,0,1,1,0,1305,3064,7526,10583,19774,65535,6476,31166,43109,55683,32834,65535,6482
1685528220,0,1,1,0,1305,3063,7523,10582,19781,65535,6482,31168,43103,55649,32832,65535,6486
1685528226,0,1,1,0,1305,3064,7522,10579,19782,65535,6478,31160,43099,55680,32844,65535,6486
1685528232,0,1,1,0,1305,3062,7524,10586,19779,65535,6482,31167,43091,55654,32852,65535,6488
1685528238,0,1,1,0,1305,3062,7525,10586,19783,65535,6480,31162,43084,55646,32848,65535,6484
1685528244,0,1,1,0,1305,3063,7523,10582,19783,65535,6480,31172,43093,55667,32845,65535,6485
1685528250,0,1,1,0,1305,3063,7525,10588,19783,65535,6480,31172,43092,55662,32860,65535,6486
1685528256,0,1,1,0,1305,3063,7525,10587,19789,65535,6480,31177,43103,55663,32848,65535,6486
1685528262,0,1,1,0,1305,3063,7525,10582,19782,65535,6483,31169,43080,55680,32854,65535,6484
1685528268,0,1,1,0,1305,3064,7531,10583,19790,65535,6480,31173,43097,55657,32848,65535,6490
1685528274,0,1,1,0,1305,3063,7527,10585,19788,65535,6484,31174,43104,55665,32849,65535,6488
1685528280,0,1,1,0,1305,3063,7530,10582,19787,65535,6484,31170,43099,55673,32851,65535,6492
1685528286,0,1,1,0,1305,3063,7525,10580,19785,65535,6482,31176,43108,55673,32852,65535,6490
1685528292,0,1,1,0,1305,3063,7525,10583,19783,65535,6480,31171,43093,55665,32859,65535,6486
1685528298,0,1,1,0,1305,3063,7525,10582,19783,65535,6484,31184,43085,55661,32854,65535,6486
1685528304,0,1,1,0,1305,3063,7526,10586,19785,65535,6480,31174,43100,55679,32844,65535,6492
1685528310,0,1,1,0,1305,3063,7527,10586,19785,65535,6486,31174,43107,55685,32847,65535,6488
1685528316,0,1,1,0,1305,3064,7528,10590,19794,65535,6480,31185,43112,55698,32856,65535,6488
1685528322,0,1,1,0,1305,3063,7526,10585,19775,65535,6480,31182,43114,55684,32865,65535,6488
1685528328,0,1,1,0,1305,3063,7530,10588,19792,65535,6480,31190,43116,55716,32865,65535,6488
1685528334,0,1,1,0,1305,3062,7525,10582,19784,65535,6482,31182,43102,55680,32856,65535,6488
1685528340,0,1,1,0,1305,3064,7525,10584,19787,65535,6482,31167,43090,55661,32845,65535,6490
1685528346,0,1,1,0,1305,3063,7529,10582,19782,65535,6480,31169,43093,55684,32842,65535,6484
1685528352,0,1,1,0,1305,3062,7523,10581,19781,65535,6476,31166,43089,55654,32838,65535,6484
1685528358,0,1,1,0,1305,3062,7522,10579,19780,65535,6478,31164,43086,55654,32835,65535,6484
1685528364,0,1,1,0,1305,3060,7517,10576,19767,65535,6476,31141,43050,55633,32809,65535,6484
1685528370,0,1,1,0,1305,3060,7517,10572,19767,65535,6478,31148,43077,55645,32822,65535,6480
1685528376,0,1,1,0,1305,3060,7520,10574,19777,65535,6476,31156,43062,55659,32826,65535,6482
1685528382,0,1,1,0,1304,3061,7523,10577,19773,65535,6472,31154,43057,55625,32824,65535,6482
1685528388,0,1,1,0,1305,3059,7519,10569,19768,65535,6476,31155,43057,55645,32825,65535,6480
1685528394,0,1,1,0,1304,3060,7515,10569,19775,65535,6472,31146,43068,55615,32820,65535,6482
1685528400,0,1,1,0,1305,3059,7517,10570,19771,65535,6474,31135,43041,55607,32809,65535,6482
1685528406,0,1,1,0,1304,3059,7515,10572,19770,65535,6474,31135,43047,55581,32799,65535,6479
1685528412,0,1,1,0,1304,3057,7509,10560,19751,65535,6466,31123,43012,55559,32790,65535,6476
1685528418,0,1,1,0,1304,3057,7510,10560,19760,65535,6468,31118,43009,55564,32781,65535,6474
1685528424,0,1,1,0,1304,3055,7507,10559,19758,65535,6464,31101,42984,55541,32760,65535,6470
1685528430,0,1,1,0,1304,3053,7506,10543,19739,65535,6462,31085,42964,55513,32752,65535,6470
1685528436,0,1,1,0,1304,3054,7506,10550,19751,65535,6460,31096,42983,55554,32760,65535,6468
1685528442,0,1,1,0,1304,3054,7505,10548,19752,65535,6464,31086,42974,55512,32764,65535,6472
1685528448,0,1,1,0,1304,3053,7500,10545,19741,65535,6462,31088,42959,55505,32752,65535,6470
1685528454,0,1,1,0,1304,3054,7502,10547,19742,65535,6464,31097,42975,55519,32737,65535,6472
1685528460,0,1,1,0,1304,3052,7500,10545,19750,65535,6460,31092,42986,55515,32764,65535,6472
1685528466,0,1,1,0,1304,3054,7506,10548,19754,65535,6460,31093,42968,55513,32755,65535,6472
1685528472,0,1,1,0,1304,3053,7507,10545,19755,65535,6462,31103,42991,55517,32755,65535,6468
1685528478,0,1,1,0,1304,3055,7505,10548,19748,65535,6460,31097,42974,55520,32759,65535,6474
1685528484,0,1,1,0,1304,3054,7505,10549,19747,65535,6466,31098,42977,55535,32778,65535,6470
1685528490,0,1,1,0,1304,3054,7500,10545,19749,65535,6466,31102,42964,55521,32753,65535,6470
1685528496,0,1,1,0,1304,3053,7506,10550,19747,65535,6466,31106,42978,55537,32766,65535,6472
1685528502,0,1,1,0,1304,3053,7503,10547,19752,65535,6462,31099,42993,55535,32763,65535,6470
1685528508,0,1,1,0,1304,3055,7509,10555,19748,65535,6464,31100,43003,55532,32769,65535,6470
1685528514,0,1,1,0,1304,3055,7506,10556,19751,65535,6468,31108,43015,55536,32776,65535,6476
1685528520,0,1,1,0,1304,3056,7512,10556,19757,65535,6466,31114,43021,55557,32781,65535,6474
1685528526,0,1,1,0,1304,3055,7511,10556,19760,65535,6468,31117,42988,55576,32791,65535,6474
1685528532,0,1,1,0,1304,3057,7510,10558,19761,65535,6466,31123,43015,55554,32779,65535,6474
1685528538,0,1,1,0,1304,3056,7510,10556,19757,65535,6468,31116,43006,55556,32785,65535,6478
1685528544,0,1,1,0,1304,3056,7508,10553,19747,65535,6464,31111,43002,55561,32775,65535,6474
1685528550,0,1,1,0,1304,3057,7509,10560,19752,65535,6466,31119,43004,55566,32775,65535,6474
1685528556,0,1,1,0,1304,3057,7510,10562,19755,65535,6466,31116,43004,55558,32775,65535,6472
1685528562,0,1,1,0,1304,3056,7507,10557,19761,65535,6470,31117,43009,55558,32770,65535,6472
1685528568,0,1,1,0,1304,3056,7508,10553,19748,65535,6470,31109,42989,55546,32770,65535,6476
1685528574,0,1,1,0,1304,3055,7511,10554,19748,65535,6466,31114,42999,55544,32778,65535,6475
1685528580,0,1,1,0,1304,3054,7505,10549,19751,65535,6462,31101,42992,55537,32759,65535,6468
1685528586,0,1,1,0,1304,3055,7507,10547,19746,65535,6462,31106,42995,55561,32780,65535,6470
1685528592,0,1,1,0,1304,3054,7507,10557,19755,65535,6464,31100,42979,55551,32757,65535,6474
1685528598,0,1,1,0,1304,3055,7507,10553,19746,65535,6468,31100,42976,55526,32770,65535,6468
1685528604,0,1,1,0,1304,3054,7510,10552,19748,65535,6466,31107,42975,55541,32769,65535,6474
1685528610,0,1,1,0,1304,3055,7507,10555,19760,65535,6466,31109,42998,55552,32775,65535,6474
1685528616,0,1,1,0,1304,3055,7509,10555,19751,65535,6466,31116,43016,55562,32795,65535,6474
1685528622,0,1,1,0,1304,3058,7511,10567,19759,65535,6466,31123,43008,55565,32786,65535,6474
1685528628,0,1,1,0,1304,3057,7513,10560,19759,65535,6468,31126,43014,55577,32789,65535,6474
1685528634,0,1,1,0,1304,3058,7512,10565,19761,65535,6468,31128,43036,55592,32794,65535,6480
1685528640,0,1,1,0,1304,3058,7513,10563,19770,65535,6470,31133,43039,55582,32793,65535,6476
1685528646,0,1,1,0,1305,3059,7520,10566,19770,65535,6476,31147,43051,55633,32812,65535,6482
1685528652,0,1,1,0,1304,3060,7517,10571,19779,65535,6474,31153,43059,55631,32816,65535,6482
1685528658,0,1,1,0,1304,3060,7520,10575,19783,65535,6476,31152,43068,55641,32838,65535,6486
1685528664,0,1,1,0,1305,3061,7521,10579,19790,65535,6480,31161,43098,55658,32829,65535,6486
1685528670,0,1,1,0,1305,3061,7523,10580,19779,65535,6478,31160,43082,55623,32827,65535,6486
1685528676,0,1,1,0,1305,3062,7520,10577,19788,65535,6478,31161,43078,55651,32842,65535,6486
1685528682,0,1,1,0,1305,3062,7521,10578,19778,65535,6478,31162,43090,55656,32852,65535,6490
1685528688,0,1,1,0,1305,3063,7521,10578,19793,65535,6478,31165,43093,55675,32856,65535,6486
1685528694,0,1,1,0,1305,3063,7522,10579,19783,65535,6480,31173,43089,55653,32839,65535,6488
1685528700,0,1,1,0,1305,3065,7526,10582,19783,65535,6482,31180,43091,55657,32835,65535,6490
1685528706,0,1,1,0,1305,3064,7529,10586,19797,65535,6480,31179,43110,55674,32859,65535,6492
1685528712,0,1,1,0,1305,3065,7532,10593,19800,65535,6482,31181,43101,55666,32844,65535,6490
1685528718,0,1,1,0,1305,3064,7529,10590,19787,65535,6486,31178,43111,55709,32849,65535,6490
1685528724,0,1,1,0,1305,3065,7528,10589,19793,65535,6488,31192,43128,55692,32867,65535,6494
1685528730,0,1,1,0,1305,3066,7531,10591,19795,65535,6484,31197,43159,55706,32872,65535,6494
1685528736,0,1,1,0,1305,3066,7531,10592,19801,65535,6484,31204,43143,55717,32886,65535,6496
1685528742,0,1,1,0,1305,3066,7533,10591,19803,65535,6488,31201,43141,55698,32884,65535,6492
1685528748,0,1,1,0,1305,3065,7532,10589,19791,65535,6490,31198,43153,55722,32870,65535,6492
1685528754,0,1,1,0,1305,3067,7533,10599,19798,65535,6486,31204,43142,55739,32872,65535,6496
1685528760,0,1,1,0,1305,3067,7533,10599,19790,65535,6486,31210,43151,55751,32880,65535,6498
1685528766,0,1,1,0,1305,3067,7534,10594,19799,65535,6490,31206,43152,55737,32884,65535,6494
1685528772,0,1,1,0,1305,3067,7534,10599,19806,65535,6488,31217,43147,55709,32874,65535,6494
1685528778,0,1,1,0,1305,3067,7539,10603,19802,65535,6488,31186,43166,55714,32872,65535,6497
1685528784,0,1,1,0,1305,3066,7537,10599,19799,65535,6490,31220,43162,55745,32882,65535,6498
1685528790,0,1,1,0,1305,3067,7535,10594,19795,65535,6486,31206,43141,55719,32891,65535,6494
1685528796,0,1,1,0,1305,3065,7532,10591,19796,65535,6486,31204,43157,55743,32884,65535,6496
1685528802,0,1,1,0,1305,3067,7533,10600,19800,65535,6488,31206,43154,55711,32883,65535,6496
1685528808,0,1,1,0,1305,3067,7537,10602,19810,65535,6492,31221,43161,55758,32889,65535,6494
1685528814,0,1,1,0,1305,3067,7539,10606,19805,65535,6494,31207,43156,55738,32885,65535,6496
1685528820,0,1,1,0,1305,3069,7537,10608,19809,65535,6490,31213,43177,55741,32891,65535,6496
1685528826,0,1,1,0,1305,3068,7541,10602,19818,65535,6496,31222,43175,55780,32900,65535,6500
1685528832,0,1,1,0,1305,3069,7538,10604,19819,65535,6496,31222,43174,55748,32921,65535,6502
1685528838,0,1,1,0,1305,3069,7540,10608,19814,65535,6498,31230,43182,55797,32906,65535,6501
1685528844,0,1,1,0,1305,3070,7544,10609,19815,65535,6496,31227,43187,55769,32905,65535,6498
1685528850,0,1,1,0,1305,3070,7542,10609,19823,65535,6492,31232,43185,55768,32906,65535,6504
1685528856,0,1,1,0,1305,3070,7540,10611,19812,65535,6496,31226,43187,55787,32906,65535,6504
1685528862,0,1,1,0,1305,3069,7541,10604,19810,65535,6494,31229,43205,55771,32919,65535,6500
1685528868,0,1,1,0,1305,3070,7542,10610,19814,65535,6494,31228,43195,55777,32926,65535,6500
1685528874,0,1,1,0,1305,3071,7548,10612,19820,65535,6496,31230,43190,55780,32908,65535,6502
1685528880,0,1,1,0,1305,3071,7542,10614,19816,65535,6498,31236,43215,55783,32921,65535,6500
1685528886,0,1,1,0,1305,3070,7543,10613,19818,65535,6494,31239,43208,55779,32917,65535,6508
1685528892,0,1,1,0,1305,3070,7542,10609,19815,65535,6492,31229,43193,55768,32895,65535,6502
1685528898,0,1,1,0,1305,3070,7541,10611,19816,65535,6496,31236,43195,55803,32912,65535,6502
1685528904,0,1,1,0,1305,3069,7544,10614,19816,65535,6494,31244,43200,55817,32920,65535,6506
1685528910,0,1,1,0,1305,3070,7541,10606,19818,65535,6498,31239,43215,55777,32918,65535,6501
1685528916,0,1,1,0,1310,3072,7541,10607,19827,65535,6494,31235,43200,55777,32921,65535,6500
1685528922,0,1,1,0,1310,3071,7542,10609,19819,65535,6494,31238,43192,55809,32916,65535,6506
1685528928,0,1,1,0,1310,3072,7542,10612,19818,65535,6498,31240,43211,55803,32915,65535,6504
1685528934,0,1,1,0,1305,3069,7544,10610,19823,65535,6498,31244,43206,55791,32927,65535,6504
1685528940,0,1,1,0,1310,3070,7546,10614,19825,65535,6498,31250,43221,55809,32932,65535,6506
1685528946,0,1,1,0,1310,3072,7546,10609,19819,65535,6500,31242,43205,55781,32915,65535,6502
1685528952,0,1,1,0,1310,3072,7547,10620,19821,65535,6496,31242,43221,55788,32920,65535,6506
1685528958,0,1,1,0,1310,3071,7544,10611,19814,65535,6496,31243,43217,55812,32921,65535,6504
1685528964,0,1,1,0,1310,3072,7546,10612,19821,65535,6499,31243,43222,55786,32920,65535,6506
1685528970,0,1,1,0,1310,3071,7544,10615,19816,65535,6496,31239,43196,55801,32924,65535,6504
1685528976,0,1,1,0,1310,3070,7541,10607,19810,65535,6492,31238,43198,55787,32917,65535,6504
1685528982,0,1,1,0,1310,3070,7543,10612,19818,65535,6492,31240,43206,55792,32916,65535,6505
1685528988,0,1,1,0,1305,3070,7541,10606,19820,65535,6496,31240,43196,55825,32900,65535,6504
1685528994,0,1,1,0,1305,3070,7541,10611,19818,65535,6496,31237,43186,55787,32922,65535,6500
1685529000,0,1,1,0,1305,3070,7540,10610,19816,65535,6496,31230,43178,55778,32892,65535,6502
1685529006,0,1,1,0,1305,3068,7540,10613,19813,65535,6494,31218,43170,55749,32901,65535,6498
1685529012,0,1,1,0,1305,3069,7538,10606,19811,65535,6492,31229,43186,55766,32907,65535,6502
1685529018,0,1,1,0,1305,3069,7539,10607,19811,65535,6494,31222,43181,55774,32908,65535,6504
1685529024,0,1,1,0,1305,3069,7540,10606,19808,65535,6488,31222,43177,55792,32902,65535,6496
1685529030,0,1,1,0,1305,3069,7539,10609,19811,65535,6494,31221,43173,55778,32902,65535,6498
1685529036,0,1,1,0,1305,3069,7537,10602,19809,65535,6492,31219,43174,55759,32901,65535,6496
1685529042,0,1,1,0,1305,3067,7536,10606,19816,65535,6488,31212,43160,55753,32884,65535,6496
1685529048,0,1,1,0,1305,3067,7534,10595,19804,65535,6492,31207,43157,55728,32879,65535,6498
1685529054,0,1,1,0,1305,3068,7535,10604,19801,65535,6488,31207,43154,55754,32882,65535,6494
1685529060,0,1,1,0,1305,3068,7538,10601,19810,65535,6492,31210,43166,55740,32892,65535,6498
1685529066,0,1,1,0,1305,3068,7537,10606,19819,65535,6488,31208,43156,55724,32885,65535,6498
1685529072,0,1,1,0,1305,3067,7537,10603,19806,65535,6492,31212,43161,55728,32891,65535,6496
1685529078,0,1,1,0,1305,3068,7536,10604,19807,65535,6492,31216,43173,55765,32901,65535,6498
1685529084,0,1,1,0,1305,3068,7537,10601,19799,65535,6490,31219,43184,55760,32906,65535,6498
1685529090,0,1,1,0,1305,3071,7540,10610,19814,65535,6496,31225,43180,55785,32897,65535,6502
1685529096,0,1,1,0,1305,3070,7542,10608,19815,65535,6496,31230,43188,55772,32911,65535,6498
1685529102,0,1,1,0,1305,3071,7542,10611,19810,65535,6492,31228,43187,55766,32909,65535,6500
1685529108,0,1,1,0,1305,3070,7542,10607,19813,65535,6492,31229,43193,55796,32924,65535,6499
1685529114,0,1,1,0,1305,3070,7541,10607,19810,65535,6494,31236,43204,55796,32919,65535,6502
1685529120,0,1,1,0,1305,3069,7538,10602,19807,65535,6491,31221,43181,55776,32899,65535,6500
1685529126,0,1,1,0,1305,3069,7541,10611,19810,65535,6490,31221,43178,55740,32899,65535,6498
1685529132,0,1,1,0,1305,3067,7537,10600,19807,65535,6493,31212,43153,55739,32908,65535,6498
1685529138,0,1,1,0,1305,3067,7538,10606,19801,65535,6490,31214,43164,55751,32909,65535,6498
1685529144,0,1,1,0,1305,3068,7537,10600,19815,65535,6492,31211,43169,55728,32890,65535,6498
1685529150,0,1,1,0,1305,3067,7534,10596,19795,65535,6486,31196,43153,55726,32882,65535,6494
1685529156,0,1,1,0,1305,3067,7534,10600,19797,65535,6488,31210,43156,55721,32888,65535,6494
1685529162,0,1,1,0,1305,3066,7534,10598,19797,65535,6486,31193,43151,55748,32887,65535,6492
1685529168,0,1,1,0,1305,3067,7534,10595,19804,65535,6490,31214,43160,55740,32909,65535,6494
1685529174,0,1,1,0,1305,3066,7534,10595,19799,65535,6486,31202,43141,55731,32873,65535,6498
1685529180,0,1,1,0,1305,3066,7533,10593,19799,65535,6490,31205,43150,55740,32892,65535,6494
1685529186,0,1,1,0,1305,3066,7537,10600,19802,65535,6486,31199,43137,55699,32872,65535,6496
1685529192,0,1,1,0,1305,3066,7533,10597,19797,65535,6486,31195,43135,55689,32872,65535,6492
1685529198,0,1,1,0,1305,3067,7532,10597,19798,65535,6488,31199,43137,55707,32883,65535,6494
1685529204,0,1,1,0,1305,3066,7532,10596,19793,65535,6486,31203,43142,55730,32876,65535,6498
1685529210,0,1,1,0,1305,3067,7535,10594,19802,65535,6490,31206,43141,55699,32875,65535,6492
1685529216,0,1,1,0,1305,3067,7533,10589,19802,65535,6485,31201,43135,55694,32885,65535,6496
1685529222,0,1,1,0,1305,3066,7533,10594,19793,65535,6486,31194,43137,55682,32866,65535,6496
1685529228,0,1,1,0,1305,3065,7533,10584,19786,65535,6484,31193,43140,55698,32865,65535,6492
1685529234,0,1,1,0,1305,3065,7531,10586,19789,65535,6484,31186,43122,55705,32862,65535,6490
1685529240,0,1,1,0,1305,3063,7531,10581,19788,65535,6486,31173,43122,55687,32854,65535,6490
1685529246,0,1,1,0,1305,3065,7528,10580,19791,65535,6486,31188,43126,55696,32861,65535,6494
1685529252,0,1,1,0,1305,3062,7525,10586,19791,65535,6482,31181,43128,55691,32865,65535,6488
1685529258,0,1,1,0,1305,3063,7525,10581,19789,65535,6480,31168,43098,55641,32848,65535,6488
1685529264,0,1,1,0,1305,3064,7524,10581,19784,65535,6480,31171,43084,55676,32842,65535,6486
1685529270,0,1,1,0,1305,3062,7523,10581,19780,65535,6482,31179,43113,55672,32849,65535,6486
1685529276,0,1,1,0,1305,3061,7528,10576,19783,65535,6480,31174,43084,55635,32837,65535,6486
1685529282,0,1,1,0,1305,3061,7523,10582,19778,65535,6482,31165,43087,55642,32838,65535,6488
1685529288,0,1,1,0,1304,3061,7521,10582,19778,65535,6476,31152,43070,55662,32822,65535,6486
1685529294,0,1,1,0,1305,3060,7520,10578,19775,65535,6476,31153,43058,55619,32817,65535,6486
1685529300,0,1,1,0,1304,3061,7521,10577,19775,65535,6474,31157,43069,55623,32824,65535,6484
1685529306,0,1,1,0,1304,3060,7517,10574,19783,65535,6478,31154,43066,55636,32838,65535,6482
1685529312,0,1,1,0,1304,3060,7518,10566,19766,65535,6472,31147,43057,55633,32829,65535,6480
1685529318,0,1,1,0,1304,3058,7517,10573,19769,65535,6472,31153,43053,55630,32807,65535,6484
1685529324,0,1,1,0,1304,3059,7518,10570,19768,65535,6472,31134,43019,55593,32796,65535,6478
1685529330,0,1,1,0,1304,3060,7516,10568,19781,65535,6472,31146,43048,55598,32809,65535,6480
1685529336,0,1,1,0,1304,3058,7514,10563,19763,65535,6476,31135,43032,55586,32804,65535,6480
1685529342,0,1,1,0,1304,3057,7513,10568,19765,65535,6468,31138,43033,55615,32802,65535,6478
1685529348,0,1,1,0,1304,3058,7513,10568,19764,65535,6472,31134,43033,55617,32797,65535,6482
1685529354,0,1,1,0,1304,3058,7514,10568,19763,65535,6468,31127,43028,55601,32791,65535,6476
1685529360,0,1,1,0,1304,3057,7511,10565,19759,65535,6470,31128,43023,55603,32786,65535,6474
1685529366,0,1,1,0,1304,3058,7516,10561,19768,65535,6470,31119,43009,55590,32779,65535,6474
1685529372,0,1,1,0,1304,3055,7505,10555,19756,65535,6466,31109,42997,55579,32779,65535,6476
1685529378,0,1,1,0,1304,3055,7501,10551,19746,65535,6468,31103,42976,55525,32758,65535,6468
1685529384,0,1,1,0,1304,3053,7501,10544,19744,65535,6466,31100,42978,55511,32758,65535,6468
1685529390,0,1,1,0,1304,3053,7504,10543,19736,65535,6460,31093,42971,55513,32749,65535,6472
1685529396,0,1,1,0,1304,3052,7498,10543,19737,65535,6458,31089,42959,55525,32748,65535,6470
1685529402,0,1,1,0,1304,3053,7500,10543,19745,65535,6460,31084,42951,55491,32738,65535,6472
1685529408,0,1,1,0,1304,3052,7500,10543,19733,65535,6460,31084,42952,55509,32751,65535,6467
1685529414,0,1,1,0,1304,3052,7501,10539,19735,65535,6458,31080,42949,55510,32756,65535,6468
1685529420,0,1,1,0,1304,3052,7499,10538,19734,65535,6460,31090,42959,55521,32745,65535,6466
1685529426,0,1,1,0,1303,3051,7496,10543,19729,65535,6460,31078,42939,55480,32715,65535,6464
1685529432,0,1,1,0,1303,3049,7497,10537,19743,65535,6460,31072,42928,55475,32728,65535,6465
1685529438,0,1,1,0,1304,3050,7491,10537,19724,65535,6456,31075,42929,55501,32731,65535,6464
1685529444,0,1,1,0,1303,3051,7497,10536,19733,65535,6458,31076,42943,55481,32736,65535,6466
1685529450,0,1,1,0,1304,3050,7497,10537,19729,65535,6460,31061,42898,55470,32720,65535,6462
1685529456,0,1,1,0,1303,3050,7496,10534,19729,65535,6454,31058,42918,55466,32716,65535,6460
1685529462,0,1,1,0,1303,3050,7493,10531,19725,65535,6454,31061,42928,55455,32720,65535,6461
1685529468,0,1,1,0,1303,3048,7493,10531,19730,65535,6456,31060,42917,55460,32710,65535,6460
1685529474,0,1,1,0,1303,3049,7491,10532,19726,65535,6453,31056,42910,55444,32712,65535,6464
1685529480,0,1,1,0,1303,3050,7493,10537,19734,65535,6454,31060,42924,55451,32731,65535,6460
1685529486,0,1,1,0,1303,3049,7494,10535,19726,65535,6458,31064,42921,55462,32719,65535,6462
1685529492,0,1,1,0,1303,3050,7495,10534,19736,65535,6456,31073,42931,55474,32738,65535,6462
1685529498,0,1,1,0,1303,3050,7494,10537,19725,65535,6454,31068,42923,55472,32728,65535,6462
1685529504,0,1,1,0,1303,3050,7496,10532,19738,65535,6455,31050,42930,55467,32738,65535,6462
1685529510,0,1,1,0,1303,3050,7493,10533,19736,65535,6458,31065,42919,55468,32711,65535,6466
1685529516,0,1,1,0,1303,3051,7496,10534,19728,65535,6456,31079,42938,55488,32734,65535,6464
1685529522,0,1,1,0,1303,3051,7494,10531,19732,65535,6456,31071,42923,55481,32725,65535,6464
1685529528,0,1,1,0,1303,3051,7500,10540,19729,65535,6456,31077,42944,55492,32732,65535,6466
1685529534,0,1,1,0,1303,3049,7495,10535,19724,65535,6456,31070,42927,55478,32724,65535,6464
1685529540,0,1,1,0,1303,3051,7496,10538,19733,65535,6458,31069,42936,55483,32732,65535,6468
1685529546,0,1,1,0,1303,3052,7498,10544,19739,65535,6458,31084,42951,55505,32742,65535,6464
1685529552,0,1,1,0,1303,3052,7500,10545,19736,65535,6460,31086,42959,55512,32764,65535,6471
1685529558,0,1,1,0,1303,3053,7501,10543,19737,65535,6462,31090,42969,55520,32753,65535,6468
1685529564,0,1,1,0,1304,3053,7505,10553,19745,65535,6462,31099,42973,55526,32760,65535,6474
1685529570,0,1,1,0,1304,3054,7503,10547,19738,65535,6466,31091,42952,55523,32768,65535,6472
1685529576,0,1,1,0,1303,3054,7501,10544,19741,65535,6466,31096,42979,55536,32759,65535,6471
1685529582,0,1,1,0,1304,3053,7504,10551,19742,65535,6464,31087,42968,55531,32750,65535,6468
1685529588,0,1,1,0,1304,3052,7501,10539,19734,65535,6462,31089,42960,55526,32743,65535,6468
1685529594,0,1,1,0,1304,3053,7501,10542,19741,65535,6463,31097,42969,55513,32755,65535,6468
1685529600,0,1,1,0,1304,3053,7501,10548,19737,65535,6466,31099,42970,55543,32760,65535,6470
1685529606,0,1,1,0,1304,3052,7503,10548,19742,65535,6464,31099,42977,55541,32759,65535,6470
1685529612,0,1,1,0,1303,3054,7503,10546,19755,65535,6462,31091,42973,55543,32772,65535,6470
1685529618,0,1,1,0,1304,3052,7501,10542,19740,65535,6460,31086,42962,55519,32741,65535,6472
1685529624,0,1,1,0,1304,3052,7502,10542,19737,65535,6460,31085,42953,55517,32743,65535,6466
1685529630,0,1,1,0,1304,3053,7501,10549,19744,65535,6462,31098,42978,55546,32753,65535,6468
1685529636,0,1,1,0,1303,3053,7501,10545,19737,65535,6460,31085,42962,55501,32742,65535,6466
1685529642,0,1,1,0,1304,3053,7500,10546,19733,65535,6462,31072,42956,55489,32756,65535,6468
1685529648,0,1,1,0,1304,3053,7501,10540,19735,65535,6464,31088,42957,55493,32740,65535,6466
1685529654,0,1,1,0,1304,3052,7498,10541,19736,65535,6462,31097,42969,55548,32748,65535,6468
1685529660,0,1,1,0,1304,3053,7499,10540,19743,65535,6460,31086,42959,55495,32743,65535,6472
1685529666,0,1,1,0,1304,3050,7495,10533,19731,65535,6464,31070,42947,55498,32741,65535,6464
1685529672,0,1,1,0,1303,3050,7496,10541,19731,65535,6460,31066,42932,55489,32719,65535,6466
1685529678,0,1,1,0,1303,3050,7495,10534,19723,65535,6458,31056,42914,55470,32721,65535,6462
1685529684,0,1,1,0,1303,3049,7496,10536,19724,65535,6458,31061,42925,55449,32715,65535,6462
1685529690,0,1,1,0,1303,3050,7495,10530,19726,65535,6458,31068,42930,55455,32726,65535,6462
1685529696,0,1,1,0,1303,3050,7496,10536,19724,65535,6456,31072,42935,55460,32716,65535,6462
1685529702,0,1,1,0,1303,3048,7492,10534,19732,65535,6454,31073,42912,55480,32735,65535,6466
1685529708,0,1,1,0,1303,3050,7494,10536,19728,65535,6458,31070,42934,55485,32725,65535,6462
1685529714,0,1,1,0,1303,3049,7491,10527,19721,65535,6456,31061,42904,55439,32711,65535,6462
1685529720,0,1,1,0,1303,3049,7493,10533,19723,65535,6456,31039,42916,55438,32723,65535,6460
1685529726,0,1,1,0,1303,3048,7490,10526,19721,65535,6452,31065,42900,55468,32720,65535,6464
1685529732,0,1,1,0,1303,3050,7492,10531,19722,65535,6458,31042,42888,55432,32712,65535,6462
1685529738,0,1,1,0,1303,3049,7488,10524,19707,65535,6456,31056,42913,55464,32704,65535,6458
1685529744,0,1,1,0,1303,3049,7488,10528,19728,65535,6454,31049,42887,55422,32699,65535,6456
1685529750,0,1,1,0,1303,3047,7489,10527,19715,65535,6450,31047,42893,55420,32691,65535,6456
1685529756,0,1,1,0,1303,3048,7488,10528,19714,65535,6454,31050,42892,55418,32693,65535,6458
1685529762,0,1,1,0,1303,3047,7489,10521,19714,65535,6452,31042,42885,55410,32696,65535,6456
1685529768,0,1,1,0,1303,3046,7487,10521,19724,65535,6452,31044,42886,55410,32696,65535,6458
1685529774,0,1,1,0,1303,3048,7492,10524,19727,65535,6454,31049,42899,55453,32704,65535,6463
1685529780,0,1,1,0,1303,3048,7490,10529,19721,65535,6452,31053,42899,55461,32710,65535,6458
1685529786,0,1,1,0,1303,3049,7491,10526,19724,65535,6452,31062,42918,55429,32716,65535,6460
1685529792,0,1,1,0,1303,3049,7493,10526,19726,65535,6454,31059,42914,55415,32718,65535,6462
1685529798,0,1,1,0,1303,3048,7490,10528,19719,65535,6458,31047,42898,55441,32703,65535,6460
1685529804,0,1,1,0,1303,3049,7495,10538,19725,65535,6454,31051,42915,55445,32707,65535,6462
1685529810,0,1,1,0,1303,3049,7492,10535,19721,65535,6454,31060,42922,55451,32718,65535,6460
1685529816,0,1,1,0,1303,3049,7494,10531,19727,65535,6454,31072,42938,55491,32741,65535,6464
1685529822,0,1,1,0,1303,3049,7494,10538,19730,65535,6456,31058,42936,55480,32722,65535,6468
1685529828,0,1,1,0,1303,3050,7497,10542,19732,65535,6460,31065,42933,55494,32723,65535,6466
1685529834,0,1,1,0,1303,3050,7498,10533,19729,65535,6460,31061,42910,55482,32726,65535,6466
1685529840,0,1,1,0,1303,3050,7495,10531,19730,65535,6456,31045,42905,55444,32701,65535,6462
1685529846,0,1,1,0,1303,3049,7494,10535,19726,65535,6458,31068,42937,55492,32722,65535,6466
1685529852,0,1,1,0,1303,3050,7498,10534,19733,65535,6461,31071,42945,55475,32730,65535,6468
1685529858,0,1,1,0,1303,3050,7498,10536,19744,65535,6458,31079,42953,55490,32740,65535,6468
1685529864,0,1,1,0,1303,3051,7496,10536,19731,65535,6460,31070,42925,55481,32727,65535,6466
1685529870,0,1,1,0,1303,3050,7497,10537,19737,65535,6460,31077,42954,55513,32746,65535,6468
1685529876,0,1,1,0,1303,3051,7499,10537,19737,65535,6462,31079,42960,55519,32740,65535,6468
1685529882,0,1,1,0,1303,3051,7501,10546,19742,65535,6464,31085,42971,55509,32748,65535,6472
1685529888,0,1,1,0,1303,3051,7501,10543,19740,65535,6462,31082,42945,55521,32741,65535,6468
1685529894,0,1,1,0,1303,3053,7503,10541,19741,65535,6462,31091,42960,55506,32744,65535,6468
1685529900,0,1,1,0,1303,3051,7498,10544,19740,65535,6458,31065,42937,55474,32723,65535,6468
1685529906,0,1,1,0,1303,3053,7501,10542,19743,65535,6462,31085,42956,55525,32739,65535,6466
1685529912,0,1,1,0,1303,3052,7500,10545,19739,65535,6460,31079,42951,55496,32740,65535,6466
1685529918,0,1,1,0,1303,3052,7499,10538,19734,65535,6460,31071,42942,55502,32727,65535,6462
1685529924,0,1,1,0,1303,3050,7498,10536,19737,65535,6460,31076,42947,55502,32727,65535,6466
1685529930,0,1,1,0,1303,3050,7499,10537,19733,65535,6462,31085,42961,55503,32738,65535,6464
1685529936,0,1,1,0,1303,3052,7501,10541,19741,65535,6466,31093,42972,55509,32748,65535,6470
1685529942,0,1,1,0,1303,3052,7500,10541,19751,65535,6462,31081,42942,55500,32748,65535,6468
1685529948,0,1,1,0,1303,3052,7503,10543,19740,65535,6462,31090,42968,55513,32752,65535,6468
1685529954,0,1,1,0,1303,3053,7505,10546,19745,65535,6464,31090,42974,55490,32756,65535,6471
1685529960,0,1,1,0,1303,3052,7499,10544,19742,65535,6464,31088,42948,55517,32757,65535,6470
1685529966,0,1,1,0,1303,3053,7504,10547,19749,65535,6466,31096,42978,55523,32762,65535,6468
1685529972,0,1,1,0,1304,3054,7505,10547,19746,65535,6468,31099,42969,55529,32769,65535,6474
1685529978,0,1,1,0,1303,3054,7504,10549,19748,65535,6468,31100,42983,55568,32762,65535,6476
1685529984,0,1,1,0,1303,3056,7500,10549,19749,65535,6464,31099,42987,55534,32764,65535,6472
1685529990,0,1,1,0,1304,3053,7506,10550,19748,65535,6468,31107,42989,55540,32771,65535,6476
1685529996,0,1,1,0,1304,3056,7506,10556,19756,65535,6470,31112,43004,55571,32786,65535,6476
1685530002,0,1,1,0,1304,3055,7505,10553,19752,65535,6468,31131,43000,55552,32776,65535,6478
1685530008,0,1,1,0,1304,3056,7509,10564,19759,65535,6472,31126,43025,55577,32793,65535,6480
1685530014,0,1,1,0,1304,3057,7514,10556,19755,65535,6472,31121,43013,55579,32787,65535,6476
1685530020,0,1,1,0,1304,3056,7512,10565,19768,65535,6468,31126,43019,55571,32793,65535,6476
1685530026,0,1,1,0,1304,3057,7516,10563,19764,65535,6472,31135,43033,55590,32796,65535,6480
1685530032,0,1,1,0,1304,3058,7519,10567,19774,65535,6474,31147,43061,55616,32815,65535,6482
1685530038,0,1,1,0,1304,3058,7516,10565,19773,65535,6472,31147,43059,55641,32813,65535,6484
1685530044,0,1,1,0,1304,3059,7512,10566,19770,65535,6476,31145,43044,55611,32813,65535,6484
1685530050,0,1,1,0,1304,3059,7519,10567,19770,65535,6474,31148,43065,55642,32814,65535,6480
1685530056,0,1,1,0,1304,3058,7513,10568,19759,65535,6476,31136,43039,55602,32805,65535,6482
1685530062,0,1,1,0,1304,3060,7513,10573,19771,65535,6472,31137,43038,55607,32816,65535,6484
1685530068,0,1,1,0,1304,3059,7517,10568,19770,65535,6476,31145,43063,55614,32813,65535,6484
1685530074,0,1,1,0,1304,3058,7514,10569,19768,65535,6474,31145,43055,55644,32819,65535,6484
1685530080,0,1,1,0,1304,3059,7515,10564,19768,65535,6472,31145,43052,55636,32815,65535,6478
1685530086,0,1,1,0,1304,3058,7514,10565,19764,65535,6472,31135,43035,55599,32806,65535,6476
1685530092,0,1,1,0,1304,3058,7510,10568,19763,65535,6470,31125,43029,55572,32795,65535,6480
1685530098,0,1,1,0,1304,3059,7511,10566,19772,65535,6474,31134,43033,55597,32809,65535,6478
1685530104,0,1,1,0,1304,3058,7515,10566,19769,65535,6476,31126,43029,55595,32807,65535,6478
1685530110,0,1,1,0,1304,3058,7514,10566,19769,65535,6474,31139,43026,55585,32798,65535,6478
1685530116,0,1,1,0,1304,3056,7514,10560,19764,65535,6470,31123,43030,55586,32802,65535,6478
1685530122,0,1,1,0,1304,3058,7510,10562,19763,65535,6470,31118,43030,55584,32798,65535,6480
1685530128,0,1,1,0,1304,3056,7509,10560,19758,65535,6470,31145,43030,55599,32804,65535,6482
1685530134,0,1,1,0,1304,3058,7514,10563,19765,65535,6472,31133,43037,55584,32801,65535,6478
1685530140,0,1,1,0,1304,3057,7515,10562,19763,65535,6470,31124,43024,55574,32790,65535,6476
1685530146,0,1,1,0,1304,3057,7518,10564,19776,65535,6472,31134,43059,55621,32806,65535,6483
1685530152,0,1,1,0,1304,3057,7516,10561,19765,65535,6472,31137,43043,55596,32804,65535,6480
1685530158,0,1,1,0,1304,3057,7514,10562,19764,65535,6474,31129,43033,55615,32802,65535,6480
1685530164,0,1,1,0,1304,3058,7513,10567,19776,65535,6472,31147,43032,55584,32805,65535,6480
1685530170,0,1,1,0,1304,3058,7517,10571,19768,65535,6472,31139,43048,55601,32807,65535,6480
1685530176,0,1,1,0,1304,3059,7516,10569,19774,65535,6476,31139,43051,55627,32813,65535,6482
1685530182,0,1,1,0,1304,3059,7518,10574,19784,65535,6476,31146,43051,55639,32813,65535,6484
1685530188,0,1,1,0,1304,3058,7517,10573,19771,65535,6474,31164,43079,55653,32820,65535,6482
1685530194,0,1,1,0,1304,3058,7517,10573,19773,65535,6476,31149,43063,55643,32821,65535,6484
1685530200,0,1,1,0,1304,3061,7518,10571,19774,65535,6474,31141,43059,55617,32816,65535,6482
1685530206,0,1,1,0,1304,3059,7516,10574,19768,65535,6478,31141,43054,55631,32804,65535,6482
1685530212,0,1,1,0,1304,3061,7520,10570,19787,65535,6474,31148,43052,55622,32821,65535,6484
1685530218,0,1,1,0,1304,3060,7523,10572,19778,65535,6476,31156,43064,55628,32822,65535,6486
1685530224,0,1,1,0,1304,3060,7516,10568,19778,65535,6476,31166,43057,55613,32831,65535,6484
1685530230,0,1,1,0,1304,3061,7517,10575,19782,65535,6474,31153,43082,55624,32799,65535,6486
1685530236,0,1,1,0,1304,3060,7521,10576,19787,65535,6478,31153,43068,55617,32816,65535,6484
1685530242,0,1,1,0,1304,3060,7520,10574,19777,65535,6476,31142,43064,55607,32812,65535,6486
1685530248,0,1,1,0,1304,3059,7519,10569,19771,65535,6476,31152,43073,55625,32837,65535,6486
1685530254,0,1,1,0,1304,3060,7523,10575,19779,65535,6482,31175,43085,55635,32824,65535,6488
1685530260,0,1,1,0,1304,3060,7519,10573,19779,65535,6480,31156,43076,55641,32829,65535,6488
1685530266,0,1,1,0,1304,3061,7523,10577,19775,65535,6480,31160,43062,55654,32820,65535,6484
1685530272,0,1,1,0,1304,3059,7515,10569,19780,65535,6478,31136,43036,55632,32803,65535,6478
1685530278,0,1,1,0,1304,3061,7517,10568,19784,65535,6478,31142,43052,55615,32806,65535,6484
1685530284,0,1,1,0,1304,3058,7514,10567,19769,65535,6474,31128,43035,55614,32810,65535,6482
1685530290,0,1,1,0,1304,3057,7511,10561,19763,65535,6470,31124,43025,55605,32798,65535,6478
1685530296,0,1,1,0,1304,3055,7508,10563,19758,65535,6468,31115,43022,55564,32782,65535,6476
1685530302,0,1,1,0,1304,3057,7510,10565,19759,65535,6468,31122,43010,55588,32783,65535,6479
1685530308,0,1,1,0,1304,3057,7512,10560,19759,65535,6470,31127,43025,55610,32792,65535,6480
1685530314,0,1,1,0,1304,3058,7512,10567,19765,65535,6470,31132,43049,55584,32798,65535,6482
1685530320,0,1,1,0,1304,3059,7513,10564,19769,65535,6474,31136,43039,55620,32802,65535,6478
1685530326,0,1,1,0,1304,3057,7512,10569,19765,65535,6470,31132,43035,55608,32798,65535,6478
1685530332,0,1,1,0,1304,3058,7514,10568,19765,65535,6472,31131,43061,55607,32807,65535,6482
1685530338,0,1,1,0,1304,3058,7514,10573,19769,65535,6478,31145,43042,55634,32806,65535,6485
1685530344,0,1,1,0,1304,3059,7515,10565,19768,65535,6474,31136,43051,55595,32806,65535,6482
1685530350,0,1,1,0,1304,3060,7518,10573,19765,65535,6478,31151,43075,55627,32827,65535,6486
1685530356,0,1,1,0,1304,3059,7519,10569,19772,65535,6478,31155,43079,55639,32827,65535,6484
1685530362,0,1,1,0,1304,3059,7521,10571,19772,65535,6476,31170,43066,55627,32821,65535,6488
1685530368,0,1,1,0,1304,3060,7521,10575,19779,65535,6476,31170,43063,55635,32831,65535,6482
1685530374,0,1,1,0,1304,3059,7517,10577,19777,65535,6478,31152,43089,55641,32827,65535,6484
1685530380,0,1,1,0,1304,3061,7521,10583,19790,65535,6480,31154,43072,55657,32839,65535,6486
1685530386,0,1,1,0,1304,3061,7520,10579,19778,65535,6478,31154,43074,55633,32823,65535,6484
1685530392,0,1,1,0,1304,3062,7522,10575,19778,65535,6478,31164,43077,55665,32828,65535,6484
1685530398,0,1,1,0,1304,3061,7519,10575,19775,65535,6480,31165,43077,55637,32831,65535,6486
1685530404,0,1,1,0,1304,3063,7522,10579,19781,65535,6480,31173,43086,55662,32841,65535,6488
1685530410,0,1,1,0,1304,3064,7527,10585,19791,65535,6482,31180,43105,55674,32845,65535,6490
1685530416,0,1,1,0,1304,3065,7525,10585,19790,65535,6484,31192,43120,55701,32858,65535,6492
1685530422,0,1,1,0,1304,3065,7530,10592,19801,65535,6486,31191,43120,55707,32861,65535,6494
1685530428,0,1,1,0,1304,3065,7526,10589,19791,65535,6482,31179,43103,55698,32844,65535,6490
1685530434,0,1,1,0,1304,3063,7524,10581,19794,65535,6481,31179,43104,55666,32859,65535,6490
1685530440,0,1,1,0,1304,3062,7524,10584,19781,65535,6482,31172,43092,55656,32843,65535,6490
1685530446,0,1,1,0,1304,3062,7526,10580,19782,65535,6482,31174,43098,55661,32841,65535,6488
1685530452,0,1,1,0,1304,3063,7523,10587,19787,65535,6482,31172,43092,55679,32835,65535,6492
1685530458,0,1,1,0,1304,3062,7525,10585,19790,65535,6480,31176,43095,55678,32850,65535,6490
1685530464,0,1,1,0,1304,3063,7524,10585,19782,65535,6486,31177,43097,55689,32843,65535,6488
1685530470,0,1,1,0,1304,3064,7525,10586,19788,65535,6482,31178,43097,55683,32845,65535,6488
1685530476,0,1,1,0,1304,3062,7524,10587,19787,65535,6484,31172,43097,55693,32844,65535,6488
1685530482,0,1,1,0,1304,3063,7525,10582,19797,65535,6478,31175,43098,55689,32842,65535,6488
1685530488,0,1,1,0,1304,3064,7531,10592,19792,65535,6484,31179,43116,55695,32854,65535,6490
1685530494,0,1,1,0,1304,3062,7525,10587,19784,65535,6482,31161,43089,55673,32840,65535,6488
1685530500,0,1,1,0,1304,3061,7521,10583,19775,65535,6480,31167,43090,55668,32856,65535,6486
1685530506,0,1,1,0,1304,3060,7522,10580,19774,65535,6482,31155,43078,55650,32822,65535,6486
1685530512,0,1,1,0,1304,3061,7521,10580,19775,65535,6478,31156,43086,55669,32837,65535,6486
1685530518,0,1,1,0,1304,3062,7521,10580,19778,65535,6478,31165,43073,55660,32833,65535,6484
1685530524,0,1,1,0,1304,3061,7520,10576,19789,65535,6476,31152,43072,55626,32834,65535,6488
1685530530,0,1,1,0,1304,3063,7521,10578,19792,65535,6480,31169,43083,55660,32848,65535,6486
1685530536,0,1,1,0,1304,3059,7519,10570,19772,65535,6476,31156,43090,55652,32827,65535,6490
1685530542,0,1,1,0,1304,3061,7518,10570,19773,65535,6476,31154,43067,55631,32817,65535,6482
1685530548,0,1,1,0,1304,3060,7518,10573,19784,65535,6476,31153,43071,55625,32817,65535,6484
1685530554,0,1,1,0,1304,3061,7518,10573,19784,65535,6478,31156,43066,55660,32822,65535,6486
1685530560,0,1,1,0,1304,3062,7518,10571,19770,65535,6482,31161,43079,55669,32826,65535,6484
1685530566,0,1,1,0,1304,3062,7521,10576,19778,65535,6478,31164,43091,55680,32832,65535,6486
1685530572,0,1,1,0,1304,3061,7519,10576,19777,65535,6480,31165,43087,55670,32825,65535,6486
1685530578,0,1,1,0,1304,3062,7524,10583,19794,65535,6480,31170,43085,55638,32851,65535,6486
1685530584,0,1,1,0,1304,3061,7520,10579,19779,65535,6478,31163,43083,55663,32834,65535,6486
1685530590,0,1,1,0,1304,3061,7523,10584,19783,65535,6480,31163,43091,55665,32830,65535,6490
1685530596,0,1,1,0,1304,3063,7525,10582,19785,65535,6480,31168,43098,55681,32833,65535,6490
1685530602,0,1,1,0,1304,3063,7524,10584,19791,65535,6480,31172,43102,55683,32841,65535,6488
1685530608,0,1,1,0,1304,3064,7526,10584,19792,65535,6482,31181,43101,55698,32844,65535,6488
1685530614,0,1,1,0,1304,3064,7524,10587,19787,65535,6486,31174,43098,55684,32845,65535,6490
1685530620,0,1,1,0,1304,3064,7525,10585,19795,65535,6486,31178,43113,55659,32859,65535,6492
1685530626,0,1,1,0,1305,3064,7528,10591,19792,65535,6488,31185,43113,55698,32868,65535,6494
1685530632,0,1,1,0,1304,3064,7529,10595,19790,65535,6488,31182,43119,55705,32870,65535,6494
1685530638,0,1,1,0,1305,3064,7528,10590,19791,65535,6488,31193,43130,55712,32858,65535,6492
1685530644,0,1,1,0,1305,3064,7530,10592,19794,65535,6486,31189,43126,55714,32858,65535,6494
1685530650,0,1,1,0,1305,3066,7530,10589,19795,65535,6490,31184,43098,55680,32858,65535,6492
1685530656,0,1,1,0,1305,3065,7535,10598,19800,65535,6487,31194,43132,55717,32875,65535,6498
1685530662,0,1,1,0,1305,3065,7531,10594,19800,65535,6488,31197,43143,55722,32872,65535,6493
1685530668,0,1,1,0,1304,3067,7534,10593,19806,65535,6490,31200,43143,55698,32872,65535,6494
1685530674,0,1,1,0,1304,3065,7529,10588,19794,65535,6490,31188,43122,55681,32862,65535,6494
1685530680,0,1,1,0,1305,3064,7530,10589,19795,65535,6488,31189,43138,55684,32865,65535,6496
1685530686,0,1,1,0,1304,3066,7530,10592,19800,65535,6488,31197,43137,55724,32873,65535,6498
1685530692,0,1,1,0,1304,3065,7532,10588,19799,65535,6485,31192,43127,55710,32861,65535,6492
1685530698,0,1,1,0,1304,3065,7528,10590,19797,65535,6488,31193,43129,55689,32864,65535,6496
1685530704,0,1,1,0,1305,3065,7529,10590,19795,65535,6488,31198,43150,55735,32887,65535,6494
1685530710,0,1,1,0,1304,3065,7532,10594,19795,65535,6488,31196,43143,55713,32861,65535,6494
1685530716,0,1,1,0,1304,3066,7530,10595,19799,65535,6488,31198,43137,55732,32885,65535,6498
1685530722,0,1,1,0,1305,3066,7532,10597,19805,65535,6492,31201,43121,55731,32879,65535,6492
1685530728,0,1,1,0,1305,3065,7531,10589,19799,65535,6490,31212,43142,55697,32875,65535,6498
1685530734,0,1,1,0,1305,3064,7530,10594,19796,65535,6490,31189,43109,55715,32862,65535,6490
1685530740,0,1,1,0,1305,3067,7533,10594,19799,65535,6486,31194,43139,55698,32866,65535,6494
1685530746,0,1,1,0,1305,3066,7532,10592,19802,65535,6486,31206,43143,55739,32890,65535,6498
1685530752,0,1,1,0,1305,3066,7537,10596,19802,65535,6492,31203,43148,55712,32877,65535,6494
1685530758,0,1,1,0,1305,3065,7533,10591,19805,65535,6486,31203,43147,55708,32876,65535,6494
1685530764,0,1,1,0,1305,3067,7534,10595,19806,65535,6488,31199,43146,55702,32874,65535,6500
1685530770,0,1,1,0,1305,3066,7534,10590,19799,65535,6488,31203,43144,55723,32876,65535,6496
1685530776,0,1,1,0,1305,3066,7535,10592,19806,65535,6490,31196,43138,55718,32877,65535,6492
1685530782,0,1,1,0,1305,3066,7533,10590,19802,65535,6490,31192,43149,55715,32871,65535,6494
1685530788,0,1,1,0,1305,3065,7530,10588,19794,65535,6486,31185,43119,55672,32859,65535,6496
1685530794,0,1,1,0,1305,3064,7530,10585,19793,65535,6484,31193,43131,55689,32863,65535,6498
