Timestamp,Amber,White,On,Override,Intensity,AS00,AS01,AS02,AS03,AS04,AS05,AS06,AS07,AS08,AS09,AS10,AS11
1685541600,0,1,0,0,5230,34416,50836,65535,65535,65535,65535,65535,65535,65535,65535,65535,65535
1685541606,0,1,0,0,5231,34457,50896,65535,65535,65535,65535,65535,65535,65535,65535,65535,65535
1685541612,0,1,0,0,5233,34457,50867,65535,65535,65535,65535,65535,65535,65535,65535,65535,65535
1685541618,0,1,0,0,5235,34455,50905,65535,65535,65535,65535,65535,65535,65535,65535,65535,65535
1685541624,0,1,0,0,5240,34472,50913,65535,65535,65535,65535,65535,65535,65535,65535,65535,65535
1685541630,0,1,0,0,5243,34439,50881,65535,65535,65535,65535,65535,65535,65535,65535,65535,65535
1685541636,0,1,0,0,5302,34624,51152,65535,65535,65535,65535,65535,65535,65535,65535,65535,65535
1685541642,0,1,0,0,5253,34335,50645,65535,65535,65535,65535,65535,65535,65535,65535,65535,65535
1685541648,0,1,0,0,5301,34287,50573,65535,65535,65535,65535,65535,65535,65535,65535,65535,65535
1685541654,0,1,0,0,5310,34297,50578,65535,65535,65535,65535,65535,65535,65535,65535,65535,65535
1685541660,0,1,0,0,5305,34181,50498,65535,65535,65535,65535,65535,65535,65535,65535,65535,65535
1685541666,0,1,0,0,5304,34098,50387,65535,65535,65535,65535,65535,65535,65535,65535,65535,65535
1685541672,0,1,0,0,5310,34051,50289,65535,65535,65535,65535,65535,65535,65535,65535,65535,65535
1685541678,0,1,0,0,5320,34109,50322,65535,65535,65535,65535,65535,65535,65535,65535,65535,65535
1685541684,0,1,0,0,5322,34097,50275,65535,65535,65535,65535,65535,65535,65535,65535,65535,65535
1685541690,0,1,0,0,5324,34133,50312,65535,65535,65535,65535,65535,65535,65535,65535,65535,65535
1685541696,0,1,0,0,5331,34200,50417,65535,65535,65535,65535,65535,65535,65535,65535,65535,65535
1685541702,0,1,0,0,5333,34258,50487,65535,65535,65535,65535,65535,65535,65535,65535,65535,65535
1685541708,0,1,0,0,5340,34303,50500,65535,65535,65535,65535,65535,65535,65535,65535,65535,65535
1685541714,0,1,0,0,5343,34367,50500,65535,65535,65535,65535,65535,65535,65535,65535,65535,65535
1685541720,0,1,0,0,5345,34482,50703,65535,65535,65535,65535,65535,65535,65535,65535,65535,65535
1685541726,0,1,0,0,5354,34637,50987,65535,65535,65535,65535,65535,65535,65535,65535,65535,65535
1685541732,0,1,0,0,5403,34826,51259,65535,65535,65535,65535,65535,65535,65535,65535,65535,65535
1685541738,0,1,0,0,5414,34986,51516,65535,65535,65535,65535,65535,65535,65535,65535,65535,65535
1685541744,0,1,0,0,5424,35144,51797,65535,65535,65535,65535,65535,65535,65535,65535,65535,65535
1685541750,0,1,0,0,5432,35321,52045,65535,65535,65535,65535,65535,65535,65535,65535,65535,65535
1685541756,0,1,0,0,5440,35470,52275,65535,65535,65535,65535,65535,65535,65535,65535,65535,65535
1685541762,0,1,0,0,5444,35711,52649,65535,65535,65535,65535,65535,65535,65535,65535,65535,65535
1685541768,0,1,0,0,5453,35923,53002,65535,65535,65535,65535,65535,65535,65535,65535,65535,65535
1685541774,0,1,0,0,5500,36047,53208,65535,65535,65535,65535,65535,65535,65535,65535,65535,65535
1685541780,0,1,0,0,5505,36158,53392,65535,65535,65535,65535,65535,65535,65535,65535,65535,65535
1685541786,0,1,0,0,5523,36526,53997,65535,65535,65535,65535,65535,65535,65535,65535,65535,65535
1685541792,0,1,0,0,5543,36718,54312,65535,65535,65535,65535,65535,65535,65535,65535,65535,65535
1685541798,0,1,0,0,5554,36875,54578,65535,65535,65535,65535,65535,65535,65535,65535,65535,65535
1685541804,0,1,0,0,10013,37004,54780,65535,65535,65535,65535,65535,65535,65535,65535,65535,65535
1685541810,0,1,0,0,10034,37100,54948,65535,65535,65535,65535,65535,65535,65535,65535,65535,65535
1685541816,0,1,0,0,10043,37125,54982,65535,65535,65535,65535,65535,65535,65535,65535,65535,65535
1685541822,0,1,0,0,10050,37091,54911,65535,65535,65535,65535,65535,65535,65535,65535,65535,65535
1685541828,0,1,0,0,10102,37196,55062,65535,65535,65535,65535,65535,65535,65535,65535,65535,65535
1685541834,0,1,0,0,10112,37207,55058,65535,65535,65535,65535,65535,65535,65535,65535,65535,65535
1685541840,0,1,0,0,10121,37226,55091,65535,65535,65535,65535,65535,65535,65535,65535,65535,65535
1685541846,0,1,0,0,10141,37439,55423,65535,65535,65535,65535,65535,65535,65535,65535,65535,65535
1685541852,0,1,0,0,1223223,37454,55414,65535,65535,65535,65535,65535,65535,65535,65535,65535,65535
1685541858,0,1,0,0,1223223,37571,55636,65535,65535,65535,65535,65535,65535,65535,65535,65535,65535
1685541864,0,1,0,0,1223223,37656,55737,65535,65535,65535,65535,65535,65535,65535,65535,65535,65535
1685541870,0,1,0,0,1223223,37794,55922,65535,65535,65535,65535,65535,65535,65535,65535,65535,65535
1685541876,0,1,0,0,1223223,37920,56112,65535,65535,65535,65535,65535,65535,65535,65535,65535,65535
1685541882,0,1,0,0,1223223,38038,56303,65535,65535,65535,65535,65535,65535,65535,65535,65535,65535
1685541888,0,1,0,0,1223223,38114,56446,65535,65535,65535,65535,65535,65535,65535,65535,65535,65535
1685541894,0,1,0,0,1223223,38211,56623,65535,65535,65535,65535,65535,65535,65535,65535,65535,65535
1685541900,0,1,0,0,1223223,38332,56778,65535,65535,65535,65535,65535,65535,65535,65535,65535,65535
1685541906,0,1,0,0,1223223,38390,56883,65535,65535,65535,65535,65535,65535,65535,65535,65535,65535
1685541912,0,1,0,0,1223223,38491,57034,65535,65535,65535,65535,65535,65535,65535,65535,65535,65535
1685541918,0,1,0,0,1223223,38579,57170,65535,65535,65535,65535,65535,65535,65535,65535,65535,65535
1685541924,0,1,0,0,1223223,38627,57235,65535,65535,65535,65535,65535,65535,65535,65535,65535,65535
1685541930,0,1,0,0,1223223,38687,57315,65535,65535,65535,65535,65535,65535,65535,65535,65535,65535
1685541936,0,1,0,0,1223223,38744,57401,65535,65535,65535,65535,65535,65535,65535,65535,65535,65535
1685541942,0,1,0,0,1223223,38805,57494,65535,65535,65535,65535,65535,65535,65535,65535,65535,65535
1685541948,0,1,0,0,1223223,38853,57579,65535,65535,65535,65535,65535,65535,65535,65535,65535,65535
1685541954,0,1,0,0,1223223,38935,57692,65535,65535,65535,65535,65535,65535,65535,65535,65535,65535
1685541960,0,1,0,0,1223223,38997,57787,65535,65535,65535,65535,65535,65535,65535,65535,65535,65535
1685541966,0,1,0,0,1223223,39046,57871,65535,65535,65535,65535,65535,65535,65535,65535,65535,65535
1685541972,0,1,0,0,1223223,39170,58079,65535,65535,65535,65535,65535,65535,65535,65535,65535,65535
1685541978,0,1,0,0,1223223,39082,57955,65535,65535,65535,65535,65535,65535,65535,65535,65535,65535
1685541984,0,1,0,0,1223223,39129,58050,65535,65535,65535,65535,65535,65535,65535,65535,65535,65535
1685541990,0,1,0,0,1223223,39117,58003,65535,65535,65535,65535,65535,65535,65535,65535,65535,65535
1685541996,0,1,0,0,1223223,39065,57967,65535,65535,65535,65535,65535,65535,65535,65535,65535,65535
1685542002,0,1,0,0,1223223,39084,57987,65535,65535,65535,65535,65535,65535,65535,65535,65535,65535
1685542008,0,1,0,0,1223223,39012,57881,65535,65535,65535,65535,65535,65535,65535,65535,65535,65535
1685542014,0,1,0,0,1223223,39018,57849,65535,65535,65535,65535,65535,65535,65535,65535,65535,65535
1685542020,0,1,0,0,1223223,38963,57811,65535,65535,65535,65535,65535,65535,65535,65535,65535,65535
1685542026,0,1,0,0,1223223,38970,57818,65535,65535,65535,65535,65535,65535,65535,65535,65535,65535
1685542032,0,1,0,0,1223223,38990,57827,65535,65535,65535,65535,65535,65535,65535,65535,65535,65535
1685542038,0,1,0,0,1223223,39079,57958,65535,65535,65535,65535,65535,65535,65535,65535,65535,65535
1685542044,0,1,0,0,1223223,39135,58048,65535,65535,65535,65535,65535,65535,65535,65535,65535,65535
1685542050,0,1,0,0,1223223,39167,58121,65535,65535,65535,65535,65535,65535,65535,65535,65535,65535
1685542056,0,1,0,0,1223223,39290,58292,65535,65535,65535,65535,65535,65535,65535,65535,65535,65535
1685542062,0,1,0,0,1223223,39365,58417,65535,65535,65535,65535,65535,65535,65535,65535,65535,65535
1685542068,0,1,0,0,1223223,39414,58487,65535,65535,65535,65535,65535,65535,65535,65535,65535,65535
1685542074,0,1,0,0,1223223,39446,58541,65535,65535,65535,65535,65535,65535,65535,65535,65535,65535
1685542080,0,1,0,0,1223223,39434,58557,65535,65535,65535,65535,65535,65535,65535,65535,65535,65535
1685542086,0,1,0,0,1223223,39472,58604,65535,65535,65535,65535,65535,65535,65535,65535,65535,65535
1685542092,0,1,0,0,1223223,39538,58708,65535,65535,65535,65535,65535,65535,65535,65535,65535,65535
1685542098,0,1,0,0,1223223,39614,58800,65535,65535,65535,65535,65535,65535,65535,65535,65535,65535
1685542104,0,1,0,0,1223223,39696,58903,65535,65535,65535,65535,65535,65535,65535,65535,65535,65535
1685542110,0,1,0,0,1223223,39741,58943,65535,65535,65535,65535,65535,65535,65535,65535,65535,65535
1685542116,0,1,0,0,1223223,39789,58986,65535,65535,65535,65535,65535,65535,65535,65535,65535,65535
1685542122,0,1,0,0,1223223,39792,59000,65535,65535,65535,65535,65535,65535,65535,65535,65535,65535
1685542128,0,1,0,0,1223223,39827,59053,65535,65535,65535,65535,65535,65535,65535,65535,65535,65535
1685542134,0,1,0,0,1223223,39750,58924,65535,65535,65535,65535,65535,65535,65535,65535,65535,65535
1685542140,0,1,0,0,1223223,39704,58847,65535,65535,65535,65535,65535,65535,65535,65535,65535,65535
1685542146,0,1,0,0,1223223,39607,58675,65535,65535,65535,65535,65535,65535,65535,65535,65535,65535
1685542152,0,1,0,0,1223223,39544,58534,65535,65535,65535,65535,65535,65535,65535,65535,65535,65535
1685542158,0,1,0,0,1223223,39566,58570,65535,65535,65535,65535,65535,65535,65535,65535,65535,65535
1685542164,0,1,0,0,1223223,39637,58669,65535,65535,65535,65535,65535,65535,65535,65535,65535,65535
1685542170,0,1,0,0,1223223,39701,58746,65535,65535,65535,65535,65535,65535,65535,65535,65535,65535
1685542176,0,1,0,0,1223223,39746,58812,65535,65535,65535,65535,65535,65535,65535,65535,65535,65535
1685542182,0,1,0,0,1223223,39758,58844,65535,65535,65535,65535,65535,65535,65535,65535,65535,65535
1685542188,0,1,0,0,1223223,39765,58856,65535,65535,65535,65535,65535,65535,65535,65535,65535,65535
1685542194,0,1,0,0,1223223,39762,58852,65535,65535,65535,65535,65535,65535,65535,65535,65535,65535
1685542200,0,1,0,0,1223223,39710,58784,65535,65535,65535,65535,65535,65535,65535,65535,65535,65535
1685542206,0,1,0,0,1223223,39729,58831,65535,65535,65535,65535,65535,65535,65535,65535,65535,65535
1685542212,0,1,0,0,1223223,39794,58890,65535,65535,65535,65535,65535,65535,65535,65535,65535,65535
1685542218,0,1,0,0,1223223,39847,58958,65535,65535,65535,65535,65535,65535,65535,65535,65535,65535
1685542224,0,1,0,0,1223223,39832,58956,65535,65535,65535,65535,65535,65535,65535,65535,65535,65535
1685542230,0,1,0,0,1223223,39903,59090,65535,65535,65535,65535,65535,65535,65535,65535,65535,65535
1685542236,0,1,0,0,1223223,39941,59169,65535,65535,65535,65535,65535,65535,65535,65535,65535,65535
1685542242,0,1,0,0,1223223,40000,59250,65535,65535,65535,65535,65535,65535,65535,65535,65535,65535
1685542248,0,1,0,0,1223223,40055,59323,65535,65535,65535,65535,65535,65535,65535,65535,65535,65535
1685542254,0,1,0,0,1223223,40035,59343,65535,65535,65535,65535,65535,65535,65535,65535,65535,65535
1685542260,0,1,0,0,1223223,40160,59512,65535,65535,65535,65535,65535,65535,65535,65535,65535,65535
1685542266,0,1,0,0,1223223,40188,59595,65535,65535,65535,65535,65535,65535,65535,65535,65535,65535
1685542272,0,1,0,0,1223223,40338,59797,65535,65535,65535,65535,65535,65535,65535,65535,65535,65535
1685542278,0,1,0,0,1223223,40427,59929,65535,65535,65535,65535,65535,65535,65535,65535,65535,65535
1685542284,0,1,0,0,1223223,40416,59935,65535,65535,65535,65535,65535,65535,65535,65535,65535,65535
1685542290,0,1,0,0,1223223,40556,60110,65535,65535,65535,65535,65535,65535,65535,65535,65535,65535
1685542296,0,1,0,0,1223223,40525,60127,65535,65535,65535,65535,65535,65535,65535,65535,65535,65535
1685542302,0,1,0,0,1223223,40604,60224,65535,65535,65535,65535,65535,65535,65535,65535,65535,65535
1685542308,0,1,0,0,1223223,40623,60247,65535,65535,65535,65535,65535,65535,65535,65535,65535,65535
1685542314,0,1,0,0,1223223,40632,60243,65535,65535,65535,65535,65535,65535,65535,65535,65535,65535
1685542320,0,1,0,0,1223223,40647,60295,65535,65535,65535,65535,65535,65535,65535,65535,65535,65535
1685542326,0,1,0,0,1223223,40690,60347,65535,65535,65535,65535,65535,65535,65535,65535,65535,65535
1685542332,0,1,0,0,1223223,40716,60459,65535,65535,65535,65535,65535,65535,65535,65535,65535,65535
1685542338,0,1,0,0,1223223,40742,60417,65535,65535,65535,65535,65535,65535,65535,65535,65535,65535
1685542344,0,1,0,0,1223223,40788,60465,65535,65535,65535,65535,65535,65535,65535,65535,65535,65535
1685542350,0,1,0,0,1223223,40768,60411,65535,65535,65535,65535,65535,65535,65535,65535,65535,65535
1685542356,0,1,0,0,1223223,40756,60419,65535,65535,65535,65535,65535,65535,65535,65535,65535,65535
1685542362,0,1,0,0,1223223,40790,60463,65535,65535,65535,65535,65535,65535,65535,65535,65535,65535
1685542368,0,1,0,0,1223223,40798,60513,65535,65535,65535,65535,65535,65535,65535,65535,65535,65535
1685542374,0,1,0,0,1223223,40764,60463,65535,65535,65535,65535,65535,65535,65535,65535,65535,65535
1685542380,0,1,0,0,1223223,40748,60451,65535,65535,65535,65535,65535,65535,65535,65535,65535,65535
1685542386,0,1,0,0,1223223,40738,60424,65535,65535,65535,65535,65535,65535,65535,65535,65535,65535
1685542392,0,1,0,0,1223223,40723,60434,65535,65535,65535,65535,65535,65535,65535,65535,65535,65535
1685542398,0,1,0,0,1223223,40710,60459,65535,65535,65535,65535,65535,65535,65535,65535,65535,65535
1685542404,0,1,0,0,1223223,40699,60367,65535,65535,65535,65535,65535,65535,65535,65535,65535,65535
1685542410,0,1,0,0,1223223,40720,60423,65535,65535,65535,65535,65535,65535,65535,65535,65535,65535
1685542416,0,1,0,0,1223223,40784,60484,65535,65535,65535,65535,65535,65535,65535,65535,65535,65535
1685542422,0,1,0,0,1223223,40819,60511,65535,65535,65535,65535,65535,65535,65535,65535,65535,65535
1685542428,0,1,0,0,1223223,40885,60635,65535,65535,65535,65535,65535,65535,65535,65535,65535,65535
1685542434,0,1,0,0,1223223,40982,60787,65535,65535,65535,65535,65535,65535,65535,65535,65535,65535
1685542440,0,1,0,0,1223223,41121,60980,65535,65535,65535,65535,65535,65535,65535,65535,65535,65535
1685542446,0,1,0,0,1223223,41341,61345,65535,65535,65535,65535,65535,65535,65535,65535,65535,65535
1685542452,0,1,0,0,1223223,41456,61493,65535,65535,65535,65535,65535,65535,65535,65535,65535,65535
1685542458,0,1,0,0,1223223,41593,61704,65535,65535,65535,65535,65535,65535,65535,65535,65535,65535
1685542464,0,1,0,0,1223223,41685,61833,65535,65535,65535,65535,65535,65535,65535,65535,65535,65535
1685542470,0,1,0,0,1223223,41553,61606,65535,65535,65535,65535,65535,65535,65535,65535,65535,65535
1685542476,0,1,0,0,1223223,41785,61993,65535,65535,65535,65535,65535,65535,65535,65535,65535,65535
1685542482,0,1,0,0,1223223,41832,62054,65535,65535,65535,65535,65535,65535,65535,65535,65535,65535
1685542488,0,1,0,0,1223223,41889,62100,65535,65535,65535,65535,65535,65535,65535,65535,65535,65535
1685542494,0,1,0,0,1223223,41954,62215,65535,65535,65535,65535,65535,65535,65535,65535,65535,65535
1685542500,0,1,0,0,1223223,42049,62363,65535,65535,65535,65535,65535,65535,65535,65535,65535,65535
1685542506,0,1,0,0,1223223,42048,62332,65535,65535,65535,65535,65535,65535,65535,65535,65535,65535
1685542512,0,1,0,0,1223223,41866,62041,65535,65535,65535,65535,65535,65535,65535,65535,65535,65535
1685542518,0,1,0,0,1223223,41962,62233,65535,65535,65535,65535,65535,65535,65535,65535,65535,65535
1685542524,0,1,0,0,1223223,41812,62015,65535,65535,65535,65535,65535,65535,65535,65535,65535,65535
1685542530,0,1,0,0,1223223,41748,61941,65535,65535,65535,65535,65535,65535,65535,65535,65535,65535
1685542536,0,1,0,0,1223223,41700,61830,65535,65535,65535,65535,65535,65535,65535,65535,65535,65535
1685542542,0,1,0,0,1223223,41678,61832,65535,65535,65535,65535,65535,65535,65535,65535,65535,65535
1685542548,0,1,0,0,1223223,41658,61799,65535,65535,65535,65535,65535,65535,65535,65535,65535,65535
1685542554,0,1,0,0,1223223,41624,61754,65535,65535,65535,65535,65535,65535,65535,65535,65535,65535
1685542560,0,1,0,0,1223223,41560,61629,65535,65535,65535,65535,65535,65535,65535,65535,65535,65535
1685542566,0,1,0,0,1223223,41507,61576,65535,65535,65535,65535,65535,65535,65535,65535,65535,65535
1685542572,0,1,0,0,1223223,41365,61309,65535,65535,65535,65535,65535,65535,65535,65535,65535,65535
1685542578,0,1,0,0,1223223,41277,61146,65535,65535,65535,65535,65535,65535,65535,65535,65535,65535
1685542584,0,1,0,0,1223223,41195,61070,65535,65535,65535,65535,65535,65535,65535,65535,65535,65535
1685542590,0,1,0,0,1223223,41020,60766,65535,65535,65535,65535,65535,65535,65535,65535,65535,65535
1685542596,0,1,0,0,1223223,41021,60726,65535,65535,65535,65535,65535,65535,65535,65535,65535,65535
1685542602,0,1,0,0,1223223,40940,60606,65535,65535,65535,65535,65535,65535,65535,65535,65535,65535
1685542608,0,1,0,0,1223223,40918,60563,65535,65535,65535,65535,65535,65535,65535,65535,65535,65535
1685542614,0,1,0,0,1223223,40829,60437,65535,65535,65535,65535,65535,65535,65535,65535,65535,65535
1685542620,0,1,0,0,1223223,40661,60158,65535,65535,65535,65535,65535,65535,65535,65535,65535,65535
1685542626,0,1,0,0,1223223,40768,60379,65535,65535,65535,65535,65535,65535,65535,65535,65535,65535
1685542632,0,1,0,0,1223223,40785,60344,65535,65535,65535,65535,65535,65535,65535,65535,65535,65535
1685542638,0,1,0,0,1223223,40790,60361,65535,65535,65535,65535,65535,65535,65535,65535,65535,65535
1685542644,0,1,0,0,1223223,40790,60392,65535,65535,65535,65535,65535,65535,65535,65535,65535,65535
1685542650,0,1,0,0,1223223,40843,60523,65535,65535,65535,65535,65535,65535,65535,65535,65535,65535
1685542656,0,1,0,0,1223223,40790,60462,65535,65535,65535,65535,65535,65535,65535,65535,65535,65535
1685542662,0,1,0,0,1223223,40796,60502,65535,65535,65535,65535,65535,65535,65535,65535,65535,65535
1685542668,0,1,0,0,1223223,40710,60372,65535,65535,65535,65535,65535,65535,65535,65535,65535,65535
1685542674,0,1,0,0,1223223,40769,60404,65535,65535,65535,65535,65535,65535,65535,65535,65535,65535
1685542680,0,1,0,0,1223223,40774,60380,65535,65535,65535,65535,65535,65535,65535,65535,65535,65535
1685542686,0,1,0,0,1223223,40746,60402,65535,65535,65535,65535,65535,65535,65535,65535,65535,65535
1685542692,0,1,0,0,1223223,40713,60371,65535,65535,65535,65535,65535,65535,65535,65535,65535,65535
1685542698,0,1,0,0,1223223,40698,60355,65535,65535,65535,65535,65535,65535,65535,65535,65535,65535
1685542704,0,1,0,0,1223223,40687,60326,65535,65535,65535,65535,65535,65535,65535,65535,65535,65535
1685542710,0,1,0,0,1223223,40707,60373,65535,65535,65535,65535,65535,65535,65535,65535,65535,65535
1685542716,0,1,0,0,1223223,40688,60347,65535,65535,65535,65535,65535,65535,65535,65535,65535,65535
1685542722,0,1,0,0,1223223,40678,60310,65535,65535,65535,65535,65535,65535,65535,65535,65535,65535
1685542728,0,1,0,0,1223223,40653,60216,65535,65535,65535,65535,65535,65535,65535,65535,65535,65535
1685542734,0,1,0,0,1223223,40626,60268,65535,65535,65535,65535,65535,65535,65535,65535,65535,65535
1685542740,0,1,0,0,1223223,40630,60226,65535,65535,65535,65535,65535,65535,65535,65535,65535,65535
1685542746,0,1,0,0,1223223,40602,60182,65535,65535,65535,65535,65535,65535,65535,65535,65535,65535
1685542752,0,1,0,0,1223223,40636,60188,65535,65535,65535,65535,65535,65535,65535,65535,65535,65535
1685542758,0,1,0,0,1223223,40639,60277,65535,65535,65535,65535,65535,65535,65535,65535,65535,65535
1685542764,0,1,0,0,1223223,40703,60370,65535,65535,65535,65535,65535,65535,65535,65535,65535,65535
1685542770,0,1,0,0,1223223,40745,60390,65535,65535,65535,65535,65535,65535,65535,65535,65535,65535
1685542776,0,1,0,0,1223223,40771,60463,65535,65535,65535,65535,65535,65535,65535,65535,65535,65535
1685542782,0,1,0,0,1223223,40746,60384,65535,65535,65535,65535,65535,65535,65535,65535,65535,65535
1685542788,0,1,0,0,1223223,40793,60513,65535,65535,65535,65535,65535,65535,65535,65535,65535,65535
1685542794,0,1,0,0,1223223,40783,60472,65535,65535,65535,65535,65535,65535,65535,65535,65535,65535
1685542800,0,1,0,0,1223223,40809,60505,65535,65535,65535,65535,65535,65535,65535,65535,65535,65535
1685542806,0,1,0,0,1223223,40856,60569,65535,65535,65535,65535,65535,65535,65535,65535,65535,65535
1685542812,0,1,0,0,1223223,40844,60538,65535,65535,65535,65535,65535,65535,65535,65535,65535,65535
1685542818,0,1,0,0,1223223,40901,60633,65535,65535,65535,65535,65535,65535,65535,65535,65535,65535
1685542824,0,1,0,0,1223223,40885,60646,65535,65535,65535,65535,65535,65535,65535,65535,65535,65535
1685542830,0,1,0,0,1223223,40852,60563,65535,65535,65535,65535,65535,65535,65535,65535,65535,65535
1685542836,0,1,0,0,1223223,40836,60524,65535,65535,65535,65535,65535,65535,65535,65535,65535,65535
1685542842,0,1,0,0,1223223,40783,60479,65535,65535,65535,65535,65535,65535,65535,65535,65535,65535
1685542848,0,1,0,0,1223223,40786,60457,65535,65535,65535,65535,65535,65535,65535,65535,65535,65535
1685542854,0,1,0,0,1223223,40782,60430,65535,65535,65535,65535,65535,65535,65535,65535,65535,65535
1685542860,0,1,0,0,1223223,40839,60536,65535,65535,65535,65535,65535,65535,65535,65535,65535,65535
1685542866,0,1,0,0,1223223,40799,60484,65535,65535,65535,65535,65535,65535,65535,65535,65535,65535
1685542872,0,1,0,0,1223223,40811,60493,65535,65535,65535,65535,65535,65535,65535,65535,65535,65535
1685542878,0,1,0,0,1223223,40778,60409,65535,65535,65535,65535,65535,65535,65535,65535,65535,65535
1685542884,0,1,0,0,1223223,40767,60386,65535,65535,65535,65535,65535,65535,65535,65535,65535,65535
1685542890,0,1,0,0,1223223,40745,60389,65535,65535,65535,65535,65535,65535,65535,65535,65535,65535
1685542896,0,1,0,0,1223223,40761,60420,65535,65535,65535,65535,65535,65535,65535,65535,65535,65535
1685542902,0,1,0,0,1223223,40810,60482,65535,65535,65535,65535,65535,65535,65535,65535,65535,65535
1685542908,0,1,0,0,1223223,40869,60555,65535,65535,65535,65535,65535,65535,65535,65535,65535,65535
1685542914,0,1,0,0,1223223,40957,60645,65535,65535,65535,65535,65535,65535,65535,65535,65535,65535
1685542920,0,1,0,0,1223223,40976,60721,65535,65535,65535,65535,65535,65535,65535,65535,65535,65535
1685542926,0,1,0,0,1223223,41072,60869,65535,65535,65535,65535,65535,65535,65535,65535,65535,65535
1685542932,0,1,0,0,1223223,41135,60950,65535,65535,65535,65535,65535,65535,65535,65535,65535,65535
1685542938,0,1,0,0,1223223,41150,60979,65535,65535,65535,65535,65535,65535,65535,65535,65535,65535
1685542944,0,1,0,0,1223223,41176,61020,65535,65535,65535,65535,65535,65535,65535,65535,65535,65535
1685542950,0,1,0,0,1223223,41144,60957,65535,65535,65535,65535,65535,65535,65535,65535,65535,65535
1685542956,0,1,0,0,1223223,41199,61038,65535,65535,65535,65535,65535,65535,65535,65535,65535,65535
1685542962,0,1,0,0,1223223,41251,61126,65535,65535,65535,65535,65535,65535,65535,65535,65535,65535
1685542968,0,1,0,0,1223223,41344,61281,65535,65535,65535,65535,65535,65535,65535,65535,65535,65535
1685542974,0,1,0,0,1223223,41435,61427,65535,65535,65535,65535,65535,65535,65535,65535,65535,65535
1685542980,0,1,0,0,1223223,41559,61648,65535,65535,65535,65535,65535,65535,65535,65535,65535,65535
1685542986,0,1,0,0,1223223,41635,61729,65535,65535,65535,65535,65535,65535,65535,65535,65535,65535
1685542992,0,1,0,0,1223223,41715,61792,65535,65535,65535,65535,65535,65535,65535,65535,65535,65535
1685542998,0,1,0,0,1223223,41710,61789,65535,65535,65535,65535,65535,65535,65535,65535,65535,65535
1685543004,0,1,0,0,1223223,41681,61731,65535,65535,65535,65535,65535,65535,65535,65535,65535,65535
1685543010,0,1,0,0,1223223,41757,61875,65535,65535,65535,65535,65535,65535,65535,65535,65535,65535
1685543016,0,1,0,0,1223223,41820,61933,65535,65535,65535,65535,65535,65535,65535,65535,65535,65535
1685543022,0,1,0,0,1223223,41864,61978,65535,65535,65535,65535,65535,65535,65535,65535,65535,65535
1685543028,0,1,0,0,1223223,41911,62047,65535,65535,65535,65535,65535,65535,65535,65535,65535,65535
1685543034,0,1,0,0,1223223,41823,61921,65535,65535,65535,65535,65535,65535,65535,65535,65535,65535
1685543040,0,1,0,0,1223223,42033,62194,65535,65535,65535,65535,65535,65535,65535,65535,65535,65535
1685543046,0,1,0,0,1223223,42116,62359,65535,65535,65535,65535,65535,65535,65535,65535,65535,65535
1685543052,0,1,0,0,1223223,42150,62367,65535,65535,65535,65535,65535,65535,65535,65535,65535,65535
1685543058,0,1,0,0,1223223,42038,62169,65535,65535,65535,65535,65535,65535,65535,65535,65535,65535
1685543064,0,1,0,0,1223223,42310,62582,65535,65535,65535,65535,65535,65535,65535,65535,65535,65535
1685543070,0,1,0,0,1223223,42477,62829,65535,65535,65535,65535,65535,65535,65535,65535,65535,65535
1685543076,0,1,0,0,1223223,42478,62872,65535,65535,65535,65535,65535,65535,65535,65535,65535,65535
1685543082,0,1,0,0,1223223,42746,63252,65535,65535,65535,65535,65535,65535,65535,65535,65535,65535
1685543088,0,1,0,0,1223223,42715,63221,65535,65535,65535,65535,65535,65535,65535,65535,65535,65535
1685543094,0,1,0,0,1223223,42944,63528,65535,65535,65535,65535,65535,65535,65535,65535,65535,65535
1685543100,0,1,0,0,1223223,42959,63507,65535,65535,65535,65535,65535,65535,65535,65535,65535,65535
1685543106,0,1,0,0,1223223,43015,63543,65535,65535,65535,65535,65535,65535,65535,65535,65535,65535
1685543112,0,1,0,0,1223223,42990,63561,65535,65535,65535,65535,65535,65535,65535,65535,65535,65535
1685543118,0,1,0,0,1223223,43080,63723,65535,65535,65535,65535,65535,65535,65535,65535,65535,65535
1685543124,0,1,0,0,1223223,43025,63605,65535,65535,65535,65535,65535,65535,65535,65535,65535,65535
1685543130,0,1,0,0,1223223,43238,63929,65535,65535,65535,65535,65535,65535,65535,65535,65535,65535
1685543136,0,1,0,0,1223223,43362,64061,65535,65535,65535,65535,65535,65535,65535,65535,65535,65535
1685543142,0,1,0,0,1223223,43478,64239,65535,65535,65535,65535,65535,65535,65535,65535,65535,65535
1685543148,0,1,0,0,1223223,43622,64442,65535,65535,65535,65535,65535,65535,65535,65535,65535,65535
1685543154,0,1,0,0,1223223,43773,64644,65535,65535,65535,65535,65535,65535,65535,65535,65535,65535
1685543160,0,1,0,0,1223223,43913,64893,65535,65535,65535,65535,65535,65535,65535,65535,65535,65535
1685543166,0,1,0,0,1223223,44083,65157,65535,65535,65535,65535,65535,65535,65535,65535,65535,65535
1685543172,0,1,0,0,1223223,44279,65431,65535,65535,65535,65535,65535,65535,65535,65535,65535,65535
1685543178,0,1,0,0,1223223,44425,65535,65535,65535,65535,65535,65535,65535,65535,65535,65535,65535
1685543184,0,1,0,0,1223223,44418,65535,65535,65535,65535,65535,65535,65535,65535,65535,65535,65535
1685543190,0,1,0,0,1223223,44668,65535,65535,65535,65535,65535,65535,65535,65535,65535,65535,65535
1685543196,0,1,0,0,1223223,44717,65535,65535,65535,65535,65535,65535,65535,65535,65535,65535,65535
1685543202,0,1,0,0,1223223,44640,65535,65535,65535,65535,65535,65535,65535,65535,65535,65535,65535
1685543208,0,1,0,0,1223223,44629,65535,65535,65535,65535,65535,65535,65535,65535,65535,65535,65535
1685543214,0,1,0,0,1223223,44787,65535,65535,65535,65535,65535,65535,65535,65535,65535,65535,65535
1685543220,0,1,0,0,1223223,44862,65535,65535,65535,65535,65535,65535,65535,65535,65535,65535,65535
1685543226,0,1,0,0,1223223,44929,65535,65535,65535,65535,65535,65535,65535,65535,65535,65535,65535
1685543232,0,1,0,0,1223223,44903,65535,65535,65535,65535,65535,65535,65535,65535,65535,65535,65535
1685543238,0,1,0,0,1223223,45217,65535,65535,65535,65535,65535,65535,65535,65535,65535,65535,65535
1685543244,0,1,0,0,1223223,45351,65535,65535,65535,65535,65535,65535,65535,65535,65535,65535,65535
1685543250,0,1,0,0,1223223,45333,65535,65535,65535,65535,65535,65535,65535,65535,65535,65535,65535
1685543256,0,1,0,0,1223223,45651,65535,65535,65535,65535,65535,65535,65535,65535,65535,65535,65535
1685543262,0,1,0,0,1223223,45632,65535,65535,65535,65535,65535,65535,65535,65535,65535,65535,65535
1685543268,0,1,0,0,1223223,45914,65535,65535,65535,65535,65535,65535,65535,65535,65535,65535,65535
1685543274,0,1,0,0,1223223,45766,65535,65535,65535,65535,65535,65535,65535,65535,65535,65535,65535
1685543280,0,1,0,0,1223223,46071,65535,65535,65535,65535,65535,65535,65535,65535,65535,65535,65535
1685543286,0,1,0,0,1223223,46126,65535,65535,65535,65535,65535,65535,65535,65535,65535,65535,65535
1685543292,0,1,0,0,1223223,46237,65535,65535,65535,65535,65535,65535,65535,65535,65535,65535,65535
1685543298,0,1,0,0,1223223,46292,65535,65535,65535,65535,65535,65535,65535,65535,65535,65535,65535
1685543304,0,1,0,0,1223223,46375,65535,65535,65535,65535,65535,65535,65535,65535,65535,65535,65535
1685543310,0,1,0,0,1223223,46401,65535,65535,65535,65535,65535,65535,65535,65535,65535,65535,65535
1685543316,0,1,0,0,1223223,46407,65535,65535,65535,65535,65535,65535,65535,65535,65535,65535,65535
1685543322,0,1,0,0,1223223,46496,65535,65535,65535,65535,65535,65535,65535,65535,65535,65535,65535
1685543328,0,1,0,0,1223223,46596,65535,65535,65535,65535,65535,65535,65535,65535,65535,65535,65535
1685543334,0,1,0,0,1223223,46781,65535,65535,65535,65535,65535,65535,65535,65535,65535,65535,65535
1685543340,0,1,0,0,1223223,46925,65535,65535,65535,65535,65535,65535,65535,65535,65535,65535,65535
1685543346,0,1,0,0,1223223,47097,65535,65535,65535,65535,65535,65535,65535,65535,65535,65535,65535
1685543352,0,1,0,0,1223223,47281,65535,65535,65535,65535,65535,65535,65535,65535,65535,65535,65535
1685543358,0,1,0,0,1223223,47207,65535,65535,65535,65535,65535,65535,65535,65535,65535,65535,65535
1685543364,0,1,0,0,1223223,47321,65535,65535,65535,65535,65535,65535,65535,65535,65535,65535,65535
1685543370,0,1,0,0,1223223,47367,65535,65535,65535,65535,65535,65535,65535,65535,65535,65535,65535
1685543376,0,1,0,0,1223223,47397,65535,65535,65535,65535,65535,65535,65535,65535,65535,65535,65535
1685543382,0,1,0,0,1223223,47633,65535,65535,65535,65535,65535,65535,65535,65535,65535,65535,65535
1685543388,0,1,0,0,1223223,47653,65535,65535,65535,65535,65535,65535,65535,65535,65535,65535,65535
1685543394,0,1,0,0,1223223,47793,65535,65535,65535,65535,65535,65535,65535,65535,65535,65535,65535
1685543400,0,1,0,0,1223223,47920,65535,65535,65535,65535,65535,65535,65535,65535,65535,65535,65535
1685543406,0,1,0,0,1223223,48050,65535,65535,65535,65535,65535,65535,65535,65535,65535,65535,65535
1685543412,0,1,0,0,1223223,48149,65535,65535,65535,65535,65535,65535,65535,65535,65535,65535,65535
1685543418,0,1,0,0,1223223,48197,65535,65535,65535,65535,65535,65535,65535,65535,65535,65535,65535
1685543424,0,1,0,0,1223223,48210,65535,65535,65535,65535,65535,65535,65535,65535,65535,65535,65535
1685543430,0,1,0,0,1223223,48069,65535,65535,65535,65535,65535,65535,65535,65535,65535,65535,65535
1685543436,0,1,0,0,1223223,48072,65535,65535,65535,65535,65535,65535,65535,65535,65535,65535,65535
1685543442,0,1,0,0,1223223,48162,65535,65535,65535,65535,65535,65535,65535,65535,65535,65535,65535
1685543448,0,1,0,0,1223223,48421,65535,65535,65535,65535,65535,65535,65535,65535,65535,65535,65535
1685543454,0,1,0,0,1223223,48470,65535,65535,65535,65535,65535,65535,65535,65535,65535,65535,65535
1685543460,0,1,0,0,1223223,48295,65535,65535,65535,65535,65535,65535,65535,65535,65535,65535,65535
1685543466,0,1,0,0,1223223,48576,65535,65535,65535,65535,65535,65535,65535,65535,65535,65535,65535
1685543472,0,1,0,0,1223223,48443,65535,65535,65535,65535,65535,65535,65535,65535,65535,65535,65535
1685543478,0,1,0,0,1223223,48781,65535,65535,65535,65535,65535,65535,65535,65535,65535,65535,65535
1685543484,0,1,0,0,1223223,48949,65535,65535,65535,65535,65535,65535,65535,65535,65535,65535,65535
1685543490,0,1,0,0,1223223,49073,65535,65535,65535,65535,65535,65535,65535,65535,65535,65535,65535
1685543496,0,1,0,0,1223223,49229,65535,65535,65535,65535,65535,65535,65535,65535,65535,65535,65535
1685543502,0,1,0,0,1223223,49347,65535,65535,65535,65535,65535,65535,65535,65535,65535,65535,65535
1685543508,0,1,0,0,1223223,49358,65535,65535,65535,65535,65535,65535,65535,65535,65535,65535,65535
1685543514,0,1,0,0,1223223,49373,65535,65535,65535,65535,65535,65535,65535,65535,65535,65535,65535
1685543520,0,1,0,0,1223223,49353,65535,65535,65535,65535,65535,65535,65535,65535,65535,65535,65535
1685543526,0,1,0,0,1223223,49107,65535,65535,65535,65535,65535,65535,65535,65535,65535,65535,65535
1685543532,0,1,0,0,1223223,49071,65535,65535,65535,65535,65535,65535,65535,65535,65535,65535,65535
1685543538,0,1,0,0,1223223,49068,65535,65535,65535,65535,65535,65535,65535,65535,65535,65535,65535
1685543544,0,1,0,0,1223223,49387,65535,65535,65535,65535,65535,65535,65535,65535,65535,65535,65535
1685543550,0,1,0,0,1223223,49432,65535,65535,65535,65535,65535,65535,65535,65535,65535,65535,65535
1685543556,0,1,0,0,1223223,49295,65535,65535,65535,65535,65535,65535,65535,65535,65535,65535,65535
1685543562,0,1,0,0,1223223,49646,65535,65535,65535,65535,65535,65535,65535,65535,65535,65535,65535
1685543568,0,1,0,0,1223223,49517,65535,65535,65535,65535,65535,65535,65535,65535,65535,65535,65535
1685543574,0,1,0,0,1223223,49903,65535,65535,65535,65535,65535,65535,65535,65535,65535,65535,65535
1685543580,0,1,0,0,1223223,49654,65535,65535,65535,65535,65535,65535,65535,65535,65535,65535,65535
1685543586,0,1,0,0,1223223,50058,65535,65535,65535,65535,65535,65535,65535,65535,65535,65535,65535
1685543592,0,1,0,0,1223223,49746,65535,65535,65535,65535,65535,65535,65535,65535,65535,65535,65535
1685543598,0,1,0,0,1223223,49762,65535,65535,65535,65535,65535,65535,65535,65535,65535,65535,65535
1685543604,0,1,0,0,1223223,49771,65535,65535,65535,65535,65535,65535,65535,65535,65535,65535,65535
1685543610,0,1,0,0,1223223,50272,65535,65535,65535,65535,65535,65535,65535,65535,65535,65535,65535
1685543616,0,1,0,0,1223223,50291,65535,65535,65535,65535,65535,65535,65535,65535,65535,65535,65535
1685543622,0,1,0,0,1223223,50280,65535,65535,65535,65535,65535,65535,65535,65535,65535,65535,65535
1685543628,0,1,0,0,1223223,49887,65535,65535,65535,65535,65535,65535,65535,65535,65535,65535,65535
1685543634,0,1,0,0,1223223,49902,65535,65535,65535,65535,65535,65535,65535,65535,65535,65535,65535
1685543640,0,1,0,0,1223223,49946,65535,65535,65535,65535,65535,65535,65535,65535,65535,65535,65535
1685543646,0,1,0,0,1223223,50011,65535,65535,65535,65535,65535,65535,65535,65535,65535,65535,65535
1685543652,0,1,0,0,1223223,50055,65535,65535,65535,65535,65535,65535,65535,65535,65535,65535,65535
1685543658,0,1,0,0,1223223,50312,65535,65535,65535,65535,65535,65535,65535,65535,65535,65535,65535
1685543664,0,1,0,0,1223223,50453,65535,65535,65535,65535,65535,65535,65535,65535,65535,65535,65535
1685543670,0,1,0,0,1223223,50500,65535,65535,65535,65535,65535,65535,65535,65535,65535,65535,65535
1685543676,0,1,0,0,1223223,50221,65535,65535,65535,65535,65535,65535,65535,65535,65535,65535,65535
1685543682,0,1,0,0,1223223,50294,65535,65535,65535,65535,65535,65535,65535,65535,65535,65535,65535
1685543688,0,1,0,0,1223223,50501,65535,65535,65535,65535,65535,65535,65535,65535,65535,65535,65535
1685543694,0,1,0,0,1223223,50371,65535,65535,65535,65535,65535,65535,65535,65535,65535,65535,65535
1685543700,0,1,0,0,1223223,50526,65535,65535,65535,65535,65535,65535,65535,65535,65535,65535,65535
1685543706,0,1,0,0,1223223,50833,65535,65535,65535,65535,65535,65535,65535,65535,65535,65535,65535
1685543712,0,1,0,0,1223223,51448,65535,65535,65535,65535,65535,65535,65535,65535,65535,65535,65535
1685543718,0,1,0,0,1223223,51915,65535,65535,65535,65535,65535,65535,65535,65535,65535,65535,65535
1685543724,0,1,0,0,1223223,51981,65535,65535,65535,65535,65535,65535,65535,65535,65535,65535,65535
1685543730,0,1,0,0,1223223,51444,65535,65535,65535,65535,65535,65535,65535,65535,65535,65535,65535
1685543736,0,1,0,0,1223223,51248,65535,65535,65535,65535,65535,65535,65535,65535,65535,65535,65535
1685543742,0,1,0,0,1223223,51132,65535,65535,65535,65535,65535,65535,65535,65535,65535,65535,65535
1685543748,0,1,0,0,1223223,50706,65535,65535,65535,65535,65535,65535,65535,65535,65535,65535,65535
1685543754,0,1,0,0,1223223,50501,65535,65535,65535,65535,65535,65535,65535,65535,65535,65535,65535
1685543760,0,1,0,0,1223223,50502,65535,65535,65535,65535,65535,65535,65535,65535,65535,65535,65535
1685543766,0,1,0,0,1223223,50661,65535,65535,65535,65535,65535,65535,65535,65535,65535,65535,65535
1685543772,0,1,0,0,1223223,50872,65535,65535,65535,65535,65535,65535,65535,65535,65535,65535,65535
1685543778,0,1,0,0,1223223,51039,65535,65535,65535,65535,65535,65535,65535,65535,65535,65535,65535
1685543784,0,1,0,0,1223223,51298,65535,65535,65535,65535,65535,65535,65535,65535,65535,65535,65535
1685543790,0,1,0,0,1223223,51877,65535,65535,65535,65535,65535,65535,65535,65535,65535,65535,65535
1685543796,0,1,0,0,1223223,52405,65535,65535,65535,65535,65535,65535,65535,65535,65535,65535,65535
1685543802,0,1,0,0,1223223,52873,65535,65535,65535,65535,65535,65535,65535,65535,65535,65535,65535
1685543808,0,1,0,0,1223223,52845,65535,65535,65535,65535,65535,65535,65535,65535,65535,65535,65535
1685543814,0,1,0,0,1223223,52841,65535,65535,65535,65535,65535,65535,65535,65535,65535,65535,65535
1685543820,0,1,0,0,1223223,52793,65535,65535,65535,65535,65535,65535,65535,65535,65535,65535,65535
1685543826,0,1,0,0,1223223,53081,65535,65535,65535,65535,65535,65535,65535,65535,65535,65535,65535
1685543832,0,1,0,0,1223223,52526,65535,65535,65535,65535,65535,65535,65535,65535,65535,65535,65535
1685543838,0,1,0,0,1223223,51896,65535,65535,65535,65535,65535,65535,65535,65535,65535,65535,65535
1685543844,0,1,0,0,1223223,51417,65535,65535,65535,65535,65535,65535,65535,65535,65535,65535,65535
1685543850,0,1,0,0,1223223,51194,65535,65535,65535,65535,65535,65535,65535,65535,65535,65535,65535
1685543856,0,1,0,0,1223223,51205,65535,65535,65535,65535,65535,65535,65535,65535,65535,65535,65535
1685543862,0,1,0,0,1223223,51239,65535,65535,65535,65535,65535,65535,65535,65535,65535,65535,65535
1685543868,0,1,0,0,1223223,51236,65535,65535,65535,65535,65535,65535,65535,65535,65535,65535,65535
1685543874,0,1,0,0,1223223,51319,65535,65535,65535,65535,65535,65535,65535,65535,65535,65535,65535
1685543880,0,1,0,0,1223223,51369,65535,65535,65535,65535,65535,65535,65535,65535,65535,65535,65535
1685543886,0,1,0,0,1223223,51433,65535,65535,65535,65535,65535,65535,65535,65535,65535,65535,65535
1685543892,0,1,0,0,1223223,51505,65535,65535,65535,65535,65535,65535,65535,65535,65535,65535,65535
1685543898,0,1,0,0,1223223,51553,65535,65535,65535,65535,65535,65535,65535,65535,65535,65535,65535
1685543904,0,1,0,0,1223223,51626,65535,65535,65535,65535,65535,65535,65535,65535,65535,65535,65535
1685543910,0,1,0,0,1223223,51634,65535,65535,65535,65535,65535,65535,65535,65535,65535,65535,65535
1685543916,0,1,0,0,1223223,51593,65535,65535,65535,65535,65535,65535,65535,65535,65535,65535,65535
1685543922,0,1,0,0,1223223,51547,65535,65535,65535,65535,65535,65535,65535,65535,65535,65535,65535
1685543928,0,1,0,0,1223223,51551,65535,65535,65535,65535,65535,65535,65535,65535,65535,65535,65535
1685543934,0,1,0,0,1223223,51491,65535,65535,65535,65535,65535,65535,65535,65535,65535,65535,65535
1685543940,0,1,0,0,1223223,51455,65535,65535,65535,65535,65535,65535,65535,65535,65535,65535,65535
1685543946,0,1,0,0,1223223,51440,65535,65535,65535,65535,65535,65535,65535,65535,65535,65535,65535
1685543952,0,1,0,0,1223223,51415,65535,65535,65535,65535,65535,65535,65535,65535,65535,65535,65535
1685543958,0,1,0,0,1223223,51352,65535,65535,65535,65535,65535,65535,65535,65535,65535,65535,65535
1685543964,0,1,0,0,1223223,51311,65535,65535,65535,65535,65535,65535,65535,65535,65535,65535,65535
1685543970,0,1,0,0,1223223,51246,65535,65535,65535,65535,65535,65535,65535,65535,65535,65535,65535
1685543976,0,1,0,0,1223223,51157,65535,65535,65535,65535,65535,65535,65535,65535,65535,65535,65535
1685543982,0,1,0,0,1223223,51252,65535,65535,65535,65535,65535,65535,65535,65535,65535,65535,65535
1685543988,0,1,0,0,1223223,51120,65535,65535,65535,65535,65535,65535,65535,65535,65535,65535,65535
1685543994,0,1,0,0,1223223,51186,65535,65535,65535,65535,65535,65535,65535,65535,65535,65535,65535
1685544000,0,1,0,0,1223223,51296,65535,65535,65535,65535,65535,65535,65535,65535,65535,65535,65535
1685544006,0,1,0,0,1223223,51422,65535,65535,65535,65535,65535,65535,65535,65535,65535,65535,65535
1685544012,0,1,0,0,1223223,51409,65535,65535,65535,65535,65535,65535,65535,65535,65535,65535,65535
1685544018,0,1,0,0,1223223,51443,65535,65535,65535,65535,65535,65535,65535,65535,65535,65535,65535
1685544024,0,1,0,0,1223223,51498,65535,65535,65535,65535,65535,65535,65535,65535,65535,65535,65535
1685544030,0,1,0,0,1223223,51584,65535,65535,65535,65535,65535,65535,65535,65535,65535,65535,65535
1685544036,0,1,0,0,1223223,51486,65535,65535,65535,65535,65535,65535,65535,65535,65535,65535,65535
1685544042,0,1,0,0,1223223,51882,65535,65535,65535,65535,65535,65535,65535,65535,65535,65535,65535
1685544048,0,1,0,0,1223223,51931,65535,65535,65535,65535,65535,65535,65535,65535,65535,65535,65535
1685544054,0,1,0,0,1223223,52115,65535,65535,65535,65535,65535,65535,65535,65535,65535,65535,65535
1685544060,0,1,0,0,1223223,52272,65535,65535,65535,65535,65535,65535,65535,65535,65535,65535,65535
1685544066,0,1,0,0,1223223,52493,65535,65535,65535,65535,65535,65535,65535,65535,65535,65535,65535
1685544072,0,1,0,0,1223223,52692,65535,65535,65535,65535,65535,65535,65535,65535,65535,65535,65535
1685544078,0,1,0,0,1223223,52906,65535,65535,65535,65535,65535,65535,65535,65535,65535,65535,65535
1685544084,0,1,0,0,1223223,53038,65535,65535,65535,65535,65535,65535,65535,65535,65535,65535,65535
1685544090,0,1,0,0,1223223,53260,65535,65535,65535,65535,65535,65535,65535,65535,65535,65535,65535
1685544096,0,1,0,0,1223223,53428,65535,65535,65535,65535,65535,65535,65535,65535,65535,65535,65535
1685544102,0,1,0,0,1223223,53647,65535,65535,65535,65535,65535,65535,65535,65535,65535,65535,65535
1685544108,0,1,0,0,1223223,53771,65535,65535,65535,65535,65535,65535,65535,65535,65535,65535,65535
1685544114,0,1,0,0,1223223,53898,65535,65535,65535,65535,65535,65535,65535,65535,65535,65535,65535
1685544120,0,1,0,0,1223223,53970,65535,65535,65535,65535,65535,65535,65535,65535,65535,65535,65535
1685544126,0,1,0,0,1223223,54052,65535,65535,65535,65535,65535,65535,65535,65535,65535,65535,65535
1685544132,0,1,0,0,1223223,54210,65535,65535,65535,65535,65535,65535,65535,65535,65535,65535,65535
1685544138,0,1,0,0,1223223,54300,65535,65535,65535,65535,65535,65535,65535,65535,65535,65535,65535
1685544144,0,1,0,0,1223223,54349,65535,65535,65535,65535,65535,65535,65535,65535,65535,65535,65535
1685544150,0,1,0,0,1223223,54405,65535,65535,65535,65535,65535,65535,65535,65535,65535,65535,65535
1685544156,0,1,0,0,1223223,54478,65535,65535,65535,65535,65535,65535,65535,65535,65535,65535,65535
1685544162,0,1,0,0,1223223,54550,65535,65535,65535,65535,65535,65535,65535,65535,65535,65535,65535
1685544168,0,1,0,0,1223223,54621,65535,65535,65535,65535,65535,65535,65535,65535,65535,65535,65535
1685544174,0,1,0,0,1223223,54675,65535,65535,65535,65535,65535,65535,65535,65535,65535,65535,65535
1685544180,0,1,0,0,1223223,54724,65535,65535,65535,65535,65535,65535,65535,65535,65535,65535,65535
1685544186,0,1,0,0,1223223,54695,65535,65535,65535,65535,65535,65535,65535,65535,65535,65535,65535
1685544192,0,1,0,0,1223223,54602,65535,65535,65535,65535,65535,65535,65535,65535,65535,65535,65535
1685544198,0,1,0,0,1223223,54543,65535,65535,65535,65535,65535,65535,65535,65535,65535,65535,65535
1685544204,0,1,0,0,1223223,54458,65535,65535,65535,65535,65535,65535,65535,65535,65535,65535,65535
1685544210,0,1,0,0,1223223,54429,65535,65535,65535,65535,65535,65535,65535,65535,65535,65535,65535
1685544216,0,1,0,0,1223223,54270,65535,65535,65535,65535,65535,65535,65535,65535,65535,65535,65535
1685544222,0,1,0,0,1223223,54251,65535,65535,65535,65535,65535,65535,65535,65535,65535,65535,65535
1685544228,0,1,0,0,1223223,54105,65535,65535,65535,65535,65535,65535,65535,65535,65535,65535,65535
1685544234,0,1,0,0,1223223,54221,65535,65535,65535,65535,65535,65535,65535,65535,65535,65535,65535
1685544240,0,1,0,0,1223223,54515,65535,65535,65535,65535,65535,65535,65535,65535,65535,65535,65535
1685544246,0,1,0,0,1223223,54695,65535,65535,65535,65535,65535,65535,65535,65535,65535,65535,65535
1685544252,0,1,0,0,1223223,54862,65535,65535,65535,65535,65535,65535,65535,65535,65535,65535,65535
1685544258,0,1,0,0,1223223,54622,65535,65535,65535,65535,65535,65535,65535,65535,65535,65535,65535
1685544264,0,1,0,0,1223223,54482,65535,65535,65535,65535,65535,65535,65535,65535,65535,65535,65535
1685544270,0,1,0,0,1223223,54292,65535,65535,65535,65535,65535,65535,65535,65535,65535,65535,65535
1685544276,0,1,0,0,1223223,54250,65535,65535,65535,65535,65535,65535,65535,65535,65535,65535,65535
1685544282,0,1,0,0,1223223,54148,65535,65535,65535,65535,65535,65535,65535,65535,65535,65535,65535
1685544288,0,1,0,0,1223223,54057,65535,65535,65535,65535,65535,65535,65535,65535,65535,65535,65535
1685544294,0,1,0,0,1223223,54047,65535,65535,65535,65535,65535,65535,65535,65535,65535,65535,65535
1685544300,0,1,0,0,1223223,54011,65535,65535,65535,65535,65535,65535,65535,65535,65535,65535,65535
1685544306,0,1,0,0,1223223,53983,65535,65535,65535,65535,65535,65535,65535,65535,65535,65535,65535
1685544312,0,1,0,0,1223223,53925,65535,65535,65535,65535,65535,65535,65535,65535,65535,65535,65535
1685544318,0,1,0,0,1223223,53808,65535,65535,65535,65535,65535,65535,65535,65535,65535,65535,65535
1685544324,0,1,0,0,1223223,53667,65535,65535,65535,65535,65535,65535,65535,65535,65535,65535,65535
1685544330,0,1,0,0,1223223,53584,65535,65535,65535,65535,65535,65535,65535,65535,65535,65535,65535
1685544336,0,1,0,0,1223223,53509,65535,65535,65535,65535,65535,65535,65535,65535,65535,65535,65535
1685544342,0,1,0,0,1223223,53425,65535,65535,65535,65535,65535,65535,65535,65535,65535,65535,65535
1685544348,0,1,0,0,1223223,53370,65535,65535,65535,65535,65535,65535,65535,65535,65535,65535,65535
1685544354,0,1,0,0,1223223,53313,65535,65535,65535,65535,65535,65535,65535,65535,65535,65535,65535
1685544360,0,1,0,0,1223223,53252,65535,65535,65535,65535,65535,65535,65535,65535,65535,65535,65535
1685544366,0,1,0,0,1223223,53263,65535,65535,65535,65535,65535,65535,65535,65535,65535,65535,65535
1685544372,0,1,0,0,1223223,53158,65535,65535,65535,65535,65535,65535,65535,65535,65535,65535,65535
1685544378,0,1,0,0,1223223,53125,65535,65535,65535,65535,65535,65535,65535,65535,65535,65535,65535
1685544384,0,1,0,0,1223223,53144,65535,65535,65535,65535,65535,65535,65535,65535,65535,65535,65535
1685544390,0,1,0,0,1223223,53119,65535,65535,65535,65535,65535,65535,65535,65535,65535,65535,65535
1685544396,0,1,0,0,1223223,53102,65535,65535,65535,65535,65535,65535,65535,65535,65535,65535,65535
1685544402,0,1,0,0,1223223,53149,65535,65535,65535,65535,65535,65535,65535,65535,65535,65535,65535
1685544408,0,1,0,0,1223223,53318,65535,65535,65535,65535,65535,65535,65535,65535,65535,65535,65535
1685544414,0,1,0,0,1223223,53308,65535,65535,65535,65535,65535,65535,65535,65535,65535,65535,65535
1685544420,0,1,0,0,1223223,53466,65535,65535,65535,65535,65535,65535,65535,65535,65535,65535,65535
1685544426,0,1,0,0,1223223,53504,65535,65535,65535,65535,65535,65535,65535,65535,65535,65535,65535
1685544432,0,1,0,0,1223223,53596,65535,65535,65535,65535,65535,65535,65535,65535,65535,65535,65535
1685544438,0,1,0,0,1223223,53662,65535,65535,65535,65535,65535,65535,65535,65535,65535,65535,65535
1685544444,0,1,0,0,1223223,53786,65535,65535,65535,65535,65535,65535,65535,65535,65535,65535,65535
1685544450,0,1,0,0,1223223,53884,65535,65535,65535,65535,65535,65535,65535,65535,65535,65535,65535
1685544456,0,1,0,0,1223223,54021,65535,65535,65535,65535,65535,65535,65535,65535,65535,65535,65535
1685544462,0,1,0,0,1223223,54157,65535,65535,65535,65535,65535,65535,65535,65535,65535,65535,65535
1685544468,0,1,0,0,1223223,54338,65535,65535,65535,65535,65535,65535,65535,65535,65535,65535,65535
1685544474,0,1,0,0,1223223,54494,65535,65535,65535,65535,65535,65535,65535,65535,65535,65535,65535
1685544480,0,1,0,0,1223223,54733,65535,65535,65535,65535,65535,65535,65535,65535,65535,65535,65535
1685544486,0,1,0,0,1223223,54859,65535,65535,65535,65535,65535,65535,65535,65535,65535,65535,65535
1685544492,0,1,0,0,1223223,55026,65535,65535,65535,65535,65535,65535,65535,65535,65535,65535,65535
1685544498,0,1,0,0,1223223,55242,65535,65535,65535,65535,65535,65535,65535,65535,65535,65535,65535
1685544504,0,1,0,0,1223223,55441,65535,65535,65535,65535,65535,65535,65535,65535,65535,65535,65535
1685544510,0,1,0,0,1223223,55577,65535,65535,65535,65535,65535,65535,65535,65535,65535,65535,65535
1685544516,0,1,0,0,1223223,55809,65535,65535,65535,65535,65535,65535,65535,65535,65535,65535,65535
1685544522,0,1,0,0,1223223,56030,65535,65535,65535,65535,65535,65535,65535,65535,65535,65535,65535
1685544528,0,1,0,0,1223223,56170,65535,65535,65535,65535,65535,65535,65535,65535,65535,65535,65535
1685544534,0,1,0,0,1223223,56277,65535,65535,65535,65535,65535,65535,65535,65535,65535,65535,65535
1685544540,0,1,0,0,1223223,56371,65535,65535,65535,65535,65535,65535,65535,65535,65535,65535,65535
1685544546,0,1,0,0,1223223,56482,65535,65535,65535,65535,65535,65535,65535,65535,65535,65535,65535
1685544552,0,1,0,0,1223223,56575,65535,65535,65535,65535,65535,65535,65535,65535,65535,65535,65535
1685544558,0,1,0,0,1223223,56704,65535,65535,65535,65535,65535,65535,65535,65535,65535,65535,65535
1685544564,0,1,0,0,1223223,56780,65535,65535,65535,65535,65535,65535,65535,65535,65535,65535,65535
1685544570,0,1,0,0,1223223,56926,65535,65535,65535,65535,65535,65535,65535,65535,65535,65535,65535
1685544576,0,1,0,0,1223223,57062,65535,65535,65535,65535,65535,65535,65535,65535,65535,65535,65535
1685544582,0,1,0,0,1223223,57257,65535,65535,65535,65535,65535,65535,65535,65535,65535,65535,65535
1685544588,0,1,0,0,1223223,57181,65535,65535,65535,65535,65535,65535,65535,65535,65535,65535,65535
1685544594,0,1,0,0,1223223,57284,65535,65535,65535,65535,65535,65535,65535,65535,65535,65535,65535
1685544600,0,1,0,0,1223223,57303,65535,65535,65535,65535,65535,65535,65535,65535,65535,65535,65535
1685544606,0,1,0,0,1223223,57308,65535,65535,65535,65535,65535,65535,65535,65535,65535,65535,65535
1685544612,0,1,0,0,1223223,57291,65535,65535,65535,65535,65535,65535,65535,65535,65535,65535,65535
1685544618,0,1,0,0,1223223,57388,65535,65535,65535,65535,65535,65535,65535,65535,65535,65535,65535
1685544624,0,1,0,0,1223223,57414,65535,65535,65535,65535,65535,65535,65535,65535,65535,65535,65535
1685544630,0,1,0,0,1223223,57457,65535,65535,65535,65535,65535,65535,65535,65535,65535,65535,65535
1685544636,0,1,0,0,1223223,57454,65535,65535,65535,65535,65535,65535,65535,65535,65535,65535,65535
1685544642,0,1,0,0,1223223,57433,65535,65535,65535,65535,65535,65535,65535,65535,65535,65535,65535
1685544648,0,1,0,0,1223223,57334,65535,65535,65535,65535,65535,65535,65535,65535,65535,65535,65535
1685544654,0,1,0,0,1223223,57370,65535,65535,65535,65535,65535,65535,65535,65535,65535,65535,65535
1685544660,0,1,0,0,1223223,57442,65535,65535,65535,65535,65535,65535,65535,65535,65535,65535,65535
1685544666,0,1,0,0,1223223,57398,65535,65535,65535,65535,65535,65535,65535,65535,65535,65535,65535
1685544672,0,1,0,0,1223223,57458,65535,65535,65535,65535,65535,65535,65535,65535,65535,65535,65535
1685544678,0,1,0,0,1223223,57411,65535,65535,65535,65535,65535,65535,65535,65535,65535,65535,65535
1685544684,0,1,0,0,1223223,57466,65535,65535,65535,65535,65535,65535,65535,65535,65535,65535,65535
1685544690,0,1,0,0,1223223,57476,65535,65535,65535,65535,65535,65535,65535,65535,65535,65535,65535
1685544696,0,1,0,0,1223223,57555,65535,65535,65535,65535,65535,65535,65535,65535,65535,65535,65535
1685544702,0,1,0,0,1223223,57597,65535,65535,65535,65535,65535,65535,65535,65535,65535,65535,65535
1685544708,0,1,0,0,1223223,57603,65535,65535,65535,65535,65535,65535,65535,65535,65535,65535,65535
1685544714,0,1,0,0,1223223,57615,65535,65535,65535,65535,65535,65535,65535,65535,65535,65535,65535
1685544720,0,1,0,0,1223223,57653,65535,65535,65535,65535,65535,65535,65535,65535,65535,65535,65535
1685544726,0,1,0,0,1223223,57737,65535,65535,65535,65535,65535,65535,65535,65535,65535,65535,65535
1685544732,0,1,0,0,1223223,57759,65535,65535,65535,65535,65535,65535,65535,65535,65535,65535,65535
1685544738,0,1,0,0,1223223,57887,65535,65535,65535,65535,65535,65535,65535,65535,65535,65535,65535
1685544744,0,1,0,0,1223223,57981,65535,65535,65535,65535,65535,65535,65535,65535,65535,65535,65535
1685544750,0,1,0,0,1223223,58120,65535,65535,65535,65535,65535,65535,65535,65535,65535,65535,65535
1685544756,0,1,0,0,1223223,58174,65535,65535,65535,65535,65535,65535,65535,65535,65535,65535,65535
1685544762,0,1,0,0,1223223,58326,65535,65535,65535,65535,65535,65535,65535,65535,65535,65535,65535
1685544768,0,1,0,0,1223223,58444,65535,65535,65535,65535,65535,65535,65535,65535,65535,65535,65535
1685544774,0,1,0,0,1223223,58528,65535,65535,65535,65535,65535,65535,65535,65535,65535,65535,65535
1685544780,0,1,0,0,1223223,58661,65535,65535,65535,65535,65535,65535,65535,65535,65535,65535,65535
1685544786,0,1,0,0,1223223,58844,65535,65535,65535,65535,65535,65535,65535,65535,65535,65535,65535
1685544792,0,1,0,0,1223223,59082,65535,65535,65535,65535,65535,65535,65535,65535,65535,65535,65535
1685544798,0,1,0,0,1223223,59193,65535,65535,65535,65535,65535,65535,65535,65535,65535,65535,65535
1685544804,0,1,0,0,1223223,59317,65535,65535,65535,65535,65535,65535,65535,65535,65535,65535,65535
1685544810,0,1,0,0,1223223,59505,65535,65535,65535,65535,65535,65535,65535,65535,65535,65535,65535
1685544816,0,1,0,0,1223223,59700,65535,65535,65535,65535,65535,65535,65535,65535,65535,65535,65535
1685544822,0,1,0,0,1223223,59892,65535,65535,65535,65535,65535,65535,65535,65535,65535,65535,65535
1685544828,0,1,0,0,1223223,60114,65535,65535,65535,65535,65535,65535,65535,65535,65535,65535,65535
1685544834,0,1,0,0,1223223,60400,65535,65535,65535,65535,65535,65535,65535,65535,65535,65535,65535
1685544840,0,1,0,0,1223223,60464,65535,65535,65535,65535,65535,65535,65535,65535,65535,65535,65535
1685544846,0,1,0,0,1223223,60628,65535,65535,65535,65535,65535,65535,65535,65535,65535,65535,65535
1685544852,0,1,0,0,1223223,60943,65535,65535,65535,65535,65535,65535,65535,65535,65535,65535,65535
1685544858,0,1,0,0,1223223,61312,65535,65535,65535,65535,65535,65535,65535,65535,65535,65535,65535
1685544864,0,1,0,0,1223223,61642,65535,65535,65535,65535,65535,65535,65535,65535,65535,65535,65535
1685544870,0,1,0,0,1223223,61919,65535,65535,65535,65535,65535,65535,65535,65535,65535,65535,65535
1685544876,0,1,0,0,1223223,61941,65535,65535,65535,65535,65535,65535,65535,65535,65535,65535,65535
1685544882,0,1,0,0,1223223,62003,65535,65535,65535,65535,65535,65535,65535,65535,65535,65535,65535
1685544888,0,1,0,0,1223223,61808,65535,65535,65535,65535,65535,65535,65535,65535,65535,65535,65535
1685544894,0,1,0,0,1223223,61805,65535,65535,65535,65535,65535,65535,65535,65535,65535,65535,65535
1685544900,0,1,0,0,1223223,61867,65535,65535,65535,65535,65535,65535,65535,65535,65535,65535,65535
1685544906,0,1,0,0,1223223,61801,65535,65535,65535,65535,65535,65535,65535,65535,65535,65535,65535
1685544912,0,1,0,0,1223223,61901,65535,65535,65535,65535,65535,65535,65535,65535,65535,65535,65535
1685544918,0,1,0,0,1223223,61805,65535,65535,65535,65535,65535,65535,65535,65535,65535,65535,65535
1685544924,0,1,0,0,1223223,61829,65535,65535,65535,65535,65535,65535,65535,65535,65535,65535,65535
1685544930,0,1,0,0,1223223,61817,65535,65535,65535,65535,65535,65535,65535,65535,65535,65535,65535
1685544936,0,1,0,0,1223223,61923,65535,65535,65535,65535,65535,65535,65535,65535,65535,65535,65535
1685544942,0,1,0,0,1223223,61968,65535,65535,65535,65535,65535,65535,65535,65535,65535,65535,65535
1685544948,0,1,0,0,1223223,62120,65535,65535,65535,65535,65535,65535,65535,65535,65535,65535,65535
1685544954,0,1,0,0,1223223,62153,65535,65535,65535,65535,65535,65535,65535,65535,65535,65535,65535
1685544960,0,1,0,0,1223223,62287,65535,65535,65535,65535,65535,65535,65535,65535,65535,65535,65535
1685544966,0,1,0,0,1223223,62298,65535,65535,65535,65535,65535,65535,65535,65535,65535,65535,65535
1685544972,0,1,0,0,1223223,62409,65535,65535,65535,65535,65535,65535,65535,65535,65535,65535,65535
1685544978,0,1,0,0,1223223,62457,65535,65535,65535,65535,65535,65535,65535,65535,65535,65535,65535
1685544984,0,1,0,0,1223223,62528,65535,65535,65535,65535,65535,65535,65535,65535,65535,65535,65535
1685544990,0,1,0,0,1223223,62583,65535,65535,65535,65535,65535,65535,65535,65535,65535,65535,65535
1685544996,0,1,0,0,1223223,62670,65535,65535,65535,65535,65535,65535,65535,65535,65535,65535,65535
1685545002,0,1,0,0,1223223,62736,65535,65535,65535,65535,65535,65535,65535,65535,65535,65535,65535
1685545008,0,1,0,0,1223223,62792,65535,65535,65535,65535,65535,65535,65535,65535,65535,65535,65535
1685545014,0,1,0,0,1223223,62810,65535,65535,65535,65535,65535,65535,65535,65535,65535,65535,65535
1685545020,0,1,0,0,1223223,62829,65535,65535,65535,65535,65535,65535,65535,65535,65535,65535,65535
1685545026,0,1,0,0,1223223,62838,65535,65535,65535,65535,65535,65535,65535,65535,65535,65535,65535
1685545032,0,1,0,0,1223223,62922,65535,65535,65535,65535,65535,65535,65535,65535,65535,65535,65535
1685545038,0,1,0,0,1223223,62945,65535,65535,65535,65535,65535,65535,65535,65535,65535,65535,65535
1685545044,0,1,0,0,1223223,63014,65535,65535,65535,65535,65535,65535,65535,65535,65535,65535,65535
1685545050,0,1,0,0,1223223,63125,65535,65535,65535,65535,65535,65535,65535,65535,65535,65535,65535
1685545056,0,1,0,0,1223223,63196,65535,65535,65535,65535,65535,65535,65535,65535,65535,65535,65535
1685545062,0,1,0,0,1223223,63312,65535,65535,65535,65535,65535,65535,65535,65535,65535,65535,65535
1685545068,0,1,0,0,1223223,63414,65535,65535,65535,65535,65535,65535,65535,65535,65535,65535,65535
1685545074,0,1,0,0,1223223,63510,65535,65535,65535,65535,65535,65535,65535,65535,65535,65535,65535
1685545080,0,1,0,0,1223223,63611,65535,65535,65535,65535,65535,65535,65535,65535,65535,65535,65535
1685545086,0,1,0,0,1223223,63672,65535,65535,65535,65535,65535,65535,65535,65535,65535,65535,65535
1685545092,0,1,0,0,1223223,63789,65535,65535,65535,65535,65535,65535,65535,65535,65535,65535,65535
1685545098,0,1,0,0,1223223,63883,65535,65535,65535,65535,65535,65535,65535,65535,65535,65535,65535
1685545104,0,1,0,0,1223223,64016,65535,65535,65535,65535,65535,65535,65535,65535,65535,65535,65535
1685545110,0,1,0,0,1223223,64148,65535,65535,65535,65535,65535,65535,65535,65535,65535,65535,65535
1685545116,0,1,0,0,1223223,64291,65535,65535,65535,65535,65535,65535,65535,65535,65535,65535,65535
1685545122,0,1,0,0,1223223,64469,65535,65535,65535,65535,65535,65535,65535,65535,65535,65535,65535
1685545128,0,1,0,0,1223223,64562,65535,65535,65535,65535,65535,65535,65535,65535,65535,65535,65535
1685545134,0,1,0,0,1223223,64713,65535,65535,65535,65535,65535,65535,65535,65535,65535,65535,65535
1685545140,0,1,0,0,1223223,64916,65535,65535,65535,65535,65535,65535,65535,65535,65535,65535,65535
1685545146,0,1,0,0,1223223,65126,65535,65535,65535,65535,65535,65535,65535,65535,65535,65535,65535
1685545152,0,1,0,0,1223223,65406,65535,65535,65535,65535,65535,65535,65535,65535,65535,65535,65535
1685545158,0,1,0,0,1223223,65535,65535,65535,65535,65535,65535,65535,65535,65535,65535,65535,65535
1685545164,0,1,0,0,1223223,65535,65535,65535,65535,65535,65535,65535,65535,65535,65535,65535,65535
1685545170,0,1,0,0,1223223,65535,65535,65535,65535,65535,65535,65535,65535,65535,65535,65535,65535
1685545176,0,1,0,0,1223223,65535,65535,65535,65535,65535,65535,65535,65535,65535,65535,65535,65535
1685545182,0,1,0,0,1223223,65535,65535,65535,65535,65535,65535,65535,65535,65535,65535,65535,65535
1685545188,0,1,0,0,1223223,65535,65535,65535,65535,65535,65535,65535,65535,65535,65535,65535,65535
1685545194,0,1,0,0,1223223,65535,65535,65535,65535,65535,65535,65535,65535,65535,65535,65535,65535
