Timestamp,Amber,White,On,Override,Intensity,AS00,AS01,AS02,AS03,AS04,AS05,AS06,AS07,AS08,AS09,AS10,AS11
1685566800,0,1,0,0,1223223,65535,65535,65535,65535,65535,65535,65535,65535,65535,65535,65535,65535
1685566806,0,1,0,0,1223223,65535,65535,65535,65535,65535,65535,65535,65535,65535,65535,65535,65535
1685566812,0,1,0,0,1223223,65535,65535,65535,65535,65535,65535,65535,65535,65535,65535,65535,65535
1685566818,0,1,0,0,1223223,65535,65535,65535,65535,65535,65535,65535,65535,65535,65535,65535,65535
1685566824,0,1,0,0,1223223,65535,65535,65535,65535,65535,65535,65535,65535,65535,65535,65535,65535
1685566830,0,1,0,0,1223223,65535,65535,65535,65535,65535,65535,65535,65535,65535,65535,65535,65535
1685566836,0,1,0,0,1223223,65535,65535,65535,65535,65535,65535,65535,65535,65535,65535,65535,65535
1685566842,0,1,0,0,1223223,65535,65535,65535,65535,65535,65535,65535,65535,65535,65535,65535,65535
1685566848,0,1,0,0,1223223,65535,65535,65535,65535,65535,65535,65535,65535,65535,65535,65535,65535
1685566854,0,1,0,0,1223223,65535,65535,65535,65535,65535,65535,65535,65535,65535,65535,65535,65535
1685566860,0,1,0,0,1223223,65535,65535,65535,65535,65535,65535,65535,65535,65535,65535,65535,65535
1685566866,0,1,0,0,1223223,65535,65535,65535,65535,65535,65535,65535,65535,65535,65535,65535,65535
1685566872,0,1,0,0,1223223,65535,65535,65535,65535,65535,65535,65535,65535,65535,65535,65535,65535
1685566878,0,1,0,0,1223223,65535,65535,65535,65535,65535,65535,65535,65535,65535,65535,65535,65535
1685566884,0,1,0,0,1223223,65535,65535,65535,65535,65535,65535,65535,65535,65535,65535,65535,65535
1685566890,0,1,0,0,1223223,65535,65535,65535,65535,65535,65535,65535,65535,65535,65535,65535,65535
1685566896,0,1,0,0,1223223,65535,65535,65535,65535,65535,65535,65535,65535,65535,65535,65535,65535
1685566902,0,1,0,0,1223223,65535,65535,65535,65535,65535,65535,65535,65535,65535,65535,65535,65535
1685566908,0,1,0,0,1223223,65535,65535,65535,65535,65535,65535,65535,65535,65535,65535,65535,65535
1685566914,0,1,0,0,1223223,65535,65535,65535,65535,65535,65535,65535,65535,65535,65535,65535,65535
1685566920,0,1,0,0,1223223,65535,65535,65535,65535,65535,65535,65535,65535,65535,65535,65535,65535
1685566926,0,1,0,0,1223223,65535,65535,65535,65535,65535,65535,65535,65535,65535,65535,65535,65535
1685566932,0,1,0,0,1223223,65535,65535,65535,65535,65535,65535,65535,65535,65535,65535,65535,65535
1685566938,0,1,0,0,1223223,65535,65535,65535,65535,65535,65535,65535,65535,65535,65535,65535,65535
1685566944,0,1,0,0,1223223,65535,65535,65535,65535,65535,65535,65535,65535,65535,65535,65535,65535
1685566950,0,1,0,0,1223223,65535,65535,65535,65535,65535,65535,65535,65535,65535,65535,65535,65535
1685566956,0,1,0,0,1223223,65535,65535,65535,65535,65535,65535,65535,65535,65535,65535,65535,65535
1685566962,0,1,0,0,1223223,65535,65535,65535,65535,65535,65535,65535,65535,65535,65535,65535,65535
1685566968,0,1,0,0,1223223,65535,65535,65535,65535,65535,65535,65535,65535,65535,65535,65535,65535
1685566974,0,1,0,0,1223223,65535,65535,65535,65535,65535,65535,65535,65535,65535,65535,65535,65535
1685566980,0,1,0,0,1223223,65535,65535,65535,65535,65535,65535,65535,65535,65535,65535,65535,65535
1685566986,0,1,0,0,1223223,65535,65535,65535,65535,65535,65535,65535,65535,65535,65535,65535,65535
1685566992,0,1,0,0,1223223,65535,65535,65535,65535,65535,65535,65535,65535,65535,65535,65535,65535
1685566998,0,1,0,0,1223223,65535,65535,65535,65535,65535,65535,65535,65535,65535,65535,65535,65535
1685567004,0,1,0,0,1223223,65535,65535,65535,65535,65535,65535,65535,65535,65535,65535,65535,65535
1685567010,0,1,0,0,1223223,65535,65535,65535,65535,65535,65535,65535,65535,65535,65535,65535,65535
1685567016,0,1,0,0,1223223,65535,65535,65535,65535,65535,65535,65535,65535,65535,65535,65535,65535
1685567022,0,1,0,0,1223223,65535,65535,65535,65535,65535,65535,65535,65535,65535,65535,65535,65535
1685567028,0,1,0,0,1223223,65535,65535,65535,65535,65535,65535,65535,65535,65535,65535,65535,65535
1685567034,0,1,0,0,1223223,65535,65535,65535,65535,65535,65535,65535,65535,65535,65535,65535,65535
1685567040,0,1,0,0,1223223,65535,65535,65535,65535,65535,65535,65535,65535,65535,65535,65535,65535
1685567046,0,1,0,0,1223223,65535,65535,65535,65535,65535,65535,65535,65535,65535,65535,65535,65535
1685567052,0,1,0,0,1223223,65535,65535,65535,65535,65535,65535,65535,65535,65535,65535,65535,65535
1685567058,0,1,0,0,1223223,65535,65535,65535,65535,65535,65535,65535,65535,65535,65535,65535,65535
1685567064,0,1,0,0,1223223,65535,65535,65535,65535,65535,65535,65535,65535,65535,65535,65535,65535
1685567070,0,1,0,0,1223223,65535,65535,65535,65535,65535,65535,65535,65535,65535,65535,65535,65535
1685567076,0,1,0,0,1223223,65535,65535,65535,65535,65535,65535,65535,65535,65535,65535,65535,65535
1685567082,0,1,0,0,1223223,65535,65535,65535,65535,65535,65535,65535,65535,65535,65535,65535,65535
1685567088,0,1,0,0,1223223,65535,65535,65535,65535,65535,65535,65535,65535,65535,65535,65535,65535
1685567094,0,1,0,0,1223223,65535,65535,65535,65535,65535,65535,65535,65535,65535,65535,65535,65535
1685567100,0,1,0,0,1223223,65535,65535,65535,65535,65535,65535,65535,65535,65535,65535,65535,65535
1685567106,0,1,0,0,1223223,65535,65535,65535,65535,65535,65535,65535,65535,65535,65535,65535,65535
1685567112,0,1,0,0,1223223,65535,65535,65535,65535,65535,65535,65535,65535,65535,65535,65535,65535
1685567118,0,1,0,0,1223223,65535,65535,65535,65535,65535,65535,65535,65535,65535,65535,65535,65535
1685567124,0,1,0,0,1223223,65535,65535,65535,65535,65535,65535,65535,65535,65535,65535,65535,65535
1685567130,0,1,0,0,1223223,65535,65535,65535,65535,65535,65535,65535,65535,65535,65535,65535,65535
1685567136,0,1,0,0,1223223,65535,65535,65535,65535,65535,65535,65535,65535,65535,65535,65535,65535
1685567142,0,1,0,0,1223223,65535,65535,65535,65535,65535,65535,65535,65535,65535,65535,65535,65535
1685567148,0,1,0,0,1223223,65535,65535,65535,65535,65535,65535,65535,65535,65535,65535,65535,65535
1685567154,0,1,0,0,1223223,65535,65535,65535,65535,65535,65535,65535,65535,65535,65535,65535,65535
1685567160,0,1,0,0,1223223,65535,65535,65535,65535,65535,65535,65535,65535,65535,65535,65535,65535
1685567166,0,1,0,0,1223223,65535,65535,65535,65535,65535,65535,65535,65535,65535,65535,65535,65535
1685567172,0,1,0,0,1223223,65535,65535,65535,65535,65535,65535,65535,65535,65535,65535,65535,65535
1685567178,0,1,0,0,1223223,65535,65535,65535,65535,65535,65535,65535,65535,65535,65535,65535,65535
1685567184,0,1,0,0,1223223,65535,65535,65535,65535,65535,65535,65535,65535,65535,65535,65535,65535
1685567190,0,1,0,0,1223223,65535,65535,65535,65535,65535,65535,65535,65535,65535,65535,65535,65535
1685567196,0,1,0,0,1223223,65535,65535,65535,65535,65535,65535,65535,65535,65535,65535,65535,65535
1685567202,0,1,0,0,1223223,65535,65535,65535,65535,65535,65535,65535,65535,65535,65535,65535,65535
1685567208,0,1,0,0,1223223,65535,65535,65535,65535,65535,65535,65535,65535,65535,65535,65535,65535
1685567214,0,1,0,0,1223223,65535,65535,65535,65535,65535,65535,65535,65535,65535,65535,65535,65535
1685567220,0,1,0,0,1223223,65535,65535,65535,65535,65535,65535,65535,65535,65535,65535,65535,65535
1685567226,0,1,0,0,1223223,65535,65535,65535,65535,65535,65535,65535,65535,65535,65535,65535,65535
1685567232,0,1,0,0,1223223,65535,65535,65535,65535,65535,65535,65535,65535,65535,65535,65535,65535
1685567238,0,1,0,0,1223223,65535,65535,65535,65535,65535,65535,65535,65535,65535,65535,65535,65535
1685567244,0,1,0,0,1223223,65535,65535,65535,65535,65535,65535,65535,65535,65535,65535,65535,65535
1685567250,0,1,0,0,1223223,65535,65535,65535,65535,65535,65535,65535,65535,65535,65535,65535,65535
1685567256,0,1,0,0,1223223,65535,65535,65535,65535,65535,65535,65535,65535,65535,65535,65535,65535
1685567262,0,1,0,0,1223223,65535,65535,65535,65535,65535,65535,65535,65535,65535,65535,65535,65535
1685567268,0,1,0,0,1223223,65535,65535,65535,65535,65535,65535,65535,65535,65535,65535,65535,65535
1685567274,0,1,0,0,1223223,65535,65535,65535,65535,65535,65535,65535,65535,65535,65535,65535,65535
1685567280,0,1,0,0,1223223,65535,65535,65535,65535,65535,65535,65535,65535,65535,65535,65535,65535
1685567286,0,1,0,0,1223223,65535,65535,65535,65535,65535,65535,65535,65535,65535,65535,65535,65535
1685567292,0,1,0,0,1223223,65535,65535,65535,65535,65535,65535,65535,65535,65535,65535,65535,65535
1685567298,0,1,0,0,1223223,65535,65535,65535,65535,65535,65535,65535,65535,65535,65535,65535,65535
1685567304,0,1,0,0,1223223,65535,65535,65535,65535,65535,65535,65535,65535,65535,65535,65535,65535
1685567310,0,1,0,0,1223223,65535,65535,65535,65535,65535,65535,65535,65535,65535,65535,65535,65535
1685567316,0,1,0,0,1223223,65535,65535,65535,65535,65535,65535,65535,65535,65535,65535,65535,65535
1685567322,0,1,0,0,1223223,65535,65535,65535,65535,65535,65535,65535,65535,65535,65535,65535,65535
1685567328,0,1,0,0,1223223,65535,65535,65535,65535,65535,65535,65535,65535,65535,65535,65535,65535
1685567334,0,1,0,0,1223223,65535,65535,65535,65535,65535,65535,65535,65535,65535,65535,65535,65535
1685567340,0,1,0,0,1223223,65535,65535,65535,65535,65535,65535,65535,65535,65535,65535,65535,65535
1685567346,0,1,0,0,1223223,65535,65535,65535,65535,65535,65535,65535,65535,65535,65535,65535,65535
1685567352,0,1,0,0,1223223,65535,65535,65535,65535,65535,65535,65535,65535,65535,65535,65535,65535
1685567358,0,1,0,0,1223223,65535,65535,65535,65535,65535,65535,65535,65535,65535,65535,65535,65535
1685567364,0,1,0,0,1223223,65535,65535,65535,65535,65535,65535,65535,65535,65535,65535,65535,65535
1685567370,0,1,0,0,1223223,65535,65535,65535,65535,65535,65535,65535,65535,65535,65535,65535,65535
1685567376,0,1,0,0,1223223,65535,65535,65535,65535,65535,65535,65535,65535,65535,65535,65535,65535
1685567382,0,1,0,0,1223223,65535,65535,65535,65535,65535,65535,65535,65535,65535,65535,65535,65535
1685567388,0,1,0,0,1223223,65535,65535,65535,65535,65535,65535,65535,65535,65535,65535,65535,65535
1685567394,0,1,0,0,1223223,65535,65535,65535,65535,65535,65535,65535,65535,65535,65535,65535,65535
1685567400,0,1,0,0,1223223,65535,65535,65535,65535,65535,65535,65535,65535,65535,65535,65535,65535
1685567406,0,1,0,0,1223223,65535,65535,65535,65535,65535,65535,65535,65535,65535,65535,65535,65535
1685567412,0,1,0,0,1223223,65535,65535,65535,65535,65535,65535,65535,65535,65535,65535,65535,65535
1685567418,0,1,0,0,1223223,65535,65535,65535,65535,65535,65535,65535,65535,65535,65535,65535,65535
1685567424,0,1,0,0,1223223,65535,65535,65535,65535,65535,65535,65535,65535,65535,65535,65535,65535
1685567430,0,1,0,0,1223223,65535,65535,65535,65535,65535,65535,65535,65535,65535,65535,65535,65535
1685567436,0,1,0,0,1223223,65535,65535,65535,65535,65535,65535,65535,65535,65535,65535,65535,65535
1685567442,0,1,0,0,1223223,65535,65535,65535,65535,65535,65535,65535,65535,65535,65535,65535,65535
1685567448,0,1,0,0,1223223,65535,65535,65535,65535,65535,65535,65535,65535,65535,65535,65535,65535
1685567454,0,1,0,0,1223223,65535,65535,65535,65535,65535,65535,65535,65535,65535,65535,65535,65535
1685567460,0,1,0,0,1223223,65535,65535,65535,65535,65535,65535,65535,65535,65535,65535,65535,65535
1685567466,0,1,0,0,1223223,65535,65535,65535,65535,65535,65535,65535,65535,65535,65535,65535,65535
1685567472,0,1,0,0,1223223,65535,65535,65535,65535,65535,65535,65535,65535,65535,65535,65535,65535
1685567478,0,1,0,0,1223223,65535,65535,65535,65535,65535,65535,65535,65535,65535,65535,65535,65535
1685567484,0,1,0,0,1223223,65535,65535,65535,65535,65535,65535,65535,65535,65535,65535,65535,65535
1685567490,0,1,0,0,1223223,65535,65535,65535,65535,65535,65535,65535,65535,65535,65535,65535,65535
1685567496,0,1,0,0,1223223,65535,65535,65535,65535,65535,65535,65535,65535,65535,65535,65535,65535
1685567502,0,1,0,0,1223223,65535,65535,65535,65535,65535,65535,65535,65535,65535,65535,65535,65535
1685567508,0,1,0,0,1223223,65535,65535,65535,65535,65535,65535,65535,65535,65535,65535,65535,65535
1685567514,0,1,0,0,1223223,65535,65535,65535,65535,65535,65535,65535,65535,65535,65535,65535,65535
1685567520,0,1,0,0,1223223,65535,65535,65535,65535,65535,65535,65535,65535,65535,65535,65535,65535
1685567526,0,1,0,0,1223223,65535,65535,65535,65535,65535,65535,65535,65535,65535,65535,65535,65535
1685567532,0,1,0,0,1223223,65535,65535,65535,65535,65535,65535,65535,65535,65535,65535,65535,65535
1685567538,0,1,0,0,1223223,65535,65535,65535,65535,65535,65535,65535,65535,65535,65535,65535,65535
1685567544,0,1,0,0,1223223,65535,65535,65535,65535,65535,65535,65535,65535,65535,65535,65535,65535
1685567550,0,1,0,0,1223223,65535,65535,65535,65535,65535,65535,65535,65535,65535,65535,65535,65535
1685567556,0,1,0,0,1223223,65535,65535,65535,65535,65535,65535,65535,65535,65535,65535,65535,65535
1685567562,0,1,0,0,1223223,65535,65535,65535,65535,65535,65535,65535,65535,65535,65535,65535,65535
1685567568,0,1,0,0,1223223,65535,65535,65535,65535,65535,65535,65535,65535,65535,65535,65535,65535
1685567574,0,1,0,0,1223223,65535,65535,65535,65535,65535,65535,65535,65535,65535,65535,65535,65535
1685567580,0,1,0,0,1223223,65535,65535,65535,65535,65535,65535,65535,65535,65535,65535,65535,65535
1685567586,0,1,0,0,1223223,65535,65535,65535,65535,65535,65535,65535,65535,65535,65535,65535,65535
1685567592,0,1,0,0,1223223,65535,65535,65535,65535,65535,65535,65535,65535,65535,65535,65535,65535
1685567598,0,1,0,0,1223223,65535,65535,65535,65535,65535,65535,65535,65535,65535,65535,65535,65535
1685567604,0,1,0,0,1223223,65535,65535,65535,65535,65535,65535,65535,65535,65535,65535,65535,65535
1685567610,0,1,0,0,1223223,65535,65535,65535,65535,65535,65535,65535,65535,65535,65535,65535,65535
1685567616,0,1,0,0,1223223,65535,65535,65535,65535,65535,65535,65535,65535,65535,65535,65535,65535
1685567622,0,1,0,0,1223223,65535,65535,65535,65535,65535,65535,65535,65535,65535,65535,65535,65535
1685567628,0,1,0,0,1223223,65535,65535,65535,65535,65535,65535,65535,65535,65535,65535,65535,65535
1685567634,0,1,0,0,1223223,65535,65535,65535,65535,65535,65535,65535,65535,65535,65535,65535,65535
1685567640,0,1,0,0,1223223,65535,65535,65535,65535,65535,65535,65535,65535,65535,65535,65535,65535
1685567646,0,1,0,0,1223223,65535,65535,65535,65535,65535,65535,65535,65535,65535,65535,65535,65535
1685567652,0,1,0,0,1223223,65535,65535,65535,65535,65535,65535,65535,65535,65535,65535,65535,65535
1685567658,0,1,0,0,1223223,65535,65535,65535,65535,65535,65535,65535,65535,65535,65535,65535,65535
1685567664,0,1,0,0,1223223,65535,65535,65535,65535,65535,65535,65535,65535,65535,65535,65535,65535
1685567670,0,1,0,0,1223223,65535,65535,65535,65535,65535,65535,65535,65535,65535,65535,65535,65535
1685567676,0,1,0,0,1223223,65535,65535,65535,65535,65535,65535,65535,65535,65535,65535,65535,65535
1685567682,0,1,0,0,1223223,65535,65535,65535,65535,65535,65535,65535,65535,65535,65535,65535,65535
1685567688,0,1,0,0,1223223,65535,65535,65535,65535,65535,65535,65535,65535,65535,65535,65535,65535
1685567694,0,1,0,0,1223223,65535,65535,65535,65535,65535,65535,65535,65535,65535,65535,65535,65535
1685567700,0,1,0,0,1223223,65535,65535,65535,65535,65535,65535,65535,65535,65535,65535,65535,65535
1685567706,0,1,0,0,1223223,65535,65535,65535,65535,65535,65535,65535,65535,65535,65535,65535,65535
1685567712,0,1,0,0,1223223,65535,65535,65535,65535,65535,65535,65535,65535,65535,65535,65535,65535
1685567718,0,1,0,0,1223223,65535,65535,65535,65535,65535,65535,65535,65535,65535,65535,65535,65535
1685567724,0,1,0,0,1223223,65535,65535,65535,65535,65535,65535,65535,65535,65535,65535,65535,65535
1685567730,0,1,0,0,1223223,65535,65535,65535,65535,65535,65535,65535,65535,65535,65535,65535,65535
1685567736,0,1,0,0,1223223,65535,65535,65535,65535,65535,65535,65535,65535,65535,65535,65535,65535
1685567742,0,1,0,0,1223223,65535,65535,65535,65535,65535,65535,65535,65535,65535,65535,65535,65535
1685567748,0,1,0,0,1223223,65535,65535,65535,65535,65535,65535,65535,65535,65535,65535,65535,65535
1685567754,0,1,0,0,1223223,65535,65535,65535,65535,65535,65535,65535,65535,65535,65535,65535,65535
1685567760,0,1,0,0,1223223,65535,65535,65535,65535,65535,65535,65535,65535,65535,65535,65535,65535
1685567766,0,1,0,0,1223223,65535,65535,65535,65535,65535,65535,65535,65535,65535,65535,65535,65535
1685567772,0,1,0,0,1223223,65535,65535,65535,65535,65535,65535,65535,65535,65535,65535,65535,65535
1685567778,0,1,0,0,1223223,65535,65535,65535,65535,65535,65535,65535,65535,65535,65535,65535,65535
1685567784,0,1,0,0,1223223,65535,65535,65535,65535,65535,65535,65535,65535,65535,65535,65535,65535
1685567790,0,1,0,0,1223223,65535,65535,65535,65535,65535,65535,65535,65535,65535,65535,65535,65535
1685567796,0,1,0,0,1223223,65535,65535,65535,65535,65535,65535,65535,65535,65535,65535,65535,65535
1685567802,0,1,0,0,1223223,65535,65535,65535,65535,65535,65535,65535,65535,65535,65535,65535,65535
1685567808,0,1,0,0,1223223,65535,65535,65535,65535,65535,65535,65535,65535,65535,65535,65535,65535
1685567814,0,1,0,0,1223223,65535,65535,65535,65535,65535,65535,65535,65535,65535,65535,65535,65535
1685567820,0,1,0,0,1223223,65535,65535,65535,65535,65535,65535,65535,65535,65535,65535,65535,65535
1685567826,0,1,0,0,1223223,65535,65535,65535,65535,65535,65535,65535,65535,65535,65535,65535,65535
1685567832,0,1,0,0,1223223,65535,65535,65535,65535,65535,65535,65535,65535,65535,65535,65535,65535
1685567838,0,1,0,0,1223223,65535,65535,65535,65535,65535,65535,65535,65535,65535,65535,65535,65535
1685567844,0,1,0,0,1223223,65535,65535,65535,65535,65535,65535,65535,65535,65535,65535,65535,65535
1685567850,0,1,0,0,1223223,65535,65535,65535,65535,65535,65535,65535,65535,65535,65535,65535,65535
1685567856,0,1,0,0,1223223,65535,65535,65535,65535,65535,65535,65535,65535,65535,65535,65535,65535
1685567862,0,1,0,0,1223223,65535,65535,65535,65535,65535,65535,65535,65535,65535,65535,65535,65535
1685567868,0,1,0,0,1223223,65535,65535,65535,65535,65535,65535,65535,65535,65535,65535,65535,65535
1685567874,0,1,0,0,1223223,65535,65535,65535,65535,65535,65535,65535,65535,65535,65535,65535,65535
1685567880,0,1,0,0,1223223,65535,65535,65535,65535,65535,65535,65535,65535,65535,65535,65535,65535
1685567886,0,1,0,0,1223223,65535,65535,65535,65535,65535,65535,65535,65535,65535,65535,65535,65535
1685567892,0,1,0,0,1223223,65535,65535,65535,65535,65535,65535,65535,65535,65535,65535,65535,65535
1685567898,0,1,0,0,1223223,65535,65535,65535,65535,65535,65535,65535,65535,65535,65535,65535,65535
1685567904,0,1,0,0,1223223,65535,65535,65535,65535,65535,65535,65535,65535,65535,65535,65535,65535
1685567910,0,1,0,0,1223223,65535,65535,65535,65535,65535,65535,65535,65535,65535,65535,65535,65535
1685567916,0,1,0,0,1223223,65535,65535,65535,65535,65535,65535,65535,65535,65535,65535,65535,65535
1685567922,0,1,0,0,1223223,65535,65535,65535,65535,65535,65535,65535,65535,65535,65535,65535,65535
1685567928,0,1,0,0,1223223,65535,65535,65535,65535,65535,65535,65535,65535,65535,65535,65535,65535
1685567934,0,1,0,0,1223223,65535,65535,65535,65535,65535,65535,65535,65535,65535,65535,65535,65535
1685567940,0,1,0,0,1223223,65535,65535,65535,65535,65535,65535,65535,65535,65535,65535,65535,65535
1685567946,0,1,0,0,1223223,65535,65535,65535,65535,65535,65535,65535,65535,65535,65535,65535,65535
1685567952,0,1,0,0,1223223,65535,65535,65535,65535,65535,65535,65535,65535,65535,65535,65535,65535
1685567958,0,1,0,0,1223223,65535,65535,65535,65535,65535,65535,65535,65535,65535,65535,65535,65535
1685567964,0,1,0,0,1223223,65535,65535,65535,65535,65535,65535,65535,65535,65535,65535,65535,65535
1685567970,0,1,0,0,1223223,65535,65535,65535,65535,65535,65535,65535,65535,65535,65535,65535,65535
1685567976,0,1,0,0,1223223,65535,65535,65535,65535,65535,65535,65535,65535,65535,65535,65535,65535
1685567982,0,1,0,0,1223223,65535,65535,65535,65535,65535,65535,65535,65535,65535,65535,65535,65535
1685567988,0,1,0,0,1223223,65535,65535,65535,65535,65535,65535,65535,65535,65535,65535,65535,65535
1685567994,0,1,0,0,1223223,65535,65535,65535,65535,65535,65535,65535,65535,65535,65535,65535,65535
1685568000,0,1,0,0,1223223,65535,65535,65535,65535,65535,65535,65535,65535,65535,65535,65535,65535
1685568006,0,1,0,0,1223223,65535,65535,65535,65535,65535,65535,65535,65535,65535,65535,65535,65535
1685568012,0,1,0,0,1223223,65535,65535,65535,65535,65535,65535,65535,65535,65535,65535,65535,65535
1685568018,0,1,0,0,1223223,65535,65535,65535,65535,65535,65535,65535,65535,65535,65535,65535,65535
1685568024,0,1,0,0,1223223,65535,65535,65535,65535,65535,65535,65535,65535,65535,65535,65535,65535
1685568030,0,1,0,0,1223223,65535,65535,65535,65535,65535,65535,65535,65535,65535,65535,65535,65535
1685568036,0,1,0,0,1223223,65535,65535,65535,65535,65535,65535,65535,65535,65535,65535,65535,65535
1685568042,0,1,0,0,1223223,65535,65535,65535,65535,65535,65535,65535,65535,65535,65535,65535,65535
1685568048,0,1,0,0,1223223,65535,65535,65535,65535,65535,65535,65535,65535,65535,65535,65535,65535
1685568054,0,1,0,0,1223223,65535,65535,65535,65535,65535,65535,65535,65535,65535,65535,65535,65535
1685568060,0,1,0,0,1223223,65535,65535,65535,65535,65535,65535,65535,65535,65535,65535,65535,65535
1685568066,0,1,0,0,1223223,65535,65535,65535,65535,65535,65535,65535,65535,65535,65535,65535,65535
1685568072,0,1,0,0,1223223,65535,65535,65535,65535,65535,65535,65535,65535,65535,65535,65535,65535
1685568078,0,1,0,0,1223223,65535,65535,65535,65535,65535,65535,65535,65535,65535,65535,65535,65535
1685568084,0,1,0,0,1223223,65535,65535,65535,65535,65535,65535,65535,65535,65535,65535,65535,65535
1685568090,0,1,0,0,1223223,65535,65535,65535,65535,65535,65535,65535,65535,65535,65535,65535,65535
1685568096,0,1,0,0,1223223,65535,65535,65535,65535,65535,65535,65535,65535,65535,65535,65535,65535
1685568102,0,1,0,0,1223223,65535,65535,65535,65535,65535,65535,65535,65535,65535,65535,65535,65535
1685568108,0,1,0,0,1223223,65535,65535,65535,65535,65535,65535,65535,65535,65535,65535,65535,65535
1685568114,0,1,0,0,1223223,65535,65535,65535,65535,65535,65535,65535,65535,65535,65535,65535,65535
1685568120,0,1,0,0,1223223,65535,65535,65535,65535,65535,65535,65535,65535,65535,65535,65535,65535
1685568126,0,1,0,0,1223223,65535,65535,65535,65535,65535,65535,65535,65535,65535,65535,65535,65535
1685568132,0,1,0,0,1223223,65535,65535,65535,65535,65535,65535,65535,65535,65535,65535,65535,65535
1685568138,0,1,0,0,1223223,65535,65535,65535,65535,65535,65535,65535,65535,65535,65535,65535,65535
1685568144,0,1,0,0,1223223,65535,65535,65535,65535,65535,65535,65535,65535,65535,65535,65535,65535
1685568150,0,1,0,0,1223223,65535,65535,65535,65535,65535,65535,65535,65535,65535,65535,65535,65535
1685568156,0,1,0,0,1223223,65535,65535,65535,65535,65535,65535,65535,65535,65535,65535,65535,65535
1685568162,0,1,0,0,1223223,65535,65535,65535,65535,65535,65535,65535,65535,65535,65535,65535,65535
1685568168,0,1,0,0,1223223,65535,65535,65535,65535,65535,65535,65535,65535,65535,65535,65535,65535
1685568174,0,1,0,0,1223223,65535,65535,65535,65535,65535,65535,65535,65535,65535,65535,65535,65535
1685568180,0,1,0,0,1223223,65535,65535,65535,65535,65535,65535,65535,65535,65535,65535,65535,65535
1685568186,0,1,0,0,1223223,65535,65535,65535,65535,65535,65535,65535,65535,65535,65535,65535,65535
1685568192,0,1,0,0,1223223,65535,65535,65535,65535,65535,65535,65535,65535,65535,65535,65535,65535
1685568198,0,1,0,0,1223223,65535,65535,65535,65535,65535,65535,65535,65535,65535,65535,65535,65535
1685568204,0,1,0,0,1223223,65535,65535,65535,65535,65535,65535,65535,65535,65535,65535,65535,65535
1685568210,0,1,0,0,1223223,65535,65535,65535,65535,65535,65535,65535,65535,65535,65535,65535,65535
1685568216,0,1,0,0,1223223,65535,65535,65535,65535,65535,65535,65535,65535,65535,65535,65535,65535
1685568222,0,1,0,0,1223223,65535,65535,65535,65535,65535,65535,65535,65535,65535,65535,65535,65535
1685568228,0,1,0,0,1223223,65535,65535,65535,65535,65535,65535,65535,65535,65535,65535,65535,65535
1685568234,0,1,0,0,1223223,65535,65535,65535,65535,65535,65535,65535,65535,65535,65535,65535,65535
1685568240,0,1,0,0,1223223,65535,65535,65535,65535,65535,65535,65535,65535,65535,65535,65535,65535
1685568246,0,1,0,0,1223223,65535,65535,65535,65535,65535,65535,65535,65535,65535,65535,65535,65535
1685568252,0,1,0,0,1223223,65535,65535,65535,65535,65535,65535,65535,65535,65535,65535,65535,65535
1685568258,0,1,0,0,1223223,65535,65535,65535,65535,65535,65535,65535,65535,65535,65535,65535,65535
1685568264,0,1,0,0,1223223,65535,65535,65535,65535,65535,65535,65535,65535,65535,65535,65535,65535
1685568270,0,1,0,0,1223223,65535,65535,65535,65535,65535,65535,65535,65535,65535,65535,65535,65535
1685568276,0,1,0,0,1223223,65535,65535,65535,65535,65535,65535,65535,65535,65535,65535,65535,65535
1685568282,0,1,0,0,1223223,65535,65535,65535,65535,65535,65535,65535,65535,65535,65535,65535,65535
1685568288,0,1,0,0,1223223,65535,65535,65535,65535,65535,65535,65535,65535,65535,65535,65535,65535
1685568294,0,1,0,0,1223223,65535,65535,65535,65535,65535,65535,65535,65535,65535,65535,65535,65535
1685568300,0,1,0,0,1223223,65535,65535,65535,65535,65535,65535,65535,65535,65535,65535,65535,65535
1685568306,0,1,0,0,1223223,65535,65535,65535,65535,65535,65535,65535,65535,65535,65535,65535,65535
1685568312,0,1,0,0,1223223,65535,65535,65535,65535,65535,65535,65535,65535,65535,65535,65535,65535
1685568318,0,1,0,0,1223223,65535,65535,65535,65535,65535,65535,65535,65535,65535,65535,65535,65535
1685568324,0,1,0,0,1223223,65535,65535,65535,65535,65535,65535,65535,65535,65535,65535,65535,65535
1685568330,0,1,0,0,1223223,65535,65535,65535,65535,65535,65535,65535,65535,65535,65535,65535,65535
1685568336,0,1,0,0,1223223,65535,65535,65535,65535,65535,65535,65535,65535,65535,65535,65535,65535
1685568342,0,1,0,0,1223223,65535,65535,65535,65535,65535,65535,65535,65535,65535,65535,65535,65535
1685568348,0,1,0,0,1223223,65535,65535,65535,65535,65535,65535,65535,65535,65535,65535,65535,65535
1685568354,0,1,0,0,1223223,65535,65535,65535,65535,65535,65535,65535,65535,65535,65535,65535,65535
1685568360,0,1,0,0,1223223,65535,65535,65535,65535,65535,65535,65535,65535,65535,65535,65535,65535
1685568366,0,1,0,0,1223223,65535,65535,65535,65535,65535,65535,65535,65535,65535,65535,65535,65535
1685568372,0,1,0,0,1223223,65535,65535,65535,65535,65535,65535,65535,65535,65535,65535,65535,65535
1685568378,0,1,0,0,1223223,65535,65535,65535,65535,65535,65535,65535,65535,65535,65535,65535,65535
1685568384,0,1,0,0,1223223,65535,65535,65535,65535,65535,65535,65535,65535,65535,65535,65535,65535
1685568390,0,1,0,0,1223223,65535,65535,65535,65535,65535,65535,65535,65535,65535,65535,65535,65535
1685568396,0,1,0,0,1223223,65535,65535,65535,65535,65535,65535,65535,65535,65535,65535,65535,65535
1685568402,0,1,0,0,1223223,65535,65535,65535,65535,65535,65535,65535,65535,65535,65535,65535,65535
1685568408,0,1,0,0,1223223,65535,65535,65535,65535,65535,65535,65535,65535,65535,65535,65535,65535
1685568414,0,1,0,0,1223223,65535,65535,65535,65535,65535,65535,65535,65535,65535,65535,65535,65535
1685568420,0,1,0,0,1223223,65535,65535,65535,65535,65535,65535,65535,65535,65535,65535,65535,65535
1685568426,0,1,0,0,1223223,65535,65535,65535,65535,65535,65535,65535,65535,65535,65535,65535,65535
1685568432,0,1,0,0,1223223,65535,65535,65535,65535,65535,65535,65535,65535,65535,65535,65535,65535
1685568438,0,1,0,0,1223223,65535,65535,65535,65535,65535,65535,65535,65535,65535,65535,65535,65535
1685568444,0,1,0,0,1223223,65535,65535,65535,65535,65535,65535,65535,65535,65535,65535,65535,65535
1685568450,0,1,0,0,1223223,65535,65535,65535,65535,65535,65535,65535,65535,65535,65535,65535,65535
1685568456,0,1,0,0,1223223,65535,65535,65535,65535,65535,65535,65535,65535,65535,65535,65535,65535
1685568462,0,1,0,0,1223223,65535,65535,65535,65535,65535,65535,65535,65535,65535,65535,65535,65535
1685568468,0,1,0,0,1223223,65535,65535,65535,65535,65535,65535,65535,65535,65535,65535,65535,65535
1685568474,0,1,0,0,1223223,65535,65535,65535,65535,65535,65535,65535,65535,65535,65535,65535,65535
1685568480,0,1,0,0,1223223,65535,65535,65535,65535,65535,65535,65535,65535,65535,65535,65535,65535
1685568486,0,1,0,0,1223223,65535,65535,65535,65535,65535,65535,65535,65535,65535,65535,65535,65535
1685568492,0,1,0,0,1223223,65535,65535,65535,65535,65535,65535,65535,65535,65535,65535,65535,65535
1685568498,0,1,0,0,1223223,65535,65535,65535,65535,65535,65535,65535,65535,65535,65535,65535,65535
1685568504,0,1,0,0,1223223,65535,65535,65535,65535,65535,65535,65535,65535,65535,65535,65535,65535
1685568510,0,1,0,0,1223223,65535,65535,65535,65535,65535,65535,65535,65535,65535,65535,65535,65535
1685568516,0,1,0,0,1223223,65535,65535,65535,65535,65535,65535,65535,65535,65535,65535,65535,65535
1685568522,0,1,0,0,1223223,65535,65535,65535,65535,65535,65535,65535,65535,65535,65535,65535,65535
1685568528,0,1,0,0,1223223,65535,65535,65535,65535,65535,65535,65535,65535,65535,65535,65535,65535
1685568534,0,1,0,0,1223223,65535,65535,65535,65535,65535,65535,65535,65535,65535,65535,65535,65535
1685568540,0,1,0,0,1223223,65535,65535,65535,65535,65535,65535,65535,65535,65535,65535,65535,65535
1685568546,0,1,0,0,1223223,65535,65535,65535,65535,65535,65535,65535,65535,65535,65535,65535,65535
1685568552,0,1,0,0,1223223,65535,65535,65535,65535,65535,65535,65535,65535,65535,65535,65535,65535
1685568558,0,1,0,0,1223223,65535,65535,65535,65535,65535,65535,65535,65535,65535,65535,65535,65535
1685568564,0,1,0,0,1223223,65535,65535,65535,65535,65535,65535,65535,65535,65535,65535,65535,65535
1685568570,0,1,0,0,1223223,65535,65535,65535,65535,65535,65535,65535,65535,65535,65535,65535,65535
1685568576,0,1,0,0,1223223,65535,65535,65535,65535,65535,65535,65535,65535,65535,65535,65535,65535
1685568582,0,1,0,0,1223223,65535,65535,65535,65535,65535,65535,65535,65535,65535,65535,65535,65535
1685568588,0,1,0,0,1223223,65535,65535,65535,65535,65535,65535,65535,65535,65535,65535,65535,65535
1685568594,0,1,0,0,1223223,65535,65535,65535,65535,65535,65535,65535,65535,65535,65535,65535,65535
1685568600,0,1,0,0,1223223,65535,65535,65535,65535,65535,65535,65535,65535,65535,65535,65535,65535
1685568606,0,1,0,0,1223223,65535,65535,65535,65535,65535,65535,65535,65535,65535,65535,65535,65535
1685568612,0,1,0,0,1223223,65535,65535,65535,65535,65535,65535,65535,65535,65535,65535,65535,65535
1685568618,0,1,0,0,1223223,65535,65535,65535,65535,65535,65535,65535,65535,65535,65535,65535,65535
1685568624,0,1,0,0,1223223,65535,65535,65535,65535,65535,65535,65535,65535,65535,65535,65535,65535
1685568630,0,1,0,0,1223223,65535,65535,65535,65535,65535,65535,65535,65535,65535,65535,65535,65535
1685568636,0,1,0,0,1223223,65535,65535,65535,65535,65535,65535,65535,65535,65535,65535,65535,65535
1685568642,0,1,0,0,1223223,65535,65535,65535,65535,65535,65535,65535,65535,65535,65535,65535,65535
1685568648,0,1,0,0,1223223,65535,65535,65535,65535,65535,65535,65535,65535,65535,65535,65535,65535
1685568654,0,1,0,0,1223223,65535,65535,65535,65535,65535,65535,65535,65535,65535,65535,65535,65535
1685568660,0,1,0,0,1223223,65535,65535,65535,65535,65535,65535,65535,65535,65535,65535,65535,65535
1685568666,0,1,0,0,1223223,65535,65535,65535,65535,65535,65535,65535,65535,65535,65535,65535,65535
1685568672,0,1,0,0,1223223,65535,65535,65535,65535,65535,65535,65535,65535,65535,65535,65535,65535
1685568678,0,1,0,0,1223223,65535,65535,65535,65535,65535,65535,65535,65535,65535,65535,65535,65535
1685568684,0,1,0,0,1223223,65535,65535,65535,65535,65535,65535,65535,65535,65535,65535,65535,65535
1685568690,0,1,0,0,1223223,65535,65535,65535,65535,65535,65535,65535,65535,65535,65535,65535,65535
1685568696,0,1,0,0,1223223,65535,65535,65535,65535,65535,65535,65535,65535,65535,65535,65535,65535
1685568702,0,1,0,0,1223223,65535,65535,65535,65535,65535,65535,65535,65535,65535,65535,65535,65535
1685568708,0,1,0,0,1223223,65535,65535,65535,65535,65535,65535,65535,65535,65535,65535,65535,65535
1685568714,0,1,0,0,1223223,65535,65535,65535,65535,65535,65535,65535,65535,65535,65535,65535,65535
1685568720,0,1,0,0,1223223,65535,65535,65535,65535,65535,65535,65535,65535,65535,65535,65535,65535
1685568726,0,1,0,0,1223223,65535,65535,65535,65535,65535,65535,65535,65535,65535,65535,65535,65535
1685568732,0,1,0,0,1223223,65535,65535,65535,65535,65535,65535,65535,65535,65535,65535,65535,65535
1685568738,0,1,0,0,1223223,65535,65535,65535,65535,65535,65535,65535,65535,65535,65535,65535,65535
1685568744,0,1,0,0,1223223,65535,65535,65535,65535,65535,65535,65535,65535,65535,65535,65535,65535
1685568750,0,1,0,0,1223223,65535,65535,65535,65535,65535,65535,65535,65535,65535,65535,65535,65535
1685568756,0,1,0,0,1223223,65535,65535,65535,65535,65535,65535,65535,65535,65535,65535,65535,65535
1685568762,0,1,0,0,1223223,65535,65535,65535,65535,65535,65535,65535,65535,65535,65535,65535,65535
1685568768,0,1,0,0,1223223,65535,65535,65535,65535,65535,65535,65535,65535,65535,65535,65535,65535
1685568774,0,1,0,0,1223223,65535,65535,65535,65535,65535,65535,65535,65535,65535,65535,65535,65535
1685568780,0,1,0,0,1223223,65535,65535,65535,65535,65535,65535,65535,65535,65535,65535,65535,65535
1685568786,0,1,0,0,1223223,65535,65535,65535,65535,65535,65535,65535,65535,65535,65535,65535,65535
1685568792,0,1,0,0,1223223,65535,65535,65535,65535,65535,65535,65535,65535,65535,65535,65535,65535
1685568798,0,1,0,0,1223223,65535,65535,65535,65535,65535,65535,65535,65535,65535,65535,65535,65535
1685568804,0,1,0,0,1223223,65535,65535,65535,65535,65535,65535,65535,65535,65535,65535,65535,65535
1685568810,0,1,0,0,1223223,65535,65535,65535,65535,65535,65535,65535,65535,65535,65535,65535,65535
1685568816,0,1,0,0,1223223,65535,65535,65535,65535,65535,65535,65535,65535,65535,65535,65535,65535
1685568822,0,1,0,0,1223223,65535,65535,65535,65535,65535,65535,65535,65535,65535,65535,65535,65535
1685568828,0,1,0,0,1223223,65535,65535,65535,65535,65535,65535,65535,65535,65535,65535,65535,65535
1685568834,0,1,0,0,1223223,65535,65535,65535,65535,65535,65535,65535,65535,65535,65535,65535,65535
1685568840,0,1,0,0,1223223,65535,65535,65535,65535,65535,65535,65535,65535,65535,65535,65535,65535
1685568846,0,1,0,0,1223223,65535,65535,65535,65535,65535,65535,65535,65535,65535,65535,65535,65535
1685568852,0,1,0,0,1223223,65535,65535,65535,65535,65535,65535,65535,65535,65535,65535,65535,65535
1685568858,0,1,0,0,1223223,65535,65535,65535,65535,65535,65535,65535,65535,65535,65535,65535,65535
1685568864,0,1,0,0,1223223,65535,65535,65535,65535,65535,65535,65535,65535,65535,65535,65535,65535
1685568870,0,1,0,0,1223223,65535,65535,65535,65535,65535,65535,65535,65535,65535,65535,65535,65535
1685568876,0,1,0,0,1223223,65535,65535,65535,65535,65535,65535,65535,65535,65535,65535,65535,65535
1685568882,0,1,0,0,1223223,65535,65535,65535,65535,65535,65535,65535,65535,65535,65535,65535,65535
1685568888,0,1,0,0,1223223,65535,65535,65535,65535,65535,65535,65535,65535,65535,65535,65535,65535
1685568894,0,1,0,0,1223223,65535,65535,65535,65535,65535,65535,65535,65535,65535,65535,65535,65535
1685568900,0,1,0,0,1223223,65535,65535,65535,65535,65535,65535,65535,65535,65535,65535,65535,65535
1685568906,0,1,0,0,1223223,65535,65535,65535,65535,65535,65535,65535,65535,65535,65535,65535,65535
1685568912,0,1,0,0,1223223,65535,65535,65535,65535,65535,65535,65535,65535,65535,65535,65535,65535
1685568918,0,1,0,0,1223223,65535,65535,65535,65535,65535,65535,65535,65535,65535,65535,65535,65535
1685568924,0,1,0,0,1223223,65535,65535,65535,65535,65535,65535,65535,65535,65535,65535,65535,65535
1685568930,0,1,0,0,1223223,65535,65535,65535,65535,65535,65535,65535,65535,65535,65535,65535,65535
1685568936,0,1,0,0,1223223,65535,65535,65535,65535,65535,65535,65535,65535,65535,65535,65535,65535
1685568942,0,1,0,0,1223223,65535,65535,65535,65535,65535,65535,65535,65535,65535,65535,65535,65535
1685568948,0,1,0,0,1223223,65535,65535,65535,65535,65535,65535,65535,65535,65535,65535,65535,65535
1685568954,0,1,0,0,1223223,65535,65535,65535,65535,65535,65535,65535,65535,65535,65535,65535,65535
1685568960,0,1,0,0,1223223,65535,65535,65535,65535,65535,65535,65535,65535,65535,65535,65535,65535
1685568966,0,1,0,0,1223223,65535,65535,65535,65535,65535,65535,65535,65535,65535,65535,65535,65535
1685568972,0,1,0,0,1223223,65535,65535,65535,65535,65535,65535,65535,65535,65535,65535,65535,65535
1685568978,0,1,0,0,1223223,65535,65535,65535,65535,65535,65535,65535,65535,65535,65535,65535,65535
1685568984,0,1,0,0,1223223,65535,65535,65535,65535,65535,65535,65535,65535,65535,65535,65535,65535
1685568990,0,1,0,0,1223223,65535,65535,65535,65535,65535,65535,65535,65535,65535,65535,65535,65535
1685568996,0,1,0,0,1223223,65535,65535,65535,65535,65535,65535,65535,65535,65535,65535,65535,65535
1685569002,0,1,0,0,1223223,65535,65535,65535,65535,65535,65535,65535,65535,65535,65535,65535,65535
1685569008,0,1,0,0,1223223,65535,65535,65535,65535,65535,65535,65535,65535,65535,65535,65535,65535
1685569014,0,1,0,0,1223223,65535,65535,65535,65535,65535,65535,65535,65535,65535,65535,65535,65535
1685569020,0,1,0,0,1223223,65535,65535,65535,65535,65535,65535,65535,65535,65535,65535,65535,65535
1685569026,0,1,0,0,1223223,65535,65535,65535,65535,65535,65535,65535,65535,65535,65535,65535,65535
1685569032,0,1,0,0,1223223,65535,65535,65535,65535,65535,65535,65535,65535,65535,65535,65535,65535
1685569038,0,1,0,0,1223223,65535,65535,65535,65535,65535,65535,65535,65535,65535,65535,65535,65535
1685569044,0,1,0,0,1223223,65535,65535,65535,65535,65535,65535,65535,65535,65535,65535,65535,65535
1685569050,0,1,0,0,1223223,65535,65535,65535,65535,65535,65535,65535,65535,65535,65535,65535,65535
1685569056,0,1,0,0,1223223,65535,65535,65535,65535,65535,65535,65535,65535,65535,65535,65535,65535
1685569062,0,1,0,0,1223223,65535,65535,65535,65535,65535,65535,65535,65535,65535,65535,65535,65535
1685569068,0,1,0,0,1223223,65535,65535,65535,65535,65535,65535,65535,65535,65535,65535,65535,65535
1685569074,0,1,0,0,1223223,65535,65535,65535,65535,65535,65535,65535,65535,65535,65535,65535,65535
1685569080,0,1,0,0,1223223,65535,65535,65535,65535,65535,65535,65535,65535,65535,65535,65535,65535
1685569086,0,1,0,0,1223223,65535,65535,65535,65535,65535,65535,65535,65535,65535,65535,65535,65535
1685569092,0,1,0,0,1223223,65535,65535,65535,65535,65535,65535,65535,65535,65535,65535,65535,65535
1685569098,0,1,0,0,1223223,65535,65535,65535,65535,65535,65535,65535,65535,65535,65535,65535,65535
1685569104,0,1,0,0,1223223,65535,65535,65535,65535,65535,65535,65535,65535,65535,65535,65535,65535
1685569110,0,1,0,0,1223223,65535,65535,65535,65535,65535,65535,65535,65535,65535,65535,65535,65535
1685569116,0,1,0,0,1223223,65535,65535,65535,65535,65535,65535,65535,65535,65535,65535,65535,65535
1685569122,0,1,0,0,1223223,65535,65535,65535,65535,65535,65535,65535,65535,65535,65535,65535,65535
1685569128,0,1,0,0,1223223,65535,65535,65535,65535,65535,65535,65535,65535,65535,65535,65535,65535
1685569134,0,1,0,0,1223223,65535,65535,65535,65535,65535,65535,65535,65535,65535,65535,65535,65535
1685569140,0,1,0,0,1223223,65535,65535,65535,65535,65535,65535,65535,65535,65535,65535,65535,65535
1685569146,0,1,0,0,1223223,65535,65535,65535,65535,65535,65535,65535,65535,65535,65535,65535,65535
1685569152,0,1,0,0,1223223,65535,65535,65535,65535,65535,65535,65535,65535,65535,65535,65535,65535
1685569158,0,1,0,0,1223223,65535,65535,65535,65535,65535,65535,65535,65535,65535,65535,65535,65535
1685569164,0,1,0,0,1223223,65535,65535,65535,65535,65535,65535,65535,65535,65535,65535,65535,65535
1685569170,0,1,0,0,1223223,65535,65535,65535,65535,65535,65535,65535,65535,65535,65535,65535,65535
1685569176,0,1,0,0,1223223,65535,65535,65535,65535,65535,65535,65535,65535,65535,65535,65535,65535
1685569182,0,1,0,0,1223223,65535,65535,65535,65535,65535,65535,65535,65535,65535,65535,65535,65535
1685569188,0,1,0,0,1223223,65535,65535,65535,65535,65535,65535,65535,65535,65535,65535,65535,65535
1685569194,0,1,0,0,1223223,65535,65535,65535,65535,65535,65535,65535,65535,65535,65535,65535,65535
1685569200,0,1,0,0,1223223,65535,65535,65535,65535,65535,65535,65535,65535,65535,65535,65535,65535
1685569206,0,1,0,0,1223223,65535,65535,65535,65535,65535,65535,65535,65535,65535,65535,65535,65535
1685569212,0,1,0,0,1223223,65535,65535,65535,65535,65535,65535,65535,65535,65535,65535,65535,65535
1685569218,0,1,0,0,1223223,65535,65535,65535,65535,65535,65535,65535,65535,65535,65535,65535,65535
1685569224,0,1,0,0,1223223,65535,65535,65535,65535,65535,65535,65535,65535,65535,65535,65535,65535
1685569230,0,1,0,0,1223223,65535,65535,65535,65535,65535,65535,65535,65535,65535,65535,65535,65535
1685569236,0,1,0,0,1223223,65535,65535,65535,65535,65535,65535,65535,65535,65535,65535,65535,65535
1685569242,0,1,0,0,1223223,65535,65535,65535,65535,65535,65535,65535,65535,65535,65535,65535,65535
1685569248,0,1,0,0,1223223,65535,65535,65535,65535,65535,65535,65535,65535,65535,65535,65535,65535
1685569254,0,1,0,0,1223223,65535,65535,65535,65535,65535,65535,65535,65535,65535,65535,65535,65535
1685569260,0,1,0,0,1223223,65535,65535,65535,65535,65535,65535,65535,65535,65535,65535,65535,65535
1685569266,0,1,0,0,1223223,65535,65535,65535,65535,65535,65535,65535,65535,65535,65535,65535,65535
1685569272,0,1,0,0,1223223,65535,65535,65535,65535,65535,65535,65535,65535,65535,65535,65535,65535
1685569278,0,1,0,0,1223223,65535,65535,65535,65535,65535,65535,65535,65535,65535,65535,65535,65535
1685569284,0,1,0,0,1223223,65535,65535,65535,65535,65535,65535,65535,65535,65535,65535,65535,65535
1685569290,0,1,0,0,1223223,65535,65535,65535,65535,65535,65535,65535,65535,65535,65535,65535,65535
1685569296,0,1,0,0,1223223,65535,65535,65535,65535,65535,65535,65535,65535,65535,65535,65535,65535
1685569302,0,1,0,0,1223223,65535,65535,65535,65535,65535,65535,65535,65535,65535,65535,65535,65535
1685569308,0,1,0,0,1223223,65535,65535,65535,65535,65535,65535,65535,65535,65535,65535,65535,65535
1685569314,0,1,0,0,1223223,65535,65535,65535,65535,65535,65535,65535,65535,65535,65535,65535,65535
1685569320,0,1,0,0,1223223,65535,65535,65535,65535,65535,65535,65535,65535,65535,65535,65535,65535
1685569326,0,1,0,0,1223223,65535,65535,65535,65535,65535,65535,65535,65535,65535,65535,65535,65535
1685569332,0,1,0,0,1223223,65535,65535,65535,65535,65535,65535,65535,65535,65535,65535,65535,65535
1685569338,0,1,0,0,1223223,65535,65535,65535,65535,65535,65535,65535,65535,65535,65535,65535,65535
1685569344,0,1,0,0,1223223,65535,65535,65535,65535,65535,65535,65535,65535,65535,65535,65535,65535
1685569350,0,1,0,0,1223223,65535,65535,65535,65535,65535,65535,65535,65535,65535,65535,65535,65535
1685569356,0,1,0,0,1223223,65535,65535,65535,65535,65535,65535,65535,65535,65535,65535,65535,65535
1685569362,0,1,0,0,1223223,65535,65535,65535,65535,65535,65535,65535,65535,65535,65535,65535,65535
1685569368,0,1,0,0,1223223,65535,65535,65535,65535,65535,65535,65535,65535,65535,65535,65535,65535
1685569374,0,1,0,0,1223223,65535,65535,65535,65535,65535,65535,65535,65535,65535,65535,65535,65535
1685569380,0,1,0,0,1223223,65535,65535,65535,65535,65535,65535,65535,65535,65535,65535,65535,65535
1685569386,0,1,0,0,1223223,65535,65535,65535,65535,65535,65535,65535,65535,65535,65535,65535,65535
1685569392,0,1,0,0,1223223,65535,65535,65535,65535,65535,65535,65535,65535,65535,65535,65535,65535
1685569398,0,1,0,0,1223223,65535,65535,65535,65535,65535,65535,65535,65535,65535,65535,65535,65535
1685569404,0,1,0,0,1223223,65535,65535,65535,65535,65535,65535,65535,65535,65535,65535,65535,65535
1685569410,0,1,0,0,1223223,65535,65535,65535,65535,65535,65535,65535,65535,65535,65535,65535,65535
1685569416,0,1,0,0,1223223,65535,65535,65535,65535,65535,65535,65535,65535,65535,65535,65535,65535
1685569422,0,1,0,0,1223223,65535,65535,65535,65535,65535,65535,65535,65535,65535,65535,65535,65535
1685569428,0,1,0,0,1223223,65535,65535,65535,65535,65535,65535,65535,65535,65535,65535,65535,65535
1685569434,0,1,0,0,1223223,65535,65535,65535,65535,65535,65535,65535,65535,65535,65535,65535,65535
1685569440,0,1,0,0,1223223,65535,65535,65535,65535,65535,65535,65535,65535,65535,65535,65535,65535
1685569446,0,1,0,0,1223223,65535,65535,65535,65535,65535,65535,65535,65535,65535,65535,65535,65535
1685569452,0,1,0,0,1223223,65535,65535,65535,65535,65535,65535,65535,65535,65535,65535,65535,65535
1685569458,0,1,0,0,1223223,65535,65535,65535,65535,65535,65535,65535,65535,65535,65535,65535,65535
1685569464,0,1,0,0,1223223,65535,65535,65535,65535,65535,65535,65535,65535,65535,65535,65535,65535
1685569470,0,1,0,0,1223223,65535,65535,65535,65535,65535,65535,65535,65535,65535,65535,65535,65535
1685569476,0,1,0,0,1223223,65535,65535,65535,65535,65535,65535,65535,65535,65535,65535,65535,65535
1685569482,0,1,0,0,1223223,65535,65535,65535,65535,65535,65535,65535,65535,65535,65535,65535,65535
1685569488,0,1,0,0,1223223,65535,65535,65535,65535,65535,65535,65535,65535,65535,65535,65535,65535
1685569494,0,1,0,0,1223223,65535,65535,65535,65535,65535,65535,65535,65535,65535,65535,65535,65535
1685569500,0,1,0,0,1223223,65535,65535,65535,65535,65535,65535,65535,65535,65535,65535,65535,65535
1685569506,0,1,0,0,1223223,65535,65535,65535,65535,65535,65535,65535,65535,65535,65535,65535,65535
1685569512,0,1,0,0,1223223,65535,65535,65535,65535,65535,65535,65535,65535,65535,65535,65535,65535
1685569518,0,1,0,0,1223223,65535,65535,65535,65535,65535,65535,65535,65535,65535,65535,65535,65535
1685569524,0,1,0,0,1223223,65535,65535,65535,65535,65535,65535,65535,65535,65535,65535,65535,65535
1685569530,0,1,0,0,1223223,65535,65535,65535,65535,65535,65535,65535,65535,65535,65535,65535,65535
1685569536,0,1,0,0,1223223,65535,65535,65535,65535,65535,65535,65535,65535,65535,65535,65535,65535
1685569542,0,1,0,0,1223223,65535,65535,65535,65535,65535,65535,65535,65535,65535,65535,65535,65535
1685569548,0,1,0,0,1223223,65535,65535,65535,65535,65535,65535,65535,65535,65535,65535,65535,65535
1685569554,0,1,0,0,1223223,65535,65535,65535,65535,65535,65535,65535,65535,65535,65535,65535,65535
1685569560,0,1,0,0,1223223,65535,65535,65535,65535,65535,65535,65535,65535,65535,65535,65535,65535
1685569566,0,1,0,0,1223223,65535,65535,65535,65535,65535,65535,65535,65535,65535,65535,65535,65535
1685569572,0,1,0,0,1223223,65535,65535,65535,65535,65535,65535,65535,65535,65535,65535,65535,65535
1685569578,0,1,0,0,1223223,65535,65535,65535,65535,65535,65535,65535,65535,65535,65535,65535,65535
1685569584,0,1,0,0,1223223,65535,65535,65535,65535,65535,65535,65535,65535,65535,65535,65535,65535
1685569590,0,1,0,0,1223223,65535,65535,65535,65535,65535,65535,65535,65535,65535,65535,65535,65535
1685569596,0,1,0,0,1223223,65535,65535,65535,65535,65535,65535,65535,65535,65535,65535,65535,65535
1685569602,0,1,0,0,1223223,65535,65535,65535,65535,65535,65535,65535,65535,65535,65535,65535,65535
1685569608,0,1,0,0,1223223,65535,65535,65535,65535,65535,65535,65535,65535,65535,65535,65535,65535
1685569614,0,1,0,0,1223223,65535,65535,65535,65535,65535,65535,65535,65535,65535,65535,65535,65535
1685569620,0,1,0,0,1223223,65535,65535,65535,65535,65535,65535,65535,65535,65535,65535,65535,65535
1685569626,0,1,0,0,1223223,65535,65535,65535,65535,65535,65535,65535,65535,65535,65535,65535,65535
1685569632,0,1,0,0,1223223,65535,65535,65535,65535,65535,65535,65535,65535,65535,65535,65535,65535
1685569638,0,1,0,0,1223223,65535,65535,65535,65535,65535,65535,65535,65535,65535,65535,65535,65535
1685569644,0,1,0,0,1223223,65535,65535,65535,65535,65535,65535,65535,65535,65535,65535,65535,65535
1685569650,0,1,0,0,1223223,65535,65535,65535,65535,65535,65535,65535,65535,65535,65535,65535,65535
1685569656,0,1,0,0,1223223,65535,65535,65535,65535,65535,65535,65535,65535,65535,65535,65535,65535
1685569662,0,1,0,0,1223223,65535,65535,65535,65535,65535,65535,65535,65535,65535,65535,65535,65535
1685569668,0,1,0,0,1223223,65535,65535,65535,65535,65535,65535,65535,65535,65535,65535,65535,65535
1685569674,0,1,0,0,1223223,65535,65535,65535,65535,65535,65535,65535,65535,65535,65535,65535,65535
1685569680,0,1,0,0,1223223,65535,65535,65535,65535,65535,65535,65535,65535,65535,65535,65535,65535
1685569686,0,1,0,0,1223223,65535,65535,65535,65535,65535,65535,65535,65535,65535,65535,65535,65535
1685569692,0,1,0,0,1223223,65535,65535,65535,65535,65535,65535,65535,65535,65535,65535,65535,65535
1685569698,0,1,0,0,1223223,65535,65535,65535,65535,65535,65535,65535,65535,65535,65535,65535,65535
1685569704,0,1,0,0,1223223,65535,65535,65535,65535,65535,65535,65535,65535,65535,65535,65535,65535
1685569710,0,1,0,0,1223223,65535,65535,65535,65535,65535,65535,65535,65535,65535,65535,65535,65535
1685569716,0,1,0,0,1223223,65535,65535,65535,65535,65535,65535,65535,65535,65535,65535,65535,65535
1685569722,0,1,0,0,1223223,65535,65535,65535,65535,65535,65535,65535,65535,65535,65535,65535,65535
1685569728,0,1,0,0,1223223,65535,65535,65535,65535,65535,65535,65535,65535,65535,65535,65535,65535
1685569734,0,1,0,0,1223223,65535,65535,65535,65535,65535,65535,65535,65535,65535,65535,65535,65535
1685569740,0,1,0,0,1223223,65535,65535,65535,65535,65535,65535,65535,65535,65535,65535,65535,65535
1685569746,0,1,0,0,1223223,65535,65535,65535,65535,65535,65535,65535,65535,65535,65535,65535,65535
1685569752,0,1,0,0,1223223,65535,65535,65535,65535,65535,65535,65535,65535,65535,65535,65535,65535
1685569758,0,1,0,0,1223223,65535,65535,65535,65535,65535,65535,65535,65535,65535,65535,65535,65535
1685569764,0,1,0,0,1223223,65535,65535,65535,65535,65535,65535,65535,65535,65535,65535,65535,65535
1685569770,0,1,0,0,1223223,65535,65535,65535,65535,65535,65535,65535,65535,65535,65535,65535,65535
1685569776,0,1,0,0,1223223,65535,65535,65535,65535,65535,65535,65535,65535,65535,65535,65535,65535
1685569782,0,1,0,0,1223223,65535,65535,65535,65535,65535,65535,65535,65535,65535,65535,65535,65535
1685569788,0,1,0,0,1223223,65535,65535,65535,65535,65535,65535,65535,65535,65535,65535,65535,65535
1685569794,0,1,0,0,1223223,65535,65535,65535,65535,65535,65535,65535,65535,65535,65535,65535,65535
1685569800,0,1,0,0,1223223,65535,65535,65535,65535,65535,65535,65535,65535,65535,65535,65535,65535
1685569806,0,1,0,0,1223223,65535,65535,65535,65535,65535,65535,65535,65535,65535,65535,65535,65535
1685569812,0,1,0,0,1223223,65535,65535,65535,65535,65535,65535,65535,65535,65535,65535,65535,65535
1685569818,0,1,0,0,1223223,65535,65535,65535,65535,65535,65535,65535,65535,65535,65535,65535,65535
1685569824,0,1,0,0,1223223,65535,65535,65535,65535,65535,65535,65535,65535,65535,65535,65535,65535
1685569830,0,1,0,0,1223223,65535,65535,65535,65535,65535,65535,65535,65535,65535,65535,65535,65535
1685569836,0,1,0,0,1223223,65535,65535,65535,65535,65535,65535,65535,65535,65535,65535,65535,65535
1685569842,0,1,0,0,1223223,65535,65535,65535,65535,65535,65535,65535,65535,65535,65535,65535,65535
1685569848,0,1,0,0,1223223,65535,65535,65535,65535,65535,65535,65535,65535,65535,65535,65535,65535
1685569854,0,1,0,0,1223223,65535,65535,65535,65535,65535,65535,65535,65535,65535,65535,65535,65535
1685569860,0,1,0,0,1223223,65535,65535,65535,65535,65535,65535,65535,65535,65535,65535,65535,65535
1685569866,0,1,0,0,1223223,65535,65535,65535,65535,65535,65535,65535,65535,65535,65535,65535,65535
1685569872,0,1,0,0,1223223,65535,65535,65535,65535,65535,65535,65535,65535,65535,65535,65535,65535
1685569878,0,1,0,0,1223223,65535,65535,65535,65535,65535,65535,65535,65535,65535,65535,65535,65535
1685569884,0,1,0,0,1223223,65535,65535,65535,65535,65535,65535,65535,65535,65535,65535,65535,65535
1685569890,0,1,0,0,1223223,65535,65535,65535,65535,65535,65535,65535,65535,65535,65535,65535,65535
1685569896,0,1,0,0,1223223,65535,65535,65535,65535,65535,65535,65535,65535,65535,65535,65535,65535
1685569902,0,1,0,0,1223223,65535,65535,65535,65535,65535,65535,65535,65535,65535,65535,65535,65535
1685569908,0,1,0,0,1223223,65535,65535,65535,65535,65535,65535,65535,65535,65535,65535,65535,65535
1685569914,0,1,0,0,1223223,65535,65535,65535,65535,65535,65535,65535,65535,65535,65535,65535,65535
1685569920,0,1,0,0,1223223,65535,65535,65535,65535,65535,65535,65535,65535,65535,65535,65535,65535
1685569926,0,1,0,0,1223223,65535,65535,65535,65535,65535,65535,65535,65535,65535,65535,65535,65535
1685569932,0,1,0,0,1223223,65535,65535,65535,65535,65535,65535,65535,65535,65535,65535,65535,65535
1685569938,0,1,0,0,1223223,65535,65535,65535,65535,65535,65535,65535,65535,65535,65535,65535,65535
1685569944,0,1,0,0,1223223,65535,65535,65535,65535,65535,65535,65535,65535,65535,65535,65535,65535
1685569950,0,1,0,0,1223223,65535,65535,65535,65535,65535,65535,65535,65535,65535,65535,65535,65535
1685569956,0,1,0,0,1223223,65535,65535,65535,65535,65535,65535,65535,65535,65535,65535,65535,65535
1685569962,0,1,0,0,1223223,65535,65535,65535,65535,65535,65535,65535,65535,65535,65535,65535,65535
1685569968,0,1,0,0,1223223,65535,65535,65535,65535,65535,65535,65535,65535,65535,65535,65535,65535
1685569974,0,1,0,0,1223223,65535,65535,65535,65535,65535,65535,65535,65535,65535,65535,65535,65535
1685569980,0,1,0,0,1223223,65535,65535,65535,65535,65535,65535,65535,65535,65535,65535,65535,65535
1685569986,0,1,0,0,1223223,65535,65535,65535,65535,65535,65535,65535,65535,65535,65535,65535,65535
1685569992,0,1,0,0,1223223,65535,65535,65535,65535,65535,65535,65535,65535,65535,65535,65535,65535
1685569998,0,1,0,0,1223223,65535,65535,65535,65535,65535,65535,65535,65535,65535,65535,65535,65535
1685570004,0,1,0,0,1223223,65535,65535,65535,65535,65535,65535,65535,65535,65535,65535,65535,65535
1685570010,0,1,0,0,1223223,65535,65535,65535,65535,65535,65535,65535,65535,65535,65535,65535,65535
1685570016,0,1,0,0,1223223,65535,65535,65535,65535,65535,65535,65535,65535,65535,65535,65535,65535
1685570022,0,1,0,0,1223223,65535,65535,65535,65535,65535,65535,65535,65535,65535,65535,65535,65535
1685570028,0,1,0,0,1223223,65535,65535,65535,65535,65535,65535,65535,65535,65535,65535,65535,65535
1685570034,0,1,0,0,1223223,65535,65535,65535,65535,65535,65535,65535,65535,65535,65535,65535,65535
1685570040,0,1,0,0,1223223,65535,65535,65535,65535,65535,65535,65535,65535,65535,65535,65535,65535
1685570046,0,1,0,0,1223223,65535,65535,65535,65535,65535,65535,65535,65535,65535,65535,65535,65535
1685570052,0,1,0,0,1223223,65535,65535,65535,65535,65535,65535,65535,65535,65535,65535,65535,65535
1685570058,0,1,0,0,1223223,65535,65535,65535,65535,65535,65535,65535,65535,65535,65535,65535,65535
1685570064,0,1,0,0,1223223,65535,65535,65535,65535,65535,65535,65535,65535,65535,65535,65535,65535
1685570070,0,1,0,0,1223223,65535,65535,65535,65535,65535,65535,65535,65535,65535,65535,65535,65535
1685570076,0,1,0,0,1223223,65535,65535,65535,65535,65535,65535,65535,65535,65535,65535,65535,65535
1685570082,0,1,0,0,1223223,65535,65535,65535,65535,65535,65535,65535,65535,65535,65535,65535,65535
1685570088,0,1,0,0,1223223,65535,65535,65535,65535,65535,65535,65535,65535,65535,65535,65535,65535
1685570094,0,1,0,0,1223223,65535,65535,65535,65535,65535,65535,65535,65535,65535,65535,65535,65535
1685570100,0,1,0,0,1223223,65535,65535,65535,65535,65535,65535,65535,65535,65535,65535,65535,65535
1685570106,0,1,0,0,1223223,65535,65535,65535,65535,65535,65535,65535,65535,65535,65535,65535,65535
1685570112,0,1,0,0,1223223,65535,65535,65535,65535,65535,65535,65535,65535,65535,65535,65535,65535
1685570118,0,1,0,0,1223223,65535,65535,65535,65535,65535,65535,65535,65535,65535,65535,65535,65535
1685570124,0,1,0,0,1223223,65535,65535,65535,65535,65535,65535,65535,65535,65535,65535,65535,65535
1685570130,0,1,0,0,1223223,65535,65535,65535,65535,65535,65535,65535,65535,65535,65535,65535,65535
1685570136,0,1,0,0,1223223,65535,65535,65535,65535,65535,65535,65535,65535,65535,65535,65535,65535
1685570142,0,1,0,0,1223223,65535,65535,65535,65535,65535,65535,65535,65535,65535,65535,65535,65535
1685570148,0,1,0,0,1223223,65535,65535,65535,65535,65535,65535,65535,65535,65535,65535,65535,65535
1685570154,0,1,0,0,1223223,65535,65535,65535,65535,65535,65535,65535,65535,65535,65535,65535,65535
1685570160,0,1,0,0,1223223,65535,65535,65535,65535,65535,65535,65535,65535,65535,65535,65535,65535
1685570166,0,1,0,0,1223223,65535,65535,65535,65535,65535,65535,65535,65535,65535,65535,65535,65535
1685570172,0,1,0,0,1223223,65535,65535,65535,65535,65535,65535,65535,65535,65535,65535,65535,65535
1685570178,0,1,0,0,1223223,65535,65535,65535,65535,65535,65535,65535,65535,65535,65535,65535,65535
1685570184,0,1,0,0,1223223,65535,65535,65535,65535,65535,65535,65535,65535,65535,65535,65535,65535
1685570190,0,1,0,0,1223223,65535,65535,65535,65535,65535,65535,65535,65535,65535,65535,65535,65535
1685570196,0,1,0,0,1223223,65535,65535,65535,65535,65535,65535,65535,65535,65535,65535,65535,65535
1685570202,0,1,0,0,1223223,65535,65535,65535,65535,65535,65535,65535,65535,65535,65535,65535,65535
1685570208,0,1,0,0,1223223,65535,65535,65535,65535,65535,65535,65535,65535,65535,65535,65535,65535
1685570214,0,1,0,0,1223223,65535,65535,65535,65535,65535,65535,65535,65535,65535,65535,65535,65535
1685570220,0,1,0,0,1223223,65535,65535,65535,65535,65535,65535,65535,65535,65535,65535,65535,65535
1685570226,0,1,0,0,1223223,65535,65535,65535,65535,65535,65535,65535,65535,65535,65535,65535,65535
1685570232,0,1,0,0,1223223,65535,65535,65535,65535,65535,65535,65535,65535,65535,65535,65535,65535
1685570238,0,1,0,0,1223223,65535,65535,65535,65535,65535,65535,65535,65535,65535,65535,65535,65535
1685570244,0,1,0,0,1223223,65535,65535,65535,65535,65535,65535,65535,65535,65535,65535,65535,65535
1685570250,0,1,0,0,1223223,65535,65535,65535,65535,65535,65535,65535,65535,65535,65535,65535,65535
1685570256,0,1,0,0,1223223,65535,65535,65535,65535,65535,65535,65535,65535,65535,65535,65535,65535
1685570262,0,1,0,0,1223223,65535,65535,65535,65535,65535,65535,65535,65535,65535,65535,65535,65535
1685570268,0,1,0,0,1223223,65535,65535,65535,65535,65535,65535,65535,65535,65535,65535,65535,65535
1685570274,0,1,0,0,1223223,65535,65535,65535,65535,65535,65535,65535,65535,65535,65535,65535,65535
1685570280,0,1,0,0,1223223,65535,65535,65535,65535,65535,65535,65535,65535,65535,65535,65535,65535
1685570286,0,1,0,0,1223223,65535,65535,65535,65535,65535,65535,65535,65535,65535,65535,65535,65535
1685570292,0,1,0,0,1223223,65535,65535,65535,65535,65535,65535,65535,65535,65535,65535,65535,65535
1685570298,0,1,0,0,1223223,65535,65535,65535,65535,65535,65535,65535,65535,65535,65535,65535,65535
1685570304,0,1,0,0,1223223,65535,65535,65535,65535,65535,65535,65535,65535,65535,65535,65535,65535
1685570310,0,1,0,0,1223223,65535,65535,65535,65535,65535,65535,65535,65535,65535,65535,65535,65535
1685570316,0,1,0,0,1223223,65535,65535,65535,65535,65535,65535,65535,65535,65535,65535,65535,65535
1685570322,0,1,0,0,1223223,65535,65535,65535,65535,65535,65535,65535,65535,65535,65535,65535,65535
1685570328,0,1,0,0,1223223,65535,65535,65535,65535,65535,65535,65535,65535,65535,65535,65535,65535
1685570334,0,1,0,0,1223223,65535,65535,65535,65535,65535,65535,65535,65535,65535,65535,65535,65535
1685570340,0,1,0,0,1223223,65535,65535,65535,65535,65535,65535,65535,65535,65535,65535,65535,65535
1685570346,0,1,0,0,1223223,65535,65535,65535,65535,65535,65535,65535,65535,65535,65535,65535,65535
1685570352,0,1,0,0,1223223,65535,65535,65535,65535,65535,65535,65535,65535,65535,65535,65535,65535
1685570358,0,1,0,0,1223223,65535,65535,65535,65535,65535,65535,65535,65535,65535,65535,65535,65535
1685570364,0,1,0,0,1223223,65535,65535,65535,65535,65535,65535,65535,65535,65535,65535,65535,65535
1685570370,0,1,0,0,1223223,65535,65535,65535,65535,65535,65535,65535,65535,65535,65535,65535,65535
1685570376,0,1,0,0,1223223,65535,65535,65535,65535,65535,65535,65535,65535,65535,65535,65535,65535
1685570382,0,1,0,0,1223223,65535,65535,65535,65535,65535,65535,65535,65535,65535,65535,65535,65535
1685570388,0,1,0,0,1223223,65535,65535,65535,65535,65535,65535,65535,65535,65535,65535,65535,65535
1685570394,0,1,0,0,1223223,65535,65535,65535,65535,65535,65535,65535,65535,65535,65535,65535,65535
