Timestamp,Amber,White,On,Override,Intensity,AS00,AS01,AS02,AS03,AS04,AS05,AS06,AS07,AS08,AS09,AS10,AS11
1685584800,0,1,0,0,1223223,49294,65535,65535,65535,65535,65535,65535,65535,65535,65535,65535,65535
1685584806,0,1,0,0,1223223,48935,65535,65535,65535,65535,65535,65535,65535,65535,65535,65535,65535
1685584812,0,1,0,0,1223223,49008,65535,65535,65535,65535,65535,65535,65535,65535,65535,65535,65535
1685584818,0,1,0,0,1223223,48851,65535,65535,65535,65535,65535,65535,65535,65535,65535,65535,65535
1685584824,0,1,0,0,1223223,48529,65535,65535,65535,65535,65535,65535,65535,65535,65535,65535,65535
1685584830,0,1,0,0,1223223,48555,65535,65535,65535,65535,65535,65535,65535,65535,65535,65535,65535
1685584836,0,1,0,0,1223223,48395,65535,65535,65535,65535,65535,65535,65535,65535,65535,65535,65535
1685584842,0,1,0,0,1223223,48241,65535,65535,65535,65535,65535,65535,65535,65535,65535,65535,65535
1685584848,0,1,0,0,1223223,48090,65535,65535,65535,65535,65535,65535,65535,65535,65535,65535,65535
1685584854,0,1,0,0,1223223,47930,65535,65535,65535,65535,65535,65535,65535,65535,65535,65535,65535
1685584860,0,1,0,0,1223223,47586,65535,65535,65535,65535,65535,65535,65535,65535,65535,65535,65535
1685584866,0,1,0,0,1223223,47649,65535,65535,65535,65535,65535,65535,65535,65535,65535,65535,65535
1685584872,0,1,0,0,1223223,47553,65535,65535,65535,65535,65535,65535,65535,65535,65535,65535,65535
1685584878,0,1,0,0,1223223,47161,65535,65535,65535,65535,65535,65535,65535,65535,65535,65535,65535
1685584884,0,1,0,0,1223223,47228,65535,65535,65535,65535,65535,65535,65535,65535,65535,65535,65535
1685584890,0,1,0,0,1223223,47098,65535,65535,65535,65535,65535,65535,65535,65535,65535,65535,65535
1685584896,0,1,0,0,1223223,46818,65535,65535,65535,65535,65535,65535,65535,65535,65535,65535,65535
1685584902,0,1,0,0,1223223,46871,65535,65535,65535,65535,65535,65535,65535,65535,65535,65535,65535
1685584908,0,1,0,0,1223223,46791,65535,65535,65535,65535,65535,65535,65535,65535,65535,65535,65535
1685584914,0,1,0,0,1223223,46799,65535,65535,65535,65535,65535,65535,65535,65535,65535,65535,65535
1685584920,0,1,0,0,1223223,46576,65535,65535,65535,65535,65535,65535,65535,65535,65535,65535,65535
1685584926,0,1,0,0,1223223,46552,65535,65535,65535,65535,65535,65535,65535,65535,65535,65535,65535
1685584932,0,1,0,0,1223223,46663,65535,65535,65535,65535,65535,65535,65535,65535,65535,65535,65535
1685584938,0,1,0,0,1223223,46622,65535,65535,65535,65535,65535,65535,65535,65535,65535,65535,65535
1685584944,0,1,0,0,1223223,46527,65535,65535,65535,65535,65535,65535,65535,65535,65535,65535,65535
1685584950,0,1,0,0,1223223,46412,65535,65535,65535,65535,65535,65535,65535,65535,65535,65535,65535
1685584956,0,1,0,0,1223223,46285,65535,65535,65535,65535,65535,65535,65535,65535,65535,65535,65535
1685584962,0,1,0,0,1223223,46241,65535,65535,65535,65535,65535,65535,65535,65535,65535,65535,65535
1685584968,0,1,0,0,1223223,46176,65535,65535,65535,65535,65535,65535,65535,65535,65535,65535,65535
1685584974,0,1,0,0,1223223,46095,65535,65535,65535,65535,65535,65535,65535,65535,65535,65535,65535
1685584980,0,1,0,0,1223223,46038,65535,65535,65535,65535,65535,65535,65535,65535,65535,65535,65535
1685584986,0,1,0,0,1223223,45972,65535,65535,65535,65535,65535,65535,65535,65535,65535,65535,65535
1685584992,0,1,0,0,1223223,45920,65535,65535,65535,65535,65535,65535,65535,65535,65535,65535,65535
1685584998,0,1,0,0,1223223,45865,65535,65535,65535,65535,65535,65535,65535,65535,65535,65535,65535
1685585004,0,1,0,0,1223223,45595,65535,65535,65535,65535,65535,65535,65535,65535,65535,65535,65535
1685585010,0,1,0,0,1223223,45512,65535,65535,65535,65535,65535,65535,65535,65535,65535,65535,65535
1685585016,0,1,0,0,1223223,45655,65535,65535,65535,65535,65535,65535,65535,65535,65535,65535,65535
1685585022,0,1,0,0,1223223,45541,65535,65535,65535,65535,65535,65535,65535,65535,65535,65535,65535
1685585028,0,1,0,0,1223223,45478,65535,65535,65535,65535,65535,65535,65535,65535,65535,65535,65535
1685585034,0,1,0,0,1223223,45426,65535,65535,65535,65535,65535,65535,65535,65535,65535,65535,65535
1685585040,0,1,0,0,1223223,45372,65535,65535,65535,65535,65535,65535,65535,65535,65535,65535,65535
1685585046,0,1,0,0,1223223,45245,65535,65535,65535,65535,65535,65535,65535,65535,65535,65535,65535
1685585052,0,1,0,0,1223223,45040,65535,65535,65535,65535,65535,65535,65535,65535,65535,65535,65535
1685585058,0,1,0,0,1223223,44954,65535,65535,65535,65535,65535,65535,65535,65535,65535,65535,65535
1685585064,0,1,0,0,1223223,44968,65535,65535,65535,65535,65535,65535,65535,65535,65535,65535,65535
1685585070,0,1,0,0,1223223,44902,65535,65535,65535,65535,65535,65535,65535,65535,65535,65535,65535
1685585076,0,1,0,0,1223223,44844,65518,65535,65535,65535,65535,65535,65535,65535,65535,65535,65535
1685585082,0,1,0,0,1223223,44643,65271,65535,65535,65535,65535,65535,65535,65535,65535,65535,65535
1685585088,0,1,0,0,1223223,44724,65351,65535,65535,65535,65535,65535,65535,65535,65535,65535,65535
1685585094,0,1,0,0,1223223,44549,65125,65535,65535,65535,65535,65535,65535,65535,65535,65535,65535
1685585100,0,1,0,0,1223223,44625,65178,65535,65535,65535,65535,65535,65535,65535,65535,65535,65535
1685585106,0,1,0,0,1223223,44666,65156,65535,65535,65535,65535,65535,65535,65535,65535,65535,65535
1685585112,0,1,0,0,1223223,44583,65039,65535,65535,65535,65535,65535,65535,65535,65535,65535,65535
1685585118,0,1,0,0,1223223,44336,64772,65535,65535,65535,65535,65535,65535,65535,65535,65535,65535
1685585124,0,1,0,0,1223223,44240,64627,65535,65535,65535,65535,65535,65535,65535,65535,65535,65535
1685585130,0,1,0,0,1223223,44283,64596,65535,65535,65535,65535,65535,65535,65535,65535,65535,65535
1685585136,0,1,0,0,1223223,44207,64429,65535,65535,65535,65535,65535,65535,65535,65535,65535,65535
1685585142,0,1,0,0,1223223,43938,64128,65535,65535,65535,65535,65535,65535,65535,65535,65535,65535
1685585148,0,1,0,0,1223223,44008,64139,65535,65535,65535,65535,65535,65535,65535,65535,65535,65535
1685585154,0,1,0,0,1223223,43835,63908,65535,65535,65535,65535,65535,65535,65535,65535,65535,65535
1685585160,0,1,0,0,1223223,43755,63760,65535,65535,65535,65535,65535,65535,65535,65535,65535,65535
1685585166,0,1,0,0,1223223,43583,63506,65535,65535,65535,65535,65535,65535,65535,65535,65535,65535
1685585172,0,1,0,0,1223223,43428,63246,65535,65535,65535,65535,65535,65535,65535,65535,65535,65535
1685585178,0,1,0,0,1223223,43327,63123,65535,65535,65535,65535,65535,65535,65535,65535,65535,65535
1685585184,0,1,0,0,1223223,43198,62929,65535,65535,65535,65535,65535,65535,65535,65535,65535,65535
1685585190,0,1,0,0,1223223,43043,62698,65535,65535,65535,65535,65535,65535,65535,65535,65535,65535
1685585196,0,1,0,0,1223223,42930,62499,65535,65535,65535,65535,65535,65535,65535,65535,65535,65535
1685585202,0,1,0,0,1223223,42897,62445,65535,65535,65535,65535,65535,65535,65535,65535,65535,65535
1685585208,0,1,0,0,1223223,42835,62356,65535,65535,65535,65535,65535,65535,65535,65535,65535,65535
1685585214,0,1,0,0,1223223,42771,62279,65535,65535,65535,65535,65535,65535,65535,65535,65535,65535
1685585220,0,1,0,0,1223223,42675,62128,65535,65535,65535,65535,65535,65535,65535,65535,65535,65535
1685585226,0,1,0,0,1223223,42613,62048,65535,65535,65535,65535,65535,65535,65535,65535,65535,65535
1685585232,0,1,0,0,1223223,42490,61843,65535,65535,65535,65535,65535,65535,65535,65535,65535,65535
1685585238,0,1,0,0,1223223,42426,61788,65535,65535,65535,65535,65535,65535,65535,65535,65535,65535
1685585244,0,1,0,0,1223223,42355,61688,65535,65535,65535,65535,65535,65535,65535,65535,65535,65535
1685585250,0,1,0,0,1223223,42204,61473,65535,65535,65535,65535,65535,65535,65535,65535,65535,65535
1685585256,0,1,0,0,1223223,42195,61454,65535,65535,65535,65535,65535,65535,65535,65535,65535,65535
1685585262,0,1,0,0,1223223,42094,61313,65535,65535,65535,65535,65535,65535,65535,65535,65535,65535
1685585268,0,1,0,0,1223223,42046,61286,65535,65535,65535,65535,65535,65535,65535,65535,65535,65535
1685585274,0,1,0,0,1223223,41925,61108,65535,65535,65535,65535,65535,65535,65535,65535,65535,65535
1685585280,0,1,0,0,1223223,41804,60939,65535,65535,65535,65535,65535,65535,65535,65535,65535,65535
1685585286,0,1,0,0,1223223,41675,60760,65535,65535,65535,65535,65535,65535,65535,65535,65535,65535
1685585292,0,1,0,0,1223223,41520,60516,65535,65535,65535,65535,65535,65535,65535,65535,65535,65535
1685585298,0,1,0,0,1223223,41496,60533,65535,65535,65535,65535,65535,65535,65535,65535,65535,65535
1685585304,0,1,0,0,1223223,41423,60435,65535,65535,65535,65535,65535,65535,65535,65535,65535,65535
1685585310,0,1,0,0,1223223,41330,60289,65535,65535,65535,65535,65535,65535,65535,65535,65535,65535
1685585316,0,1,0,0,1223223,41348,60339,65535,65535,65535,65535,65535,65535,65535,65535,65535,65535
1685585322,0,1,0,0,1223223,41322,60293,65535,65535,65535,65535,65535,65535,65535,65535,65535,65535
1685585328,0,1,0,0,1223223,41298,60273,65535,65535,65535,65535,65535,65535,65535,65535,65535,65535
1685585334,0,1,0,0,1223223,41282,60223,65535,65535,65535,65535,65535,65535,65535,65535,65535,65535
1685585340,0,1,0,0,1223223,41265,60223,65535,65535,65535,65535,65535,65535,65535,65535,65535,65535
1685585346,0,1,0,0,1223223,41258,60213,65535,65535,65535,65535,65535,65535,65535,65535,65535,65535
1685585352,0,1,0,0,1223223,41198,60127,65535,65535,65535,65535,65535,65535,65535,65535,65535,65535
1685585358,0,1,0,0,1223223,41130,60043,65535,65535,65535,65535,65535,65535,65535,65535,65535,65535
1685585364,0,1,0,0,1223223,41048,59915,65535,65535,65535,65535,65535,65535,65535,65535,65535,65535
1685585370,0,1,0,0,1223223,40976,59819,65535,65535,65535,65535,65535,65535,65535,65535,65535,65535
1685585376,0,1,0,0,1223223,40871,59666,65535,65535,65535,65535,65535,65535,65535,65535,65535,65535
1685585382,0,1,0,0,1223223,40786,59521,65535,65535,65535,65535,65535,65535,65535,65535,65535,65535
1685585388,0,1,0,0,1223223,40656,59352,65535,65535,65535,65535,65535,65535,65535,65535,65535,65535
1685585394,0,1,0,0,1223223,40531,59143,65535,65535,65535,65535,65535,65535,65535,65535,65535,65535
1685585400,0,1,0,0,1223223,40486,59050,65535,65535,65535,65535,65535,65535,65535,65535,65535,65535
1685585406,0,1,0,0,1223223,40353,58869,65535,65535,65535,65535,65535,65535,65535,65535,65535,65535
1685585412,0,1,0,0,1223223,40232,58685,65535,65535,65535,65535,65535,65535,65535,65535,65535,65535
1685585418,0,1,0,0,1223223,40107,58548,65535,65535,65535,65535,65535,65535,65535,65535,65535,65535
1685585424,0,1,0,0,1223223,40021,58414,65535,65535,65535,65535,65535,65535,65535,65535,65535,65535
1685585430,0,1,0,0,1223223,39932,58315,65535,65535,65535,65535,65535,65535,65535,65535,65535,65535
1685585436,0,1,0,0,1223223,39851,58213,65535,65535,65535,65535,65535,65535,65535,65535,65535,65535
1685585442,0,1,0,0,1223223,39771,58093,65535,65535,65535,65535,65535,65535,65535,65535,65535,65535
1685585448,0,1,0,0,10323,39647,57947,65535,65535,65535,65535,65535,65535,65535,65535,65535,65535
1685585454,0,1,0,0,10312,39448,57672,65535,65535,65535,65535,65535,65535,65535,65535,65535,65535
1685585460,0,1,0,0,10302,39306,57500,65535,65535,65535,65535,65535,65535,65535,65535,65535,65535
1685585466,0,1,0,0,10250,39122,57208,65535,65535,65535,65535,65535,65535,65535,65535,65535,65535
1685585472,0,1,0,0,10235,38904,56924,65535,65535,65535,65535,65535,65535,65535,65535,65535,65535
1685585478,0,1,0,0,10222,38696,56610,65535,65535,65535,65535,65535,65535,65535,65535,65535,65535
1685585484,0,1,0,0,10211,38455,56275,65535,65535,65535,65535,65535,65535,65535,65535,65535,65535
1685585490,0,1,0,0,10152,38226,55934,65535,65535,65535,65535,65535,65535,65535,65535,65535,65535
1685585496,0,1,0,0,10134,37989,55612,65535,65535,65535,65535,65535,65535,65535,65535,65535,65535
1685585502,0,1,0,0,10121,37772,55290,65535,65535,65535,65535,65535,65535,65535,65535,65535,65535
1685585508,0,1,0,0,10104,37547,54975,65535,65535,65535,65535,65535,65535,65535,65535,65535,65535
1685585514,0,1,0,0,10050,37323,54646,65535,65535,65535,65535,65535,65535,65535,65535,65535,65535
1685585520,0,1,0,0,10033,37131,54371,65535,65535,65535,65535,65535,65535,65535,65535,65535,65535
1685585526,0,1,0,0,10015,36927,54071,65535,65535,65535,65535,65535,65535,65535,65535,65535,65535
1685585532,0,1,0,0,10002,36745,53801,65535,65535,65535,65535,65535,65535,65535,65535,65535,65535
1685585538,0,1,0,0,5544,36612,53652,65535,65535,65535,65535,65535,65535,65535,65535,65535,65535
1685585544,0,1,0,0,5531,36464,53476,65535,65535,65535,65535,65535,65535,65535,65535,65535,65535
1685585550,0,1,0,0,5514,36307,53262,65535,65535,65535,65535,65535,65535,65535,65535,65535,65535
1685585556,0,1,0,0,5501,36145,53041,65535,65535,65535,65535,65535,65535,65535,65535,65535,65535
1685585562,0,1,0,0,5445,35959,52801,65535,65535,65535,65535,65535,65535,65535,65535,65535,65535
1685585568,0,1,0,0,5433,35809,52594,65535,65535,65535,65535,65535,65535,65535,65535,65535,65535
1685585574,0,1,0,0,5423,35687,52454,65535,65535,65535,65535,65535,65535,65535,65535,65535,65535
1685585580,0,1,0,0,5412,35575,52328,65535,65535,65535,65535,65535,65535,65535,65535,65535,65535
1685585586,0,1,0,0,5403,35500,52223,65535,65535,65535,65535,65535,65535,65535,65535,65535,65535
1685585592,0,1,0,0,5351,35369,52109,65535,65535,65535,65535,65535,65535,65535,65535,65535,65535
1685585598,0,1,0,0,5334,35214,51911,65535,65535,65535,65535,65535,65535,65535,65535,65535,65535
1685585604,0,1,0,0,5323,35129,51826,65535,65535,65535,65535,65535,65535,65535,65535,65535,65535
1685585610,0,1,0,0,5313,35010,51649,65535,65535,65535,65535,65535,65535,65535,65535,65535,65535
1685585616,0,1,0,0,5301,34879,51498,65535,65535,65535,65535,65535,65535,65535,65535,65535,65535
1685585622,0,1,0,0,5251,34701,51268,65535,65535,65535,65535,65535,65535,65535,65535,65535,65535
1685585628,0,1,0,0,5241,34591,51115,65535,65535,65535,65535,65535,65535,65535,65535,65535,65535
1685585634,0,1,0,0,5232,34437,50893,65535,65535,65535,65535,65535,65535,65535,65535,65535,65535
1685585640,0,1,0,0,5223,34282,50692,65467,65535,65535,65535,65535,65535,65535,65535,65535,65535
1685585646,0,1,0,0,5214,34148,50500,65247,65535,65535,65535,65535,65535,65535,65535,65535,65535
1685585652,0,1,0,0,5204,34022,50422,65042,65535,65535,65535,65535,65535,65535,65535,65535,65535
1685585658,0,1,0,0,5155,33881,50218,64814,65535,65535,65535,65535,65535,65535,65535,65535,65535
1685585664,0,1,0,0,5150,33742,50097,64634,65535,65535,65535,65535,65535,65535,65535,65535,65535
1685585670,0,1,0,0,5141,33667,49959,64463,65535,65535,65535,65535,65535,65535,65535,65535,65535
1685585676,0,1,0,0,5130,33610,49805,64267,65535,65535,65535,65535,65535,65535,65535,65535,65535
1685585682,0,1,0,0,5115,33487,49646,64018,65535,65535,65535,65535,65535,65535,65535,65535,65535
1685585688,0,1,0,0,5103,33341,49465,63810,65535,65535,65535,65535,65535,65535,65535,65535,65535
1685585694,0,1,0,0,5051,33171,49218,63523,65535,65535,65535,65535,65535,65535,65535,65535,65535
1685585700,0,1,0,0,5034,33001,48957,63180,65535,65535,65535,65535,65535,65535,65535,65535,65535
1685585706,0,1,0,0,5021,32796,48662,62781,65535,65535,65535,65535,65535,65535,65535,65535,65535
1685585712,0,1,0,0,5005,32573,48342,62332,65535,65535,65535,65535,65535,65535,65535,65535,65535
1685585718,0,1,0,0,4553,32330,47981,61842,65535,65535,65535,65535,65535,65535,65535,65535,65535
1685585724,0,1,0,0,4535,32109,47646,61395,65535,65535,65535,65535,65535,65535,65535,65535,65535
1685585730,0,1,0,0,4520,31867,47306,60950,65535,65535,65535,65535,65535,65535,65535,65535,65535
1685585736,0,1,0,0,4502,31664,47008,60551,65535,65535,65535,65535,65535,65535,65535,65535,65535
1685585742,0,1,0,0,4444,31477,46736,60145,65535,65535,65535,65535,65535,65535,65535,65535,65535
1685585748,0,1,0,0,4425,31258,46394,59696,65535,65535,65535,65535,65535,65535,65535,65535,65535
1685585754,0,1,0,0,4410,31041,46072,59244,65535,65535,65535,65535,65535,65535,65535,65535,65535
1685585760,0,1,0,0,4351,30817,45721,58783,65535,65535,65535,65535,65535,65535,65535,65535,65535
1685585766,0,1,0,0,4333,30579,45372,58297,65535,65535,65535,65535,65535,65535,65535,65535,65535
1685585772,0,1,0,0,4315,30367,45015,57851,65535,65535,65535,65535,65535,65535,65535,65535,65535
1685585778,0,1,0,0,4302,30137,44651,57302,65535,65535,65535,65535,65535,65535,65535,65535,65535
1685585784,0,1,0,0,4245,29895,44269,56768,65444,65535,65535,65535,65535,65535,65535,65535,65535
1685585790,0,1,0,0,4233,29659,43913,56269,64804,65535,65535,65535,65535,65535,65535,65535,65535
1685585796,0,1,0,0,4221,29436,43563,55797,64256,65535,65535,65185,65535,65535,65535,65535,65535
1685585802,0,1,0,0,4204,29185,43186,55271,63642,65535,65535,64473,64948,65535,65535,65535,65535
1685585808,0,1,0,0,4153,29017,42911,54842,63154,65535,65535,63868,64333,65535,65535,65535,65535
1685585814,0,1,0,0,4141,28832,42613,54460,62627,65535,65535,63278,63721,65535,65535,65535,65535
1685585820,0,1,0,0,4125,28649,42338,54085,62164,65535,65535,62749,63145,65535,65535,65535,65535
1685585826,0,1,0,0,4114,28492,42103,53757,61780,65535,65535,62303,62668,65535,65535,65535,65535
1685585832,0,1,0,0,4102,28337,41847,53393,61386,65535,65535,61832,62163,65535,65535,65535,65535
1685585838,0,1,0,0,4050,28191,41641,53067,60965,65535,65535,61384,61709,65535,65535,65535,65535
1685585844,0,1,0,0,4034,28041,41407,52803,60588,65535,65535,60869,61197,65535,65535,65535,65535
1685585850,0,1,0,0,4022,27901,41178,52452,60227,65535,65535,60496,60711,65535,65535,65535,65535
1685585856,0,1,0,0,4011,27741,40945,52120,59785,65535,65535,59979,60193,65535,65535,65535,65535
1685585862,0,1,0,0,4001,27538,40624,51745,59316,65535,65535,59551,59716,65535,65535,65535,65535
1685585868,0,1,0,0,3551,27388,40403,51400,58908,65535,65535,59007,59106,65535,65535,65535,65535
1685585874,0,1,0,0,3542,27199,40102,50974,58359,65535,65535,58425,58463,65535,65535,65535,65535
1685585880,0,1,0,0,3532,26984,39763,50500,57823,65535,65535,57744,57790,65535,65535,65535,65535
1685585886,0,1,0,0,3524,26825,39503,50231,57336,65535,65535,57164,57161,65535,65535,65535,65535
1685585892,0,1,0,0,3515,26601,39181,49711,56794,65535,65535,56535,56434,65127,65535,65535,65535
1685585898,0,1,0,0,3510,26369,38806,49209,56176,65535,65535,55902,55744,64270,65535,65535,65535
1685585904,0,1,0,0,3501,26165,38496,48769,55642,65535,65535,55267,55067,63393,65535,65535,65535
1685585910,0,1,0,0,3452,25966,38167,48340,55074,65535,65535,54615,54394,62529,65535,65535,65535
1685585916,0,1,0,0,3443,25778,37887,47940,54580,65535,65535,54053,53770,61751,65535,65535,65535
1685585922,0,1,0,0,3434,25602,37597,47555,54143,65535,65535,53521,53209,61029,65486,65535,65535
1685585928,0,1,0,0,3430,25433,37352,47217,53716,65535,65535,53039,52693,60411,64669,65535,65535
1685585934,0,1,0,0,3422,25270,37134,46890,53319,65535,65535,52584,52218,59762,63972,65535,65535
1685585940,0,1,0,0,3415,25171,36934,46603,52943,65535,65535,52164,51739,59209,63272,65535,65535
1685585946,0,1,0,0,3411,25023,36722,46320,52614,65535,65535,51761,51346,58710,62674,65535,65535
1685585952,0,1,0,0,3404,24907,36554,46098,52323,65535,65535,51446,50979,58224,62135,65535,65535
1685585958,0,1,0,0,3401,24788,36373,45843,52013,65535,65535,51088,50574,57770,61627,65535,65535
1685585964,0,1,0,0,3354,24688,36219,45620,51746,65535,65535,50751,50330,57367,61115,65535,65535
1685585970,0,1,0,0,3351,24567,36038,45374,51449,65535,65535,50500,49983,56938,60642,65535,65535
1685585976,0,1,0,0,3344,24446,35850,45126,51147,65535,65535,50197,49662,56501,60096,65535,65535
1685585982,0,1,0,0,3341,24317,35651,44859,50804,65535,65535,49804,49236,55996,59475,65535,65535
1685585988,0,1,0,0,3332,24187,35462,44596,50500,65535,65535,49428,48838,55505,58894,65535,65535
1685585994,0,1,0,0,3324,24085,35293,44366,50278,65535,65535,49038,48443,55030,58306,65535,65535
1685586000,0,1,0,0,3320,23952,35094,44119,49908,65535,65535,48681,48040,54531,57668,65535,65535
1685586006,0,1,0,0,3311,23839,34900,43859,49592,65535,65535,48318,47641,54044,57039,65535,65535
1685586012,0,1,0,0,3303,23709,34706,43593,49285,65535,65535,47936,47270,53581,56445,65535,65535
1685586018,0,1,0,0,3254,23589,34537,43347,48947,65535,65535,47630,46887,53152,55863,65535,65535
1685586024,0,1,0,0,3245,23478,34363,43104,48660,65535,65535,47282,46498,52652,55277,65535,65535
1685586030,0,1,0,0,3240,23354,34159,42881,48346,65535,65535,46922,46097,52183,54709,65535,65535
1685586036,0,1,0,0,3231,23246,34010,42616,48019,65535,65535,46593,45746,51727,54145,65535,65535
1685586042,0,1,0,0,3222,23130,33790,42395,47727,65535,65535,46217,45354,51264,53576,65535,65535
1685586048,0,1,0,0,3213,23019,33665,42151,47414,65535,65535,45872,44979,50786,53013,65535,65535
1685586054,0,1,0,0,3204,22914,33509,41955,47168,65535,65535,45601,44649,50501,52478,65535,65535
1685586060,0,1,0,0,3155,22805,33333,41731,46882,65535,64762,45284,44312,50025,51971,65535,64751
1685586066,0,1,0,0,3150,22709,33194,41514,46622,65535,63706,44982,44001,49627,51485,65535,63687
1685586072,0,1,0,0,3142,22623,33036,41343,46367,65535,62609,44695,43685,49235,50982,65535,62547
1685586078,0,1,0,0,3134,22521,32891,41138,46097,65535,61502,44400,43365,48808,50500,65535,61501
1685586084,0,1,0,0,3130,22431,32752,40971,45858,65535,60534,44145,43105,48482,50125,65535,60530
1685586090,0,1,0,0,3123,22348,32633,40784,45640,65535,59626,43866,42844,48140,49705,65535,59588
1685586096,0,1,0,0,3115,22253,32490,40617,45405,65535,58813,43667,42605,47839,49318,65535,58807
1685586102,0,1,0,0,3112,22200,32400,40480,45228,65535,58184,43487,42371,47576,49012,65535,58190
1685586108,0,1,0,0,3105,22137,32302,40357,45082,65535,57534,43285,42174,47299,48698,65535,57562
1685586114,0,1,0,0,3103,22080,32209,40203,44921,65535,56950,43126,42002,47062,48446,65535,56939
1685586120,0,1,0,0,3101,22019,32106,40113,44765,65535,56371,42953,41797,46832,48176,65535,56407
1685586126,0,1,0,0,3054,21957,32031,39964,44619,65535,55848,42789,41645,46609,47925,65535,55858
1685586132,0,1,0,0,3052,21900,31948,39862,44469,65535,55349,42631,41481,46424,47699,65535,55388
1685586138,0,1,0,0,3050,21851,31875,39779,44334,65535,55010,42513,41360,46256,47481,65535,54984
1685586144,0,1,0,0,3044,21810,31798,39685,44234,65535,54690,42388,41215,46105,47302,65535,54688
1685586150,0,1,0,0,3042,21767,31750,39624,44147,65535,54386,42270,41110,45929,47136,65535,54429
1685586156,0,1,0,0,3041,21712,31683,39544,44028,65535,54111,42166,41000,45784,46978,65535,54121
1685586162,0,1,0,0,3035,21679,31611,39440,43953,65535,53858,42056,40882,45632,46825,65535,53879
1685586168,0,1,0,0,3034,21642,31563,39382,43838,65535,53646,41956,40782,45529,46690,65535,53683
1685586174,0,1,0,0,3032,21608,31518,39324,43763,65535,53486,41874,40695,45418,46573,65535,53468
1685586180,0,1,0,0,3031,21570,31458,39258,43694,65535,53287,41786,40598,45299,46442,65535,53308
1685586186,0,1,0,0,3030,21528,31394,39178,43609,65535,53097,41697,40479,45187,46321,65535,53122
1685586192,0,1,0,0,3024,21495,31361,39126,43536,65535,52921,41609,40412,45056,46213,65535,52970
1685586198,0,1,0,0,3023,21462,31313,39041,43451,65535,52765,41533,40316,44991,46130,65535,52783
1685586204,0,1,0,0,3022,21431,31255,38990,43368,65535,52619,41460,40254,44866,46043,65535,52636
1685586210,0,1,0,0,3021,21393,31213,38919,43280,65535,52456,41382,40182,44782,45932,65535,52447
1685586216,0,1,0,0,3020,21362,31181,38870,43231,65535,52288,41308,40102,44710,45816,65535,52308
1685586222,0,1,0,0,3015,21324,31122,38820,43168,65535,52144,41232,40017,44595,45724,65535,52180
1685586228,0,1,0,0,3014,21296,31072,38771,43077,65535,51998,41164,39937,44515,45634,65535,52013
1685586234,0,1,0,0,3013,21268,31038,38710,43013,65535,51905,41111,39890,44437,45561,65535,51884
1685586240,0,1,0,0,3012,21234,31004,38680,42953,65535,51742,41040,39819,44361,45494,65535,51754
1685586246,0,1,0,0,3011,21209,30956,38619,42901,65535,51647,40981,39749,44328,45396,65535,51626
1685586252,0,1,0,0,3010,21179,30920,38546,42857,65535,51513,40924,39694,44232,45324,65535,51512
1685586258,0,1,0,0,3005,21151,30878,38490,42781,65535,51417,40863,39631,44181,45237,65535,51412
1685586264,0,1,0,0,3004,21118,30818,38434,42711,65535,51297,40803,39571,44105,45173,65535,51299
1685586270,0,1,0,0,3004,21096,30782,38410,42664,65535,51203,40744,39496,44023,45111,65535,51197
1685586276,0,1,0,0,3003,21069,30749,38372,42610,65535,51115,40684,39457,43963,45044,65535,51108
1685586282,0,1,0,0,3002,21043,30722,38305,42577,65535,51016,40645,39402,43933,44982,65535,51004
1685586288,0,1,0,0,3001,21015,30688,38248,42498,65535,50906,40591,39351,43844,44914,65535,50935
1685586294,0,1,0,0,3000,20987,30634,38217,42459,65535,50827,40534,39296,43800,44872,65535,50804
1685586300,0,1,0,0,3000,20962,30595,38179,42396,65535,50751,40496,39247,43750,44796,65535,50728
1685586306,0,1,0,0,2555,20936,30580,38128,42371,65535,50649,40448,39194,43697,44737,65535,50617
1685586312,0,1,0,0,2555,20917,30553,38087,42311,65535,50579,40408,39161,43656,44713,65535,50559
1685586318,0,1,0,0,2554,20886,30504,38044,42273,65535,50500,40352,39106,43584,44645,65535,50518
1685586324,0,1,0,0,2553,20861,30481,37989,42233,65535,50423,40291,39049,43537,44582,65535,50447
1685586330,0,1,0,0,2552,20825,30401,37947,42152,65535,50335,40225,38976,43450,44505,65535,50391
1685586336,0,1,0,0,2552,20814,30389,37920,42119,65535,50256,40194,38928,43422,44500,65535,50308
1685586342,0,1,0,0,2551,20792,30373,37879,42095,65535,50185,40141,38902,43371,44447,65535,50224
1685586348,0,1,0,0,2550,20768,30329,37830,42030,65535,50141,40113,38867,43328,44410,65535,50158
1685586354,0,1,0,0,2550,20748,30314,37806,41989,65535,50081,40071,38812,43289,44371,65535,50108
1685586360,0,1,0,0,2545,20727,30268,37774,41968,65535,49981,40017,38775,43235,44308,65535,50028
1685586366,0,1,0,0,2544,20699,30245,37729,41914,65535,49916,39979,38717,43201,44268,65535,49962
1685586372,0,1,0,0,2544,20677,30199,37689,41878,65535,49873,39943,38700,43155,44217,65535,49909
1685586378,0,1,0,0,2543,20655,30175,37651,41820,65535,49824,39896,38661,43108,44171,65535,49871
1685586384,0,1,0,0,2542,20645,30158,37638,41811,65535,49753,39868,38617,43064,44155,65535,49817
1685586390,0,1,0,0,2542,20618,30114,37582,41738,65535,49708,39819,38582,43020,44090,65535,49771
1685586396,0,1,0,0,2541,20602,30115,37549,41718,65535,49631,39781,38533,42981,44065,65535,49706
1685586402,0,1,0,0,2541,20579,30059,37503,41675,65535,49592,39754,38499,42969,44021,65535,49630
1685586408,0,1,0,0,2540,20556,30029,37472,41626,65535,49534,39706,38456,42907,43999,65535,49599
1685586414,0,1,0,0,2535,20533,30000,37457,41593,65535,49464,39644,38426,42855,43960,65535,49533
1685586420,0,1,0,0,2534,20518,29973,37421,41557,65535,49415,39621,38373,42819,43895,65535,49456
1685586426,0,1,0,0,2534,20498,29967,37375,41516,65535,49374,39581,38356,42775,43848,65535,49407
1685586432,0,1,0,0,2534,20474,29915,37351,41475,65535,49305,39541,38289,42721,43810,65535,49348
1685586438,0,1,0,0,2533,20451,29903,37307,41427,65535,49225,39499,38260,42715,43756,65535,49286
1685586444,0,1,0,0,2532,20435,29872,37262,41394,65535,49160,39463,38215,42658,43720,65535,49226
1685586450,0,1,0,0,2532,20411,29833,37244,41369,65535,49115,39432,38174,42621,43686,65535,49155
1685586456,0,1,0,0,2531,20394,29819,37191,41333,65535,49046,39380,38117,42568,43651,65535,49056
1685586462,0,1,0,0,2530,20367,29779,37166,41289,65535,48956,39342,38102,42527,43614,65535,49002
1685586468,0,1,0,0,2530,20345,29741,37141,41242,65535,48864,39293,38039,42459,43528,65535,48929
1685586474,0,1,0,0,2525,20321,29719,37078,41185,65535,48805,39256,38013,42408,43491,65535,48843
1685586480,0,1,0,0,2524,20296,29683,37031,41148,65535,48728,39205,37959,42361,43452,65535,48769
1685586486,0,1,0,0,2524,20273,29643,37000,41118,65535,48660,39171,37919,42315,43389,65535,48726
1685586492,0,1,0,0,2523,20246,29603,36971,41045,65535,48630,39131,37882,42276,43348,65535,48675
1685586498,0,1,0,0,2522,20222,29581,36918,41025,65535,48570,39086,37818,42241,43291,65535,48580
1685586504,0,1,0,0,2522,20206,29562,36889,40997,65535,48482,39039,37797,42181,43255,65535,48512
1685586510,0,1,0,0,2521,20200,29525,36855,40962,65535,48440,39015,37759,42161,43218,65535,48453
1685586516,0,1,0,0,2520,20186,29503,36823,40915,65535,48358,38966,37723,42122,43170,65535,48394
1685586522,0,1,0,0,2520,20169,29486,36797,40893,65535,48318,38948,37674,42061,43132,65535,48326
1685586528,0,1,0,0,2515,20139,29451,36761,40824,65535,48225,38884,37637,42012,43099,65535,48259
1685586534,0,1,0,0,2514,20127,29408,36738,40782,65535,48162,38844,37602,41986,43046,65535,48192
1685586540,0,1,0,0,2513,20096,29391,36697,40735,65535,48118,38798,37534,41941,43008,65535,48118
1685586546,0,1,0,0,2513,20072,29353,36636,40687,65535,48026,38760,37491,41896,42938,65535,48056
1685586552,0,1,0,0,2512,20058,29338,36629,40659,65535,47981,38734,37480,41880,42911,65535,47986
1685586558,0,1,0,0,2512,20039,29305,36585,40644,65535,47888,38697,37441,41812,42875,65535,47953
1685586564,0,1,0,0,2511,20015,29263,36549,40586,65535,47821,38655,37393,41758,42855,65535,47841
1685586570,0,1,0,0,2510,19989,29244,36494,40533,65535,47796,38613,37347,41731,42809,65535,47824
1685586576,0,1,0,0,2505,19965,29190,36456,40483,65535,47688,38560,37310,41660,42754,65535,47716
1685586582,0,1,0,0,2505,19937,29169,36415,40457,65535,47634,38524,37262,41639,42707,65535,47646
1685586588,0,1,0,0,2504,19922,29134,36403,40425,65535,47549,38489,37220,41603,42672,65535,47602
1685586594,0,1,0,0,2503,19898,29120,36349,40371,65535,47504,38450,37187,41540,42635,65535,47563
1685586600,0,1,0,0,2503,19885,29100,36316,40360,65535,47462,38414,37169,41497,42597,65535,47486
1685586606,0,1,0,0,2502,19861,29057,36279,40288,65535,47410,38370,37118,41449,42541,65535,47433
1685586612,0,1,0,0,2502,19844,29034,36267,40257,65535,47338,38330,37071,41406,42503,65535,47362
1685586618,0,1,0,0,2501,19819,29003,36230,40234,65535,47271,38315,37030,41400,42449,65535,47291
1685586624,0,1,0,0,2500,19799,28977,36174,40181,65535,47234,38259,36987,41333,42417,65535,47255
1685586630,0,1,0,0,2500,19780,28938,36143,40154,65535,47194,38213,36950,41290,42380,65535,47195
1685586636,0,1,0,0,2455,19762,28923,36125,40114,65535,47146,38177,36919,41271,42345,65535,47158
1685586642,0,1,0,0,2454,19741,28890,36061,40061,65535,47101,38136,36890,41191,42293,65535,47093
1685586648,0,1,0,0,2454,19717,28864,36020,40026,65535,47012,38099,36857,41171,42263,65535,47039
1685586654,0,1,0,0,2453,19696,28839,36006,39992,65535,46955,38060,36792,41125,42199,65535,47001
1685586660,0,1,0,0,2452,19668,28788,35960,39934,65535,46888,38016,36771,41086,42173,65535,46924
1685586666,0,1,0,0,2452,19648,28756,35901,39887,65535,46837,37959,36719,41007,42092,65535,46855
1685586672,0,1,0,0,2451,19630,28737,35900,39842,65535,46789,37936,36693,41008,42095,65535,46800
1685586678,0,1,0,0,2451,19608,28696,35859,39820,65535,46719,37891,36628,40935,42018,65535,46758
1685586684,0,1,0,0,2450,19592,28683,35837,39783,65535,46686,37855,36620,40926,41979,65535,46711
1685586690,0,1,0,0,2450,19566,28639,35773,39723,65535,46632,37830,36565,40885,41967,65535,46691
1685586696,0,1,0,0,2445,19542,28624,35734,39707,65535,46576,37780,36539,40835,41909,65535,46631
1685586702,0,1,0,0,2444,19536,28586,35734,39648,65535,46540,37752,36507,40793,41874,65535,46566
1685586708,0,1,0,0,2444,19512,28575,35672,39622,65535,46510,37699,36458,40734,41829,65535,46514
1685586714,0,1,0,0,2443,19492,28526,35658,39566,65535,46432,37661,36411,40707,41781,65535,46456
1685586720,0,1,0,0,2443,19476,28510,35630,39555,65535,46380,37634,36382,40689,41770,65535,46402
1685586726,0,1,0,0,2442,19449,28466,35581,39502,65535,46335,37591,36357,40625,41706,65535,46388
1685586732,0,1,0,0,2442,19434,28438,35538,39475,65535,46273,37544,36290,40571,41678,65535,46289
1685586738,0,1,0,0,2441,19411,28428,35513,39436,65535,46213,37502,36268,40528,41644,65535,46230
1685586744,0,1,0,0,2441,19392,28379,35463,39396,65535,46154,37470,36238,40508,41609,65535,46199
1685586750,0,1,0,0,2440,19372,28370,35450,39357,65535,46126,37443,36218,40501,41582,65535,46148
1685586756,0,1,0,0,2440,19350,28322,35395,39305,65535,46084,37407,36170,40434,41531,65535,46109
1685586762,0,1,0,0,2440,19335,28317,35362,39295,65535,46028,37372,36126,40403,41521,65535,46056
1685586768,0,1,0,0,2435,19317,28284,35336,39242,65535,45983,37346,36130,40398,41476,65535,46007
1685586774,0,1,0,0,2434,19299,28254,35300,39236,65535,45937,37305,36082,40347,41432,65535,45958
1685586780,0,1,0,0,2434,19279,28242,35288,39172,65535,45884,37255,36027,40300,41404,65535,45902
1685586786,0,1,0,0,2433,19262,28197,35244,39143,65535,45852,37212,36016,40283,41352,65535,45844
1685586792,0,1,0,0,2433,19249,28197,35236,39112,65535,45797,37202,35961,40220,41322,65535,45824
1685586798,0,1,0,0,2433,19231,28167,35204,39083,65535,45747,37171,35930,40207,41294,65535,45761
1685586804,0,1,0,0,2432,19204,28125,35161,39035,65535,45709,37124,35880,40134,41242,65535,45723
1685586810,0,1,0,0,2431,19191,28112,35144,39007,65535,45661,37090,35852,40103,41221,65535,45672
1685586816,0,1,0,0,2431,19169,28069,35087,38962,65535,45618,37062,35846,40075,41183,65535,45635
1685586822,0,1,0,0,2431,19149,28054,35076,38930,65535,45594,37028,35808,40046,41167,65535,45586
1685586828,0,1,0,0,2430,19130,28022,35021,38898,65535,45521,36983,35763,39998,41103,65535,45543
1685586834,0,1,0,0,2430,19113,28004,35000,38862,65535,45478,36959,35744,39970,41094,65535,45521
1685586840,0,1,0,0,2425,19096,27969,34984,38830,65535,45442,36916,35690,39939,41053,65535,45474
1685586846,0,1,0,0,2425,19081,27940,34928,38790,65535,45380,36883,35662,39897,40996,65535,45437
1685586852,0,1,0,0,2424,19059,27932,34924,38784,65535,45342,36848,35607,39840,40956,65535,45363
1685586858,0,1,0,0,2424,19047,27894,34877,38731,65535,45283,36813,35598,39819,40955,65535,45312
1685586864,0,1,0,0,2423,19023,27864,34844,38681,65535,45239,36775,35553,39787,40891,65535,45287
1685586870,0,1,0,0,2423,19006,27850,34809,38650,65535,45200,36741,35536,39745,40875,65535,45231
1685586876,0,1,0,0,2422,18985,27813,34780,38636,65535,45143,36713,35504,39707,40841,65535,45166
1685586882,0,1,0,0,2421,18971,27788,34754,38589,65535,45100,36673,35456,39678,40805,65535,45126
1685586888,0,1,0,0,2421,18952,27765,34725,38557,65535,45091,36649,35417,39653,40761,65535,45091
1685586894,0,1,0,0,2421,18936,27750,34699,38543,65535,45014,36614,35407,39614,40750,65535,45033
1685586900,0,1,0,0,2420,18914,27718,34668,38507,65535,44969,36585,35382,39587,40705,65535,44988
1685586906,0,1,0,0,2420,18891,27668,34626,38460,65535,44938,36545,35344,39553,40674,65535,44966
1685586912,0,1,0,0,2415,18879,27673,34605,38428,65535,44899,36524,35299,39523,40671,65535,44927
1685586918,0,1,0,0,2415,18866,27649,34585,38402,65535,44884,36496,35287,39495,40641,65535,44892
1685586924,0,1,0,0,2414,18843,27617,34556,38380,65535,44841,36453,35245,39438,40597,65535,44854
1685586930,0,1,0,0,2414,18825,27596,34524,38349,65535,44795,36431,35224,39434,40577,65535,44827
1685586936,0,1,0,0,2414,18810,27577,34497,38318,65535,44779,36404,35198,39396,40552,65535,44789
1685586942,0,1,0,0,2413,18794,27541,34456,38277,65535,44741,36373,35157,39378,40513,65535,44782
1685586948,0,1,0,0,2412,18775,27530,34444,38260,65535,44715,36347,35131,39314,40468,65535,44729
1685586954,0,1,0,0,2412,18754,27499,34413,38212,65535,44676,36319,35110,39305,40446,65535,44715
1685586960,0,1,0,0,2412,18739,27484,34381,38199,65535,44646,36279,35068,39279,40420,65535,44659
1685586966,0,1,0,0,2411,18722,27447,34350,38146,65535,44598,36248,35027,39230,40378,65535,44630
1685586972,0,1,0,0,2410,18700,27429,34337,38127,65535,44563,36218,35004,39199,40375,65535,44568
1685586978,0,1,0,0,2410,18689,27406,34298,38085,65535,44549,36199,34988,39180,40335,65535,44540
1685586984,0,1,0,0,2410,18665,27380,34266,38063,65535,44467,36155,34950,39138,40290,65535,44481
1685586990,0,1,0,0,2405,18652,27351,34228,38037,65535,44427,36129,34919,39121,40288,65535,44438
1685586996,0,1,0,0,2405,18629,27318,34185,37984,65535,44378,36086,34866,39041,40229,65535,44388
1685587002,0,1,0,0,2404,18611,27305,34170,37943,65535,44356,36053,34833,39032,40207,65535,44355
1685587008,0,1,0,0,2403,18586,27273,34126,37917,65535,44289,36009,34812,38988,40164,65535,44304
1685587014,0,1,0,0,2403,18571,27234,34076,37873,65535,44241,35979,34765,38957,40115,65535,44237
1685587020,0,1,0,0,2402,18549,27206,34063,37858,65535,44160,35938,34729,38910,40092,65535,44176
1685587026,0,1,0,0,2402,18535,27191,34034,37795,65535,44124,35906,34701,38869,40042,65535,44143
1685587032,0,1,0,0,2401,18520,27173,34007,37790,65535,44071,35881,34671,38864,40022,65535,44113
1685587038,0,1,0,0,2400,18493,27131,33958,37717,65535,44038,35828,34623,38777,39966,65535,44042
1685587044,0,1,0,0,2355,18472,27109,33949,37682,65535,44002,35796,34572,38750,39911,65535,43984
1685587050,0,1,0,0,2355,18447,27070,33866,37655,65535,43900,35748,34533,38707,39889,65535,43936
1685587056,0,1,0,0,2354,18432,27042,33860,37627,65535,43870,35720,34513,38673,39856,65535,43869
1685587062,0,1,0,0,2354,18411,27024,33821,37571,65535,43821,35677,34474,38630,39816,65535,43820
1685587068,0,1,0,0,2353,18387,26990,33774,37540,65535,43757,35639,34433,38589,39774,65535,43771
1685587074,0,1,0,0,2353,18358,26947,33718,37489,65535,43690,35608,34397,38553,39748,65535,43715
1685587080,0,1,0,0,2352,18345,26932,33693,37448,65535,43639,35567,34358,38504,39679,65535,43685
1685587086,0,1,0,0,2351,18322,26882,33669,37417,65535,43625,35527,34308,38460,39650,65535,43639
1685587092,0,1,0,0,2351,18306,26876,33667,37389,65535,43557,35490,34281,38404,39618,65535,43578
1685587098,0,1,0,0,2350,18286,26857,33660,37331,65535,43527,35451,34228,38378,39562,65535,43517
1685587104,0,1,0,0,2345,18267,26822,33628,37307,65535,43459,35407,34200,38330,39532,65535,43470
1685587110,0,1,0,0,2345,18255,26806,33608,37268,65535,43426,35378,34172,38283,39499,65535,43448
1685587116,0,1,0,0,2344,18229,26758,33565,37219,65535,43370,35333,34128,38257,39451,65535,43360
1685587122,0,1,0,0,2344,18204,26719,33491,37187,65535,43318,35296,34089,38203,39419,65535,43331
1685587128,0,1,0,0,2343,18188,26700,33480,37158,65535,43263,35252,34031,38167,39348,65535,43290
1685587134,0,1,0,0,2342,18161,26678,33438,37096,65535,43203,35230,34000,38155,39345,65535,43226
1685587140,0,1,0,0,2342,18140,26647,33402,37065,65535,43150,35190,33966,38077,39286,65535,43169
1685587146,0,1,0,0,2341,18130,26622,33362,37024,65535,43120,35139,33923,38067,39258,65535,43151
1685587152,0,1,0,0,2341,18111,26602,33329,37009,65535,43069,35109,33885,38015,39215,65535,43084
1685587158,0,1,0,0,2340,18091,26570,33295,36960,65535,43053,35077,33854,37994,39185,65535,43062
1685587164,0,1,0,0,2340,18070,26546,33268,36936,65535,42994,35030,33793,37928,39143,65535,43017
1685587170,0,1,0,0,2335,18038,26516,33225,36888,65535,42926,34992,33742,37881,39081,65535,42942
1685587176,0,1,0,0,2334,18025,26465,33185,36826,65535,42877,34946,33689,37840,39052,65535,42911
1685587182,0,1,0,0,2334,18007,26452,33149,36793,65535,42841,34924,33673,37838,39023,65535,42876
1685587188,0,1,0,0,2333,17994,26424,33128,36788,65535,42802,34893,33669,37782,38984,65535,42815
1685587194,0,1,0,0,2333,17970,26404,33108,36730,65535,42755,34860,33667,37757,38961,65535,42774
1685587200,0,1,0,0,2332,17952,26376,33054,36698,65535,42698,34832,33666,37736,38953,65535,42721
1685587206,0,1,0,0,2332,17925,26329,33022,36661,65535,42669,34771,33615,37694,38903,65535,42692
1685587212,0,1,0,0,2331,17904,26302,32996,36624,65535,42608,34737,33549,37645,38848,65535,42633
1685587218,0,1,0,0,2330,17889,26275,32964,36592,65535,42558,34714,33541,37597,38841,65535,42583
1685587224,0,1,0,0,2330,17867,26265,32903,36549,65535,42520,34675,33487,37560,38783,65535,42540
1685587230,0,1,0,0,2325,17842,26222,32906,36487,65535,42481,34636,33452,37532,38766,65535,42501
1685587236,0,1,0,0,2325,17829,26195,32857,36479,65535,42441,34617,33445,37517,38733,65535,42460
1685587242,0,1,0,0,2324,17808,26175,32804,36440,65535,42394,34562,33369,37439,38676,65535,42416
1685587248,0,1,0,0,2323,17790,26152,32782,36410,65535,42363,34536,33342,37429,38671,65535,42381
1685587254,0,1,0,0,2323,17765,26121,32759,36360,65535,42343,34498,33321,37392,38637,65535,42330
1685587260,0,1,0,0,2322,17752,26080,32726,36331,65535,42300,34462,33281,37337,38595,65535,42290
1685587266,0,1,0,0,2322,17733,26059,32695,36274,65535,42243,34425,33243,37304,38544,65535,42239
1685587272,0,1,0,0,2321,17714,26027,32660,36238,65535,42184,34390,33201,37284,38525,65535,42210
1685587278,0,1,0,0,2321,17694,26003,32619,36215,65535,42144,34350,33165,37240,38495,65535,42154
1685587284,0,1,0,0,2320,17668,25971,32567,36149,65535,42115,34303,33122,37196,38419,65535,42131
1685587290,0,1,0,0,2315,17651,25950,32545,36124,65535,42056,34270,33095,37150,38389,65535,42073
1685587296,0,1,0,0,2315,17634,25926,32526,36097,65535,42027,34235,33058,37108,38377,65535,42021
1685587302,0,1,0,0,2314,17612,25879,32482,36058,65535,41978,34200,33031,37074,38344,65535,41986
1685587308,0,1,0,0,2313,17591,25848,32439,36005,65535,41916,34160,32970,37052,38300,65535,41922
1685587314,0,1,0,0,2313,17573,25838,32401,35988,65535,41870,34124,32949,37012,38273,65535,41878
1685587320,0,1,0,0,2312,17548,25811,32376,35946,65535,41835,34086,32915,36951,38215,65535,41856
1685587326,0,1,0,0,2312,17529,25777,32346,35898,65535,41794,34042,32856,36929,38181,65535,41785
1685587332,0,1,0,0,2311,17517,25761,32313,35860,65535,41726,34009,32834,36885,38136,65535,41741
1685587338,0,1,0,0,2311,17492,25723,32267,35818,65535,41690,33972,32792,36859,38099,65535,41726
1685587344,0,1,0,0,2310,17478,25703,32252,35802,65535,41650,33937,32784,36805,38096,65535,41659
1685587350,0,1,0,0,2310,17458,25676,32191,35767,65535,41603,33900,32750,36782,38058,65535,41622
1685587356,0,1,0,0,2305,17434,25629,32182,35725,65535,41566,33853,32688,36731,38020,65535,41575
1685587362,0,1,0,0,2305,17410,25604,32126,35664,65535,41506,33801,32665,36708,37978,65535,41527
1685587368,0,1,0,0,2304,17393,25572,32092,35629,65535,41491,33775,32636,36659,37946,65535,41489
1685587374,0,1,0,0,2303,17372,25553,32055,35587,65535,41446,33734,32601,36623,37920,65535,41463
1685587380,0,1,0,0,2303,17347,25518,32021,35567,65535,41384,33677,32537,36597,37871,65535,41419
1685587386,0,1,0,0,2302,17326,25472,31995,35507,65535,41314,33666,32518,36531,37822,65535,41339
1685587392,0,1,0,0,2302,17309,25460,31964,35478,65535,41305,33666,32488,36526,37812,65535,41316
1685587398,0,1,0,0,2301,17291,25422,31925,35434,65535,41258,33657,32472,36494,37797,65535,41275
1685587404,0,1,0,0,2301,17271,25394,31891,35426,65535,41205,33616,32432,36450,37741,65535,41212
1685587410,0,1,0,0,2300,17252,25373,31873,35365,65535,41181,33578,32388,36418,37733,65535,41176
1685587416,0,1,0,0,2300,17227,25327,31804,35330,65535,41107,33521,32345,36366,37660,65535,41147
1685587422,0,1,0,0,2255,17204,25283,31772,35277,65535,41056,33474,32310,36332,37637,65535,41093
1685587428,0,1,0,0,2254,17182,25267,31739,35231,65535,41018,33431,32256,36269,37593,65535,41058
1685587434,0,1,0,0,2254,17164,25251,31716,35202,65535,40974,33399,32232,36243,37565,65535,40982
1685587440,0,1,0,0,2253,17151,25244,31676,35179,65535,40931,33348,32201,36228,37536,65535,40949
1685587446,0,1,0,0,2253,17127,25210,31635,35130,65535,40892,33315,32141,36161,37466,65535,40903
1685587452,0,1,0,0,2252,17101,25175,31603,35103,65535,40846,33273,32129,36143,37422,65535,40863
1685587458,0,1,0,0,2252,17080,25134,31553,35047,65535,40796,33229,32081,36075,37391,65535,40807
1685587464,0,1,0,0,2251,17064,25130,31549,35032,65535,40758,33204,32036,36044,37375,65535,40764
1685587470,0,1,0,0,2250,17043,25085,31493,34985,65535,40718,33158,32003,36001,37329,65535,40723
1685587476,0,1,0,0,2250,17026,25065,31472,34953,65535,40669,33132,31969,35988,37281,65535,40705
1685587482,0,1,0,0,2245,16999,25029,31429,34918,65535,40630,33081,31944,35953,37252,65535,40643
1685587488,0,1,0,0,2245,16985,25010,31391,34877,65535,40614,33054,31907,35906,37230,65535,40626
1685587494,0,1,0,0,2244,16968,24988,31377,34849,65535,40555,33018,31863,35877,37195,65535,40571
1685587500,0,1,0,0,2244,16937,24940,31311,34800,65535,40525,32976,31840,35843,37149,65535,40537
1685587506,0,1,0,0,2243,16926,24906,31288,34749,65535,40460,32919,31776,35769,37100,65535,40476
1685587512,0,1,0,0,2243,16892,24888,31246,34711,65535,40443,32897,31754,35742,37072,65535,40437
1685587518,0,1,0,0,2242,16881,24861,31209,34660,65535,40384,32863,31713,35704,37055,65535,40396
1685587524,0,1,0,0,2241,16861,24819,31197,34652,65535,40365,32818,31665,35658,36995,65535,40358
1685587530,0,1,0,0,2241,16841,24791,31141,34589,65535,40302,32779,31644,35612,36958,65535,40314
1685587536,0,1,0,0,2240,16828,24767,31098,34565,65535,40267,32740,31610,35593,36926,65535,40294
1685587542,0,1,0,0,2240,16799,24738,31062,34522,65535,40247,32702,31557,35543,36897,65535,40236
1685587548,0,1,0,0,2235,16786,24710,31043,34460,65535,40197,32663,31535,35514,36853,65535,40190
1685587554,0,1,0,0,2235,16772,24690,31006,34452,65535,40170,32641,31513,35482,36838,65535,40180
1685587560,0,1,0,0,2234,16754,24667,30974,34407,65535,40145,32606,31482,35461,36813,65535,40135
1685587566,0,1,0,0,2234,16737,24636,30942,34375,65535,40084,32570,31447,35428,36759,65535,40100
1685587572,0,1,0,0,2233,16713,24604,30920,34346,65535,40056,32525,31409,35391,36735,65535,40045
1685587578,0,1,0,0,2233,16683,24576,30877,34292,65535,39994,32497,31358,35342,36710,65535,40011
1685587584,0,1,0,0,2232,16670,24545,30855,34274,65535,39961,32457,31338,35299,36674,65535,39973
1685587590,0,1,0,0,2231,16646,24519,30802,34215,65535,39927,32414,31289,35282,36617,65535,39927
1685587596,0,1,0,0,2231,16630,24484,30769,34176,65535,39872,32378,31262,35217,36575,65535,39906
1685587602,0,1,0,0,2230,16604,24453,30722,34128,65535,39842,32332,31218,35190,36540,65535,39843
1685587608,0,1,0,0,2230,16587,24426,30704,34112,65535,39802,32305,31186,35160,36526,65535,39795
1685587614,0,1,0,0,2225,16568,24404,30674,34057,65535,39749,32262,31135,35110,36470,65535,39776
1685587620,0,1,0,0,2225,16544,24360,30637,34031,65535,39711,32225,31112,35064,36449,65535,39717
1685587626,0,1,0,0,2224,16527,24326,30602,33979,65535,39678,32196,31065,35056,36414,65535,39691
1685587632,0,1,0,0,2224,16508,24310,30553,33952,65535,39637,32143,31047,35007,36385,65535,39661
1685587638,0,1,0,0,2223,16485,24284,30531,33919,65535,39595,32127,31021,34985,36343,65535,39633
1685587644,0,1,0,0,2222,16461,24254,30484,33863,65535,39570,32088,30977,34914,36317,65535,39561
1685587650,0,1,0,0,2222,16441,24210,30445,33834,65535,39539,32048,30954,34902,36274,65535,39532
1685587656,0,1,0,0,2221,16420,24208,30415,33781,65535,39484,32022,30919,34856,36248,65535,39490
1685587662,0,1,0,0,2221,16392,24162,30389,33734,65535,39439,31974,30882,34806,36211,65535,39452
1685587668,0,1,0,0,2220,16376,24138,30351,33694,65535,39406,31938,30857,34797,36176,65535,39420
1685587674,0,1,0,0,2220,16361,24100,30319,33669,65535,39358,31903,30806,34756,36134,65535,39366
1685587680,0,1,0,0,2215,16348,24082,30303,33666,65535,39333,31870,30781,34725,36103,65535,39357
1685587686,0,1,0,0,2215,16329,24055,30269,33662,65535,39283,31835,30734,34679,36091,65535,39287
1685587692,0,1,0,0,2214,16306,24034,30232,33604,65535,39229,31805,30705,34659,36065,65535,39250
1685587698,0,1,0,0,2213,16293,24015,30197,33581,65535,39196,31768,30668,34605,36008,65535,39218
1685587704,0,1,0,0,2213,16262,23970,30133,33530,65535,39144,31705,30623,34554,35966,65535,39183
1685587710,0,1,0,0,2212,16249,23951,30138,33485,65535,39131,31700,30599,34543,35961,65535,39121
1685587716,0,1,0,0,2212,16230,23928,30110,33476,65535,39065,31663,30560,34502,35912,65535,39077
1685587722,0,1,0,0,2211,16209,23900,30068,33427,65535,39017,31625,30530,34483,35881,65535,39040
1685587728,0,1,0,0,2211,16191,23860,30043,33394,65535,38994,31587,30501,34443,35837,65535,38984
1685587734,0,1,0,0,2210,16174,23826,29985,33334,65535,38946,31556,30471,34408,35811,65535,38943
1685587740,0,1,0,0,2205,16151,23810,29966,33295,65535,38887,31503,30439,34363,35776,65535,38897
1685587746,0,1,0,0,2205,16129,23761,29921,33252,65535,38825,31465,30396,34315,35732,65535,38841
1685587752,0,1,0,0,2204,16108,23733,29883,33220,65535,38789,31437,30359,34281,35701,65535,38803
1685587758,0,1,0,0,2204,16090,23723,29868,33185,65535,38767,31410,30325,34263,35689,65535,38774
1685587764,0,1,0,0,2203,16071,23695,29815,33160,65535,38703,31359,30293,34197,35641,65535,38717
1685587770,0,1,0,0,2203,16058,23676,29798,33122,65535,38669,31346,30256,34183,35613,65535,38697
1685587776,0,1,0,0,2202,16031,23641,29753,33073,65535,38612,31305,30220,34131,35587,65535,38632
1685587782,0,1,0,0,2201,16013,23610,29723,33038,65535,38575,31269,30191,34102,35526,65535,38581
1685587788,0,1,0,0,2201,15991,23570,29684,32998,65535,38514,31229,30154,34062,35504,65535,38534
1685587794,0,1,0,0,2200,15975,23549,29659,32950,65535,38476,31191,30101,34013,35458,65535,38508
1685587800,0,1,0,0,2200,15955,23536,29621,32929,65535,38425,31152,30090,33979,35435,65535,38461
1685587806,0,1,0,0,2155,15936,23511,29596,32881,65535,38387,31122,30057,33944,35404,65535,38406
1685587812,0,1,0,0,2155,15913,23473,29552,32855,65535,38354,31085,30019,33901,35370,65535,38360
1685587818,0,1,0,0,2154,15895,23446,29514,32813,65535,38308,31036,29976,33849,35327,65535,38324
1685587824,0,1,0,0,2153,15872,23418,29497,32760,65535,38253,31003,29961,33840,35298,65535,38266
1685587830,0,1,0,0,2153,15856,23390,29450,32739,65535,38213,30968,29900,33772,35261,65535,38240
1685587836,0,1,0,0,2152,15836,23363,29416,32695,65535,38139,30933,29864,33721,35212,65535,38157
1685587842,0,1,0,0,2151,15809,23333,29382,32657,65535,38116,30877,29832,33675,35177,65535,38113
1685587848,0,1,0,0,2151,15796,23305,29342,32604,65535,38037,30843,29786,33667,35125,65535,38066
1685587854,0,1,0,0,2150,15772,23264,29307,32591,65535,38003,30813,29759,33667,35105,65535,38035
1685587860,0,1,0,0,2145,15754,23244,29286,32527,65535,37976,30787,29724,33649,35083,65535,37980
1685587866,0,1,0,0,2145,15734,23210,29239,32506,65535,37899,30754,29668,33619,35043,65535,37907
1685587872,0,1,0,0,2144,15709,23171,29191,32460,65535,37863,30705,29645,33548,34991,65535,37869
1685587878,0,1,0,0,2144,15691,23153,29163,32410,65535,37821,30666,29600,33524,34959,65535,37832
1685587884,0,1,0,0,2143,15670,23128,29126,32373,65535,37773,30620,29559,33450,34915,65535,37798
1685587890,0,1,0,0,2142,15652,23099,29080,32334,65535,37723,30590,29532,33437,34881,65535,37731
1685587896,0,1,0,0,2142,15629,23063,29044,32296,65535,37694,30544,29483,33359,34841,65535,37703
1685587902,0,1,0,0,2141,15608,23030,29003,32248,65535,37636,30508,29444,33332,34802,65535,37651
1685587908,0,1,0,0,2140,15583,23001,28993,32213,65535,37594,30470,29413,33309,34769,65535,37606
1685587914,0,1,0,0,2140,15559,22969,28949,32167,65535,37564,30436,29376,33250,34737,65535,37559
1685587920,0,1,0,0,2135,15543,22939,28913,32134,65535,37514,30402,29341,33234,34704,65535,37519
1685587926,0,1,0,0,2135,15519,22904,28871,32087,65535,37478,30339,29296,33179,34673,65535,37468
1685587932,0,1,0,0,2134,15503,22884,28846,32059,65535,37421,30327,29276,33153,34639,65535,37435
1685587938,0,1,0,0,2134,15482,22854,28810,32021,65535,37384,30290,29235,33097,34603,65535,37388
1685587944,0,1,0,0,2133,15460,22826,28769,31995,65535,37354,30232,29203,33077,34560,65535,37364
1685587950,0,1,0,0,2132,15440,22800,28735,31938,65535,37308,30217,29164,33033,34533,65535,37316
1685587956,0,1,0,0,2132,15422,22773,28706,31901,65535,37266,30183,29123,33003,34510,65535,37271
1685587962,0,1,0,0,2131,15406,22741,28678,31887,65535,37205,30149,29101,32969,34468,65535,37233
1685587968,0,1,0,0,2131,15386,22724,28644,31835,65535,37160,30105,29060,32925,34429,65535,37177
1685587974,0,1,0,0,2130,15367,22691,28609,31814,65535,37138,30070,29025,32904,34395,65535,37163
1685587980,0,1,0,0,2130,15348,22655,28578,31763,65535,37084,30039,28990,32853,34360,65535,37103
1685587986,0,1,0,0,2125,15327,22631,28543,31722,65535,37047,30006,28957,32823,34349,65535,37088
1685587992,0,1,0,0,2125,15311,22601,28516,31691,65535,37023,29976,28934,32781,34312,65535,37021
1685587998,0,1,0,0,2124,15289,22584,28479,31648,65535,36977,29940,28892,32757,34250,65535,36979
1685588004,0,1,0,0,2123,15274,22557,28436,31620,65535,36919,29897,28855,32713,34216,65535,36933
1685588010,0,1,0,0,2123,15246,22523,28391,31571,65535,36872,29854,28810,32668,34187,65535,36885
1685588016,0,1,0,0,2122,15227,22500,28366,31536,65535,36844,29817,28778,32619,34153,65535,36861
1685588022,0,1,0,0,2122,15210,22474,28345,31504,65535,36806,29786,28753,32604,34125,65535,36803
1685588028,0,1,0,0,2121,15190,22445,28307,31465,65535,36763,29750,28713,32544,34090,65535,36775
1685588034,0,1,0,0,2120,15167,22400,28258,31416,65535,36713,29705,28671,32504,34048,65535,36725
1685588040,0,1,0,0,2120,15147,22381,28237,31378,65535,36694,29667,28616,32465,34005,65535,36707
1685588046,0,1,0,0,2115,15120,22345,28191,31339,65535,36653,29636,28580,32445,33978,65535,36664
1685588052,0,1,0,0,2115,15108,22323,28168,31304,65535,36607,29605,28557,32401,33913,65535,36595
1685588058,0,1,0,0,2114,15075,22279,28126,31263,65535,36558,29552,28523,32366,33881,65535,36547
1685588064,0,1,0,0,2113,15063,22266,28094,31217,65535,36519,29515,28473,32304,33851,65535,36529
1685588070,0,1,0,0,2112,15042,22228,28032,31174,65535,36449,29451,28423,32269,33799,65535,36465
1685588076,0,1,0,0,2112,15017,22183,28016,31138,65535,36404,29426,28381,32205,33740,65535,36415
1685588082,0,1,0,0,2111,14992,22162,27951,31077,65535,36359,29386,28350,32176,33689,65535,36388
1685588088,0,1,0,0,2110,14971,22115,27913,31031,65535,36318,29344,28312,32137,33672,65535,36330
1685588094,0,1,0,0,2105,14947,22095,27877,31003,65535,36276,29306,28281,32086,33666,65535,36285
1685588100,0,1,0,0,2105,14936,22075,27870,30961,65535,36237,29289,28252,32064,33661,65535,36251
1685588106,0,1,0,0,2104,14912,22042,27826,30911,65535,36188,29236,28202,32008,33628,65535,36200
1685588112,0,1,0,0,2104,14887,22003,27774,30870,65535,36179,29193,28154,31972,33570,65535,36176
1685588118,0,1,0,0,2103,14871,21989,27759,30841,65535,36102,29160,28129,31952,33534,65535,36120
1685588124,0,1,0,0,2102,14845,21940,27682,30779,65535,36063,29114,28082,31885,33496,65535,36078
1685588130,0,1,0,0,2102,14823,21904,27670,30731,65535,36020,29053,28032,31835,33430,65535,36038
1685588136,0,1,0,0,2101,14802,21878,27620,30697,65535,35977,29033,27990,31794,33389,65535,35992
1685588142,0,1,0,0,2100,14788,21865,27602,30674,65535,35935,28996,27971,31768,33354,65535,35949
1685588148,0,1,0,0,2100,14770,21829,27549,30620,65535,35900,28955,27919,31712,33308,65535,35922
1685588154,0,1,0,0,2055,14747,21794,27524,30580,65535,35856,28908,27880,31669,33267,65535,35874
1685588160,0,1,0,0,2055,14728,21770,27482,30550,65535,35801,28849,27826,31626,33233,65535,35810
1685588166,0,1,0,0,2054,14704,21738,27446,30494,65535,35758,28827,27804,31570,33184,65535,35786
1685588172,0,1,0,0,2053,14679,21705,27404,30450,65535,35716,28781,27747,31544,33143,65535,35724
1685588178,0,1,0,0,2053,14663,21678,27365,30424,65535,35685,28749,27723,31497,33105,65535,35696
1685588184,0,1,0,0,2052,14646,21656,27356,30380,65535,35642,28713,27691,31467,33073,65535,35653
1685588190,0,1,0,0,2051,14627,21622,27305,30339,65535,35621,28680,27662,31435,33046,65535,35614
1685588196,0,1,0,0,2051,14600,21586,27260,30288,65535,35556,28635,27611,31392,32994,65535,35568
1685588202,0,1,0,0,2050,14580,21559,27225,30245,65535,35515,28592,27560,31337,32952,65535,35531
1685588208,0,1,0,0,2045,14560,21522,27200,30215,65535,35496,28566,27538,31320,32939,65535,35509
1685588214,0,1,0,0,2045,14540,21495,27148,30168,65535,35454,28519,27488,31279,32893,65535,35439
1685588220,0,1,0,0,2044,14514,21458,27116,30125,65535,35387,28474,27461,31206,32837,65535,35395
1685588226,0,1,0,0,2043,14490,21431,27066,30090,65535,35336,28423,27410,31170,32789,65535,35366
1685588232,0,1,0,0,2043,14466,21400,27024,30044,65535,35294,28383,27360,31126,32752,65535,35321
1685588238,0,1,0,0,2042,14445,21377,26989,29995,65535,35250,28341,27319,31079,32702,65535,35273
1685588244,0,1,0,0,2041,14427,21342,26952,29949,65535,35227,28303,27276,31054,32686,65535,35216
1685588250,0,1,0,0,2040,14411,21299,26917,29912,65535,35161,28263,27246,31000,32626,65535,35170
1685588256,0,1,0,0,2040,14389,21285,26882,29872,65535,35144,28222,27212,30957,32591,65535,35133
1685588262,0,1,0,0,2035,14365,21248,26842,29825,65535,35086,28178,27172,30916,32555,65535,35100
1685588268,0,1,0,0,2035,14347,21210,26808,29803,65535,35039,28131,27127,30874,32512,65535,35051
1685588274,0,1,0,0,2034,14314,21179,26783,29750,65535,34990,28090,27080,30845,32476,65535,35000
1685588280,0,1,0,0,2033,14300,21159,26728,29692,65535,34926,28051,27057,30801,32437,65535,34946
1685588286,0,1,0,0,2033,14281,21138,26709,29671,65535,34897,28020,27012,30767,32402,65535,34881
1685588292,0,1,0,0,2032,14260,21097,26666,29639,65535,34859,27972,26983,30711,32367,65535,34857
1685588298,0,1,0,0,2031,14238,21066,26622,29574,65535,34802,27927,26935,30657,32311,65535,34803
1685588304,0,1,0,0,2031,14220,21023,26573,29546,65535,34739,27891,26897,30639,32278,65535,34736
1685588310,0,1,0,0,2030,14189,21000,26541,29489,65535,34711,27845,26846,30585,32234,65535,34703
1685588316,0,1,0,0,2025,14168,20974,26500,29459,65535,34659,27808,26817,30552,32212,65535,34650
1685588322,0,1,0,0,2025,14152,20945,26479,29417,65535,34623,27768,26777,30494,32156,65535,34625
1685588328,0,1,0,0,2024,14124,20910,26413,29358,65535,34586,27723,26716,30448,32113,65535,34581
1685588334,0,1,0,0,2024,14109,20885,26388,29341,65535,34521,27691,26705,30431,32084,65535,34536
1685588340,0,1,0,0,2023,14082,20832,26344,29272,65535,34472,27640,26653,30370,32033,65535,34473
1685588346,0,1,0,0,2022,14064,20822,26314,29243,65535,34446,27604,26617,30350,32016,65535,34471
1685588352,0,1,0,0,2021,14043,20787,26274,29192,65535,34402,27564,26579,30290,31957,65535,34403
1685588358,0,1,0,0,2021,14021,20755,26229,29167,65535,34352,27525,26548,30251,31923,65535,34368
1685588364,0,1,0,0,2020,13999,20729,26205,29116,65535,34314,27485,26506,30232,31903,65535,34323
1685588370,0,1,0,0,2020,13979,20698,26181,29078,65535,34267,27440,26461,30168,31843,65535,34291
1685588376,0,1,0,0,2015,13955,20665,26121,29046,65535,34239,27393,26412,30118,31808,65535,34251
1685588382,0,1,0,0,2014,13937,20638,26093,28984,65535,34176,27360,26380,30087,31772,65535,34176
1685588388,0,1,0,0,2014,13911,20599,26048,28959,65535,34100,27312,26332,30035,31711,65535,34124
1685588394,0,1,0,0,2013,13897,20567,26014,28908,65535,34051,27272,26297,29988,31692,65535,34052
