Timestamp,Amber,White,On,Override,Intensity,AS00,AS01,AS02,AS03,AS04,AS05,AS06,AS07,AS08,AS09,AS10,AS11
1685588400,0,1,0,0,2012,13866,20537,25967,28856,65535,34014,27231,26254,29969,31640,65535,34037
1685588406,0,1,0,0,2012,13854,20509,25948,28819,65535,33951,27188,26211,29906,31597,65535,33972
1685588412,0,1,0,0,2011,13822,20474,25904,28785,65535,33923,27149,26174,29876,31557,65535,33915
1685588418,0,1,0,0,2010,13804,20442,25865,28736,65535,33879,27106,26131,29840,31505,65535,33894
1685588424,0,1,0,0,2010,13791,20413,25816,28687,65535,33837,27063,26086,29789,31462,65535,33837
1685588430,0,1,0,0,2005,13759,20378,25775,28641,65535,33795,27022,26057,29730,31424,65535,33806
1685588436,0,1,0,0,2004,13739,20349,25728,28595,65535,33750,26978,26011,29691,31389,65535,33773
1685588442,0,1,0,0,2003,13720,20319,25711,28556,65535,33729,26942,25973,29650,31346,65535,33711
1685588448,0,1,0,0,2003,13699,20285,25656,28514,65535,33666,26905,25938,29615,31307,65535,33674
1685588454,0,1,0,0,2002,13676,20252,25631,28452,65535,33630,26864,25897,29576,31266,65535,33639
1685588460,0,1,0,0,2002,13652,20215,25578,28425,65535,33578,26805,25847,29525,31216,65535,33588
1685588466,0,1,0,0,2001,13627,20196,25548,28389,65535,33549,26769,25810,29469,31190,65535,33540
1685588472,0,1,0,0,2000,13606,20171,25496,28354,65535,33483,26728,25766,29434,31127,65535,33516
1685588478,0,1,0,0,2000,13586,20135,25476,28311,65535,33435,26684,25729,29385,31093,65535,33443
1685588484,0,1,0,0,1555,13565,20112,25425,28257,65535,33408,26650,25694,29361,31074,65535,33402
1685588490,0,1,0,0,1554,13547,20082,25403,28232,65535,33360,26620,25654,29317,31019,65535,33360
1685588496,0,1,0,0,1554,13524,20047,25361,28174,65535,33303,26552,25590,29248,30977,65535,33318
1685588502,0,1,0,0,1553,13505,20014,25304,28145,65535,33252,26523,25564,29222,30934,65535,33261
1685588508,0,1,0,0,1552,13479,19987,25264,28087,65535,33213,26481,25531,29195,30893,65535,33225
1685588514,0,1,0,0,1552,13463,19958,25252,28043,65535,33174,26446,25492,29137,30873,65535,33187
1685588520,0,1,0,0,1551,13442,19927,25224,28006,65535,33129,26406,25447,29108,30835,65535,33132
1685588526,0,1,0,0,1550,13421,19887,25182,27960,65535,33079,26357,25404,29044,30771,65535,33090
1685588532,0,1,0,0,1550,13400,19863,25143,27920,65535,33036,26309,25353,28997,30728,65535,33041
1685588538,0,1,0,0,1545,13378,19830,25101,27881,65535,32980,26264,25294,28952,30688,65535,32990
1685588544,0,1,0,0,1545,13356,19801,25063,27837,65535,32936,26223,25274,28926,30660,65535,32940
1685588550,0,1,0,0,1544,13333,19765,25019,27791,65535,32889,26194,25250,28903,30617,65535,32896
1685588556,0,1,0,0,1543,13312,19732,24981,27748,65535,32856,26168,25239,28849,30596,65535,32856
1685588562,0,1,0,0,1542,13291,19698,24938,27715,65535,32802,26113,25187,28801,30551,65535,32814
1685588568,0,1,0,0,1542,13273,19680,24921,27668,65535,32748,26076,25157,28761,30513,65535,32766
1685588574,0,1,0,0,1541,13250,19646,24883,27628,65535,32727,26032,25102,28717,30460,65535,32736
1685588580,0,1,0,0,1541,13229,19615,24830,27583,65535,32688,25997,25071,28679,30439,65535,32688
1685588586,0,1,0,0,1540,13210,19590,24792,27554,65535,32622,25950,25020,28621,30387,65535,32655
1685588592,0,1,0,0,1535,13184,19552,24752,27492,65535,32584,25904,24977,28584,30331,65535,32580
1685588598,0,1,0,0,1535,13162,19521,24712,27452,65535,32529,25866,24945,28542,30295,65535,32535
1685588604,0,1,0,0,1534,13144,19493,24688,27413,65535,32484,25827,24903,28503,30272,65535,32508
1685588610,0,1,0,0,1533,13125,19461,24637,27374,65535,32444,25785,24869,28477,30221,65535,32439
1685588616,0,1,0,0,1533,13098,19413,24588,27334,65535,32379,25735,24809,28402,30164,65535,32400
1685588622,0,1,0,0,1532,13075,19387,24549,27279,65535,32345,25689,24766,28355,30120,65535,32347
1685588628,0,1,0,0,1531,13059,19366,24534,27257,65535,32286,25651,24729,28319,30083,65535,32293
1685588634,0,1,0,0,1531,13035,19338,24482,27210,65535,32235,25611,24694,28300,30061,65535,32244
1685588640,0,1,0,0,1530,13011,19285,24433,27145,65535,32189,25561,24650,28240,29992,65535,32196
1685588646,0,1,0,0,1525,12990,19267,24408,27111,65535,32142,25501,24596,28194,29952,65535,32148
1685588652,0,1,0,0,1525,12970,19227,24368,27057,65535,32100,25471,24549,28133,29918,65535,32127
1685588658,0,1,0,0,1524,12944,19196,24307,27009,65535,32055,25425,24516,28086,29860,65535,32061
1685588664,0,1,0,0,1523,12921,19161,24281,26964,65535,32027,25378,24471,28054,29817,65535,32013
1685588670,0,1,0,0,1522,12900,19133,24234,26925,65535,31947,25330,24430,27997,29774,65535,31955
1685588676,0,1,0,0,1522,12873,19107,24207,26888,65535,31911,25282,24383,27951,29735,65535,31914
1685588682,0,1,0,0,1521,12854,19070,24151,26833,65535,31833,25250,24340,27904,29693,65535,31827
1685588688,0,1,0,0,1520,12830,19034,24110,26787,65535,31770,25230,24299,27878,29645,65535,31773
1685588694,0,1,0,0,1520,12812,19007,24072,26744,65535,31722,25184,24260,27834,29612,65535,31728
1685588700,0,1,0,0,1515,12788,18975,24040,26689,65535,31683,25140,24223,27779,29558,65535,31711
1685588706,0,1,0,0,1514,12769,18934,24011,26660,65535,31641,25094,24172,27738,29506,65535,31669
1685588712,0,1,0,0,1513,12745,18910,23950,26621,65535,31599,25051,24142,27684,29478,65535,31620
1685588718,0,1,0,0,1513,12726,18881,23932,26566,65535,31573,25003,24086,27636,29426,65535,31565
1685588724,0,1,0,0,1512,12703,18852,23889,26525,65535,31524,24964,24047,27611,29390,65535,31509
1685588730,0,1,0,0,1512,12676,18807,23831,26469,65535,31452,24920,24017,27546,29343,65535,31461
1685588736,0,1,0,0,1511,12651,18769,23802,26424,65535,31401,24863,23943,27490,29283,65535,31410
1685588742,0,1,0,0,1510,12635,18754,23766,26395,65535,31353,24830,23925,27454,29250,65535,31362
1685588748,0,1,0,0,1510,12615,18719,23720,26339,65535,31323,24782,23879,27415,29210,65535,31328
1685588754,0,1,0,0,1505,12594,18679,23683,26311,65535,31235,24746,23841,27373,29164,65535,31254
1685588760,0,1,0,0,1504,12570,18650,23630,26260,65535,31155,24697,23780,27324,29109,65535,31149
1685588766,0,1,0,0,1503,12548,18622,23605,26221,65535,31061,24651,23747,27266,29077,65535,31062
1685588772,0,1,0,0,1502,12520,18585,23557,26152,65535,30969,24598,23687,27207,29017,65535,30954
1685588778,0,1,0,0,1502,12484,18532,23499,26099,65535,30816,24547,23643,27165,28959,65535,30819
1685588784,0,1,0,0,1501,12469,18509,23458,26052,65535,30677,24506,23601,27105,28904,65535,30675
1685588790,0,1,0,0,1501,12448,18479,23433,26013,65535,30510,24451,23555,27072,28853,65535,30510
1685588796,0,1,0,0,1500,12417,18438,23376,25957,65535,30336,24403,23504,27002,28810,65535,30348
1685588802,0,1,0,0,1455,12391,18408,23332,25911,65535,30187,24357,23462,26959,28745,65535,30165
1685588808,0,1,0,0,1454,12362,18374,23305,25864,65535,30019,24310,23408,26892,28688,65535,30018
1685588814,0,1,0,0,1454,12342,18339,23251,25814,65535,29892,24266,23362,26844,28638,65535,29893
1685588820,0,1,0,0,1453,12317,18303,23208,25760,65535,29793,24213,23308,26793,28584,65535,29786
1685588826,0,1,0,0,1452,12286,18260,23155,25709,65535,29712,24166,23261,26737,28533,65535,29718
1685588832,0,1,0,0,1451,12264,18230,23123,25662,65535,29637,24118,23228,26692,28493,65535,29640
1685588838,0,1,0,0,1451,12249,18195,23075,25619,65535,29594,24083,23167,26652,28453,65535,29601
1685588844,0,1,0,0,1450,12226,18168,23036,25579,65535,29562,24038,23136,26598,28407,65535,29565
1685588850,0,1,0,0,1450,12205,18133,23012,25538,65535,29540,23998,23097,26556,28372,65535,29540
1685588856,0,1,0,0,1445,12179,18111,22964,25496,65535,29532,23964,23068,26535,28336,65535,29547
1685588862,0,1,0,0,1444,12161,18075,22928,25460,65535,29523,23918,23020,26487,28300,65535,29532
1685588868,0,1,0,0,1444,12147,18051,22897,25434,65535,29541,23896,23002,26459,28281,65535,29549
1685588874,0,1,0,0,1443,12129,18021,22864,25381,65535,29559,23833,22958,26408,28237,65535,29569
1685588880,0,1,0,0,1442,12107,17989,22827,25330,65535,29592,23810,22919,26378,28218,65535,29622
1685588886,0,1,0,0,1442,12095,17965,22785,25288,65535,29639,23776,22893,26346,28200,65535,29649
1685588892,0,1,0,0,1441,12071,17935,22759,25263,65535,29689,23731,22862,26311,28160,65535,29703
1685588898,0,1,0,0,1441,12059,17913,22735,25250,65535,29763,23700,22837,26299,28142,65535,29778
1685588904,0,1,0,0,1440,12040,17877,22693,25223,65535,29806,23678,22809,26261,28107,65535,29831
1685588910,0,1,0,0,1440,12017,17857,22665,25176,65535,29856,23638,22770,26218,28078,65535,29889
1685588916,0,1,0,0,1435,12005,17830,22622,25136,65535,29901,23599,22733,26186,28043,65535,29910
1685588922,0,1,0,0,1434,11988,17811,22577,25105,65535,29921,23565,22704,26158,28019,65535,29934
1685588928,0,1,0,0,1434,11968,17771,22545,25062,65535,29955,23518,22675,26120,28001,65535,29964
1685588934,0,1,0,0,1433,11950,17745,22513,25029,65535,29985,23492,22639,26082,27957,65535,29976
1685588940,0,1,0,0,1433,11928,17714,22478,24980,65535,29979,23439,22594,26060,27921,65535,29978
1685588946,0,1,0,0,1432,11911,17683,22446,24946,65535,29985,23410,22563,26004,27884,65535,29976
1685588952,0,1,0,0,1431,11888,17651,22413,24900,65535,29952,23369,22520,25977,27856,65535,29952
1685588958,0,1,0,0,1431,11867,17618,22364,24841,65535,29922,23334,22480,25915,27808,65535,29927
1685588964,0,1,0,0,1430,11846,17591,22331,24806,65535,29901,23283,22446,25892,27773,65535,29895
1685588970,0,1,0,0,1425,11818,17558,22291,24759,65535,29880,23253,22406,25839,27734,65535,29871
1685588976,0,1,0,0,1425,11805,17526,22258,24721,65535,29835,23201,22368,25807,27697,65535,29844
1685588982,0,1,0,0,1424,11783,17509,22215,24677,65535,29799,23159,22332,25765,27653,65535,29820
1685588988,0,1,0,0,1424,11764,17470,22175,24643,65535,29784,23117,22291,25717,27629,65535,29772
1685588994,0,1,0,0,1423,11743,17445,22140,24595,65535,29751,23088,22262,25674,27589,65535,29757
1685589000,0,1,0,0,1422,11717,17414,22099,24550,65535,29715,23045,22213,25634,27539,65535,29706
1685589006,0,1,0,0,1422,11700,17375,22056,24514,65535,29667,23003,22171,25591,27495,65535,29674
1685589012,0,1,0,0,1421,11673,17348,22023,24475,65535,29646,22965,22137,25537,27460,65535,29655
1685589018,0,1,0,0,1420,11660,17317,21991,24440,65535,29607,22925,22103,25524,27429,65535,29613
1685589024,0,1,0,0,1420,11641,17290,21955,24393,65535,29567,22893,22060,25490,27389,65535,29589
1685589030,0,1,0,0,1415,11619,17259,21920,24345,65535,29544,22850,22017,25445,27356,65535,29556
1685589036,0,1,0,0,1414,11595,17227,21877,24298,65535,29487,22802,21978,25398,27307,65535,29505
1685589042,0,1,0,0,1414,11573,17188,21831,24253,65535,29451,22759,21936,25354,27263,65535,29445
1685589048,0,1,0,0,1413,11555,17168,21804,24217,65535,29415,22726,21906,25315,27238,65535,29430
1685589054,0,1,0,0,1413,11532,17140,21761,24172,65535,29370,22681,21864,25270,27188,65535,29376
1685589060,0,1,0,0,1412,11510,17107,21726,24133,65535,29331,22639,21825,25231,27157,65535,29334
1685589066,0,1,0,0,1411,11490,17075,21687,24088,65535,29292,22586,21786,25190,27114,65535,29316
1685589072,0,1,0,0,1411,11470,17038,21651,24049,65535,29247,22557,21737,25142,27073,65535,29265
1685589078,0,1,0,0,1410,11450,17004,21606,24004,65535,29205,22519,21710,25100,27036,65535,29206
1685589084,0,1,0,0,1405,11429,16981,21567,23959,65535,29160,22476,21664,25057,26990,65535,29151
1685589090,0,1,0,0,1404,11404,16949,21531,23910,65535,29109,22427,21618,25011,26938,65535,29098
1685589096,0,1,0,0,1404,11377,16914,21483,23861,65535,29060,22372,21566,24948,26886,65535,29046
1685589102,0,1,0,0,1403,11358,16878,21429,23813,65535,28992,22330,21520,24896,26837,65535,28998
1685589108,0,1,0,0,1402,11331,16843,21390,23753,65535,28929,22278,21463,24838,26768,65535,28928
1685589114,0,1,0,0,1401,11309,16811,21349,23705,65535,28869,22226,21418,24778,26724,65535,28875
1685589120,0,1,0,0,1401,11283,16779,21306,23667,65535,28815,22167,21368,24742,26672,65535,28815
1685589126,0,1,0,0,1400,11258,16736,21260,23601,65535,28767,22117,21319,24687,26625,65535,28751
1685589132,0,1,0,0,1355,11235,16703,21209,23549,65535,28709,22075,21270,24614,26561,65535,28710
1685589138,0,1,0,0,1354,11215,16667,21160,23518,65535,28662,22024,21215,24552,26492,65535,28652
1685589144,0,1,0,0,1353,11191,16637,21135,23455,65535,28606,21980,21181,24516,26457,65535,28599
1685589150,0,1,0,0,1353,11160,16599,21087,23401,65535,28551,21933,21133,24462,26401,65535,28577
1685589156,0,1,0,0,1352,11139,16568,21041,23354,65535,28500,21875,21089,24409,26359,65535,28490
1685589162,0,1,0,0,1351,11116,16523,20993,23303,65535,28449,21822,21036,24365,26290,65535,28452
1685589168,0,1,0,0,1350,11098,16501,20955,23270,65535,28393,21789,20992,24318,26249,65535,28399
1685589174,0,1,0,0,1350,11073,16462,20902,23208,65535,28350,21742,20942,24252,26191,65535,28370
1685589180,0,1,0,0,1345,11048,16433,20875,23164,65535,28296,21684,20899,24214,26154,65535,28303
1685589186,0,1,0,0,1344,11025,16403,20831,23121,65535,28241,21637,20856,24153,26099,65535,28265
1685589192,0,1,0,0,1344,11011,16370,20786,23072,65535,28199,21605,20799,24103,26046,65535,28203
1685589198,0,1,0,0,1343,10981,16326,20747,23026,65535,28147,21557,20762,24054,25997,65535,28177
1685589204,0,1,0,0,1342,10965,16299,20715,22977,65535,28108,21517,20716,24002,25950,65535,28111
1685589210,0,1,0,0,1341,10945,16269,20666,22934,65535,28083,21464,20674,23959,25911,65535,28074
1685589216,0,1,0,0,1341,10919,16227,20629,22886,65535,28020,21428,20628,23912,25861,65535,28020
1685589222,0,1,0,0,1340,10895,16196,20588,22853,65535,27980,21375,20586,23877,25816,65535,27991
1685589228,0,1,0,0,1335,10869,16167,20541,22793,65535,27954,21343,20542,23824,25784,65535,27956
1685589234,0,1,0,0,1335,10849,16126,20498,22748,65535,27892,21289,20495,23782,25732,65535,27897
1685589240,0,1,0,0,1334,10835,16107,20477,22710,65535,27847,21246,20474,23741,25693,65535,27867
1685589246,0,1,0,0,1333,10813,16070,20432,22662,65535,27805,21204,20435,23700,25651,65535,27814
1685589252,0,1,0,0,1333,10792,16040,20385,22628,65535,27760,21173,20396,23656,25625,65535,27775
1685589258,0,1,0,0,1332,10771,16016,20346,22578,65535,27756,21127,20355,23614,25592,65535,27747
1685589264,0,1,0,0,1332,10745,15985,20311,22543,65535,27711,21094,20321,23578,25538,65535,27709
1685589270,0,1,0,0,1331,10729,15960,20280,22507,65535,27705,21060,20291,23545,25515,65535,27691
1685589276,0,1,0,0,1331,10713,15929,20244,22483,65535,27646,21020,20261,23517,25492,65535,27648
1685589282,0,1,0,0,1330,10688,15897,20212,22441,65535,27618,20987,20216,23478,25455,65535,27638
1685589288,0,1,0,0,1325,10673,15868,20175,22396,65535,27596,20946,20171,23432,25411,65535,27600
1685589294,0,1,0,0,1325,10652,15838,20133,22346,65535,27556,20905,20143,23396,25378,65535,27557
1685589300,0,1,0,0,1324,10635,15813,20098,22323,65535,27531,20868,20112,23368,25349,65535,27538
1685589306,0,1,0,0,1324,10611,15778,20074,22269,65535,27492,20833,20075,23340,25315,65535,27511
1685589312,0,1,0,0,1323,10589,15750,20022,22220,65535,27474,20795,20039,23288,25287,65535,27474
1685589318,0,1,0,0,1322,10570,15722,19986,22188,65535,27436,20750,19998,23246,25241,65535,27423
1685589324,0,1,0,0,1322,10551,15688,19951,22149,65535,27382,20712,19963,23214,25213,65535,27372
1685589330,0,1,0,0,1321,10531,15661,19923,22107,65535,27356,20675,19920,23178,25167,65535,27352
1685589336,0,1,0,0,1320,10512,15628,19870,22063,65535,27293,20631,19874,23123,25125,65535,27303
1685589342,0,1,0,0,1320,10487,15593,19828,22017,65535,27250,20582,19839,23085,25080,65535,27257
1685589348,0,1,0,0,1315,10466,15562,19795,21981,65535,27214,20541,19795,23044,25046,65535,27222
1685589354,0,1,0,0,1314,10445,15530,19747,21935,65535,27165,20498,19755,22990,24992,65535,27171
1685589360,0,1,0,0,1314,10426,15491,19712,21888,65535,27129,20444,19713,22938,24952,65535,27145
1685589366,0,1,0,0,1313,10402,15469,19670,21838,65535,27088,20420,19675,22909,24924,65535,27091
1685589372,0,1,0,0,1312,10373,15433,19619,21800,65535,27039,20368,19634,22848,24869,65535,27059
1685589378,0,1,0,0,1311,10358,15406,19588,21764,65535,27005,20330,19595,22811,24817,65535,27026
1685589384,0,1,0,0,1311,10340,15381,19562,21714,65535,26973,20290,19558,22775,24793,65535,26992
1685589390,0,1,0,0,1310,10319,15351,19525,21688,65535,26948,20255,19522,22738,24761,65535,26952
1685589396,0,1,0,0,1310,10295,15320,19492,21630,65535,26892,20215,19484,22697,24730,65535,26918
1685589402,0,1,0,0,1305,10278,15289,19452,21595,65535,26850,20175,19445,22658,24684,65535,26874
1685589408,0,1,0,0,1305,10268,15267,19421,21558,65535,26825,20141,19412,22624,24647,65535,26847
1685589414,0,1,0,0,1304,10240,15225,19371,21499,65535,26778,20091,19364,22559,24604,65535,26784
1685589420,0,1,0,0,1303,10213,15191,19326,21447,65535,26735,20040,19318,22524,24554,65535,26737
1685589426,0,1,0,0,1302,10197,15167,19294,21423,65535,26699,20001,19282,22479,24519,65535,26710
1685589432,0,1,0,0,1302,10173,15124,19247,21363,65535,26673,19960,19236,22441,24464,65535,26663
1685589438,0,1,0,0,1301,10153,15107,19213,21327,65535,26617,19920,19197,22391,24425,65535,26621
1685589444,0,1,0,0,1300,10133,15076,19175,21279,65535,26584,19877,19160,22348,24394,65535,26586
1685589450,0,1,0,0,1300,10111,15044,19139,21241,65535,26545,19839,19123,22313,24359,65535,26550
1685589456,0,1,0,0,1255,10087,15011,19084,21189,65535,26496,19783,19080,22259,24309,65535,26501
1685589462,0,1,0,0,1254,10065,14971,19055,21153,65535,26470,19744,19035,22210,24256,65535,26457
1685589468,0,1,0,0,1254,10048,14947,19008,21115,65535,26432,19701,18990,22168,24219,65535,26420
1685589474,0,1,0,0,1253,10022,14907,18966,21053,65535,26373,19655,18946,22127,24160,65535,26376
1685589480,0,1,0,0,1252,10000,14880,18933,21018,65535,26322,19615,18906,22075,24114,65535,26327
1685589486,0,1,0,0,1251,9984,14843,18897,20970,65535,26272,19577,18858,22033,24087,65535,26291
1685589492,0,1,0,0,1251,9961,14815,18861,20926,65535,26247,19529,18827,21983,24030,65535,26236
1685589498,0,1,0,0,1250,9946,14795,18825,20889,65535,26205,19490,18784,21946,24003,65535,26202
1685589504,0,1,0,0,1250,9924,14762,18786,20842,65535,26168,19440,18746,21900,23950,65535,26174
1685589510,0,1,0,0,1245,9903,14737,18749,20805,65535,26127,19411,18707,21860,23925,65535,26146
1685589516,0,1,0,0,1244,9884,14706,18712,20764,65535,26107,19371,18671,21821,23875,65535,26092
1685589522,0,1,0,0,1243,9861,14674,18673,20721,65535,26058,19326,18630,21773,23835,65535,26077
1685589528,0,1,0,0,1243,9844,14649,18645,20683,65535,26018,19298,18597,21742,23797,65535,26020
1685589534,0,1,0,0,1242,9819,14619,18602,20650,65535,25978,19256,18557,21701,23777,65535,25988
1685589540,0,1,0,0,1242,9801,14592,18567,20602,65535,25940,19214,18515,21657,23723,65535,25944
1685589546,0,1,0,0,1241,9786,14560,18545,20562,65535,25901,19180,18486,21625,23698,65535,25900
1685589552,0,1,0,0,1240,9760,14531,18493,20521,65535,25875,19129,18447,21585,23652,65535,25884
1685589558,0,1,0,0,1240,9743,14500,18453,20477,65535,25843,19097,18407,21547,23619,65535,25849
1685589564,0,1,0,0,1235,9719,14467,18415,20428,65535,25802,19059,18367,21507,23577,65535,25803
1685589570,0,1,0,0,1235,9708,14444,18387,20401,65535,25770,19028,18338,21469,23547,65535,25776
1685589576,0,1,0,0,1234,9686,14417,18356,20362,65535,25739,18985,18305,21427,23516,65535,25748
1685589582,0,1,0,0,1233,9665,14385,18312,20322,65535,25717,18949,18263,21391,23482,65535,25721
1685589588,0,1,0,0,1233,9646,14356,18275,20280,65535,25678,18908,18234,21350,23442,65535,25688
1685589594,0,1,0,0,1232,9630,14329,18243,20246,65535,25653,18877,18194,21319,23409,65535,25672
1685589600,0,1,0,0,1232,9610,14302,18210,20215,65535,25618,18837,18159,21284,23378,65535,25619
1685589606,0,1,0,0,1231,9588,14270,18172,20163,65535,25577,18796,18123,21243,23335,65535,25581
1685589612,0,1,0,0,1231,9569,14244,18135,20123,65535,25543,18759,18083,21205,23303,65535,25549
1685589618,0,1,0,0,1230,9547,14214,18092,20080,65535,25501,18717,18050,21167,23259,65535,25507
1685589624,0,1,0,0,1225,9530,14186,18057,20038,65535,25475,18678,18012,21130,23237,65535,25477
1685589630,0,1,0,0,1225,9507,14151,18028,20000,65535,25447,18639,17970,21075,23191,65535,25440
1685589636,0,1,0,0,1224,9488,14121,17985,19953,65535,25399,18602,17933,21041,23146,65535,25417
1685589642,0,1,0,0,1224,9466,14084,17934,19920,65535,25376,18559,17891,20990,23117,65535,25363
1685589648,0,1,0,0,1223,9441,14063,17908,19880,65535,25332,18525,17856,20960,23076,65535,25343
1685589654,0,1,0,0,1222,9425,14031,17868,19832,65535,25290,18476,17824,20923,23045,65535,25289
1685589660,0,1,0,0,1222,9404,14001,17837,19787,65535,25255,18440,17784,20878,22995,65535,25253
1685589666,0,1,0,0,1221,9383,13967,17793,19744,65535,25222,18390,17743,20836,22959,65535,25224
1685589672,0,1,0,0,1221,9363,13936,17753,19701,65535,25188,18362,17708,20798,22919,65535,25189
1685589678,0,1,0,0,1220,9338,13899,17714,19667,65535,25162,18324,17668,20758,22882,65535,25176
1685589684,0,1,0,0,1215,9315,13877,17676,19612,65535,25110,18277,17624,20713,22832,65535,25113
1685589690,0,1,0,0,1215,9299,13845,17640,19574,65535,25080,18236,17587,20661,22800,65535,25084
1685589696,0,1,0,0,1214,9280,13809,17600,19534,65535,25045,18198,17546,20632,22764,65535,25047
1685589702,0,1,0,0,1213,9255,13781,17564,19502,65535,25026,18165,17514,20594,22742,65535,25029
1685589708,0,1,0,0,1213,9238,13753,17527,19463,65535,24977,18125,17476,20557,22697,65535,24979
1685589714,0,1,0,0,1212,9219,13721,17487,19413,65535,24970,18084,17442,20513,22657,65535,24962
1685589720,0,1,0,0,1212,9203,13700,17456,19380,65535,24927,18049,17412,20484,22632,65535,24947
1685589726,0,1,0,0,1211,9174,13667,17417,19340,65535,24904,18011,17380,20464,22599,65535,24894
1685589732,0,1,0,0,1210,9158,13645,17393,19313,65535,24865,17979,17344,20429,22573,65535,24866
1685589738,0,1,0,0,1205,9124,13591,17328,19235,65535,24818,17927,17296,20373,22517,65535,24831
1685589744,0,1,0,0,1205,9109,13562,17297,19196,65535,24787,17874,17244,20307,22465,65535,24804
1685589750,0,1,0,0,1204,9094,13536,17258,19163,65535,24759,17853,17228,20293,22457,65535,24764
1685589756,0,1,0,0,1204,9078,13517,17234,19131,65535,24754,17813,17181,20249,22413,65535,24740
1685589762,0,1,0,0,1203,9054,13481,17181,19085,65535,24705,17772,17154,20209,22374,65535,24723
1685589768,0,1,0,0,1203,9038,13459,17166,19061,65535,24683,17734,17112,20182,22351,65535,24675
1685589774,0,1,0,0,1202,9021,13430,17138,19018,65535,24642,17708,17086,20141,22320,65535,24646
1685589780,0,1,0,0,1201,9000,13400,17088,18975,65535,24615,17667,17048,20100,22278,65535,24614
1685589786,0,1,0,0,1201,8975,13373,17053,18933,65535,24584,17631,17002,20062,22243,65535,24604
1685589792,0,1,0,0,1200,8963,13343,17019,18894,65535,24565,17592,16971,20020,22202,65535,24567
1685589798,0,1,0,0,1155,8944,13313,16973,18854,65535,24521,17550,16938,19995,22168,65535,24526
1685589804,0,1,0,0,1155,8923,13281,16945,18818,65535,24491,17509,16897,19949,22122,65535,24497
1685589810,0,1,0,0,1154,8904,13254,16916,18768,65535,24461,17475,16861,19903,22101,65535,24467
1685589816,0,1,0,0,1153,8879,13227,16872,18725,65535,24421,17424,16822,19855,22062,65535,24427
1685589822,0,1,0,0,1153,8865,13200,16833,18683,65535,24392,17389,16780,19812,22010,65535,24388
1685589828,0,1,0,0,1152,8846,13171,16797,18645,65535,24349,17343,16744,19769,21964,65535,24352
1685589834,0,1,0,0,1152,8824,13132,16758,18605,65535,24304,17312,16697,19728,21931,65535,24320
1685589840,0,1,0,0,1151,8800,13113,16725,18563,65535,24262,17271,16671,19688,21882,65535,24259
1685589846,0,1,0,0,1150,8778,13067,16677,18506,65535,24207,17222,16613,19640,21840,65535,24217
1685589852,0,1,0,0,1150,8759,13046,16641,18463,65535,24157,17171,16574,19593,21802,65535,24160
1685589858,0,1,0,0,1145,8737,13006,16596,18418,65535,24102,17132,16525,19538,21745,65535,24099
1685589864,0,1,0,0,1144,8722,12986,16576,18394,65535,24055,17097,16500,19502,21700,65535,24054
1685589870,0,1,0,0,1144,8702,12959,16524,18342,65535,24005,17059,16462,19468,21657,65535,24009
1685589876,0,1,0,0,1143,8679,12924,16488,18297,65535,23954,17013,16416,19416,21609,65535,23957
1685589882,0,1,0,0,1142,8654,12893,16458,18260,65535,23911,16969,16375,19358,21562,65535,23910
1685589888,0,1,0,0,1141,8636,12860,16415,18208,65535,23854,16925,16322,19312,21519,65535,23851
1685589894,0,1,0,0,1141,8614,12827,16371,18153,65535,23802,16873,16285,19261,21458,65535,23805
1685589900,0,1,0,0,1140,8594,12800,16334,18114,65535,23758,16839,16243,19212,21428,65535,23766
1685589906,0,1,0,0,1135,8574,12762,16288,18064,65535,23702,16789,16187,19163,21364,65535,23706
1685589912,0,1,0,0,1135,8549,12733,16245,18017,65535,23640,16741,16147,19112,21311,65535,23646
1685589918,0,1,0,0,1134,8528,12703,16201,17971,65535,23600,16695,16101,19070,21262,65535,23605
1685589924,0,1,0,0,1133,8506,12670,16163,17932,65535,23538,16654,16060,19014,21217,65535,23542
1685589930,0,1,0,0,1132,8489,12640,16124,17881,65535,23496,16611,16017,18967,21165,65535,23497
1685589936,0,1,0,0,1132,8465,12609,16075,17832,65535,23449,16553,15974,18915,21119,65535,23437
1685589942,0,1,0,0,1131,8441,12566,16039,17782,65535,23368,16514,15924,18859,21060,65535,23372
1685589948,0,1,0,0,1130,8420,12542,16001,17746,65535,23311,16473,15882,18821,21008,65535,23319
1685589954,0,1,0,0,1130,8397,12512,15958,17689,65535,23266,16423,15835,18762,20955,65535,23272
1685589960,0,1,0,0,1125,8374,12476,15916,17650,65535,23222,16378,15779,18707,20903,65535,23211
1685589966,0,1,0,0,1124,8353,12446,15876,17594,65535,23168,16329,15745,18668,20849,65535,23167
1685589972,0,1,0,0,1123,8335,12415,15850,17552,65535,23107,16285,15702,18599,20807,65535,23106
1685589978,0,1,0,0,1122,8312,12382,15801,17503,65535,23050,16243,15660,18564,20762,65535,23050
1685589984,0,1,0,0,1122,8292,12356,15769,17467,65535,23004,16206,15617,18525,20715,65535,23006
1685589990,0,1,0,0,1121,8264,12320,15727,17425,65535,22950,16160,15575,18467,20661,65535,22944
1685589996,0,1,0,0,1120,8248,12291,15688,17375,65535,22900,16115,15528,18427,20622,65535,22902
1685590002,0,1,0,0,1120,8222,12255,15636,17323,65535,22863,16064,15489,18383,20565,65535,22872
1685590008,0,1,0,0,1115,8208,12233,15613,17291,65535,22819,16018,15446,18326,20525,65535,22814
1685590014,0,1,0,0,1115,8188,12201,15567,17243,65535,22766,15981,15411,18285,20484,65535,22764
1685590020,0,1,0,0,1114,8159,12149,15506,17177,65535,22705,15939,15355,18229,20434,65535,22708
1685590026,0,1,0,0,1113,8146,12141,15494,17154,65535,22686,15904,15331,18198,20396,65535,22694
1685590032,0,1,0,0,1112,8125,12111,15450,17117,65535,22648,15853,15287,18146,20363,65535,22646
1685590038,0,1,0,0,1112,8095,12074,15402,17057,65535,22593,15817,15248,18118,20318,65535,22602
1685590044,0,1,0,0,1111,8085,12051,15380,17030,65535,22567,15774,15207,18064,20268,65535,22570
1685590050,0,1,0,0,1111,8061,12022,15337,16991,65535,22532,15740,15173,18025,20230,65535,22530
1685590056,0,1,0,0,1110,8039,11978,15284,16934,65535,22474,15685,15117,17957,20160,65535,22478
1685590062,0,1,0,0,1105,8021,11956,15256,16886,65535,22417,15643,15072,17911,20127,65535,22420
1685590068,0,1,0,0,1104,8001,11921,15217,16849,65535,22372,15599,15028,17871,20065,65535,22383
1685590074,0,1,0,0,1104,7982,11895,15181,16803,65535,22328,15560,14993,17833,20030,65535,22323
1685590080,0,1,0,0,1103,7964,11866,15144,16764,65535,22285,15517,14955,17789,19989,65535,22295
1685590086,0,1,0,0,1102,7942,11840,15100,16724,65535,22236,15467,14908,17741,19941,65535,22236
1685590092,0,1,0,0,1102,7923,11809,15068,16675,65535,22193,15432,14872,17697,19895,65535,22198
1685590098,0,1,0,0,1101,7902,11778,15023,16640,65535,22137,15395,14835,17650,19852,65535,22141
1685590104,0,1,0,0,1100,7881,11748,14989,16587,65535,22084,15350,14790,17607,19807,65535,22089
1685590110,0,1,0,0,1100,7865,11725,14958,16554,65535,22055,15312,14755,17577,19772,65535,22057
1685590116,0,1,0,0,1055,7845,11691,14918,16503,65535,22017,15270,14718,17528,19724,65535,22018
1685590122,0,1,0,0,1054,7815,11650,14865,16456,65535,21960,15232,14679,17495,19690,65535,21974
1685590128,0,1,0,0,1054,7805,11634,14836,16424,65535,21935,15191,14643,17443,19647,65535,21935
1685590134,0,1,0,0,1053,7785,11603,14803,16377,65535,21893,15151,14602,17398,19602,65535,21905
1685590140,0,1,0,0,1053,7763,11577,14774,16338,65535,21858,15113,14564,17362,19564,65535,21862
1685590146,0,1,0,0,1052,7745,11544,14732,16295,65535,21801,15069,14524,17317,19520,65535,21806
1685590152,0,1,0,0,1051,7732,11522,14705,16264,65535,21768,15042,14497,17285,19494,65535,21783
1685590158,0,1,0,0,1051,7708,11494,14665,16218,65535,21726,14987,14444,17235,19452,65535,21740
1685590164,0,1,0,0,1050,7689,11464,14626,16172,65535,21682,14951,14402,17186,19405,65535,21680
1685590170,0,1,0,0,1045,7665,11428,14585,16128,65535,21651,14906,14364,17137,19347,65535,21639
1685590176,0,1,0,0,1045,7648,11401,14544,16094,65535,21582,14865,14333,17100,19314,65535,21586
1685590182,0,1,0,0,1044,7630,11376,14510,16049,65535,21557,14828,14290,17054,19275,65535,21559
1685590188,0,1,0,0,1043,7608,11340,14470,16000,65535,21498,14784,14247,17002,19224,65535,21497
1685590194,0,1,0,0,1043,7586,11301,14432,15969,65535,21453,14744,14210,16961,19177,65535,21452
1685590200,0,1,0,0,1042,7566,11278,14394,15914,65535,21410,14707,14168,16914,19137,65535,21418
1685590206,0,1,0,0,1041,7545,11244,14351,15868,65535,21365,14660,14122,16876,19092,65535,21383
1685590212,0,1,0,0,1041,7524,11221,14326,15836,65535,21321,14616,14088,16828,19053,65535,21321
1685590218,0,1,0,0,1040,7508,11191,14281,15791,65535,21270,14575,14047,16780,18997,65535,21268
1685590224,0,1,0,0,1035,7488,11161,14242,15744,65535,21221,14540,14007,16739,18954,65535,21223
1685590230,0,1,0,0,1035,7471,11136,14201,15707,65535,21181,14499,13964,16696,18912,65535,21179
1685590236,0,1,0,0,1034,7445,11103,14162,15659,65535,21138,14454,13928,16649,18864,65535,21136
1685590242,0,1,0,0,1033,7429,11073,14131,15618,65535,21107,14416,13886,16609,18835,65535,21097
1685590248,0,1,0,0,1033,7404,11045,14094,15576,65535,21055,14368,13851,16575,18780,65535,21056
1685590254,0,1,0,0,1032,7388,11018,14057,15538,65473,21016,14333,13805,16520,18733,65466,21032
1685590260,0,1,0,0,1031,7364,10986,14017,15490,65294,20975,14294,13770,16477,18699,65303,20975
1685590266,0,1,0,0,1031,7344,10957,13983,15454,65151,20947,14255,13735,16438,18661,65144,20951
1685590272,0,1,0,0,1030,7330,10926,13948,15409,64990,20884,14212,13696,16392,18611,64986,20900
1685590278,0,1,0,0,1030,7309,10898,13907,15369,64830,20848,14174,13650,16350,18572,64825,20851
1685590284,0,1,0,0,1025,7291,10873,13877,15324,64682,20819,14136,13623,16316,18549,64672,20832
1685590290,0,1,0,0,1024,7270,10844,13835,15286,64531,20787,14091,13572,16265,18495,64499,20777
1685590296,0,1,0,0,1023,7250,10812,13799,15243,64340,20747,14055,13540,16226,18450,64338,20742
1685590302,0,1,0,0,1023,7227,10782,13753,15190,64147,20689,14004,13489,16171,18392,64129,20693
1685590308,0,1,0,0,1022,7211,10752,13723,15157,64002,20652,13969,13463,16134,18355,64001,20665
1685590314,0,1,0,0,1022,7192,10727,13688,15117,63849,20623,13929,13415,16092,18315,63837,20612
1685590320,0,1,0,0,1021,7175,10697,13657,15079,63712,20577,13895,13391,16058,18283,63713,20581
1685590326,0,1,0,0,1020,7150,10664,13608,15025,63520,20535,13849,13348,16010,18235,63502,20547
1685590332,0,1,0,0,1020,7137,10648,13589,15007,63435,20512,13821,13316,15985,18207,63404,20508
1685590338,0,1,0,0,1015,7117,10616,13544,14954,63233,20485,13772,13274,15933,18158,63248,20473
1685590344,0,1,0,0,1014,7099,10583,13507,14916,63117,20436,13737,13235,15887,18119,63082,20437
1685590350,0,1,0,0,1014,7079,10547,13472,14871,62921,20393,13697,13194,15853,18078,62915,20393
1685590356,0,1,0,0,1013,7060,10526,13428,14830,62765,20362,13648,13157,15802,18034,62757,20364
1685590362,0,1,0,0,1012,7033,10486,13390,14777,62565,20302,13611,13107,15752,17977,62572,20314
1685590368,0,1,0,0,1012,7018,10470,13363,14751,62458,20282,13583,13083,15725,17951,62446,20277
1685590374,0,1,0,0,1011,6998,10439,13320,14700,62276,20235,13536,13043,15672,17911,62271,20236
1685590380,0,1,0,0,1010,6977,10410,13284,14659,62109,20190,13487,13000,15625,17864,62098,20196
1685590386,0,1,0,0,1010,6960,10379,13249,14623,61953,20150,13454,12964,15589,17826,61910,20157
1685590392,0,1,0,0,1005,6940,10350,13210,14580,61782,20119,13414,12925,15545,17790,61774,20120
1685590398,0,1,0,0,1004,6917,10315,13171,14535,61598,20082,13368,12884,15500,17747,61619,20084
1685590404,0,1,0,0,1004,6903,10289,13135,14492,61420,20048,13332,12843,15452,17697,61407,20051
1685590410,0,1,0,0,1003,6887,10270,13102,14454,61336,20017,13299,12805,15428,17666,61283,20015
1685590416,0,1,0,0,1003,6853,10220,13041,14391,61068,19957,13241,12760,15360,17600,61104,19966
1685590422,0,1,0,0,1002,6841,10199,13013,14361,60906,19918,13208,12723,15314,17558,60921,19912
1685590428,0,1,0,0,1001,6821,10168,12973,14319,60751,19866,13169,12683,15274,17514,60754,19879
1685590434,0,1,0,0,1001,6801,10140,12939,14275,60594,19816,13125,12644,15226,17467,60557,19820
1685590440,0,1,0,0,1000,6782,10110,12902,14232,60421,19783,13084,12598,15187,17421,60410,19777
1685590446,0,1,0,0,555,6764,10089,12871,14187,60277,19743,13044,12564,15146,17387,60244,19745
1685590452,0,1,0,0,555,6745,10056,12832,14152,60102,19690,13005,12527,15097,17337,60068,19689
1685590458,0,1,0,0,554,6723,10025,12789,14107,59922,19648,12960,12483,15059,17290,59913,19660
1685590464,0,1,0,0,553,6703,9992,12756,14061,59733,19602,12917,12438,14999,17234,59727,19595
1685590470,0,1,0,0,552,6683,9967,12720,14020,59539,19553,12878,12403,14956,17198,59567,19557
1685590476,0,1,0,0,552,6659,9929,12671,13968,59374,19499,12837,12362,14912,17148,59383,19512
1685590482,0,1,0,0,551,6643,9906,12637,13929,59201,19455,12783,12312,14859,17094,59185,19439
1685590488,0,1,0,0,550,6618,9875,12603,13886,59023,19397,12749,12278,14821,17046,59013,19394
1685590494,0,1,0,0,550,6603,9846,12563,13847,58838,19357,12711,12237,14771,17004,58861,19355
1685590500,0,1,0,0,545,6579,9813,12524,13800,58670,19307,12664,12197,14721,16949,58668,19307
1685590506,0,1,0,0,544,6557,9784,12481,13759,58486,19253,12620,12152,14671,16904,58469,19257
1685590512,0,1,0,0,544,6540,9757,12443,13703,58300,19193,12577,12110,14624,16853,58285,19190
1685590518,0,1,0,0,543,6520,9728,12405,13667,58127,19144,12537,12073,14577,16804,58120,19148
1685590524,0,1,0,0,542,6504,9699,12369,13635,57938,19094,12503,12032,14537,16764,57967,19094
1685590530,0,1,0,0,542,6478,9669,12339,13579,57777,19039,12453,11989,14489,16708,57780,19040
1685590536,0,1,0,0,541,6457,9633,12293,13530,57571,18976,12408,11941,14434,16651,57572,18973
1685590542,0,1,0,0,541,6442,9612,12261,13501,57451,18936,12372,11906,14398,16616,57426,18933
1685590548,0,1,0,0,540,6424,9584,12222,13458,57269,18887,12336,11871,14362,16573,57270,18891
1685590554,0,1,0,0,535,6405,9557,12187,13413,57077,18837,12287,11824,14316,16524,57097,18841
1685590560,0,1,0,0,535,6385,9525,12152,13374,56938,18798,12252,11789,14259,16476,56929,18798
1685590566,0,1,0,0,534,6364,9494,12108,13330,56751,18750,12212,11750,14216,16431,56755,18750
1685590572,0,1,0,0,533,6338,9457,12067,13277,56542,18699,12158,11703,14160,16368,56578,18702
1685590578,0,1,0,0,532,6325,9435,12040,13241,56394,18649,12126,11663,14120,16340,56399,18649
1685590584,0,1,0,0,532,6306,9408,12003,13204,56253,18606,12089,11632,14081,16287,56253,18609
1685590590,0,1,0,0,531,6286,9377,11959,13161,56086,18559,12049,11586,14034,16246,56079,18560
1685590596,0,1,0,0,530,6267,9347,11923,13123,55920,18517,12008,11554,13997,16212,55921,18517
1685590602,0,1,0,0,530,6242,9310,11880,13065,55725,18460,11959,11503,13940,16148,55725,18466
1685590608,0,1,0,0,525,6229,9295,11854,13033,55591,18424,11926,11473,13900,16107,55553,18418
1685590614,0,1,0,0,525,6207,9262,11810,12989,55408,18370,11883,11431,13858,16059,55399,18367
1685590620,0,1,0,0,524,6182,9224,11770,12936,55221,18317,11834,11384,13795,15999,55191,18326
1685590626,0,1,0,0,523,6163,9202,11734,12900,55044,18270,11798,11343,13758,15964,55041,18274
1685590632,0,1,0,0,523,6148,9180,11703,12866,54907,18237,11765,11318,13726,15933,54910,18230
1685590638,0,1,0,0,522,6129,9148,11661,12820,54710,18172,11719,11273,13680,15872,54712,18172
1685590644,0,1,0,0,521,6110,9118,11634,12780,54543,18145,11682,11239,13633,15830,54566,18134
1685590650,0,1,0,0,521,6095,9096,11603,12745,54399,18086,11647,11194,13599,15793,54378,18099
1685590656,0,1,0,0,520,6074,9068,11567,12697,54229,18041,11609,11163,13551,15754,54208,18044
1685590662,0,1,0,0,515,6051,9033,11513,12652,54032,17990,11550,11103,13485,15675,54001,17982
1685590668,0,1,0,0,515,6032,9003,11476,12609,53872,17945,11517,11075,13449,15642,53868,17946
1685590674,0,1,0,0,514,6012,8973,11438,12566,53689,17896,11471,11035,13404,15593,53692,17898
1685590680,0,1,0,0,513,5995,8948,11411,12531,53538,17865,11439,10998,13366,15555,53555,17860
1685590686,0,1,0,0,513,5972,8918,11376,12481,53367,17806,11394,10955,13310,15500,53351,17805
1685590692,0,1,0,0,512,5956,8891,11332,12447,53221,17767,11356,10918,13271,15463,53207,17778
1685590698,0,1,0,0,511,5938,8863,11301,12406,53066,17725,11319,10881,13231,15419,53053,17722
1685590704,0,1,0,0,511,5918,8831,11257,12363,52891,17681,11275,10842,13187,15371,52876,17682
1685590710,0,1,0,0,510,5902,8805,11229,12324,52734,17639,11237,10799,13134,15328,52692,17638
1685590716,0,1,0,0,505,5872,8766,11174,12264,52492,17586,11181,10750,13078,15252,52488,17585
1685590722,0,1,0,0,505,5858,8748,11147,12236,52391,17550,11154,10724,13054,15233,52384,17550
1685590728,0,1,0,0,504,5843,8718,11112,12193,52212,17505,11113,10682,13004,15183,52198,17500
1685590734,0,1,0,0,504,5818,8689,11079,12150,52052,17461,11076,10647,12970,15137,52049,17459
1685590740,0,1,0,0,503,5805,8660,11036,12110,51888,17421,11036,10608,12918,15098,51891,17420
1685590746,0,1,0,0,502,5782,8633,11002,12067,51722,17378,10994,10572,12874,15049,51725,17390
1685590752,0,1,0,0,502,5763,8607,10971,12030,51551,17337,10954,10535,12839,15010,51570,17336
1685590758,0,1,0,0,501,5748,8582,10937,11989,51419,17298,10922,10497,12793,14969,51416,17297
1685590764,0,1,0,0,500,5728,8550,10899,11948,51242,17252,10878,10451,12748,14921,51221,17256
1685590770,0,1,0,0,500,5711,8523,10869,11909,51089,17211,10843,10421,12708,14875,51084,17209
1685590776,0,1,0,0,455,5690,8490,10824,11867,50920,17169,10804,10376,12661,14829,50922,17167
1685590782,0,1,0,0,455,5673,8469,10790,11829,50774,17127,10766,10346,12615,14793,50741,17127
1685590788,0,1,0,0,454,5653,8438,10756,11789,50602,17079,10726,10305,12586,14748,50598,17083
1685590794,0,1,0,0,453,5630,8406,10712,11747,50436,17036,10680,10264,12528,14695,50420,17037
1685590800,0,1,0,0,453,5615,8382,10679,11704,50272,17004,10645,10236,12499,14656,50284,16996
1685590806,0,1,0,0,452,5597,8356,10649,11664,50124,16950,10604,10196,12458,14613,50114,16948
1685590812,0,1,0,0,451,5579,8329,10612,11625,49967,16907,10570,10159,12407,14565,49959,16916
1685590818,0,1,0,0,451,5560,8299,10577,11583,49764,16863,10532,10118,12363,14520,49772,16858
1685590824,0,1,0,0,450,5537,8271,10543,11540,49617,16811,10490,10080,12318,14474,49613,16812
1685590830,0,1,0,0,445,5519,8239,10498,11496,49435,16766,10444,10039,12271,14424,49442,16762
1685590836,0,1,0,0,445,5503,8214,10468,11462,49285,16725,10408,9996,12223,14377,49265,16720
1685590842,0,1,0,0,444,5483,8185,10435,11417,49120,16684,10373,9965,12186,14335,49088,16677
1685590848,0,1,0,0,444,5465,8160,10393,11384,48971,16642,10333,9929,12146,14295,48964,16641
1685590854,0,1,0,0,443,5443,8129,10358,11338,48789,16592,10287,9885,12102,14233,48779,16591
1685590860,0,1,0,0,442,5424,8101,10321,11296,48616,16544,10253,9847,12050,14190,48625,16554
1685590866,0,1,0,0,442,5408,8069,10278,11250,48420,16498,10211,9806,12002,14135,48436,16497
1685590872,0,1,0,0,441,5389,8047,10251,11217,48286,16451,10171,9764,11962,14093,48260,16460
1685590878,0,1,0,0,440,5370,8018,10211,11172,48130,16407,10136,9733,11917,14057,48129,16407
1685590884,0,1,0,0,440,5351,7989,10176,11133,47971,16366,10094,9693,11875,14011,47962,16366
1685590890,0,1,0,0,435,5332,7962,10139,11092,47804,16325,10066,9663,11844,13976,47820,16336
1685590896,0,1,0,0,435,5317,7940,10114,11060,47673,16289,10025,9625,11796,13928,47654,16291
1685590902,0,1,0,0,434,5299,7909,10072,11015,47516,16237,9978,9585,11748,13879,47483,16237
1685590908,0,1,0,0,433,5276,7880,10033,10974,47324,16192,9941,9544,11700,13827,47305,16190
1685590914,0,1,0,0,433,5261,7857,10003,10939,47180,16156,9903,9513,11670,13793,47167,16156
1685590920,0,1,0,0,432,5244,7829,9970,10896,47015,16112,9872,9476,11626,13748,47011,16109
1685590926,0,1,0,0,431,5220,7795,9923,10854,46830,16062,9821,9434,11572,13693,46828,16063
1685590932,0,1,0,0,431,5207,7771,9898,10814,46659,16022,9792,9398,11534,13656,46678,16029
1685590938,0,1,0,0,430,5190,7745,9866,10774,46538,15989,9750,9364,11500,13612,46531,15983
1685590944,0,1,0,0,430,5170,7714,9822,10734,46379,15938,9715,9328,11452,13565,46347,15934
1685590950,0,1,0,0,425,5153,7692,9787,10696,46193,15890,9674,9292,11407,13522,46207,15890
1685590956,0,1,0,0,425,5136,7667,9758,10659,46046,15847,9639,9258,11369,13483,46047,15850
1685590962,0,1,0,0,424,5110,7633,9716,10614,45889,15803,9600,9217,11323,13432,45891,15804
1685590968,0,1,0,0,423,5098,7610,9693,10572,45738,15765,9566,9182,11283,13392,45740,15763
1685590974,0,1,0,0,423,5079,7580,9650,10537,45574,15718,9527,9143,11239,13345,45581,15719
1685590980,0,1,0,0,422,5062,7556,9613,10498,45424,15675,9485,9111,11199,13297,45422,15676
1685590986,0,1,0,0,421,5042,7530,9581,10460,45269,15638,9452,9075,11157,13257,45254,15635
1685590992,0,1,0,0,421,5026,7505,9548,10422,45124,15594,9415,9040,11119,13218,45116,15597
1685590998,0,1,0,0,420,5007,7477,9515,10381,44963,15559,9383,9002,11079,13177,44977,15558
1685591004,0,1,0,0,420,4990,7451,9482,10344,44791,15515,9341,8964,11038,13132,44795,15512
1685591010,0,1,0,0,415,4968,7420,9446,10304,44654,15469,9300,8930,10997,13096,44647,15468
1685591016,0,1,0,0,414,4954,7397,9409,10272,44491,15427,9265,8896,10953,13045,44490,15430
1685591022,0,1,0,0,414,4938,7371,9374,10230,44350,15389,9228,8862,10909,13003,44343,15389
1685591028,0,1,0,0,413,4918,7346,9346,10193,44205,15351,9194,8827,10870,12955,44196,15349
1685591034,0,1,0,0,413,4900,7321,9310,10155,44051,15309,9159,8790,10835,12923,44046,15308
1685591040,0,1,0,0,412,4883,7293,9275,10116,43878,15276,9119,8757,10792,12876,43874,15268
1685591046,0,1,0,0,412,4867,7266,9243,10071,43722,15230,9085,8722,10753,12834,43737,15228
1685591052,0,1,0,0,411,4850,7241,9213,10042,43601,15192,9048,8686,10710,12793,43585,15189
1685591058,0,1,0,0,410,4834,7215,9173,10002,43445,15146,9012,8652,10675,12752,43433,15144
1685591064,0,1,0,0,410,4816,7186,9139,9964,43288,15103,8973,8614,10629,12706,43276,15102
1685591070,0,1,0,0,405,4795,7157,9103,9922,43121,15061,8939,8578,10584,12658,43106,15060
1685591076,0,1,0,0,405,4779,7131,9067,9884,42967,15022,8902,8543,10551,12619,42965,15017
1685591082,0,1,0,0,404,4760,7100,9036,9848,42818,14977,8867,8507,10506,12573,42812,14977
1685591088,0,1,0,0,403,4740,7074,8998,9800,42663,14930,8823,8471,10463,12527,42640,14930
1685591094,0,1,0,0,403,4724,7048,8967,9767,42526,14887,8790,8438,10426,12487,42501,14887
1685591100,0,1,0,0,402,4707,7029,8938,9733,42383,14848,8755,8400,10388,12448,42360,14845
1685591106,0,1,0,0,402,4692,7001,8905,9698,42213,14810,8719,8372,10343,12407,42212,14807
1685591112,0,1,0,0,401,4670,6973,8868,9654,42046,14763,8683,8333,10306,12356,42039,14754
1685591118,0,1,0,0,400,4654,6946,8836,9619,41909,14718,8648,8300,10264,12319,41902,14721
1685591124,0,1,0,0,400,4637,6920,8801,9581,41762,14678,8614,8265,10227,12278,41757,14677
1685591130,0,1,0,0,355,4622,6895,8770,9545,41607,14637,8581,8233,10190,12237,41601,14634
1685591136,0,1,0,0,355,4601,6869,8733,9505,41447,14591,8537,8194,10143,12183,41432,14587
1685591142,0,1,0,0,354,4583,6843,8702,9465,41293,14552,8501,8160,10103,12146,41287,14548
1685591148,0,1,0,0,354,4565,6813,8667,9427,41138,14515,8466,8126,10066,12098,41139,14505
1685591154,0,1,0,0,353,4552,6790,8634,9392,41004,14467,8436,8092,10027,12057,40978,14468
1685591160,0,1,0,0,353,4534,6765,8602,9354,40848,14426,8400,8059,9990,12021,40848,14426
1685591166,0,1,0,0,352,4513,6738,8566,9313,40674,14381,8358,8023,9947,11975,40684,14381
1685591172,0,1,0,0,351,4498,6710,8532,9278,40539,14338,8321,7984,9904,11934,40529,14333
1685591178,0,1,0,0,351,4480,6690,8503,9244,40403,14296,8289,7957,9871,11891,40390,14290
1685591184,0,1,0,0,350,4463,6660,8470,9202,40244,14247,8257,7920,9827,11849,40233,14245
1685591190,0,1,0,0,350,4448,6634,8434,9166,40087,14204,8213,7880,9785,11805,40049,14200
1685591196,0,1,0,0,345,4428,6612,8400,9134,39938,14156,8184,7851,9751,11769,39935,14154
1685591202,0,1,0,0,344,4410,6584,8371,9095,39785,14104,8145,7816,9707,11724,39771,14102
1685591208,0,1,0,0,344,4393,6559,8336,9055,39635,14058,8111,7782,9670,11678,39623,14060
1685591214,0,1,0,0,343,4374,6532,8303,9018,39476,14008,8077,7747,9628,11643,39463,14008
1685591220,0,1,0,0,343,4358,6508,8269,8978,39322,13958,8044,7713,9588,11594,39314,13956
1685591226,0,1,0,0,342,4338,6480,8236,8938,39154,13911,8003,7679,9545,11547,39151,13907
1685591232,0,1,0,0,342,4325,6456,8201,8904,39009,13861,7966,7640,9497,11502,38994,13867
1685591238,0,1,0,0,341,4306,6427,8169,8867,38855,13821,7936,7605,9466,11460,38838,13820
1685591244,0,1,0,0,340,4289,6404,8135,8830,38685,13764,7896,7573,9425,11418,38680,13764
1685591250,0,1,0,0,340,4270,6377,8102,8791,38544,13715,7863,7539,9383,11374,38527,13712
1685591256,0,1,0,0,335,4253,6352,8068,8755,38387,13670,7827,7507,9345,11332,38381,13665
1685591262,0,1,0,0,335,4237,6327,8035,8718,38229,13617,7791,7471,9300,11286,38227,13615
1685591268,0,1,0,0,334,4218,6301,8000,8678,38074,13574,7757,7438,9257,11240,38067,13566
1685591274,0,1,0,0,334,4202,6276,7970,8642,37920,13516,7722,7399,9221,11197,37910,13519
1685591280,0,1,0,0,333,4183,6250,7937,8605,37764,13466,7685,7362,9177,11152,37728,13463
1685591286,0,1,0,0,332,4167,6225,7902,8567,37611,13430,7649,7332,9137,11110,37601,13419
1685591292,0,1,0,0,332,4149,6197,7868,8527,37452,13373,7615,7299,9095,11061,37445,13373
1685591298,0,1,0,0,331,4132,6172,7833,8490,37297,13326,7581,7263,9053,11017,37279,13321
1685591304,0,1,0,0,331,4114,6146,7796,8456,37143,13277,7543,7231,9015,10975,37137,13274
1685591310,0,1,0,0,330,4095,6117,7767,8416,36977,13233,7506,7190,8971,10926,36972,13224
1685591316,0,1,0,0,330,4080,6092,7735,8378,36825,13184,7472,7158,8932,10878,36814,13174
1685591322,0,1,0,0,325,4063,6071,7709,8342,36674,13128,7439,7126,8891,10844,36670,13136
1685591328,0,1,0,0,324,4038,6033,7656,8291,36480,13074,7386,7079,8835,10767,36452,13079
1685591334,0,1,0,0,324,4030,6020,7643,8269,36365,13041,7370,7057,8811,10749,36353,13036
1685591340,0,1,0,0,323,4007,5990,7602,8227,36195,12988,7327,7015,8764,10698,36187,12985
1685591346,0,1,0,0,323,3993,5967,7570,8190,36046,12946,7298,6985,8727,10655,36044,12941
1685591352,0,1,0,0,322,3976,5940,7541,8159,35910,12894,7260,6952,8688,10611,35898,12894
1685591358,0,1,0,0,321,3961,5918,7506,8120,35741,12845,7226,6919,8645,10567,35733,12845
1685591364,0,1,0,0,321,3947,5895,7475,8088,35611,12804,7198,6887,8606,10524,35591,12802
1685591370,0,1,0,0,320,3924,5864,7440,8044,35426,12758,7151,6843,8559,10472,35411,12748
1685591376,0,1,0,0,320,3909,5839,7412,8011,35264,12714,7126,6820,8529,10441,35269,12707
1685591382,0,1,0,0,315,3892,5817,7380,7974,35131,12659,7090,6782,8488,10388,35129,12661
1685591388,0,1,0,0,315,3876,5793,7347,7933,34973,12616,7054,6751,8446,10348,34969,12616
1685591394,0,1,0,0,314,3860,5769,7314,7903,34807,12573,7024,6717,8408,10304,34821,12572
1685591400,0,1,0,0,313,3842,5742,7282,7863,34662,12527,6983,6682,8365,10261,34652,12528
1685591406,0,1,0,0,313,3825,5719,7255,7827,34517,12485,6951,6649,8328,10217,34508,12487
1685591412,0,1,0,0,312,3807,5695,7219,7788,34348,12439,6914,6615,8284,10170,34355,12440
1685591418,0,1,0,0,312,3792,5670,7192,7757,34215,12402,6881,6582,8243,10122,34205,12400
1685591424,0,1,0,0,311,3774,5644,7153,7719,34059,12356,6846,6544,8202,10078,34036,12354
1685591430,0,1,0,0,311,3759,5618,7121,7683,33902,12308,6814,6512,8163,10037,33893,12308
1685591436,0,1,0,0,310,3743,5593,7088,7646,33734,12266,6780,6480,8127,9985,33748,12270
1685591442,0,1,0,0,310,3725,5570,7058,7609,33618,12226,6747,6450,8088,9948,33591,12222
1685591448,0,1,0,0,305,3710,5546,7033,7577,33474,12188,6715,6417,8049,9903,33449,12187
1685591454,0,1,0,0,305,3693,5519,6997,7542,33328,12143,6681,6384,8009,9860,33315,12141
1685591460,0,1,0,0,304,3676,5498,6966,7506,33176,12095,6648,6349,7971,9821,33154,12091
1685591466,0,1,0,0,303,3661,5472,6936,7468,33037,12048,6618,6323,7934,9781,33031,12048
1685591472,0,1,0,0,303,3644,5446,6905,7438,32885,12002,6583,6290,7893,9732,32878,12005
1685591478,0,1,0,0,302,3626,5422,6873,7402,32743,11965,6552,6258,7859,9692,32737,11956
1685591484,0,1,0,0,302,3613,5401,6843,7368,32578,11912,6515,6225,7820,9654,32592,11908
1685591490,0,1,0,0,301,3597,5380,6815,7332,32449,11867,6483,6191,7782,9609,32438,11867
1685591496,0,1,0,0,301,3580,5354,6783,7299,32301,11820,6454,6158,7743,9566,32278,11826
1685591502,0,1,0,0,300,3565,5330,6752,7265,32161,11782,6419,6131,7705,9524,32135,11782
1685591508,0,1,0,0,300,3548,5304,6718,7223,31996,11722,6384,6095,7663,9475,31985,11719
1685591514,0,1,0,0,255,3529,5278,6686,7192,31833,11680,6352,6064,7624,9430,31844,11674
1685591520,0,1,0,0,254,3513,5256,6659,7157,31700,11626,6323,6033,7590,9389,31697,11625
1685591526,0,1,0,0,254,3497,5233,6628,7126,31561,11580,6290,6001,7555,9351,31546,11578
1685591532,0,1,0,0,253,3481,5209,6596,7090,31388,11530,6253,5967,7514,9310,31396,11532
1685591538,0,1,0,0,253,3463,5183,6563,7051,31249,11476,6219,5932,7468,9256,31229,11470
1685591544,0,1,0,0,252,3448,5160,6531,7013,31102,11436,6189,5904,7434,9216,31079,11425
1685591550,0,1,0,0,252,3432,5137,6503,6982,30952,11378,6158,5871,7397,9174,30948,11376
1685591556,0,1,0,0,251,3416,5111,6474,6948,30800,11328,6124,5836,7356,9123,30790,11328
1685591562,0,1,0,0,251,3400,5088,6439,6912,30655,11280,6089,5806,7320,9085,30651,11276
1685591568,0,1,0,0,250,3385,5064,6412,6877,30508,11238,6059,5778,7276,9039,30498,11227
1685591574,0,1,0,0,250,3368,5038,6381,6844,30359,11186,6026,5744,7242,8999,30351,11184
1685591580,0,1,0,0,245,3349,5015,6343,6805,30203,11136,5993,5713,7204,8956,30203,11142
1685591586,0,1,0,0,245,3334,4992,6319,6775,30063,11096,5959,5683,7166,8906,30054,11088
1685591592,0,1,0,0,244,3317,4966,6285,6734,29907,11042,5927,5648,7127,8867,29900,11042
1685591598,0,1,0,0,243,3305,4946,6260,6706,29769,11002,5900,5619,7091,8829,29766,11002
1685591604,0,1,0,0,243,3286,4920,6231,6675,29637,10954,5864,5587,7056,8781,29622,10952
1685591610,0,1,0,0,242,3271,4900,6200,6640,29490,10910,5836,5559,7021,8744,29487,10910
1685591616,0,1,0,0,242,3256,4875,6169,6604,29334,10868,5799,5527,6980,8698,29326,10860
1685591622,0,1,0,0,241,3242,4852,6141,6570,29201,10818,5770,5497,6945,8655,29192,10818
1685591628,0,1,0,0,241,3225,4828,6110,6534,29047,10768,5739,5465,6900,8617,29046,10767
1685591634,0,1,0,0,240,3208,4803,6076,6504,28904,10730,5706,5435,6868,8571,28886,10728
1685591640,0,1,0,0,240,3193,4780,6050,6471,28751,10678,5678,5405,6832,8531,28758,10679
1685591646,0,1,0,0,235,3177,4759,6020,6434,28627,10640,5643,5373,6794,8485,28614,10632
1685591652,0,1,0,0,235,3163,4735,5994,6407,28479,10594,5615,5345,6761,8452,28488,10592
1685591658,0,1,0,0,234,3145,4711,5962,6370,28338,10552,5582,5312,6722,8399,28318,10546
1685591664,0,1,0,0,234,3130,4688,5931,6333,28181,10498,5553,5281,6682,8360,28166,10502
1685591670,0,1,0,0,233,3113,4665,5899,6302,28045,10456,5519,5252,6646,8316,28030,10448
1685591676,0,1,0,0,233,3097,4642,5869,6267,27901,10400,5486,5220,6609,8271,27875,10404
1685591682,0,1,0,0,232,3080,4616,5837,6233,27738,10358,5455,5186,6572,8228,27731,10350
1685591688,0,1,0,0,232,3067,4596,5813,6202,27596,10304,5425,5159,6538,8187,27583,10304
1685591694,0,1,0,0,231,3051,4574,5781,6166,27454,10266,5397,5127,6497,8143,27462,10264
1685591700,0,1,0,0,231,3035,4550,5752,6138,27299,10216,5365,5100,6462,8104,27309,10214
1685591706,0,1,0,0,230,3021,4526,5723,6100,27185,10168,5334,5069,6425,8061,27164,10168
1685591712,0,1,0,0,230,3007,4503,5693,6068,27032,10120,5305,5039,6388,8014,27031,10118
1685591718,0,1,0,0,225,2991,4483,5664,6040,26907,10076,5272,5012,6353,7979,26886,10074
1685591724,0,1,0,0,225,2974,4458,5635,6007,26755,10036,5246,4983,6314,7938,26748,10026
1685591730,0,1,0,0,224,2960,4435,5602,5973,26600,9984,5211,4951,6285,7889,26596,9984
1685591736,0,1,0,0,224,2943,4413,5577,5940,26466,9930,5181,4921,6243,7847,26447,9928
1685591742,0,1,0,0,223,2928,4390,5548,5907,26316,9885,5154,4892,6209,7810,26327,9892
1685591748,0,1,0,0,223,2912,4368,5520,5875,26175,9840,5122,4863,6172,7768,26179,9838
1685591754,0,1,0,0,222,2899,4345,5489,5843,26038,9796,5094,4831,6135,7726,26032,9788
1685591760,0,1,0,0,222,2883,4322,5462,5810,25900,9746,5061,4804,6101,7685,25896,9744
1685591766,0,1,0,0,221,2869,4302,5434,5777,25765,9708,5031,4775,6066,7644,25757,9706
1685591772,0,1,0,0,220,2851,4276,5403,5747,25628,9650,5004,4744,6029,7598,25620,9654
1685591778,0,1,0,0,220,2839,4256,5373,5714,25483,9612,4971,4717,5994,7558,25478,9606
1685591784,0,1,0,0,215,2821,4232,5346,5682,25345,9558,4940,4686,5957,7512,25329,9554
1685591790,0,1,0,0,215,2808,4208,5319,5648,25201,9518,4912,4657,5924,7474,25198,9510
1685591796,0,1,0,0,215,2795,4187,5291,5621,25069,9470,4884,4633,5893,7437,25065,9466
1685591802,0,1,0,0,214,2777,4163,5259,5585,24931,9422,4856,4601,5854,7393,24923,9424
1685591808,0,1,0,0,214,2764,4146,5234,5556,24804,9380,4827,4574,5819,7352,24783,9378
1685591814,0,1,0,0,213,2748,4124,5204,5524,24665,9334,4796,4543,5784,7312,24647,9330
1685591820,0,1,0,0,213,2734,4102,5178,5492,24522,9290,4767,4516,5747,7274,24520,9286
1685591826,0,1,0,0,212,2720,4079,5152,5462,24404,9242,4743,4492,5714,7234,24389,9250
1685591832,0,1,0,0,212,2705,4058,5123,5435,24261,9202,4713,4459,5682,7190,24247,9198
1685591838,0,1,0,0,211,2691,4037,5095,5401,24127,9156,4680,4431,5644,7153,24111,9158
1685591844,0,1,0,0,211,2675,4015,5066,5369,23986,9104,4656,4408,5616,7109,23972,9108
1685591850,0,1,0,0,210,2662,3995,5038,5338,23852,9058,4627,4376,5577,7066,23834,9056
1685591856,0,1,0,0,210,2647,3974,5010,5308,23720,9020,4601,4350,5546,7033,23713,9018
1685591862,0,1,0,0,205,2631,3949,4978,5275,23576,8972,4570,4320,5509,6983,23568,8964
1685591868,0,1,0,0,205,2617,3927,4955,5244,23432,8920,4538,4291,5475,6947,23434,8918
1685591874,0,1,0,0,204,2603,3905,4927,5208,23294,8874,4508,4265,5438,6906,23297,8876
1685591880,0,1,0,0,204,2588,3885,4898,5180,23163,8834,4482,4239,5403,6868,23157,8834
1685591886,0,1,0,0,203,2572,3861,4872,5153,23026,8786,4455,4211,5374,6829,23038,8784
1685591892,0,1,0,0,203,2560,3844,4845,5124,22904,8740,4429,4182,5344,6786,22898,8740
1685591898,0,1,0,0,202,2545,3821,4820,5092,22775,8696,4400,4158,5309,6748,22756,8692
1685591904,0,1,0,0,202,2529,3799,4788,5062,22638,8650,4369,4128,5270,6701,22630,8648
1685591910,0,1,0,0,201,2517,3780,4762,5034,22512,8614,4345,4104,5238,6663,22493,8606
1685591916,0,1,0,0,201,2502,3758,4737,5001,22383,8566,4315,4076,5207,6630,22376,8564
1685591922,0,1,0,0,201,2488,3738,4710,4974,22251,8522,4291,4051,5175,6592,22247,8518
1685591928,0,1,0,0,200,2475,3717,4684,4945,22112,8474,4265,4025,5143,6553,22116,8477
1685591934,0,1,0,0,200,2460,3696,4657,4915,21989,8434,4235,3996,5109,6514,21981,8432
1685591940,0,1,0,0,155,2445,3677,4631,4884,21861,8390,4207,3970,5076,6479,21857,8386
1685591946,0,1,0,0,155,2432,3653,4604,4853,21726,8338,4181,3944,5042,6432,21718,8334
1685591952,0,1,0,0,154,2417,3632,4577,4824,21587,8292,4154,3916,5010,6397,21591,8290
1685591958,0,1,0,0,154,2404,3614,4551,4794,21467,8244,4129,3892,4976,6355,21459,8246
1685591964,0,1,0,0,153,2390,3594,4526,4765,21345,8202,4100,3863,4945,6318,21324,8206
1685591970,0,1,0,0,153,2376,3572,4497,4735,21201,8158,4075,3838,4913,6278,21200,8156
1685591976,0,1,0,0,152,2362,3552,4471,4707,21078,8116,4046,3812,4878,6237,21074,8112
1685591982,0,1,0,0,152,2349,3532,4447,4678,20948,8067,4020,3788,4849,6199,20939,8066
1685591988,0,1,0,0,152,2335,3512,4420,4650,20827,8026,3995,3762,4816,6164,20821,8022
1685591994,0,1,0,0,151,2320,3489,4388,4616,20684,7978,3965,3735,4779,6120,20682,7976
