Timestamp,Amber,White,On,Override,Intensity,AS00,AS01,AS02,AS03,AS04,AS05,AS06,AS07,AS08,AS09,AS10,AS11
1685581200,0,1,0,0,1223223,49870,65535,65535,65535,65535,65535,65535,65535,65535,65535,65535,65535
1685581206,0,1,0,0,1223223,49960,65535,65535,65535,65535,65535,65535,65535,65535,65535,65535,65535
1685581212,0,1,0,0,1223223,50124,65535,65535,65535,65535,65535,65535,65535,65535,65535,65535,65535
1685581218,0,1,0,0,1223223,50264,65535,65535,65535,65535,65535,65535,65535,65535,65535,65535,65535
1685581224,0,1,0,0,1223223,50294,65535,65535,65535,65535,65535,65535,65535,65535,65535,65535,65535
1685581230,0,1,0,0,1223223,50069,65535,65535,65535,65535,65535,65535,65535,65535,65535,65535,65535
1685581236,0,1,0,0,1223223,50100,65535,65535,65535,65535,65535,65535,65535,65535,65535,65535,65535
1685581242,0,1,0,0,1223223,50495,65535,65535,65535,65535,65535,65535,65535,65535,65535,65535,65535
1685581248,0,1,0,0,1223223,50500,65535,65535,65535,65535,65535,65535,65535,65535,65535,65535,65535
1685581254,0,1,0,0,1223223,50500,65535,65535,65535,65535,65535,65535,65535,65535,65535,65535,65535
1685581260,0,1,0,0,1223223,50377,65535,65535,65535,65535,65535,65535,65535,65535,65535,65535,65535
1685581266,0,1,0,0,1223223,50448,65535,65535,65535,65535,65535,65535,65535,65535,65535,65535,65535
1685581272,0,1,0,0,1223223,50500,65535,65535,65535,65535,65535,65535,65535,65535,65535,65535,65535
1685581278,0,1,0,0,1223223,50545,65535,65535,65535,65535,65535,65535,65535,65535,65535,65535,65535
1685581284,0,1,0,0,1223223,50638,65535,65535,65535,65535,65535,65535,65535,65535,65535,65535,65535
1685581290,0,1,0,0,1223223,50515,65535,65535,65535,65535,65535,65535,65535,65535,65535,65535,65535
1685581296,0,1,0,0,1223223,50508,65535,65535,65535,65535,65535,65535,65535,65535,65535,65535,65535
1685581302,0,1,0,0,1223223,50505,65535,65535,65535,65535,65535,65535,65535,65535,65535,65535,65535
1685581308,0,1,0,0,1223223,50501,65535,65535,65535,65535,65535,65535,65535,65535,65535,65535,65535
1685581314,0,1,0,0,1223223,50537,65535,65535,65535,65535,65535,65535,65535,65535,65535,65535,65535
1685581320,0,1,0,0,1223223,50501,65535,65535,65535,65535,65535,65535,65535,65535,65535,65535,65535
1685581326,0,1,0,0,1223223,50500,65535,65535,65535,65535,65535,65535,65535,65535,65535,65535,65535
1685581332,0,1,0,0,1223223,50188,65535,65535,65535,65535,65535,65535,65535,65535,65535,65535,65535
1685581338,0,1,0,0,1223223,50018,65535,65535,65535,65535,65535,65535,65535,65535,65535,65535,65535
1685581344,0,1,0,0,1223223,49843,65535,65535,65535,65535,65535,65535,65535,65535,65535,65535,65535
1685581350,0,1,0,0,1223223,49936,65535,65535,65535,65535,65535,65535,65535,65535,65535,65535,65535
1685581356,0,1,0,0,1223223,49497,65535,65535,65535,65535,65535,65535,65535,65535,65535,65535,65535
1685581362,0,1,0,0,1223223,49547,65535,65535,65535,65535,65535,65535,65535,65535,65535,65535,65535
1685581368,0,1,0,0,1223223,49316,65535,65535,65535,65535,65535,65535,65535,65535,65535,65535,65535
1685581374,0,1,0,0,1223223,49134,65535,65535,65535,65535,65535,65535,65535,65535,65535,65535,65535
1685581380,0,1,0,0,1223223,48893,65535,65535,65535,65535,65535,65535,65535,65535,65535,65535,65535
1685581386,0,1,0,0,1223223,48642,65535,65535,65535,65535,65535,65535,65535,65535,65535,65535,65535
1685581392,0,1,0,0,1223223,48191,65535,65535,65535,65535,65535,65535,65535,65535,65535,65535,65535
1685581398,0,1,0,0,1223223,48123,65535,65535,65535,65535,65535,65535,65535,65535,65535,65535,65535
1685581404,0,1,0,0,11015,47635,65535,65535,65535,65535,65535,65535,65535,65535,65535,65535,65535
1685581410,0,1,0,0,10543,47464,65535,65535,65535,65535,65535,65535,65535,65535,65535,65535,65535
1685581416,0,1,0,0,10510,47090,65535,65535,65535,65535,65535,65535,65535,65535,65535,65535,65535
1685581422,0,1,0,0,10434,46508,65535,65535,65535,65535,65535,65535,65535,65535,65535,65535,65535
1685581428,0,1,0,0,10403,45957,65535,65535,65535,65535,65535,65535,65535,65535,65535,65535,65535
1685581434,0,1,0,0,10331,45370,65535,65535,65535,65535,65535,65535,65535,65535,65535,65535,65535
1685581440,0,1,0,0,10302,44727,65535,65535,65535,65535,65535,65535,65535,65535,65535,65535,65535
1685581446,0,1,0,0,10225,44203,65095,65535,65535,65535,65535,65535,65535,65535,65535,65535,65535
1685581452,0,1,0,0,10155,43680,64294,65535,65535,65535,65535,65535,65535,65535,65535,65535,65535
1685581458,0,1,0,0,10124,43154,63478,65535,65535,65535,65535,65535,65535,65535,65535,65535,65535
1685581464,0,1,0,0,10102,42619,62659,65535,65535,65535,65535,65535,65535,65535,65535,65535,65535
1685581470,0,1,0,0,10034,42046,61787,65535,65535,65535,65535,65535,65535,65535,65535,65535,65535
1685581476,0,1,0,0,10004,41462,60886,65535,65535,65535,65535,65535,65535,65535,65535,65535,65535
1685581482,0,1,0,0,5535,40990,60179,65535,65535,65535,65535,65535,65535,65535,65535,65535,65535
1685581488,0,1,0,0,5511,40519,59338,65535,65535,65535,65535,65535,65535,65535,65535,65535,65535
1685581494,0,1,0,0,5441,40024,58587,65535,65535,65535,65535,65535,65535,65535,65535,65535,65535
1685581500,0,1,0,0,5413,39519,57783,65535,65535,65535,65535,65535,65535,65535,65535,65535,65535
1685581506,0,1,0,0,5344,39051,57094,65535,65535,65535,65535,65535,65535,65535,65535,65535,65535
1685581512,0,1,0,0,5314,38663,56475,65535,65535,65535,65535,65535,65535,65535,65535,65535,65535
1685581518,0,1,0,0,5251,38326,55927,65535,65535,65535,65535,65535,65535,65535,65535,65535,65535
1685581524,0,1,0,0,5224,38003,55397,65535,65535,65535,65535,65535,65535,65535,65535,65535,65535
1685581530,0,1,0,0,5203,37681,54899,65535,65535,65535,65535,65535,65535,65535,65535,65535,65535
1685581536,0,1,0,0,5141,37414,54495,65535,65535,65535,65535,65535,65535,65535,65535,65535,65535
1685581542,0,1,0,0,5121,37159,54097,65535,65535,65535,65535,65535,65535,65535,65535,65535,65535
1685581548,0,1,0,0,5101,36912,53688,65535,65535,65535,65535,65535,65535,65535,65535,65535,65535
1685581554,0,1,0,0,5042,36676,53348,65535,65535,65535,65535,65535,65535,65535,65535,65535,65535
1685581560,0,1,0,0,5024,36452,52988,65535,65535,65535,65535,65535,65535,65535,65535,65535,65535
1685581566,0,1,0,0,5010,36199,52614,65178,65535,65535,65535,65535,65535,65535,65535,65535,65535
1685581572,0,1,0,0,4552,35942,52211,64615,65535,65535,65535,65535,65535,65535,65535,65535,65535
1685581578,0,1,0,0,4534,35701,51832,64100,65535,65535,65535,65535,65535,65535,65535,65535,65535
1685581584,0,1,0,0,4521,35439,51434,63548,65535,65535,65535,65535,65535,65535,65535,65535,65535
1685581590,0,1,0,0,4504,35204,51048,63107,65535,65535,65535,65535,65535,65535,65535,65535,65535
1685581596,0,1,0,0,4451,34966,50618,62555,65535,65535,65535,65535,65535,65535,65535,65535,65535
1685581602,0,1,0,0,4435,34790,50475,62143,65535,65535,65535,65535,65535,65535,65535,65535,65535
1685581608,0,1,0,0,4423,34589,50124,61703,65535,65535,65535,65535,65535,65535,65535,65535,65535
1685581614,0,1,0,0,4411,34406,49784,61268,65535,65535,65535,65535,65122,65535,65535,65535,65535
1685581620,0,1,0,0,4401,34242,49531,60909,65535,65535,65535,65535,64588,65535,65535,65535,65535
1685581626,0,1,0,0,4350,34139,49321,60629,65535,65535,65535,65535,64168,65535,65535,65535,65535
1685581632,0,1,0,0,4340,34022,49138,60333,65535,65535,65535,65350,63794,65535,65535,65535,65535
1685581638,0,1,0,0,4330,33863,48902,60032,65535,65535,65535,64922,63331,65535,65535,65535,65535
1685581644,0,1,0,0,4320,33674,48651,59694,65535,65535,65535,64510,62859,65535,65535,65535,65535
1685581650,0,1,0,0,4310,33638,48440,59432,65535,65535,65535,64111,62424,65535,65535,65535,65535
1685581656,0,1,0,0,4301,33476,48249,59150,65303,65535,65535,63720,62033,65535,65535,65535,65535
1685581662,0,1,0,0,4251,33381,48101,58962,65035,65535,65535,63400,61687,65535,65535,65535,65535
1685581668,0,1,0,0,4244,33284,47954,58747,64794,65535,65535,63151,61427,65535,65535,65535,65535
1685581674,0,1,0,0,4240,33203,47837,58610,64625,65535,65535,62968,61191,65535,65535,65535,65535
1685581680,0,1,0,0,4234,33167,47787,58534,64530,65535,65535,62814,61064,65535,65535,65535,65535
1685581686,0,1,0,0,4232,33115,47696,58400,64415,65535,65535,62695,60927,65535,65535,65535,65535
1685581692,0,1,0,0,4230,33128,47702,58402,64373,65535,65535,62649,60873,65535,65535,65535,65535
1685581698,0,1,0,0,4230,33124,47691,58364,64358,65535,65535,62666,60904,65535,65535,65535,65535
1685581704,0,1,0,0,4225,33144,47693,58365,64405,65535,65535,62658,60903,65535,65535,65535,65535
1685581710,0,1,0,0,4225,33116,47662,58356,64354,65535,65535,62621,60866,65535,65535,65535,65535
1685581716,0,1,0,0,4225,33092,47615,58301,64337,65535,65535,62562,60810,65535,65535,65535,65535
1685581722,0,1,0,0,4225,33078,47614,58285,64307,65535,65535,62513,60736,65535,65535,65535,65535
1685581728,0,1,0,0,4230,33061,47576,58250,64231,65535,65535,62492,60723,65535,65535,65535,65535
1685581734,0,1,0,0,4225,33057,47554,58209,64244,65535,65535,62457,60670,65535,65535,65535,65535
1685581740,0,1,0,0,4225,33031,47537,58194,64208,65535,65535,62420,60665,65535,65535,65535,65535
1685581746,0,1,0,0,4225,33014,47508,58145,64194,65535,65535,62425,60631,65535,65535,65535,65535
1685581752,0,1,0,0,4230,33022,47521,58137,64204,65535,65535,62389,60607,65535,65535,65535,65535
1685581758,0,1,0,0,4231,33012,47481,58135,64158,65535,65535,62356,60607,65535,65535,65535,65535
1685581764,0,1,0,0,4231,33011,47476,58120,64186,65535,65535,62364,60602,65535,65535,65535,65535
1685581770,0,1,0,0,4232,32992,47454,58084,64159,65535,65535,62332,60602,65535,65535,65535,65535
1685581776,0,1,0,0,4233,32978,47421,58061,64099,65535,65535,62294,60557,65535,65535,65535,65535
1685581782,0,1,0,0,4234,32970,47423,58033,64120,65535,65535,62308,60530,65535,65535,65535,65535
1685581788,0,1,0,0,4234,32971,47382,58024,64044,65535,65535,62199,60478,65535,65535,65535,65535
1685581794,0,1,0,0,4234,32933,47368,57999,64036,65535,65535,62152,60410,65535,65535,65535,65535
1685581800,0,1,0,0,4234,32915,47342,57937,63963,65535,65535,62133,60396,65535,65535,65535,65535
1685581806,0,1,0,0,4233,32923,47360,57951,63985,65535,65535,62130,60393,65535,65535,65535,65535
1685581812,0,1,0,0,4233,32921,47347,57961,64016,65535,65535,62146,60435,65535,65535,65535,65535
1685581818,0,1,0,0,4232,32938,47376,58005,64086,65535,65535,62230,60517,65535,65535,65535,65535
1685581824,0,1,0,0,4231,32963,47425,58060,64136,65535,65535,62308,60633,65535,65535,65535,65535
1685581830,0,1,0,0,4232,32998,47488,58139,64238,65535,65535,62445,60771,65535,65535,65535,65535
1685581836,0,1,0,0,4232,33035,47556,58229,64376,65535,65535,62552,60908,65535,65535,65535,65535
1685581842,0,1,0,0,4232,33065,47608,58316,64452,65535,65535,62672,61039,65535,65535,65535,65535
1685581848,0,1,0,0,4231,33093,47645,58378,64519,65535,65535,62755,61137,65535,65535,65535,65535
1685581854,0,1,0,0,4231,33116,47677,58455,64585,65535,65535,62819,61190,65535,65535,65535,65535
1685581860,0,1,0,0,4231,33153,47716,58464,64658,65535,65535,62910,61277,65535,65535,65535,65535
1685581866,0,1,0,0,4231,33165,47754,58530,64708,65535,65535,62961,61354,65535,65535,65535,65535
1685581872,0,1,0,0,4231,33170,47771,58534,64753,65535,65535,63011,61416,65535,65535,65535,65535
1685581878,0,1,0,0,4231,33191,47818,58618,64825,65535,65535,63132,61479,65535,65535,65535,65535
1685581884,0,1,0,0,4231,33209,47838,58656,64913,65535,65535,63149,61547,65535,65535,65535,65535
1685581890,0,1,0,0,4231,33229,47868,58688,64929,65535,65535,63196,61590,65535,65535,65535,65535
1685581896,0,1,0,0,4231,33227,47832,58641,64922,65535,65535,63203,61595,65535,65535,65535,65535
1685581902,0,1,0,0,4231,33232,47866,58707,64978,65535,65535,63221,61601,65535,65535,65535,65535
1685581908,0,1,0,0,4231,33223,47823,58682,64930,65535,65535,63232,61607,65535,65535,65535,65535
1685581914,0,1,0,0,4232,33219,47842,58670,64933,65535,65535,63221,61588,65535,65535,65535,65535
1685581920,0,1,0,0,4232,33210,47822,58646,64931,65535,65535,63191,61555,65535,65535,65535,65535
1685581926,0,1,0,0,4232,33191,47802,58635,64912,65535,65535,63164,61517,65535,65535,65535,65535
1685581932,0,1,0,0,4233,33203,47797,58601,64860,65535,65535,63139,61495,65535,65535,65535,65535
1685581938,0,1,0,0,4233,33172,47767,58596,64826,65535,65535,63108,61451,65535,65535,65535,65535
1685581944,0,1,0,0,4234,33149,47727,58522,64799,65535,65535,63052,61410,65535,65535,65535,65535
1685581950,0,1,0,0,4235,33143,47720,58531,64779,65535,65535,63045,61363,65535,65535,65535,65535
1685581956,0,1,0,0,4240,33142,47704,58526,64778,65535,65535,63060,61389,65535,65535,65535,65535
1685581962,0,1,0,0,4240,33127,47693,58479,64798,65535,65535,63078,61390,65535,65535,65535,65535
1685581968,0,1,0,0,4241,33141,47689,58502,64776,65535,65535,63054,61384,65535,65535,65535,65535
1685581974,0,1,0,0,4241,33131,47678,58460,64815,65535,65535,63045,61365,65535,65535,65535,65535
1685581980,0,1,0,0,4242,33138,47656,58433,64765,65535,65535,63016,61339,65535,65535,65535,65535
1685581986,0,1,0,0,4243,33100,47632,58398,64710,65535,65535,62957,61303,65535,65535,65535,65535
1685581992,0,1,0,0,4242,33083,47595,58384,64699,65535,65535,62891,61193,65535,65535,65535,65535
1685581998,0,1,0,0,4241,33056,47537,58271,64612,65535,65535,62823,61129,65535,65535,65535,65535
1685582004,0,1,0,0,4241,33028,47494,58209,64511,65535,65535,62728,61023,65535,65535,65535,65535
1685582010,0,1,0,0,4241,33011,47463,58194,64462,65535,65535,62654,60953,65535,65535,65535,65535
1685582016,0,1,0,0,4240,32992,47427,58152,64430,65535,65535,62602,60923,65535,65535,65535,65535
1685582022,0,1,0,0,4240,32972,47389,58100,64426,65535,65535,62569,60864,65535,65535,65535,65535
1685582028,0,1,0,0,4234,32962,47377,58035,64356,65535,65535,62549,60864,65535,65535,65535,65535
1685582034,0,1,0,0,4234,32978,47371,58061,64402,65535,65535,62590,60899,65535,65535,65535,65535
1685582040,0,1,0,0,4234,32990,47384,58072,64443,65535,65535,62637,60963,65535,65535,65535,65535
1685582046,0,1,0,0,4234,32997,47387,58097,64477,65535,65535,62667,61011,65535,65535,65535,65535
1685582052,0,1,0,0,4234,33017,47401,58107,64534,65535,65535,62720,61092,65535,65535,65535,65535
1685582058,0,1,0,0,4235,33044,47427,58135,64631,65535,65535,62819,61233,65535,65535,65535,65535
1685582064,0,1,0,0,4241,33084,47477,58229,64733,65535,65535,62909,61368,65535,65535,65535,65535
1685582070,0,1,0,0,4242,33104,47495,58266,64849,65535,65535,63003,61502,65535,65535,65535,65535
1685582076,0,1,0,0,4250,33163,47573,58350,64983,65535,65535,63160,61702,65535,65535,65535,65535
1685582082,0,1,0,0,4253,33194,47608,58378,65093,65535,65535,63266,61835,65535,65535,65535,65535
1685582088,0,1,0,0,4301,33242,47663,58440,65239,65535,65535,63401,62019,65535,65535,65535,65535
1685582094,0,1,0,0,4305,33293,47725,58515,65396,65535,65535,63560,62243,65535,65535,65535,65535
1685582100,0,1,0,0,4320,33355,47803,58626,65535,65535,65535,63736,62470,65535,65535,65535,65535
1685582106,0,1,0,0,4325,33409,47872,58711,65535,65535,65535,63885,62678,65535,65535,65535,65535
1685582112,0,1,0,0,4340,33483,47954,58817,65535,65535,65535,64075,62912,65535,65535,65535,65535
1685582118,0,1,0,0,4351,33532,48021,58926,65535,65535,65535,64229,63121,65535,65535,65535,65535
1685582124,0,1,0,0,4403,33617,48108,59056,65535,65535,65535,64390,63356,65535,65535,65535,65535
1685582130,0,1,0,0,4415,33661,48191,59122,65535,65535,65535,64593,63605,65535,65535,65535,65535
1685582136,0,1,0,0,4433,33669,48270,59215,65535,65535,65535,64770,63827,65535,65535,65535,65535
1685582142,0,1,0,0,4444,33705,48324,59324,65535,65535,65535,64948,64032,65535,65535,65535,65535
1685582148,0,1,0,0,4454,33733,48381,59375,65535,65535,65535,65080,64239,65535,65535,65535,65535
1685582154,0,1,0,0,4512,33862,48547,59632,65535,65535,65535,65385,64603,65535,65535,65535,65535
1685582160,0,1,0,0,4525,33944,48648,59725,65535,65535,65535,65535,64905,65535,65535,65535,65535
1685582166,0,1,0,0,4542,34046,48803,59931,65535,65535,65535,65535,65296,65535,65535,65535,65535
1685582172,0,1,0,0,4555,34153,48958,60205,65535,65535,65535,65535,65535,65535,65535,65535,65535
1685582178,0,1,0,0,5011,34260,49135,60376,65535,65535,65535,65535,65535,65535,65535,65535,65535
1685582184,0,1,0,0,5023,34363,49320,60610,65535,65535,65535,65535,65535,65535,65535,65535,65535
1685582190,0,1,0,0,5032,34470,49508,60889,65535,65535,65535,65535,65535,65535,65535,65535,65535
1685582196,0,1,0,0,5042,34603,49729,61211,65535,65535,65535,65535,65535,65535,65535,65535,65535
1685582202,0,1,0,0,5052,34711,49925,61455,65535,65535,65535,65535,65535,65535,65535,65535,65535
1685582208,0,1,0,0,5100,34847,50158,61792,65535,65535,65535,65535,65535,65535,65535,65535,65535
1685582214,0,1,0,0,5105,35030,50493,62204,65535,65535,65535,65535,65535,65535,65535,65535,65535
1685582220,0,1,0,0,5113,35180,50622,62559,65535,65535,65535,65535,65535,65535,65535,65535,65535
1685582226,0,1,0,0,5120,35369,50996,63013,65535,65535,65535,65535,65535,65535,65535,65535,65535
1685582232,0,1,0,0,5124,35564,51349,63456,65535,65535,65535,65535,65535,65535,65535,65535,65535
1685582238,0,1,0,0,5131,35768,51691,63933,65535,65535,65535,65535,65535,65535,65535,65535,65535
1685582244,0,1,0,0,5140,35987,52074,64463,65535,65535,65535,65535,65535,65535,65535,65535,65535
1685582250,0,1,0,0,5144,36189,52460,64982,65535,65535,65535,65535,65535,65535,65535,65535,65535
1685582256,0,1,0,0,5152,36442,52838,65535,65535,65535,65535,65535,65535,65535,65535,65535,65535
1685582262,0,1,0,0,5201,36678,53266,65535,65535,65535,65535,65535,65535,65535,65535,65535,65535
1685582268,0,1,0,0,5211,36927,53682,65535,65535,65535,65535,65535,65535,65535,65535,65535,65535
1685582274,0,1,0,0,5220,37192,54117,65535,65535,65535,65535,65535,65535,65535,65535,65535,65535
1685582280,0,1,0,0,5225,37488,54596,65535,65535,65535,65535,65535,65535,65535,65535,65535,65535
1685582286,0,1,0,0,5240,37780,55078,65535,65535,65535,65535,65535,65535,65535,65535,65535,65535
1685582292,0,1,0,0,5251,38093,55580,65535,65535,65535,65535,65535,65535,65535,65535,65535,65535
1685582298,0,1,0,0,5301,38366,56035,65535,65535,65535,65535,65535,65535,65535,65535,65535,65535
1685582304,0,1,0,0,5313,38665,56481,65535,65535,65535,65535,65535,65535,65535,65535,65535,65535
1685582310,0,1,0,0,5325,38965,57011,65535,65535,65535,65535,65535,65535,65535,65535,65535,65535
1685582316,0,1,0,0,5342,39284,57549,65535,65535,65535,65535,65535,65535,65535,65535,65535,65535
1685582322,0,1,0,0,5400,39624,58048,65535,65535,65535,65535,65535,65535,65535,65535,65535,65535
1685582328,0,1,0,0,5415,39983,58639,65535,65535,65535,65535,65535,65535,65535,65535,65535,65535
1685582334,0,1,0,0,5435,40392,59262,65535,65535,65535,65535,65535,65535,65535,65535,65535,65535
1685582340,0,1,0,0,5454,40698,59815,65535,65535,65535,65535,65535,65535,65535,65535,65535,65535
1685582346,0,1,0,0,5513,41066,60363,65535,65535,65535,65535,65535,65535,65535,65535,65535,65535
1685582352,0,1,0,0,5534,41475,60973,65535,65535,65535,65535,65535,65535,65535,65535,65535,65535
1685582358,0,1,0,0,5553,41849,61585,65535,65535,65535,65535,65535,65535,65535,65535,65535,65535
1685582364,0,1,0,0,10014,42150,62047,65535,65535,65535,65535,65535,65535,65535,65535,65535,65535
1685582370,0,1,0,0,10033,42520,62591,65535,65535,65535,65535,65535,65535,65535,65535,65535,65535
1685582376,0,1,0,0,10052,42886,63122,65535,65535,65535,65535,65535,65535,65535,65535,65535,65535
1685582382,0,1,0,0,10110,43214,63625,65535,65535,65535,65535,65535,65535,65535,65535,65535,65535
1685582388,0,1,0,0,10125,43536,64072,65535,65535,65535,65535,65535,65535,65535,65535,65535,65535
1685582394,0,1,0,0,10142,43822,64475,65535,65535,65535,65535,65535,65535,65535,65535,65535,65535
1685582400,0,1,0,0,10155,44061,64863,65535,65535,65535,65535,65535,65535,65535,65535,65535,65535
1685582406,0,1,0,0,10211,44348,65281,65535,65535,65535,65535,65535,65535,65535,65535,65535,65535
1685582412,0,1,0,0,10224,44617,65535,65535,65535,65535,65535,65535,65535,65535,65535,65535,65535
1685582418,0,1,0,0,10233,44812,65535,65535,65535,65535,65535,65535,65535,65535,65535,65535,65535
1685582424,0,1,0,0,10250,45021,65535,65535,65535,65535,65535,65535,65535,65535,65535,65535,65535
1685582430,0,1,0,0,10301,45257,65535,65535,65535,65535,65535,65535,65535,65535,65535,65535,65535
1685582436,0,1,0,0,10312,45434,65535,65535,65535,65535,65535,65535,65535,65535,65535,65535,65535
1685582442,0,1,0,0,10321,45610,65535,65535,65535,65535,65535,65535,65535,65535,65535,65535,65535
1685582448,0,1,0,0,10331,45715,65535,65535,65535,65535,65535,65535,65535,65535,65535,65535,65535
1685582454,0,1,0,0,10340,45859,65535,65535,65535,65535,65535,65535,65535,65535,65535,65535,65535
1685582460,0,1,0,0,10350,45979,65535,65535,65535,65535,65535,65535,65535,65535,65535,65535,65535
1685582466,0,1,0,0,10354,46018,65535,65535,65535,65535,65535,65535,65535,65535,65535,65535,65535
1685582472,0,1,0,0,10402,46048,65535,65535,65535,65535,65535,65535,65535,65535,65535,65535,65535
1685582478,0,1,0,0,10411,46119,65535,65535,65535,65535,65535,65535,65535,65535,65535,65535,65535
1685582484,0,1,0,0,10415,46097,65535,65535,65535,65535,65535,65535,65535,65535,65535,65535,65535
1685582490,0,1,0,0,10423,46112,65535,65535,65535,65535,65535,65535,65535,65535,65535,65535,65535
1685582496,0,1,0,0,10431,46103,65535,65535,65535,65535,65535,65535,65535,65535,65535,65535,65535
1685582502,0,1,0,0,10440,46113,65535,65535,65535,65535,65535,65535,65535,65535,65535,65535,65535
1685582508,0,1,0,0,10443,46046,65535,65535,65535,65535,65535,65535,65535,65535,65535,65535,65535
1685582514,0,1,0,0,10451,46030,65535,65535,65535,65535,65535,65535,65535,65535,65535,65535,65535
1685582520,0,1,0,0,10453,45922,65535,65535,65535,65535,65535,65535,65535,65535,65535,65535,65535
1685582526,0,1,0,0,10503,45872,65535,65535,65535,65535,65535,65535,65535,65535,65535,65535,65535
1685582532,0,1,0,0,10505,45813,65535,65535,65535,65535,65535,65535,65535,65535,65535,65535,65535
1685582538,0,1,0,0,10512,45708,65535,65535,65535,65535,65535,65535,65535,65535,65535,65535,65535
1685582544,0,1,0,0,10515,45679,65535,65535,65535,65535,65535,65535,65535,65535,65535,65535,65535
1685582550,0,1,0,0,1223223,45614,65535,65535,65535,65535,65535,65535,65535,65535,65535,65535,65535
1685582556,0,1,0,0,1223223,45531,65535,65535,65535,65535,65535,65535,65535,65535,65535,65535,65535
1685582562,0,1,0,0,1223223,45419,65535,65535,65535,65535,65535,65535,65535,65535,65535,65535,65535
1685582568,0,1,0,0,1223223,45354,65501,65535,65535,65535,65535,65535,65535,65535,65535,65535,65535
1685582574,0,1,0,0,1223223,45211,65246,65535,65535,65535,65535,65535,65535,65535,65535,65535,65535
1685582580,0,1,0,0,1223223,45141,65011,65535,65535,65535,65535,65535,65535,65535,65535,65535,65535
1685582586,0,1,0,0,1223223,45000,64772,65535,65535,65535,65535,65535,65535,65535,65535,65535,65535
1685582592,0,1,0,0,1223223,44908,64580,65535,65535,65535,65535,65535,65535,65535,65535,65535,65535
1685582598,0,1,0,0,1223223,44839,64374,65535,65535,65535,65535,65535,65535,65535,65535,65535,65535
1685582604,0,1,0,0,1223223,44743,64163,65535,65535,65535,65535,65535,65535,65535,65535,65535,65535
1685582610,0,1,0,0,1223223,44625,63946,65535,65535,65535,65535,65535,65535,65535,65535,65535,65535
1685582616,0,1,0,0,1223223,44533,63745,65535,65535,65535,65535,65535,65535,65535,65535,65535,65535
1685582622,0,1,0,0,1223223,44452,63577,65535,65535,65535,65535,65535,65535,65535,65535,65535,65535
1685582628,0,1,0,0,1223223,44333,63351,65535,65535,65535,65535,65535,65535,65535,65535,65535,65535
1685582634,0,1,0,0,1223223,44320,63274,65535,65535,65535,65535,65535,65535,65535,65535,65535,65535
1685582640,0,1,0,0,1223223,44284,63174,65535,65535,65535,65535,65535,65535,65535,65535,65535,65535
1685582646,0,1,0,0,1223223,44260,63091,65535,65535,65535,65535,65535,65535,65535,65535,65535,65535
1685582652,0,1,0,0,1223223,44245,63004,65535,65535,65535,65535,65535,65535,65535,65535,65535,65535
1685582658,0,1,0,0,1223223,44205,62908,65535,65535,65535,65535,65535,65535,65535,65535,65535,65535
1685582664,0,1,0,0,1223223,44290,63024,65535,65535,65535,65535,65535,65535,65535,65535,65535,65535
1685582670,0,1,0,0,1223223,44326,63055,65535,65535,65535,65535,65535,65535,65535,65535,65535,65535
1685582676,0,1,0,0,1223223,44403,63125,65535,65535,65535,65535,65535,65535,65535,65535,65535,65535
1685582682,0,1,0,0,1223223,44489,63196,65535,65535,65535,65535,65535,65535,65535,65535,65535,65535
1685582688,0,1,0,0,1223223,44576,63334,65535,65535,65535,65535,65535,65535,65535,65535,65535,65535
1685582694,0,1,0,0,1223223,44700,63488,65535,65535,65535,65535,65535,65535,65535,65535,65535,65535
1685582700,0,1,0,0,1223223,44777,63611,65535,65535,65535,65535,65535,65535,65535,65535,65535,65535
1685582706,0,1,0,0,1223223,44848,63689,65535,65535,65535,65535,65535,65535,65535,65535,65535,65535
1685582712,0,1,0,0,1223223,45005,63907,65535,65535,65535,65535,65535,65535,65535,65535,65535,65535
1685582718,0,1,0,0,1223223,45223,64196,65535,65535,65535,65535,65535,65535,65535,65535,65535,65535
1685582724,0,1,0,0,1223223,45413,64495,65535,65535,65535,65535,65535,65535,65535,65535,65535,65535
1685582730,0,1,0,0,1223223,45608,64747,65535,65535,65535,65535,65535,65535,65535,65535,65535,65535
1685582736,0,1,0,0,1223223,45795,65028,65535,65535,65535,65535,65535,65535,65535,65535,65535,65535
1685582742,0,1,0,0,1223223,45974,65331,65535,65535,65535,65535,65535,65535,65535,65535,65535,65535
1685582748,0,1,0,0,1223223,46165,65535,65535,65535,65535,65535,65535,65535,65535,65535,65535,65535
1685582754,0,1,0,0,1223223,46393,65535,65535,65535,65535,65535,65535,65535,65535,65535,65535,65535
1685582760,0,1,0,0,1223223,46665,65535,65535,65535,65535,65535,65535,65535,65535,65535,65535,65535
1685582766,0,1,0,0,1223223,46951,65535,65535,65535,65535,65535,65535,65535,65535,65535,65535,65535
1685582772,0,1,0,0,1223223,47115,65535,65535,65535,65535,65535,65535,65535,65535,65535,65535,65535
1685582778,0,1,0,0,1223223,47320,65535,65535,65535,65535,65535,65535,65535,65535,65535,65535,65535
1685582784,0,1,0,0,1223223,47467,65535,65535,65535,65535,65535,65535,65535,65535,65535,65535,65535
1685582790,0,1,0,0,1223223,47675,65535,65535,65535,65535,65535,65535,65535,65535,65535,65535,65535
1685582796,0,1,0,0,1223223,47842,65535,65535,65535,65535,65535,65535,65535,65535,65535,65535,65535
1685582802,0,1,0,0,1223223,47991,65535,65535,65535,65535,65535,65535,65535,65535,65535,65535,65535
1685582808,0,1,0,0,1223223,48209,65535,65535,65535,65535,65535,65535,65535,65535,65535,65535,65535
1685582814,0,1,0,0,1223223,48386,65535,65535,65535,65535,65535,65535,65535,65535,65535,65535,65535
1685582820,0,1,0,0,1223223,48529,65535,65535,65535,65535,65535,65535,65535,65535,65535,65535,65535
1685582826,0,1,0,0,1223223,48679,65535,65535,65535,65535,65535,65535,65535,65535,65535,65535,65535
1685582832,0,1,0,0,1223223,48678,65535,65535,65535,65535,65535,65535,65535,65535,65535,65535,65535
1685582838,0,1,0,0,1223223,49087,65535,65535,65535,65535,65535,65535,65535,65535,65535,65535,65535
1685582844,0,1,0,0,1223223,49295,65535,65535,65535,65535,65535,65535,65535,65535,65535,65535,65535
1685582850,0,1,0,0,1223223,49547,65535,65535,65535,65535,65535,65535,65535,65535,65535,65535,65535
1685582856,0,1,0,0,1223223,49823,65535,65535,65535,65535,65535,65535,65535,65535,65535,65535,65535
1685582862,0,1,0,0,1223223,49803,65535,65535,65535,65535,65535,65535,65535,65535,65535,65535,65535
1685582868,0,1,0,0,1223223,50075,65535,65535,65535,65535,65535,65535,65535,65535,65535,65535,65535
1685582874,0,1,0,0,1223223,50501,65535,65535,65535,65535,65535,65535,65535,65535,65535,65535,65535
1685582880,0,1,0,0,1223223,50505,65535,65535,65535,65535,65535,65535,65535,65535,65535,65535,65535
1685582886,0,1,0,0,1223223,50891,65535,65535,65535,65535,65535,65535,65535,65535,65535,65535,65535
1685582892,0,1,0,0,1223223,51263,65535,65535,65535,65535,65535,65535,65535,65535,65535,65535,65535
1685582898,0,1,0,0,1223223,51468,65535,65535,65535,65535,65535,65535,65535,65535,65535,65535,65535
1685582904,0,1,0,0,1223223,51911,65535,65535,65535,65535,65535,65535,65535,65535,65535,65535,65535
1685582910,0,1,0,0,1223223,52208,65535,65535,65535,65535,65535,65535,65535,65535,65535,65535,65535
1685582916,0,1,0,0,1223223,52301,65535,65535,65535,65535,65535,65535,65535,65535,65535,65535,65535
1685582922,0,1,0,0,1223223,52668,65535,65535,65535,65535,65535,65535,65535,65535,65535,65535,65535
1685582928,0,1,0,0,1223223,52899,65535,65535,65535,65535,65535,65535,65535,65535,65535,65535,65535
1685582934,0,1,0,0,1223223,53125,65535,65535,65535,65535,65535,65535,65535,65535,65535,65535,65535
1685582940,0,1,0,0,1223223,53323,65535,65535,65535,65535,65535,65535,65535,65535,65535,65535,65535
1685582946,0,1,0,0,1223223,53505,65535,65535,65535,65535,65535,65535,65535,65535,65535,65535,65535
1685582952,0,1,0,0,1223223,53722,65535,65535,65535,65535,65535,65535,65535,65535,65535,65535,65535
1685582958,0,1,0,0,1223223,53949,65535,65535,65535,65535,65535,65535,65535,65535,65535,65535,65535
1685582964,0,1,0,0,1223223,53715,65535,65535,65535,65535,65535,65535,65535,65535,65535,65535,65535
1685582970,0,1,0,0,1223223,54312,65535,65535,65535,65535,65535,65535,65535,65535,65535,65535,65535
1685582976,0,1,0,0,1223223,54495,65535,65535,65535,65535,65535,65535,65535,65535,65535,65535,65535
1685582982,0,1,0,0,1223223,54612,65535,65535,65535,65535,65535,65535,65535,65535,65535,65535,65535
1685582988,0,1,0,0,1223223,54781,65535,65535,65535,65535,65535,65535,65535,65535,65535,65535,65535
1685582994,0,1,0,0,1223223,54452,65535,65535,65535,65535,65535,65535,65535,65535,65535,65535,65535
1685583000,0,1,0,0,1223223,54545,65535,65535,65535,65535,65535,65535,65535,65535,65535,65535,65535
1685583006,0,1,0,0,1223223,54726,65535,65535,65535,65535,65535,65535,65535,65535,65535,65535,65535
1685583012,0,1,0,0,1223223,54872,65535,65535,65535,65535,65535,65535,65535,65535,65535,65535,65535
1685583018,0,1,0,0,1223223,54990,65535,65535,65535,65535,65535,65535,65535,65535,65535,65535,65535
1685583024,0,1,0,0,1223223,55001,65535,65535,65535,65535,65535,65535,65535,65535,65535,65535,65535
1685583030,0,1,0,0,1223223,55049,65535,65535,65535,65535,65535,65535,65535,65535,65535,65535,65535
1685583036,0,1,0,0,1223223,55020,65535,65535,65535,65535,65535,65535,65535,65535,65535,65535,65535
1685583042,0,1,0,0,1223223,54953,65535,65535,65535,65535,65535,65535,65535,65535,65535,65535,65535
1685583048,0,1,0,0,1223223,54934,65535,65535,65535,65535,65535,65535,65535,65535,65535,65535,65535
1685583054,0,1,0,0,1223223,54910,65535,65535,65535,65535,65535,65535,65535,65535,65535,65535,65535
1685583060,0,1,0,0,1223223,54894,65535,65535,65535,65535,65535,65535,65535,65535,65535,65535,65535
1685583066,0,1,0,0,1223223,54866,65535,65535,65535,65535,65535,65535,65535,65535,65535,65535,65535
1685583072,0,1,0,0,1223223,54872,65535,65535,65535,65535,65535,65535,65535,65535,65535,65535,65535
1685583078,0,1,0,0,1223223,54858,65535,65535,65535,65535,65535,65535,65535,65535,65535,65535,65535
1685583084,0,1,0,0,1223223,54882,65535,65535,65535,65535,65535,65535,65535,65535,65535,65535,65535
1685583090,0,1,0,0,1223223,54900,65535,65535,65535,65535,65535,65535,65535,65535,65535,65535,65535
1685583096,0,1,0,0,1223223,54906,65535,65535,65535,65535,65535,65535,65535,65535,65535,65535,65535
1685583102,0,1,0,0,1223223,54871,65535,65535,65535,65535,65535,65535,65535,65535,65535,65535,65535
1685583108,0,1,0,0,1223223,54895,65535,65535,65535,65535,65535,65535,65535,65535,65535,65535,65535
1685583114,0,1,0,0,1223223,54935,65535,65535,65535,65535,65535,65535,65535,65535,65535,65535,65535
1685583120,0,1,0,0,1223223,55467,65535,65535,65535,65535,65535,65535,65535,65535,65535,65535,65535
1685583126,0,1,0,0,1223223,54958,65535,65535,65535,65535,65535,65535,65535,65535,65535,65535,65535
1685583132,0,1,0,0,1223223,54990,65535,65535,65535,65535,65535,65535,65535,65535,65535,65535,65535
1685583138,0,1,0,0,1223223,54992,65535,65535,65535,65535,65535,65535,65535,65535,65535,65535,65535
1685583144,0,1,0,0,1223223,54981,65535,65535,65535,65535,65535,65535,65535,65535,65535,65535,65535
1685583150,0,1,0,0,1223223,54955,65535,65535,65535,65535,65535,65535,65535,65535,65535,65535,65535
1685583156,0,1,0,0,1223223,54947,65535,65535,65535,65535,65535,65535,65535,65535,65535,65535,65535
1685583162,0,1,0,0,1223223,54898,65535,65535,65535,65535,65535,65535,65535,65535,65535,65535,65535
1685583168,0,1,0,0,1223223,54881,65535,65535,65535,65535,65535,65535,65535,65535,65535,65535,65535
1685583174,0,1,0,0,1223223,54845,65535,65535,65535,65535,65535,65535,65535,65535,65535,65535,65535
1685583180,0,1,0,0,1223223,54794,65535,65535,65535,65535,65535,65535,65535,65535,65535,65535,65535
1685583186,0,1,0,0,1223223,54748,65535,65535,65535,65535,65535,65535,65535,65535,65535,65535,65535
1685583192,0,1,0,0,1223223,54683,65535,65535,65535,65535,65535,65535,65535,65535,65535,65535,65535
1685583198,0,1,0,0,1223223,54657,65535,65535,65535,65535,65535,65535,65535,65535,65535,65535,65535
1685583204,0,1,0,0,1223223,54582,65535,65535,65535,65535,65535,65535,65535,65535,65535,65535,65535
1685583210,0,1,0,0,1223223,54501,65535,65535,65535,65535,65535,65535,65535,65535,65535,65535,65535
1685583216,0,1,0,0,1223223,54405,65535,65535,65535,65535,65535,65535,65535,65535,65535,65535,65535
1685583222,0,1,0,0,1223223,54423,65535,65535,65535,65535,65535,65535,65535,65535,65535,65535,65535
1685583228,0,1,0,0,1223223,54400,65535,65535,65535,65535,65535,65535,65535,65535,65535,65535,65535
1685583234,0,1,0,0,1223223,54380,65535,65535,65535,65535,65535,65535,65535,65535,65535,65535,65535
1685583240,0,1,0,0,1223223,54341,65535,65535,65535,65535,65535,65535,65535,65535,65535,65535,65535
1685583246,0,1,0,0,1223223,54266,65535,65535,65535,65535,65535,65535,65535,65535,65535,65535,65535
1685583252,0,1,0,0,1223223,54222,65535,65535,65535,65535,65535,65535,65535,65535,65535,65535,65535
1685583258,0,1,0,0,1223223,54211,65535,65535,65535,65535,65535,65535,65535,65535,65535,65535,65535
1685583264,0,1,0,0,1223223,54186,65535,65535,65535,65535,65535,65535,65535,65535,65535,65535,65535
1685583270,0,1,0,0,1223223,54094,65535,65535,65535,65535,65535,65535,65535,65535,65535,65535,65535
1685583276,0,1,0,0,1223223,54097,65535,65535,65535,65535,65535,65535,65535,65535,65535,65535,65535
1685583282,0,1,0,0,1223223,54095,65535,65535,65535,65535,65535,65535,65535,65535,65535,65535,65535
1685583288,0,1,0,0,1223223,54072,65535,65535,65535,65535,65535,65535,65535,65535,65535,65535,65535
1685583294,0,1,0,0,1223223,54048,65535,65535,65535,65535,65535,65535,65535,65535,65535,65535,65535
1685583300,0,1,0,0,1223223,54018,65535,65535,65535,65535,65535,65535,65535,65535,65535,65535,65535
1685583306,0,1,0,0,1223223,54003,65535,65535,65535,65535,65535,65535,65535,65535,65535,65535,65535
1685583312,0,1,0,0,1223223,53952,65535,65535,65535,65535,65535,65535,65535,65535,65535,65535,65535
1685583318,0,1,0,0,1223223,53907,65535,65535,65535,65535,65535,65535,65535,65535,65535,65535,65535
1685583324,0,1,0,0,1223223,53873,65535,65535,65535,65535,65535,65535,65535,65535,65535,65535,65535
1685583330,0,1,0,0,1223223,53847,65535,65535,65535,65535,65535,65535,65535,65535,65535,65535,65535
1685583336,0,1,0,0,1223223,53801,65535,65535,65535,65535,65535,65535,65535,65535,65535,65535,65535
1685583342,0,1,0,0,1223223,53800,65535,65535,65535,65535,65535,65535,65535,65535,65535,65535,65535
1685583348,0,1,0,0,1223223,53775,65535,65535,65535,65535,65535,65535,65535,65535,65535,65535,65535
1685583354,0,1,0,0,1223223,53763,65535,65535,65535,65535,65535,65535,65535,65535,65535,65535,65535
1685583360,0,1,0,0,1223223,53731,65535,65535,65535,65535,65535,65535,65535,65535,65535,65535,65535
1685583366,0,1,0,0,1223223,53693,65535,65535,65535,65535,65535,65535,65535,65535,65535,65535,65535
1685583372,0,1,0,0,1223223,53647,65535,65535,65535,65535,65535,65535,65535,65535,65535,65535,65535
1685583378,0,1,0,0,1223223,53660,65535,65535,65535,65535,65535,65535,65535,65535,65535,65535,65535
1685583384,0,1,0,0,1223223,53672,65535,65535,65535,65535,65535,65535,65535,65535,65535,65535,65535
1685583390,0,1,0,0,1223223,53722,65535,65535,65535,65535,65535,65535,65535,65535,65535,65535,65535
1685583396,0,1,0,0,1223223,53748,65535,65535,65535,65535,65535,65535,65535,65535,65535,65535,65535
1685583402,0,1,0,0,1223223,53813,65535,65535,65535,65535,65535,65535,65535,65535,65535,65535,65535
1685583408,0,1,0,0,1223223,53857,65535,65535,65535,65535,65535,65535,65535,65535,65535,65535,65535
1685583414,0,1,0,0,1223223,53882,65535,65535,65535,65535,65535,65535,65535,65535,65535,65535,65535
1685583420,0,1,0,0,1223223,53894,65535,65535,65535,65535,65535,65535,65535,65535,65535,65535,65535
1685583426,0,1,0,0,1223223,53894,65535,65535,65535,65535,65535,65535,65535,65535,65535,65535,65535
1685583432,0,1,0,0,1223223,53893,65535,65535,65535,65535,65535,65535,65535,65535,65535,65535,65535
1685583438,0,1,0,0,1223223,53866,65535,65535,65535,65535,65535,65535,65535,65535,65535,65535,65535
1685583444,0,1,0,0,1223223,53865,65535,65535,65535,65535,65535,65535,65535,65535,65535,65535,65535
1685583450,0,1,0,0,1223223,53859,65535,65535,65535,65535,65535,65535,65535,65535,65535,65535,65535
1685583456,0,1,0,0,1223223,53831,65535,65535,65535,65535,65535,65535,65535,65535,65535,65535,65535
1685583462,0,1,0,0,1223223,53806,65535,65535,65535,65535,65535,65535,65535,65535,65535,65535,65535
1685583468,0,1,0,0,1223223,53779,65535,65535,65535,65535,65535,65535,65535,65535,65535,65535,65535
1685583474,0,1,0,0,1223223,53764,65535,65535,65535,65535,65535,65535,65535,65535,65535,65535,65535
1685583480,0,1,0,0,1223223,53710,65535,65535,65535,65535,65535,65535,65535,65535,65535,65535,65535
1685583486,0,1,0,0,1223223,53691,65535,65535,65535,65535,65535,65535,65535,65535,65535,65535,65535
1685583492,0,1,0,0,1223223,53649,65535,65535,65535,65535,65535,65535,65535,65535,65535,65535,65535
1685583498,0,1,0,0,1223223,53567,65535,65535,65535,65535,65535,65535,65535,65535,65535,65535,65535
1685583504,0,1,0,0,1223223,53529,65535,65535,65535,65535,65535,65535,65535,65535,65535,65535,65535
1685583510,0,1,0,0,1223223,53458,65535,65535,65535,65535,65535,65535,65535,65535,65535,65535,65535
1685583516,0,1,0,0,1223223,53390,65535,65535,65535,65535,65535,65535,65535,65535,65535,65535,65535
1685583522,0,1,0,0,1223223,53275,65535,65535,65535,65535,65535,65535,65535,65535,65535,65535,65535
1685583528,0,1,0,0,1223223,53528,65535,65535,65535,65535,65535,65535,65535,65535,65535,65535,65535
1685583534,0,1,0,0,1223223,53422,65535,65535,65535,65535,65535,65535,65535,65535,65535,65535,65535
1685583540,0,1,0,0,1223223,53297,65535,65535,65535,65535,65535,65535,65535,65535,65535,65535,65535
1685583546,0,1,0,0,1223223,52901,65535,65535,65535,65535,65535,65535,65535,65535,65535,65535,65535
1685583552,0,1,0,0,1223223,53201,65535,65535,65535,65535,65535,65535,65535,65535,65535,65535,65535
1685583558,0,1,0,0,1223223,53136,65535,65535,65535,65535,65535,65535,65535,65535,65535,65535,65535
1685583564,0,1,0,0,1223223,53056,65535,65535,65535,65535,65535,65535,65535,65535,65535,65535,65535
1685583570,0,1,0,0,1223223,53019,65535,65535,65535,65535,65535,65535,65535,65535,65535,65535,65535
1685583576,0,1,0,0,1223223,52909,65535,65535,65535,65535,65535,65535,65535,65535,65535,65535,65535
1685583582,0,1,0,0,1223223,52811,65535,65535,65535,65535,65535,65535,65535,65535,65535,65535,65535
1685583588,0,1,0,0,1223223,52797,65535,65535,65535,65535,65535,65535,65535,65535,65535,65535,65535
1685583594,0,1,0,0,1223223,52704,65535,65535,65535,65535,65535,65535,65535,65535,65535,65535,65535
1685583600,0,1,0,0,1223223,52670,65535,65535,65535,65535,65535,65535,65535,65535,65535,65535,65535
1685583606,0,1,0,0,1223223,52445,65535,65535,65535,65535,65535,65535,65535,65535,65535,65535,65535
1685583612,0,1,0,0,1223223,52643,65535,65535,65535,65535,65535,65535,65535,65535,65535,65535,65535
1685583618,0,1,0,0,1223223,52413,65535,65535,65535,65535,65535,65535,65535,65535,65535,65535,65535
1685583624,0,1,0,0,1223223,52654,65535,65535,65535,65535,65535,65535,65535,65535,65535,65535,65535
1685583630,0,1,0,0,1223223,52389,65535,65535,65535,65535,65535,65535,65535,65535,65535,65535,65535
1685583636,0,1,0,0,1223223,52504,65535,65535,65535,65535,65535,65535,65535,65535,65535,65535,65535
1685583642,0,1,0,0,1223223,52399,65535,65535,65535,65535,65535,65535,65535,65535,65535,65535,65535
1685583648,0,1,0,0,1223223,52276,65535,65535,65535,65535,65535,65535,65535,65535,65535,65535,65535
1685583654,0,1,0,0,1223223,52218,65535,65535,65535,65535,65535,65535,65535,65535,65535,65535,65535
1685583660,0,1,0,0,1223223,52085,65535,65535,65535,65535,65535,65535,65535,65535,65535,65535,65535
1685583666,0,1,0,0,1223223,51984,65535,65535,65535,65535,65535,65535,65535,65535,65535,65535,65535
1685583672,0,1,0,0,1223223,51784,65535,65535,65535,65535,65535,65535,65535,65535,65535,65535,65535
1685583678,0,1,0,0,1223223,51699,65535,65535,65535,65535,65535,65535,65535,65535,65535,65535,65535
1685583684,0,1,0,0,1223223,51632,65535,65535,65535,65535,65535,65535,65535,65535,65535,65535,65535
1685583690,0,1,0,0,1223223,51705,65535,65535,65535,65535,65535,65535,65535,65535,65535,65535,65535
1685583696,0,1,0,0,1223223,51716,65535,65535,65535,65535,65535,65535,65535,65535,65535,65535,65535
1685583702,0,1,0,0,1223223,51582,65535,65535,65535,65535,65535,65535,65535,65535,65535,65535,65535
1685583708,0,1,0,0,1223223,51693,65535,65535,65535,65535,65535,65535,65535,65535,65535,65535,65535
1685583714,0,1,0,0,1223223,51678,65535,65535,65535,65535,65535,65535,65535,65535,65535,65535,65535
1685583720,0,1,0,0,1223223,51682,65535,65535,65535,65535,65535,65535,65535,65535,65535,65535,65535
1685583726,0,1,0,0,1223223,51662,65535,65535,65535,65535,65535,65535,65535,65535,65535,65535,65535
1685583732,0,1,0,0,1223223,51689,65535,65535,65535,65535,65535,65535,65535,65535,65535,65535,65535
1685583738,0,1,0,0,1223223,51657,65535,65535,65535,65535,65535,65535,65535,65535,65535,65535,65535
1685583744,0,1,0,0,1223223,51513,65535,65535,65535,65535,65535,65535,65535,65535,65535,65535,65535
1685583750,0,1,0,0,1223223,51614,65535,65535,65535,65535,65535,65535,65535,65535,65535,65535,65535
1685583756,0,1,0,0,1223223,51462,65535,65535,65535,65535,65535,65535,65535,65535,65535,65535,65535
1685583762,0,1,0,0,1223223,51413,65535,65535,65535,65535,65535,65535,65535,65535,65535,65535,65535
1685583768,0,1,0,0,1223223,51565,65535,65535,65535,65535,65535,65535,65535,65535,65535,65535,65535
1685583774,0,1,0,0,1223223,51548,65535,65535,65535,65535,65535,65535,65535,65535,65535,65535,65535
1685583780,0,1,0,0,1223223,51459,65535,65535,65535,65535,65535,65535,65535,65535,65535,65535,65535
1685583786,0,1,0,0,1223223,51423,65535,65535,65535,65535,65535,65535,65535,65535,65535,65535,65535
1685583792,0,1,0,0,1223223,51355,65535,65535,65535,65535,65535,65535,65535,65535,65535,65535,65535
1685583798,0,1,0,0,1223223,51317,65535,65535,65535,65535,65535,65535,65535,65535,65535,65535,65535
1685583804,0,1,0,0,1223223,51280,65535,65535,65535,65535,65535,65535,65535,65535,65535,65535,65535
1685583810,0,1,0,0,1223223,51116,65535,65535,65535,65535,65535,65535,65535,65535,65535,65535,65535
1685583816,0,1,0,0,1223223,51066,65535,65535,65535,65535,65535,65535,65535,65535,65535,65535,65535
1685583822,0,1,0,0,1223223,51078,65535,65535,65535,65535,65535,65535,65535,65535,65535,65535,65535
1685583828,0,1,0,0,1223223,51069,65535,65535,65535,65535,65535,65535,65535,65535,65535,65535,65535
1685583834,0,1,0,0,1223223,51052,65535,65535,65535,65535,65535,65535,65535,65535,65535,65535,65535
1685583840,0,1,0,0,1223223,50997,65535,65535,65535,65535,65535,65535,65535,65535,65535,65535,65535
1685583846,0,1,0,0,1223223,50885,65535,65535,65535,65535,65535,65535,65535,65535,65535,65535,65535
1685583852,0,1,0,0,1223223,50749,65535,65535,65535,65535,65535,65535,65535,65535,65535,65535,65535
1685583858,0,1,0,0,1223223,50565,65535,65535,65535,65535,65535,65535,65535,65535,65535,65535,65535
1685583864,0,1,0,0,1223223,50500,65535,65535,65535,65535,65535,65535,65535,65535,65535,65535,65535
1685583870,0,1,0,0,1223223,50526,65535,65535,65535,65535,65535,65535,65535,65535,65535,65535,65535
1685583876,0,1,0,0,1223223,50475,65535,65535,65535,65535,65535,65535,65535,65535,65535,65535,65535
1685583882,0,1,0,0,1223223,50501,65535,65535,65535,65535,65535,65535,65535,65535,65535,65535,65535
1685583888,0,1,0,0,1223223,50480,65535,65535,65535,65535,65535,65535,65535,65535,65535,65535,65535
1685583894,0,1,0,0,1223223,50501,65535,65535,65535,65535,65535,65535,65535,65535,65535,65535,65535
1685583900,0,1,0,0,1223223,50549,65535,65535,65535,65535,65535,65535,65535,65535,65535,65535,65535
1685583906,0,1,0,0,1223223,50500,65535,65535,65535,65535,65535,65535,65535,65535,65535,65535,65535
1685583912,0,1,0,0,1223223,50501,65535,65535,65535,65535,65535,65535,65535,65535,65535,65535,65535
1685583918,0,1,0,0,1223223,50499,65535,65535,65535,65535,65535,65535,65535,65535,65535,65535,65535
1685583924,0,1,0,0,1223223,50500,65535,65535,65535,65535,65535,65535,65535,65535,65535,65535,65535
1685583930,0,1,0,0,1223223,50500,65535,65535,65535,65535,65535,65535,65535,65535,65535,65535,65535
1685583936,0,1,0,0,1223223,50500,65535,65535,65535,65535,65535,65535,65535,65535,65535,65535,65535
1685583942,0,1,0,0,1223223,50500,65535,65535,65535,65535,65535,65535,65535,65535,65535,65535,65535
1685583948,0,1,0,0,1223223,50501,65535,65535,65535,65535,65535,65535,65535,65535,65535,65535,65535
1685583954,0,1,0,0,1223223,50329,65535,65535,65535,65535,65535,65535,65535,65535,65535,65535,65535
1685583960,0,1,0,0,1223223,50499,65535,65535,65535,65535,65535,65535,65535,65535,65535,65535,65535
1685583966,0,1,0,0,1223223,50500,65535,65535,65535,65535,65535,65535,65535,65535,65535,65535,65535
1685583972,0,1,0,0,1223223,50306,65535,65535,65535,65535,65535,65535,65535,65535,65535,65535,65535
1685583978,0,1,0,0,1223223,50500,65535,65535,65535,65535,65535,65535,65535,65535,65535,65535,65535
1685583984,0,1,0,0,1223223,50500,65535,65535,65535,65535,65535,65535,65535,65535,65535,65535,65535
1685583990,0,1,0,0,1223223,50500,65535,65535,65535,65535,65535,65535,65535,65535,65535,65535,65535
1685583996,0,1,0,0,1223223,50500,65535,65535,65535,65535,65535,65535,65535,65535,65535,65535,65535
1685584002,0,1,0,0,1223223,50391,65535,65535,65535,65535,65535,65535,65535,65535,65535,65535,65535
1685584008,0,1,0,0,1223223,50432,65535,65535,65535,65535,65535,65535,65535,65535,65535,65535,65535
1685584014,0,1,0,0,1223223,50500,65535,65535,65535,65535,65535,65535,65535,65535,65535,65535,65535
1685584020,0,1,0,0,1223223,50500,65535,65535,65535,65535,65535,65535,65535,65535,65535,65535,65535
1685584026,0,1,0,0,1223223,50590,65535,65535,65535,65535,65535,65535,65535,65535,65535,65535,65535
1685584032,0,1,0,0,1223223,50524,65535,65535,65535,65535,65535,65535,65535,65535,65535,65535,65535
1685584038,0,1,0,0,1223223,50708,65535,65535,65535,65535,65535,65535,65535,65535,65535,65535,65535
1685584044,0,1,0,0,1223223,50757,65535,65535,65535,65535,65535,65535,65535,65535,65535,65535,65535
1685584050,0,1,0,0,1223223,50849,65535,65535,65535,65535,65535,65535,65535,65535,65535,65535,65535
1685584056,0,1,0,0,1223223,50800,65535,65535,65535,65535,65535,65535,65535,65535,65535,65535,65535
1685584062,0,1,0,0,1223223,50840,65535,65535,65535,65535,65535,65535,65535,65535,65535,65535,65535
1685584068,0,1,0,0,1223223,50820,65535,65535,65535,65535,65535,65535,65535,65535,65535,65535,65535
1685584074,0,1,0,0,1223223,50719,65535,65535,65535,65535,65535,65535,65535,65535,65535,65535,65535
1685584080,0,1,0,0,1223223,50644,65535,65535,65535,65535,65535,65535,65535,65535,65535,65535,65535
1685584086,0,1,0,0,1223223,50514,65535,65535,65535,65535,65535,65535,65535,65535,65535,65535,65535
1685584092,0,1,0,0,1223223,50500,65535,65535,65535,65535,65535,65535,65535,65535,65535,65535,65535
1685584098,0,1,0,0,1223223,50500,65535,65535,65535,65535,65535,65535,65535,65535,65535,65535,65535
1685584104,0,1,0,0,1223223,50500,65535,65535,65535,65535,65535,65535,65535,65535,65535,65535,65535
1685584110,0,1,0,0,1223223,50500,65535,65535,65535,65535,65535,65535,65535,65535,65535,65535,65535
1685584116,0,1,0,0,1223223,50501,65535,65535,65535,65535,65535,65535,65535,65535,65535,65535,65535
1685584122,0,1,0,0,1223223,50500,65535,65535,65535,65535,65535,65535,65535,65535,65535,65535,65535
1685584128,0,1,0,0,1223223,50500,65535,65535,65535,65535,65535,65535,65535,65535,65535,65535,65535
1685584134,0,1,0,0,1223223,50500,65535,65535,65535,65535,65535,65535,65535,65535,65535,65535,65535
1685584140,0,1,0,0,1223223,50500,65535,65535,65535,65535,65535,65535,65535,65535,65535,65535,65535
1685584146,0,1,0,0,1223223,50329,65535,65535,65535,65535,65535,65535,65535,65535,65535,65535,65535
1685584152,0,1,0,0,1223223,50501,65535,65535,65535,65535,65535,65535,65535,65535,65535,65535,65535
1685584158,0,1,0,0,1223223,50172,65535,65535,65535,65535,65535,65535,65535,65535,65535,65535,65535
1685584164,0,1,0,0,1223223,50471,65535,65535,65535,65535,65535,65535,65535,65535,65535,65535,65535
1685584170,0,1,0,0,1223223,50404,65535,65535,65535,65535,65535,65535,65535,65535,65535,65535,65535
1685584176,0,1,0,0,1223223,50176,65535,65535,65535,65535,65535,65535,65535,65535,65535,65535,65535
1685584182,0,1,0,0,1223223,49762,65535,65535,65535,65535,65535,65535,65535,65535,65535,65535,65535
1685584188,0,1,0,0,1223223,49967,65535,65535,65535,65535,65535,65535,65535,65535,65535,65535,65535
1685584194,0,1,0,0,1223223,49777,65535,65535,65535,65535,65535,65535,65535,65535,65535,65535,65535
1685584200,0,1,0,0,1223223,49719,65535,65535,65535,65535,65535,65535,65535,65535,65535,65535,65535
1685584206,0,1,0,0,1223223,49354,65535,65535,65535,65535,65535,65535,65535,65535,65535,65535,65535
1685584212,0,1,0,0,1223223,49530,65535,65535,65535,65535,65535,65535,65535,65535,65535,65535,65535
1685584218,0,1,0,0,1223223,49402,65535,65535,65535,65535,65535,65535,65535,65535,65535,65535,65535
1685584224,0,1,0,0,1223223,49272,65535,65535,65535,65535,65535,65535,65535,65535,65535,65535,65535
1685584230,0,1,0,0,1223223,49111,65535,65535,65535,65535,65535,65535,65535,65535,65535,65535,65535
1685584236,0,1,0,0,1223223,48909,65535,65535,65535,65535,65535,65535,65535,65535,65535,65535,65535
1685584242,0,1,0,0,1223223,48744,65535,65535,65535,65535,65535,65535,65535,65535,65535,65535,65535
1685584248,0,1,0,0,1223223,48372,65535,65535,65535,65535,65535,65535,65535,65535,65535,65535,65535
1685584254,0,1,0,0,1223223,48481,65535,65535,65535,65535,65535,65535,65535,65535,65535,65535,65535
1685584260,0,1,0,0,1223223,48374,65535,65535,65535,65535,65535,65535,65535,65535,65535,65535,65535
1685584266,0,1,0,0,1223223,48343,65535,65535,65535,65535,65535,65535,65535,65535,65535,65535,65535
1685584272,0,1,0,0,1223223,48260,65535,65535,65535,65535,65535,65535,65535,65535,65535,65535,65535
1685584278,0,1,0,0,1223223,48228,65535,65535,65535,65535,65535,65535,65535,65535,65535,65535,65535
1685584284,0,1,0,0,1223223,48137,65535,65535,65535,65535,65535,65535,65535,65535,65535,65535,65535
1685584290,0,1,0,0,1223223,48154,65535,65535,65535,65535,65535,65535,65535,65535,65535,65535,65535
1685584296,0,1,0,0,1223223,48170,65535,65535,65535,65535,65535,65535,65535,65535,65535,65535,65535
1685584302,0,1,0,0,1223223,47894,65535,65535,65535,65535,65535,65535,65535,65535,65535,65535,65535
1685584308,0,1,0,0,1223223,47866,65535,65535,65535,65535,65535,65535,65535,65535,65535,65535,65535
1685584314,0,1,0,0,1223223,48044,65535,65535,65535,65535,65535,65535,65535,65535,65535,65535,65535
1685584320,0,1,0,0,1223223,47780,65535,65535,65535,65535,65535,65535,65535,65535,65535,65535,65535
1685584326,0,1,0,0,1223223,47778,65535,65535,65535,65535,65535,65535,65535,65535,65535,65535,65535
1685584332,0,1,0,0,1223223,47990,65535,65535,65535,65535,65535,65535,65535,65535,65535,65535,65535
1685584338,0,1,0,0,1223223,48017,65535,65535,65535,65535,65535,65535,65535,65535,65535,65535,65535
1685584344,0,1,0,0,1223223,47817,65535,65535,65535,65535,65535,65535,65535,65535,65535,65535,65535
1685584350,0,1,0,0,1223223,48075,65535,65535,65535,65535,65535,65535,65535,65535,65535,65535,65535
1685584356,0,1,0,0,1223223,47887,65535,65535,65535,65535,65535,65535,65535,65535,65535,65535,65535
1685584362,0,1,0,0,1223223,47948,65535,65535,65535,65535,65535,65535,65535,65535,65535,65535,65535
1685584368,0,1,0,0,1223223,48035,65535,65535,65535,65535,65535,65535,65535,65535,65535,65535,65535
1685584374,0,1,0,0,1223223,48098,65535,65535,65535,65535,65535,65535,65535,65535,65535,65535,65535
1685584380,0,1,0,0,1223223,48353,65535,65535,65535,65535,65535,65535,65535,65535,65535,65535,65535
1685584386,0,1,0,0,1223223,48378,65535,65535,65535,65535,65535,65535,65535,65535,65535,65535,65535
1685584392,0,1,0,0,1223223,48358,65535,65535,65535,65535,65535,65535,65535,65535,65535,65535,65535
1685584398,0,1,0,0,1223223,48397,65535,65535,65535,65535,65535,65535,65535,65535,65535,65535,65535
1685584404,0,1,0,0,1223223,48403,65535,65535,65535,65535,65535,65535,65535,65535,65535,65535,65535
1685584410,0,1,0,0,1223223,48421,65535,65535,65535,65535,65535,65535,65535,65535,65535,65535,65535
1685584416,0,1,0,0,1223223,48448,65535,65535,65535,65535,65535,65535,65535,65535,65535,65535,65535
1685584422,0,1,0,0,1223223,48492,65535,65535,65535,65535,65535,65535,65535,65535,65535,65535,65535
1685584428,0,1,0,0,1223223,48375,65535,65535,65535,65535,65535,65535,65535,65535,65535,65535,65535
1685584434,0,1,0,0,1223223,48658,65535,65535,65535,65535,65535,65535,65535,65535,65535,65535,65535
1685584440,0,1,0,0,1223223,48553,65535,65535,65535,65535,65535,65535,65535,65535,65535,65535,65535
1685584446,0,1,0,0,1223223,48639,65535,65535,65535,65535,65535,65535,65535,65535,65535,65535,65535
1685584452,0,1,0,0,1223223,49034,65535,65535,65535,65535,65535,65535,65535,65535,65535,65535,65535
1685584458,0,1,0,0,1223223,49125,65535,65535,65535,65535,65535,65535,65535,65535,65535,65535,65535
1685584464,0,1,0,0,1223223,49238,65535,65535,65535,65535,65535,65535,65535,65535,65535,65535,65535
1685584470,0,1,0,0,1223223,49372,65535,65535,65535,65535,65535,65535,65535,65535,65535,65535,65535
1685584476,0,1,0,0,1223223,49253,65535,65535,65535,65535,65535,65535,65535,65535,65535,65535,65535
1685584482,0,1,0,0,1223223,49634,65535,65535,65535,65535,65535,65535,65535,65535,65535,65535,65535
1685584488,0,1,0,0,1223223,49702,65535,65535,65535,65535,65535,65535,65535,65535,65535,65535,65535
1685584494,0,1,0,0,1223223,49804,65535,65535,65535,65535,65535,65535,65535,65535,65535,65535,65535
1685584500,0,1,0,0,1223223,49653,65535,65535,65535,65535,65535,65535,65535,65535,65535,65535,65535
1685584506,0,1,0,0,1223223,49760,65535,65535,65535,65535,65535,65535,65535,65535,65535,65535,65535
1685584512,0,1,0,0,1223223,49895,65535,65535,65535,65535,65535,65535,65535,65535,65535,65535,65535
1685584518,0,1,0,0,1223223,50471,65535,65535,65535,65535,65535,65535,65535,65535,65535,65535,65535
1685584524,0,1,0,0,1223223,50189,65535,65535,65535,65535,65535,65535,65535,65535,65535,65535,65535
1685584530,0,1,0,0,1223223,50340,65535,65535,65535,65535,65535,65535,65535,65535,65535,65535,65535
1685584536,0,1,0,0,1223223,50501,65535,65535,65535,65535,65535,65535,65535,65535,65535,65535,65535
1685584542,0,1,0,0,1223223,50505,65535,65535,65535,65535,65535,65535,65535,65535,65535,65535,65535
1685584548,0,1,0,0,1223223,50607,65535,65535,65535,65535,65535,65535,65535,65535,65535,65535,65535
1685584554,0,1,0,0,1223223,50745,65535,65535,65535,65535,65535,65535,65535,65535,65535,65535,65535
1685584560,0,1,0,0,1223223,50882,65535,65535,65535,65535,65535,65535,65535,65535,65535,65535,65535
1685584566,0,1,0,0,1223223,50973,65535,65535,65535,65535,65535,65535,65535,65535,65535,65535,65535
1685584572,0,1,0,0,1223223,51114,65535,65535,65535,65535,65535,65535,65535,65535,65535,65535,65535
1685584578,0,1,0,0,1223223,51201,65535,65535,65535,65535,65535,65535,65535,65535,65535,65535,65535
1685584584,0,1,0,0,1223223,51200,65535,65535,65535,65535,65535,65535,65535,65535,65535,65535,65535
1685584590,0,1,0,0,1223223,51333,65535,65535,65535,65535,65535,65535,65535,65535,65535,65535,65535
1685584596,0,1,0,0,1223223,51364,65535,65535,65535,65535,65535,65535,65535,65535,65535,65535,65535
1685584602,0,1,0,0,1223223,51351,65535,65535,65535,65535,65535,65535,65535,65535,65535,65535,65535
1685584608,0,1,0,0,1223223,51295,65535,65535,65535,65535,65535,65535,65535,65535,65535,65535,65535
1685584614,0,1,0,0,1223223,51207,65535,65535,65535,65535,65535,65535,65535,65535,65535,65535,65535
1685584620,0,1,0,0,1223223,51278,65535,65535,65535,65535,65535,65535,65535,65535,65535,65535,65535
1685584626,0,1,0,0,1223223,51288,65535,65535,65535,65535,65535,65535,65535,65535,65535,65535,65535
1685584632,0,1,0,0,1223223,51258,65535,65535,65535,65535,65535,65535,65535,65535,65535,65535,65535
1685584638,0,1,0,0,1223223,51154,65535,65535,65535,65535,65535,65535,65535,65535,65535,65535,65535
1685584644,0,1,0,0,1223223,51167,65535,65535,65535,65535,65535,65535,65535,65535,65535,65535,65535
1685584650,0,1,0,0,1223223,51202,65535,65535,65535,65535,65535,65535,65535,65535,65535,65535,65535
1685584656,0,1,0,0,1223223,51097,65535,65535,65535,65535,65535,65535,65535,65535,65535,65535,65535
1685584662,0,1,0,0,1223223,51204,65535,65535,65535,65535,65535,65535,65535,65535,65535,65535,65535
1685584668,0,1,0,0,1223223,51185,65535,65535,65535,65535,65535,65535,65535,65535,65535,65535,65535
1685584674,0,1,0,0,1223223,51161,65535,65535,65535,65535,65535,65535,65535,65535,65535,65535,65535
1685584680,0,1,0,0,1223223,51163,65535,65535,65535,65535,65535,65535,65535,65535,65535,65535,65535
1685584686,0,1,0,0,1223223,51130,65535,65535,65535,65535,65535,65535,65535,65535,65535,65535,65535
1685584692,0,1,0,0,1223223,51046,65535,65535,65535,65535,65535,65535,65535,65535,65535,65535,65535
1685584698,0,1,0,0,1223223,50937,65535,65535,65535,65535,65535,65535,65535,65535,65535,65535,65535
1685584704,0,1,0,0,1223223,50771,65535,65535,65535,65535,65535,65535,65535,65535,65535,65535,65535
1685584710,0,1,0,0,1223223,50588,65535,65535,65535,65535,65535,65535,65535,65535,65535,65535,65535
1685584716,0,1,0,0,1223223,50512,65535,65535,65535,65535,65535,65535,65535,65535,65535,65535,65535
1685584722,0,1,0,0,1223223,50500,65535,65535,65535,65535,65535,65535,65535,65535,65535,65535,65535
1685584728,0,1,0,0,1223223,50500,65535,65535,65535,65535,65535,65535,65535,65535,65535,65535,65535
1685584734,0,1,0,0,1223223,50486,65535,65535,65535,65535,65535,65535,65535,65535,65535,65535,65535
1685584740,0,1,0,0,1223223,50323,65535,65535,65535,65535,65535,65535,65535,65535,65535,65535,65535
1685584746,0,1,0,0,1223223,50130,65535,65535,65535,65535,65535,65535,65535,65535,65535,65535,65535
1685584752,0,1,0,0,1223223,50011,65535,65535,65535,65535,65535,65535,65535,65535,65535,65535,65535
1685584758,0,1,0,0,1223223,49619,65535,65535,65535,65535,65535,65535,65535,65535,65535,65535,65535
1685584764,0,1,0,0,1223223,49835,65535,65535,65535,65535,65535,65535,65535,65535,65535,65535,65535
1685584770,0,1,0,0,1223223,49790,65535,65535,65535,65535,65535,65535,65535,65535,65535,65535,65535
1685584776,0,1,0,0,1223223,49729,65535,65535,65535,65535,65535,65535,65535,65535,65535,65535,65535
1685584782,0,1,0,0,1223223,49404,65535,65535,65535,65535,65535,65535,65535,65535,65535,65535,65535
1685584788,0,1,0,0,1223223,49536,65535,65535,65535,65535,65535,65535,65535,65535,65535,65535,65535
1685584794,0,1,0,0,1223223,49463,65535,65535,65535,65535,65535,65535,65535,65535,65535,65535,65535
