Timestamp,Amber,White,On,Override,Intensity,AS00,AS01,AS02,AS03,AS04,AS05,AS06,AS07,AS08,AS09,AS10,AS11
1685599200,0,1,1,0,1331,3187,7817,11043,20328,65535,6688,32173,44678,57438,33883,65535,6694
1685599206,0,1,1,0,1331,3187,7819,11050,20326,65535,6688,32173,44672,57438,33876,65535,6696
1685599212,0,1,1,0,1331,3188,7819,11050,20328,65535,6688,32180,44688,57444,33881,65535,6700
1685599218,0,1,1,0,1331,3188,7819,11044,20330,65535,6688,32173,44653,57430,33881,65535,6694
1685599224,0,1,1,0,1331,3187,7818,11050,20318,65535,6688,32177,44686,57457,33870,65535,6696
1685599230,0,1,1,0,1331,3189,7822,11055,20333,65535,6692,32178,44687,57448,33893,65535,6702
1685599236,0,1,1,0,1331,3188,7820,11052,20321,65535,6690,32180,44675,57454,33899,65535,6698
1685599242,0,1,1,0,1331,3189,7819,11053,20335,65535,6690,32184,44685,57463,33899,65535,6702
1685599248,0,1,1,0,1331,3189,7823,11054,20333,65535,6688,32175,44708,57464,33898,65535,6700
1685599254,0,1,1,0,1331,3189,7824,11062,20334,65535,6692,32176,44690,57461,33899,65535,6698
1685599260,0,1,1,0,1331,3189,7822,11057,20340,65535,6691,32186,44692,57481,33886,65535,6702
1685599266,0,1,1,0,1331,3189,7821,11054,20334,65535,6692,32196,44708,57485,33906,65535,6700
1685599272,0,1,1,0,1331,3190,7821,11060,20341,65535,6690,32190,44706,57478,33906,65535,6698
1685599278,0,1,1,0,1331,3189,7821,11059,20339,65535,6692,32190,44713,57487,33889,65535,6700
1685599284,0,1,1,0,1331,3191,7824,11056,20349,65535,6692,32192,44714,57468,33911,65535,6698
1685599290,0,1,1,0,1331,3189,7821,11056,20336,65535,6692,32188,44703,57473,33917,65535,6698
1685599296,0,1,1,0,1331,3190,7826,11060,20343,65535,6698,32200,44716,57478,33913,65535,6702
1685599302,0,1,1,0,1331,3191,7825,11064,20345,65535,6698,32200,44725,57497,33921,65535,6702
1685599308,0,1,1,0,1331,3190,7825,11068,20345,65535,6696,32199,44726,57480,33901,65535,6702
1685599314,0,1,1,0,1331,3191,7827,11072,20347,65535,6696,32204,44727,57484,33922,65535,6702
1685599320,0,1,1,0,1331,3190,7823,11058,20345,65535,6693,32208,44737,57483,33918,65535,6708
1685599326,0,1,1,0,1331,3190,7824,11060,20339,65535,6696,32201,44721,57452,33917,65535,6702
1685599332,0,1,1,0,1331,3192,7824,11064,20344,65535,6694,32197,44712,57485,33896,65535,6701
1685599338,0,1,1,0,1331,3191,7828,11072,20339,65535,6698,32205,44726,57503,33900,65535,6706
1685599344,0,1,1,0,1331,3191,7822,11063,20342,65535,6698,32204,44734,57495,33922,65535,6706
1685599350,0,1,1,0,1331,3191,7829,11068,20345,65535,6694,32199,44723,57490,33922,65535,6708
1685599356,0,1,1,0,1331,3192,7825,11067,20330,65535,6698,32208,44744,57510,33926,65535,6702
1685599362,0,1,1,0,1331,3192,7826,11067,20343,65535,6696,32211,44735,57490,33932,65535,6706
1685599368,0,1,1,0,1331,3193,7830,11070,20346,65535,6696,32206,44739,57512,33907,65535,6708
1685599374,0,1,1,0,1331,3193,7830,11064,20345,65535,6697,32214,44747,57514,33932,65535,6706
1685599380,0,1,1,0,1331,3192,7827,11067,20342,65535,6700,32206,44741,57501,33920,65535,6704
1685599386,0,1,1,0,1331,3192,7828,11069,20343,65535,6698,32211,44739,57479,33930,65535,6706
1685599392,0,1,1,0,1331,3192,7828,11069,20343,65535,6698,32210,44741,57519,33929,65535,6706
1685599398,0,1,1,0,1331,3192,7829,11068,20327,65535,6700,32210,44738,57513,33926,65535,6704
1685599404,0,1,1,0,1331,3193,7829,11072,20351,65535,6698,32220,44752,57520,33933,65535,6710
1685599410,0,1,1,0,1331,3193,7829,11069,20335,65535,6698,32212,44739,57531,33936,65535,6704
1685599416,0,1,1,0,1331,3192,7829,11071,20346,65535,6702,32211,44733,57516,33925,65535,6706
1685599422,0,1,1,0,1331,3194,7832,11074,20354,65535,6702,32221,44745,57521,33941,65535,6710
1685599428,0,1,1,0,1331,3191,7831,11071,20351,65535,6698,32209,44752,57557,33945,65535,6704
1685599434,0,1,1,0,1331,3192,7829,11066,20338,65535,6698,32223,44754,57529,33936,65535,6708
1685599440,0,1,1,0,1331,3192,7830,11067,20343,65535,6696,32216,44741,57515,33931,65535,6704
1685599446,0,1,1,0,1331,3194,7832,11076,20360,65535,6702,32223,44753,57541,33949,65535,6708
1685599452,0,1,1,0,1331,3192,7830,11066,20347,65535,6700,32206,44737,57528,33922,65535,6702
1685599458,0,1,1,0,1331,3192,7830,11074,20347,65535,6696,32221,44740,57514,33927,65535,6710
1685599464,0,1,1,0,1331,3192,7828,11068,20345,65535,6695,32209,44731,57506,33923,65535,6704
1685599470,0,1,1,0,1331,3191,7826,11064,20346,65535,6700,32219,44723,57502,33923,65535,6704
1685599476,0,1,1,0,1331,3190,7823,11063,20335,65535,6694,32195,44713,57485,33907,65535,6704
1685599482,0,1,1,0,1331,3192,7826,11062,20338,65535,6696,32210,44725,57494,33918,65535,6702
1685599488,0,1,1,0,1331,3193,7826,11065,20344,65535,6694,32208,44725,57490,33917,65535,6704
1685599494,0,1,1,0,1331,3191,7826,11067,20345,65535,6698,32205,44717,57478,33913,65535,6702
1685599500,0,1,1,0,1331,3192,7828,11063,20345,65535,6696,32189,44720,57528,33920,65535,6702
1685599506,0,1,1,0,1331,3189,7825,11062,20341,65535,6695,32206,44727,57497,33913,65535,6700
1685599512,0,1,1,0,1331,3190,7828,11062,20343,65535,6696,32204,44714,57491,33919,65535,6705
1685599518,0,1,1,0,1331,3192,7829,11062,20339,65535,6692,32203,44721,57496,33909,65535,6702
1685599524,0,1,1,0,1331,3191,7827,11063,20338,65535,6692,32212,44739,57539,33917,65535,6702
1685599530,0,1,1,0,1331,3191,7828,11061,20342,65535,6698,32203,44710,57489,33914,65535,6704
1685599536,0,1,1,0,1331,3191,7826,11061,20347,65535,6692,32201,44718,57484,33906,65535,6700
1685599542,0,1,1,0,1331,3190,7826,11062,20336,65535,6694,32201,44722,57486,33917,65535,6700
1685599548,0,1,1,0,1331,3190,7823,11063,20343,65535,6694,32200,44720,57474,33912,65535,6702
1685599554,0,1,1,0,1331,3190,7820,11055,20334,65535,6696,32203,44697,57506,33927,65535,6700
1685599560,0,1,1,0,1331,3190,7825,11058,20350,65535,6694,32196,44712,57472,33906,65535,6700
1685599566,0,1,1,0,1331,3190,7821,11053,20337,65535,6696,32186,44685,57457,33879,65535,6698
1685599572,0,1,1,0,1331,3189,7821,11054,20333,65535,6696,32181,44706,57447,33890,65535,6698
1685599578,0,1,1,0,1331,3190,7822,11058,20335,65535,6692,32184,44697,57449,33893,65535,6698
1685599584,0,1,1,0,1331,3187,7819,11049,20324,65535,6692,32182,44696,57468,33885,65535,6696
1685599590,0,1,1,0,1331,3188,7819,11049,20330,65535,6690,32187,44680,57471,33891,65535,6698
1685599596,0,1,1,0,1331,3189,7816,11058,20329,65535,6692,32173,44676,57438,33883,65535,6694
1685599602,0,1,1,0,1331,3187,7817,11054,20337,65535,6690,32165,44689,57455,33888,65535,6700
1685599608,0,1,1,0,1331,3188,7814,11045,20326,65535,6688,32176,44683,57469,33861,65535,6700
1685599614,0,1,1,0,1331,3186,7817,11044,20322,65535,6686,32169,44669,57429,33871,65535,6696
1685599620,0,1,1,0,1331,3185,7814,11041,20319,65535,6684,32160,44663,57425,33870,65535,6694
1685599626,0,1,1,0,1331,3186,7816,11047,20324,65535,6684,32158,44652,57414,33868,65535,6690
1685599632,0,1,1,0,1331,3185,7813,11046,20319,65535,6684,32158,44645,57409,33863,65535,6692
1685599638,0,1,1,0,1331,3184,7811,11041,20318,65535,6684,32149,44640,57401,33842,65535,6690
1685599644,0,1,1,0,1331,3183,7810,11042,20317,65535,6688,32141,44648,57397,33863,65535,6690
1685599650,0,1,1,0,1331,3186,7813,11039,20325,65535,6684,32161,44648,57402,33865,65535,6696
1685599656,0,1,1,0,1331,3184,7814,11040,20322,65535,6682,32156,44645,57394,33857,65535,6692
1685599662,0,1,1,0,1330,3184,7813,11042,20319,65535,6685,32163,44646,57411,33863,65535,6690
1685599668,0,1,1,0,1331,3185,7812,11040,20318,65535,6684,32154,44640,57383,33858,65535,6690
1685599674,0,1,1,0,1331,3182,7810,11036,20316,65535,6684,32161,44658,57438,33857,65535,6690
1685599680,0,1,1,0,1331,3186,7816,11042,20319,65535,6684,32163,44645,57444,33866,65535,6694
1685599686,0,1,1,0,1331,3183,7812,11039,20331,65535,6684,32163,44650,57420,33864,65535,6694
1685599692,0,1,1,0,1331,3188,7817,11044,20334,65535,6688,32171,44656,57428,33868,65535,6690
1685599698,0,1,1,0,1331,3187,7815,11044,20328,65535,6686,32173,44657,57392,33866,65535,6694
1685599704,0,1,1,0,1331,3187,7814,11041,20324,65535,6688,32171,44677,57448,33867,65535,6694
1685599710,0,1,1,0,1331,3186,7813,11040,20315,65535,6686,32167,44653,57419,33887,65535,6694
1685599716,0,1,1,0,1331,3185,7816,11043,20326,65535,6686,32157,44650,57412,33869,65535,6694
1685599722,0,1,1,0,1331,3185,7816,11044,20326,65535,6688,32166,44671,57437,33877,65535,6696
1685599728,0,1,1,0,1331,3185,7812,11041,20317,65535,6686,32158,44647,57418,33872,65535,6696
1685599734,0,1,1,0,1331,3186,7813,11040,20320,65535,6686,32164,44672,57437,33877,65535,6692
1685599740,0,1,1,0,1331,3186,7814,11042,20321,65535,6686,32168,44658,57417,33869,65535,6694
1685599746,0,1,1,0,1331,3188,7815,11044,20325,65535,6685,32175,44661,57430,33873,65535,6694
1685599752,0,1,1,0,1331,3186,7817,11045,20327,65535,6688,32157,44663,57428,33874,65535,6694
1685599758,0,1,1,0,1331,3185,7814,11043,20327,65535,6688,32160,44664,57434,33879,65535,6696
1685599764,0,1,1,0,1331,3187,7819,11049,20339,65535,6688,32178,44682,57434,33883,65535,6694
1685599770,0,1,1,0,1331,3186,7818,11041,20323,65535,6688,32166,44664,57417,33874,65535,6700
1685599776,0,1,1,0,1331,3187,7817,11042,20326,65535,6691,32183,44667,57431,33876,65535,6694
1685599782,0,1,1,0,1331,3187,7819,11043,20320,65535,6688,32170,44692,57439,33870,65535,6694
1685599788,0,1,1,0,1331,3187,7815,11047,20327,65535,6688,32172,44671,57434,33876,65535,6698
1685599794,0,1,1,0,1331,3187,7809,11040,20314,65535,6686,32144,44655,57436,33869,65535,6694
1685599800,0,1,1,0,1331,3187,7817,11049,20330,65535,6692,32178,44675,57434,33880,65535,6698
1685599806,0,1,1,0,1331,3186,7815,11043,20325,65535,6686,32171,44665,57425,33871,65535,6694
1685599812,0,1,1,0,1331,3187,7817,11045,20324,65535,6688,32170,44665,57412,33870,65535,6694
1685599818,0,1,1,0,1331,3187,7819,11049,20330,65535,6688,32164,44661,57440,33881,65535,6696
1685599824,0,1,1,0,1331,3185,7816,11040,20323,65535,6688,32171,44676,57428,33856,65535,6694
1685599830,0,1,1,0,1331,3188,7815,11052,20314,65535,6690,32159,44670,57430,33885,65535,6698
1685599836,0,1,1,0,1331,3188,7820,11050,20330,65535,6690,32163,44668,57441,33881,65535,6695
1685599842,0,1,1,0,1331,3189,7821,11052,20346,65535,6690,32174,44693,57454,33876,65535,6700
1685599848,0,1,1,0,1331,3190,7822,11053,20338,65535,6694,32178,44697,57429,33894,65535,6698
1685599854,0,1,1,0,1331,3188,7821,11051,20333,65535,6692,32184,44690,57457,33900,65535,6698
1685599860,0,1,1,0,1331,3189,7826,11055,20339,65535,6692,32193,44709,57467,33900,65535,6699
1685599866,0,1,1,0,1331,3189,7822,11058,20333,65535,6692,32189,44698,57449,33894,65535,6700
1685599872,0,1,1,0,1331,3187,7821,11054,20334,65535,6692,32195,44708,57492,33897,65535,6702
1685599878,0,1,1,0,1331,3188,7823,11057,20329,65535,6694,32198,44701,57460,33902,65535,6700
1685599884,0,1,1,0,1331,3189,7821,11047,20332,65535,6692,32198,44721,57465,33901,65535,6700
1685599890,0,1,1,0,1331,3188,7822,11056,20335,65535,6694,32198,44703,57462,33901,65535,6700
1685599896,0,1,1,0,1331,3191,7825,11061,20344,65535,6692,32189,44710,57491,33916,65535,6704
1685599902,0,1,1,0,1331,3189,7823,11057,20335,65535,6694,32198,44709,57474,33903,65535,6706
1685599908,0,1,1,0,1331,3190,7822,11056,20336,65535,6692,32202,44704,57479,33907,65535,6700
1685599914,0,1,1,0,1331,3188,7819,11052,20330,65535,6694,32193,44691,57468,33915,65535,6702
1685599920,0,1,1,0,1331,3189,7821,11055,20334,65535,6696,32198,44702,57476,33884,65535,6704
1685599926,0,1,1,0,1331,3188,7821,11055,20333,65535,6698,32186,44696,57460,33892,65535,6698
1685599932,0,1,1,0,1331,3190,7820,11052,20334,65535,6692,32199,44718,57463,33901,65535,6698
1685599938,0,1,1,0,1331,3189,7823,11053,20334,65535,6692,32171,44699,57460,33895,65535,6698
1685599944,0,1,1,0,1331,3189,7819,11053,20338,65535,6692,32192,44707,57468,33902,65535,6700
1685599950,0,1,1,0,1331,3189,7822,11057,20336,65535,6694,32200,44712,57474,33913,65535,6702
1685599956,0,1,1,0,1331,3190,7820,11051,20333,65535,6692,32196,44714,57469,33901,65535,6700
1685599962,0,1,1,0,1331,3189,7825,11056,20332,65535,6690,32194,44710,57483,33885,65535,6698
1685599968,0,1,1,0,1331,3190,7823,11055,20336,65535,6694,32184,44706,57494,33899,65535,6702
1685599974,0,1,1,0,1331,3190,7821,11051,20333,65535,6692,32192,44703,57450,33896,65535,6700
1685599980,0,1,1,0,1331,3190,7819,11049,20334,65535,6692,32196,44702,57455,33912,65535,6700
1685599986,0,1,1,0,1331,3190,7825,11059,20337,65535,6694,32201,44700,57469,33906,65535,6702
1685599992,0,1,1,0,1331,3189,7826,11052,20336,65535,6694,32200,44706,57496,33906,65535,6702
1685599998,0,1,1,0,1331,3191,7824,11058,20343,65535,6694,32201,44727,57478,33911,65535,6700
1685600004,0,1,1,0,1331,3190,7824,11057,20339,65535,6694,32203,44712,57509,33906,65535,6702
1685600010,0,1,1,0,1331,3192,7823,11058,20333,65535,6692,32178,44708,57481,33906,65535,6702
1685600016,0,1,1,0,1331,3188,7819,11053,20337,65535,6696,32199,44697,57462,33887,65535,6700
1685600022,0,1,1,0,1331,3188,7825,11055,20340,65535,6694,32207,44704,57462,33907,65535,6708
1685600028,0,1,1,0,1331,3191,7826,11058,20338,65535,6694,32209,44722,57475,33905,65535,6702
1685600034,0,1,1,0,1331,3190,7827,11064,20343,65535,6698,32192,44727,57487,33917,65535,6704
1685600040,0,1,1,0,1331,3193,7826,11069,20348,65535,6698,32219,44731,57498,33924,65535,6704
1685600046,0,1,1,0,1331,3190,7826,11058,20337,65535,6696,32204,44720,57484,33913,65535,6701
1685600052,0,1,1,0,1331,3191,7826,11061,20344,65535,6696,32209,44721,57497,33901,65535,6704
1685600058,0,1,1,0,1331,3192,7822,11063,20333,65535,6696,32189,44716,57468,33919,65535,6702
1685600064,0,1,1,0,1331,3190,7824,11060,20341,65535,6696,32210,44722,57488,33923,65535,6704
1685600070,0,1,1,0,1331,3192,7827,11065,20346,65535,6696,32204,44722,57490,33898,65535,6704
1685600076,0,1,1,0,1331,3188,7829,11060,20339,65535,6694,32212,44720,57496,33926,65535,6704
1685600082,0,1,1,0,1331,3193,7827,11068,20347,65535,6696,32210,44718,57504,33922,65535,6704
1685600088,0,1,1,0,1331,3191,7827,11063,20342,65535,6696,32207,44724,57469,33915,65535,6702
1685600094,0,1,1,0,1331,3192,7829,11065,20349,65535,6700,32215,44740,57500,33923,65535,6706
1685600100,0,1,1,0,1331,3191,7825,11061,20344,65535,6696,32211,44723,57513,33918,65535,6704
1685600106,0,1,1,0,1331,3192,7825,11067,20344,65535,6696,32209,44713,57492,33919,65535,6704
1685600112,0,1,1,0,1331,3192,7826,11062,20347,65535,6701,32213,44719,57492,33919,65535,6704
1685600118,0,1,1,0,1331,3192,7828,11062,20342,65535,6698,32214,44736,57500,33916,65535,6704
1685600124,0,1,1,0,1331,3192,7824,11065,20346,65535,6696,32210,44725,57501,33915,65535,6704
1685600130,0,1,1,0,1331,3191,7825,11058,20337,65535,6696,32203,44712,57480,33907,65535,6704
1685600136,0,1,1,0,1331,3191,7823,11063,20334,65535,6696,32199,44730,57504,33908,65535,6702
1685600142,0,1,1,0,1331,3191,7826,11059,20341,65535,6696,32211,44723,57487,33912,65535,6704
1685600148,0,1,1,0,1331,3192,7824,11071,20342,65535,6694,32202,44721,57486,33914,65535,6704
1685600154,0,1,1,0,1331,3193,7827,11064,20347,65535,6696,32217,44732,57509,33919,65535,6702
1685600160,0,1,1,0,1331,3192,7826,11061,20344,65535,6696,32208,44718,57491,33915,65535,6704
1685600166,0,1,1,0,1331,3191,7828,11063,20344,65535,6696,32212,44718,57500,33899,65535,6702
1685600172,0,1,1,0,1331,3191,7829,11061,20342,65535,6694,32209,44721,57518,33914,65535,6704
1685600178,0,1,1,0,1331,3189,7826,11064,20342,65535,6694,32195,44721,57502,33914,65535,6704
1685600184,0,1,1,0,1331,3191,7826,11058,20340,65535,6694,32211,44726,57486,33914,65535,6704
1685600190,0,1,1,0,1331,3191,7824,11061,20337,65535,6694,32199,44715,57492,33907,65535,6700
1685600196,0,1,1,0,1331,3192,7825,11063,20344,65535,6696,32216,44727,57521,33926,65535,6708
1685600202,0,1,1,0,1331,3191,7825,11060,20339,65535,6694,32201,44712,57480,33906,65535,6702
1685600208,0,1,1,0,1331,3189,7825,11056,20340,65535,6696,32195,44718,57500,33916,65535,6704
1685600214,0,1,1,0,1331,3193,7826,11063,20347,65535,6696,32189,44723,57501,33922,65535,6702
1685600220,0,1,1,0,1331,3191,7827,11063,20337,65535,6696,32209,44732,57538,33926,65535,6704
1685600226,0,1,1,0,1331,3192,7827,11073,20339,65535,6698,32212,44738,57502,33925,65535,6706
1685600232,0,1,1,0,1331,3192,7829,11065,20345,65535,6698,32216,44743,57532,33925,65535,6704
1685600238,0,1,1,0,1331,3193,7830,11068,20343,65535,6700,32223,44749,57529,33941,65535,6708
1685600244,0,1,1,0,1331,3194,7831,11072,20347,65535,6698,32226,44742,57517,33928,65535,6708
1685600250,0,1,1,0,1331,3192,7827,11066,20343,65535,6698,32211,44735,57508,33919,65535,6706
1685600256,0,1,1,0,1331,3194,7833,11072,20344,65535,6700,32221,44736,57520,33931,65535,6708
1685600262,0,1,1,0,1331,3190,7827,11062,20348,65535,6700,32217,44728,57510,33912,65535,6708
1685600268,0,1,1,0,1331,3194,7832,11062,20350,65535,6700,32221,44747,57495,33934,65535,6710
1685600274,0,1,1,0,1331,3192,7829,11075,20352,65535,6698,32221,44745,57519,33934,65535,6706
1685600280,0,1,1,0,1331,3193,7833,11068,20350,65535,6700,32220,44725,57500,33924,65535,6706
1685600286,0,1,1,0,1331,3192,7831,11069,20352,65535,6700,32222,44752,57521,33931,65535,6706
1685600292,0,1,1,0,1331,3193,7831,11065,20346,65535,6697,32203,44729,57508,33911,65535,6706
1685600298,0,1,1,0,1331,3191,7826,11065,20352,65535,6700,32200,44723,57505,33929,65535,6704
1685600304,0,1,1,0,1331,3193,7831,11068,20350,65535,6700,32220,44745,57509,33934,65535,6708
1685600310,0,1,1,0,1331,3193,7829,11067,20356,65535,6700,32221,44749,57505,33934,65535,6708
1685600316,0,1,1,0,1331,3193,7831,11059,20351,65535,6699,32225,44732,57514,33932,65535,6708
1685600322,0,1,1,0,1331,3193,7825,11067,20353,65535,6702,32219,44721,57491,33944,65535,6706
1685600328,0,1,1,0,1331,3192,7829,11063,20349,65535,6694,32210,44740,57524,33928,65535,6706
1685600334,0,1,1,0,1331,3190,7824,11068,20344,65535,6698,32190,44716,57498,33916,65535,6706
1685600340,0,1,1,0,1331,3190,7826,11063,20344,65535,6696,32206,44724,57494,33919,65535,6704
1685600346,0,1,1,0,1331,3191,7829,11060,20349,65535,6698,32209,44731,57488,33895,65535,6702
1685600352,0,1,1,0,1331,3192,7823,11061,20343,65535,6696,32212,44722,57493,33913,65535,6702
1685600358,0,1,1,0,1331,3189,7826,11060,20340,65535,6692,32209,44718,57489,33912,65535,6700
1685600364,0,1,1,0,1331,3190,7823,11061,20336,65535,6694,32195,44705,57457,33901,65535,6704
1685600370,0,1,1,0,1331,3190,7821,11056,20323,65535,6694,32193,44700,57478,33902,65535,6700
1685600376,0,1,1,0,1331,3189,7825,11061,20340,65535,6694,32193,44706,57480,33916,65535,6698
1685600382,0,1,1,0,1331,3187,7824,11056,20334,65535,6694,32194,44704,57469,33903,65535,6700
1685600388,0,1,1,0,1331,3190,7823,11058,20335,65535,6694,32197,44708,57478,33888,65535,6700
1685600394,0,1,1,0,1331,3190,7822,11054,20332,65535,6692,32197,44700,57465,33917,65535,6698
1685600400,0,1,1,0,1331,3190,7819,11054,20336,65535,6692,32192,44702,57443,33895,65535,6702
1685600406,0,1,1,0,1331,3190,7825,11054,20341,65535,6692,32200,44709,57462,33883,65535,6700
1685600412,0,1,1,0,1331,3189,7816,11051,20333,65535,6692,32196,44686,57459,33906,65535,6700
1685600418,0,1,1,0,1331,3188,7824,11048,20322,65535,6692,32191,44695,57455,33897,65535,6700
1685600424,0,1,1,0,1331,3189,7822,11055,20339,65535,6692,32172,44680,57459,33899,65535,6700
1685600430,0,1,1,0,1331,3189,7822,11056,20335,65535,6692,32198,44704,57493,33903,65535,6698
1685600436,0,1,1,0,1331,3192,7822,11056,20342,65535,6694,32198,44706,57483,33883,65535,6700
1685600442,0,1,1,0,1331,3188,7824,11055,20327,65535,6694,32193,44703,57467,33901,65535,6698
1685600448,0,1,1,0,1331,3189,7818,11051,20336,65535,6690,32187,44700,57451,33881,65535,6700
1685600454,0,1,1,0,1331,3189,7820,11049,20323,65535,6692,32190,44691,57474,33901,65535,6702
1685600460,0,1,1,0,1331,3188,7820,11052,20322,65535,6690,32179,44698,57450,33899,65535,6698
1685600466,0,1,1,0,1331,3188,7818,11049,20323,65535,6690,32182,44698,57479,33897,65535,6698
1685600472,0,1,1,0,1331,3189,7819,11055,20333,65535,6692,32189,44691,57441,33895,65535,6696
1685600478,0,1,1,0,1331,3188,7822,11048,20330,65535,6690,32187,44695,57465,33889,65535,6696
1685600484,0,1,1,0,1331,3187,7820,11049,20333,65535,6690,32163,44684,57431,33883,65535,6696
1685600490,0,1,1,0,1331,3189,7821,11060,20332,65535,6692,32188,44688,57445,33884,65535,6696
1685600496,0,1,1,0,1331,3188,7818,11048,20328,65535,6690,32186,44690,57450,33890,65535,6702
1685600502,0,1,1,0,1331,3189,7821,11050,20338,65535,6688,32191,44700,57454,33902,65535,6698
1685600508,0,1,1,0,1331,3187,7818,11047,20329,65535,6688,32171,44693,57437,33887,65535,6700
1685600514,0,1,1,0,1331,3189,7820,11048,20328,65535,6692,32165,44685,57434,33888,65535,6696
1685600520,0,1,1,0,1331,3188,7818,11048,20328,65535,6688,32186,44675,57437,33865,65535,6700
1685600526,0,1,1,0,1331,3185,7822,11046,20327,65535,6694,32171,44673,57443,33892,65535,6696
1685600532,0,1,1,0,1331,3187,7817,11045,20328,65535,6688,32164,44679,57436,33867,65535,6696
1685600538,0,1,1,0,1331,3189,7817,11046,20331,65535,6688,32156,44669,57428,33878,65535,6694
1685600544,0,1,1,0,1331,3186,7817,11049,20322,65535,6688,32174,44668,57426,33877,65535,6694
1685600550,0,1,1,0,1331,3187,7817,11041,20324,65535,6686,32174,44661,57442,33874,65535,6694
1685600556,0,1,1,0,1331,3187,7816,11048,20323,65535,6686,32169,44668,57443,33868,65535,6696
1685600562,0,1,1,0,1331,3184,7815,11047,20319,65535,6682,32147,44661,57386,33849,65535,6694
1685600568,0,1,1,0,1331,3186,7811,11046,20315,65535,6690,32168,44642,57417,33860,65535,6692
1685600574,0,1,1,0,1331,3188,7815,11042,20331,65535,6688,32172,44646,57446,33871,65535,6692
1685600580,0,1,1,0,1331,3185,7817,11044,20326,65535,6690,32182,44683,57466,33884,65535,6696
1685600586,0,1,1,0,1331,3188,7819,11053,20328,65535,6688,32177,44677,57436,33885,65535,6696
1685600592,0,1,1,0,1331,3186,7821,11048,20333,65535,6690,32179,44666,57441,33884,65535,6696
1685600598,0,1,1,0,1331,3186,7819,11047,20320,65535,6690,32185,44690,57447,33889,65535,6702
1685600604,0,1,1,0,1331,3187,7820,11049,20320,65535,6690,32178,44693,57443,33872,65535,6698
1685600610,0,1,1,0,1331,3185,7822,11052,20333,65535,6691,32186,44706,57455,33889,65535,6698
1685600616,0,1,1,0,1331,3187,7824,11054,20337,65535,6694,32187,44680,57462,33888,65535,6698
1685600622,0,1,1,0,1331,3189,7825,11054,20339,65535,6692,32176,44705,57461,33901,65535,6700
1685600628,0,1,1,0,1331,3188,7826,11055,20342,65535,6692,32177,44700,57464,33906,65535,6702
1685600634,0,1,1,0,1331,3189,7824,11056,20340,65535,6694,32206,44711,57507,33911,65535,6702
1685600640,0,1,1,0,1331,3192,7828,11062,20353,65535,6694,32213,44733,57488,33910,65535,6703
1685600646,0,1,1,0,1331,3190,7822,11060,20329,65535,6698,32207,44699,57488,33916,65535,6704
1685600652,0,1,1,0,1331,3190,7823,11061,20343,65535,6694,32189,44722,57486,33896,65535,6702
1685600658,0,1,1,0,1331,3191,7828,11057,20343,65535,6698,32214,44727,57478,33911,65535,6700
1685600664,0,1,1,0,1331,3192,7826,11066,20342,65535,6694,32195,44727,57503,33914,65535,6704
1685600670,0,1,1,0,1331,3190,7825,11064,20341,65535,6694,32184,44725,57488,33907,65535,6706
1685600676,0,1,1,0,1331,3190,7824,11061,20336,65535,6694,32187,44722,57493,33909,65535,6707
1685600682,0,1,1,0,1331,3192,7825,11060,20338,65535,6694,32204,44691,57452,33888,65535,6700
1685600688,0,1,1,0,1331,3188,7824,11059,20341,65535,6694,32204,44698,57478,33902,65535,6702
1685600694,0,1,1,0,1331,3192,7828,11060,20336,65535,6694,32212,44726,57494,33916,65535,6700
1685600700,0,1,1,0,1331,3190,7826,11058,20337,65535,6698,32196,44725,57489,33928,65535,6702
1685600706,0,1,1,0,1331,3190,7823,11059,20344,65535,6694,32195,44699,57471,33903,65535,6700
1685600712,0,1,1,0,1331,3189,7820,11055,20330,65535,6693,32203,44711,57471,33915,65535,6698
1685600718,0,1,1,0,1331,3188,7825,11051,20329,65535,6694,32194,44700,57485,33886,65535,6700
1685600724,0,1,1,0,1331,3190,7823,11056,20339,65535,6694,32208,44720,57478,33907,65535,6702
1685600730,0,1,1,0,1331,3189,7823,11059,20336,65535,6692,32198,44718,57469,33899,65535,6700
1685600736,0,1,1,0,1331,3189,7818,11057,20331,65535,6690,32176,44702,57452,33889,65535,6698
1685600742,0,1,1,0,1331,3189,7822,11052,20334,65535,6690,32191,44702,57447,33899,65535,6698
1685600748,0,1,1,0,1330,3191,7825,11061,20336,65535,6692,32192,44687,57462,33903,65535,6704
1685600754,0,1,1,0,1331,3190,7824,11052,20337,65535,6692,32202,44708,57485,33902,65535,6700
1685600760,0,1,1,0,1331,3189,7821,11054,20326,65535,6692,32196,44688,57469,33903,65535,6700
1685600766,0,1,1,0,1331,3190,7824,11054,20343,65535,6692,32199,44722,57476,33906,65535,6704
1685600772,0,1,1,0,1331,3191,7827,11063,20337,65535,6696,32196,44689,57460,33911,65535,6700
1685600778,0,1,1,0,1331,3191,7826,11056,20342,65535,6696,32206,44716,57473,33907,65535,6704
1685600784,0,1,1,0,1331,3189,7827,11056,20340,65535,6694,32215,44715,57465,33907,65535,6702
1685600790,0,1,1,0,1331,3191,7827,11063,20337,65535,6694,32211,44724,57478,33920,65535,6700
1685600796,0,1,1,0,1331,3191,7826,11060,20340,65535,6698,32213,44726,57491,33934,65535,6700
1685600802,0,1,1,0,1331,3192,7828,11061,20346,65535,6696,32198,44733,57486,33898,65535,6704
1685600808,0,1,1,0,1331,3190,7826,11060,20350,65535,6696,32217,44728,57488,33919,65535,6702
1685600814,0,1,1,0,1331,3192,7828,11060,20344,65535,6694,32223,44749,57528,33927,65535,6706
1685600820,0,1,1,0,1331,3192,7828,11059,20343,65535,6696,32198,44741,57482,33924,65535,6702
1685600826,0,1,1,0,1331,3192,7829,11060,20334,65535,6694,32224,44742,57530,33929,65535,6708
1685600832,0,1,1,0,1331,3192,7827,11063,20333,65535,6694,32209,44714,57496,33912,65535,6702
1685600838,0,1,1,0,1331,3192,7825,11056,20341,65535,6696,32196,44732,57472,33898,65535,6704
1685600844,0,1,1,0,1331,3192,7829,11065,20348,65535,6694,32212,44716,57479,33918,65535,6710
1685600850,0,1,1,0,1331,3190,7828,11061,20345,65535,6698,32209,44718,57495,33925,65535,6710
1685600856,0,1,1,0,1331,3191,7824,11055,20343,65535,6696,32206,44737,57523,33917,65535,6704
1685600862,0,1,1,0,1331,3193,7830,11066,20334,65535,6696,32198,44705,57509,33922,65535,6704
1685600868,0,1,1,0,1331,3191,7831,11064,20344,65535,6698,32200,44740,57509,33916,65535,6704
1685600874,0,1,1,0,1331,3193,7824,11064,20342,65535,6696,32215,44715,57501,33920,65535,6702
1685600880,0,1,1,0,1331,3191,7827,11064,20341,65535,6696,32217,44726,57508,33932,65535,6704
1685600886,0,1,1,0,1331,3193,7826,11065,20346,65535,6696,32206,44723,57516,33928,65535,6704
1685600892,0,1,1,0,1331,3191,7827,11069,20348,65535,6696,32225,44746,57508,33922,65535,6704
1685600898,0,1,1,0,1331,3192,7831,11071,20352,65535,6698,32224,44755,57505,33947,65535,6706
1685600904,0,1,1,0,1331,3195,7829,11062,20350,65535,6702,32217,44751,57536,33948,65535,6706
1685600910,0,1,1,0,1331,3192,7827,11069,20347,65535,6696,32225,44756,57495,33939,65535,6708
1685600916,0,1,1,0,1331,3193,7833,11065,20348,65535,6698,32229,44749,57512,33931,65535,6706
1685600922,0,1,1,0,1331,3193,7832,11072,20350,65535,6702,32230,44758,57514,33930,65535,6706
1685600928,0,1,1,0,1331,3195,7832,11074,20353,65535,6704,32232,44762,57535,33940,65535,6710
1685600934,0,1,1,0,1331,3194,7837,11072,20355,65535,6700,32239,44744,57557,33918,65535,6708
1685600940,0,1,1,0,1331,3193,7835,11065,20355,65535,6700,32220,44764,57531,33942,65535,6708
1685600946,0,1,1,0,1331,3194,7832,11072,20348,65535,6704,32234,44768,57531,33939,65535,6708
1685600952,0,1,1,0,1331,3195,7832,11074,20346,65535,6704,32248,44765,57548,33953,65535,6710
1685600958,0,1,1,0,1331,3193,7834,11074,20355,65535,6700,32228,44777,57538,33931,65535,6712
1685600964,0,1,1,0,1331,3196,7833,11077,20360,65535,6704,32232,44787,57552,33951,65535,6710
1685600970,0,1,1,0,1331,3195,7836,11082,20358,65535,6704,32230,44777,57565,33952,65535,6714
1685600976,0,1,1,0,1331,3194,7835,11081,20361,65535,6702,32231,44792,57554,33951,65535,6712
1685600982,0,1,1,0,1332,3194,7833,11074,20356,65535,6702,32234,44794,57539,33951,65535,6710
1685600988,0,1,1,0,1332,3195,7842,11079,20367,65535,6706,32241,44810,57569,33964,65535,6714
1685600994,0,1,1,0,1332,3196,7839,11076,20363,65535,6704,32253,44790,57551,33967,65535,6714
1685601000,0,1,1,0,1332,3197,7834,11079,20363,65535,6706,32252,44773,57547,33968,65535,6712
1685601006,0,1,1,0,1332,3196,7839,11080,20362,65535,6704,32239,44792,57563,33962,65535,6714
1685601012,0,1,1,0,1332,3194,7839,11081,20366,65535,6706,32229,44786,57556,33966,65535,6714
1685601018,0,1,1,0,1331,3195,7837,11079,20365,65535,6708,32245,44786,57561,33956,65535,6712
1685601024,0,1,1,0,1332,3196,7840,11089,20368,65535,6708,32257,44809,57576,33956,65535,6714
1685601030,0,1,1,0,1332,3197,7843,11085,20362,65535,6706,32254,44818,57584,33981,65535,6718
1685601036,0,1,1,0,1332,3197,7843,11086,20373,65535,6708,32249,44782,57568,33958,65535,6714
1685601042,0,1,1,0,1332,3196,7842,11083,20368,65535,6705,32256,44809,57582,33979,65535,6714
1685601048,0,1,1,0,1332,3196,7840,11085,20357,65535,6710,32251,44816,57591,33983,65535,6714
1685601054,0,1,1,0,1332,3198,7838,11081,20367,65535,6708,32251,44789,57551,33975,65535,6714
1685601060,0,1,1,0,1332,3196,7841,11082,20371,65535,6706,32250,44804,57562,33976,65535,6714
1685601066,0,1,1,0,1332,3196,7842,11089,20368,65535,6706,32261,44806,57595,33955,65535,6714
1685601072,0,1,1,0,1332,3197,7841,11083,20362,65535,6708,32257,44815,57573,33987,65535,6717
1685601078,0,1,1,0,1332,3197,7843,11086,20363,65535,6710,32246,44815,57569,33985,65535,6714
1685601084,0,1,1,0,1332,3196,7841,11081,20368,65535,6706,32246,44800,57591,33969,65535,6716
1685601090,0,1,1,0,1332,3198,7841,11083,20358,65535,6706,32248,44807,57582,33981,65535,6714
1685601096,0,1,1,0,1332,3196,7837,11082,20365,65535,6710,32250,44810,57575,33975,65535,6714
1685601102,0,1,1,0,1332,3197,7843,11090,20369,65535,6706,32252,44795,57602,33979,65535,6714
1685601108,0,1,1,0,1332,3196,7840,11083,20371,65535,6706,32262,44813,57580,33974,65535,6714
1685601114,0,1,1,0,1332,3195,7841,11081,20365,65535,6707,32243,44803,57563,33971,65535,6714
1685601120,0,1,1,0,1332,3194,7841,11086,20354,65535,6704,32242,44788,57562,33964,65535,6714
1685601126,0,1,1,0,1331,3194,7839,11085,20364,65535,6706,32243,44776,57563,33974,65535,6714
1685601132,0,1,1,0,1331,3196,7840,11084,20370,65535,6704,32232,44784,57542,33951,65535,6716
1685601138,0,1,1,0,1331,3195,7836,11080,20364,65535,6704,32240,44771,57538,33937,65535,6710
1685601144,0,1,1,0,1332,3197,7839,11074,20362,65535,6704,32234,44749,57554,33947,65535,6708
1685601150,0,1,1,0,1331,3194,7837,11078,20361,65535,6702,32247,44778,57533,33945,65535,6708
1685601156,0,1,1,0,1331,3193,7837,11070,20359,65535,6700,32241,44762,57550,33943,65535,6708
1685601162,0,1,1,0,1331,3194,7835,11074,20354,65535,6704,32229,44772,57558,33953,65535,6708
1685601168,0,1,1,0,1331,3193,7836,11079,20361,65535,6704,32225,44776,57531,33930,65535,6710
1685601174,0,1,1,0,1331,3193,7833,11078,20358,65535,6706,32224,44777,57551,33951,65535,6706
1685601180,0,1,1,0,1331,3192,7832,11069,20345,65535,6704,32219,44772,57521,33948,65535,6710
1685601186,0,1,1,0,1331,3192,7832,11070,20360,65535,6700,32223,44775,57549,33950,65535,6706
1685601192,0,1,1,0,1331,3195,7832,11074,20361,65535,6704,32223,44758,57533,33952,65535,6712
1685601198,0,1,1,0,1331,3194,7836,11075,20358,65535,6699,32232,44778,57550,33950,65535,6708
1685601204,0,1,1,0,1331,3194,7838,11076,20365,65535,6702,32235,44786,57555,33957,65535,6712
1685601210,0,1,1,0,1331,3197,7839,11076,20364,65535,6702,32224,44770,57543,33951,65535,6708
1685601216,0,1,1,0,1331,3194,7835,11075,20359,65535,6704,32244,44785,57543,33956,65535,6710
1685601222,0,1,1,0,1331,3195,7836,11078,20363,65535,6705,32251,44784,57571,33962,65535,6714
1685601228,0,1,1,0,1331,3197,7840,11080,20363,65535,6708,32242,44779,57566,33955,65535,6710
1685601234,0,1,1,0,1332,3197,7841,11078,20364,65535,6706,32248,44793,57586,33954,65535,6708
1685601240,0,1,1,0,1331,3196,7836,11074,20362,65535,6704,32257,44789,57550,33954,65535,6712
1685601246,0,1,1,0,1331,3196,7835,11076,20366,65535,6704,32243,44786,57542,33932,65535,6712
1685601252,0,1,1,0,1331,3194,7836,11081,20362,65535,6704,32245,44777,57542,33954,65535,6710
1685601258,0,1,1,0,1332,3194,7838,11077,20363,65535,6706,32250,44766,57550,33958,65535,6708
1685601264,0,1,1,0,1331,3196,7841,11086,20370,65535,6706,32243,44793,57563,33964,65535,6712
1685601270,0,1,1,0,1332,3197,7839,11082,20373,65535,6708,32267,44803,57570,33974,65535,6714
1685601276,0,1,1,0,1332,3199,7840,11083,20371,65535,6706,32244,44800,57568,33967,65535,6716
1685601282,0,1,1,0,1332,3196,7837,11083,20369,65535,6706,32247,44777,57568,33967,65535,6714
1685601288,0,1,1,0,1332,3199,7843,11085,20373,65535,6706,32250,44780,57571,33954,65535,6714
1685601294,0,1,1,0,1332,3198,7844,11085,20361,65535,6706,32246,44797,57596,33966,65535,6714
1685601300,0,1,1,0,1332,3199,7844,11092,20371,65535,6706,32258,44798,57585,33973,65535,6714
1685601306,0,1,1,0,1332,3198,7845,11084,20374,65535,6706,32269,44811,57566,33956,65535,6716
1685601312,0,1,1,0,1332,3200,7846,11088,20384,65535,6710,32273,44820,57592,33980,65535,6716
1685601318,0,1,1,0,1332,3197,7842,11084,20377,65535,6710,32275,44821,57577,33978,65535,6716
1685601324,0,1,1,0,1332,3199,7841,11091,20375,65535,6710,32271,44828,57583,33987,65535,6720
1685601330,0,1,1,0,1332,3196,7842,11081,20363,65535,6708,32247,44802,57561,33973,65535,6716
1685601336,0,1,1,0,1332,3195,7840,11084,20368,65535,6710,32271,44827,57575,33998,65535,6718
1685601342,0,1,1,0,1332,3198,7841,11091,20376,65535,6708,32262,44802,57599,33968,65535,6716
1685601348,0,1,1,0,1332,3197,7838,11093,20381,65535,6708,32254,44815,57609,33985,65535,6718
1685601354,0,1,1,0,1332,3196,7838,11086,20372,65535,6708,32271,44820,57596,33975,65535,6716
1685601360,0,1,1,0,1332,3198,7841,11085,20371,65535,6706,32260,44800,57574,33971,65535,6714
1685601366,0,1,1,0,1332,3197,7838,11086,20376,65535,6704,32235,44778,57556,33941,65535,6716
1685601372,0,1,1,0,1332,3196,7835,11083,20361,65535,6706,32251,44796,57549,33960,65535,6714
1685601378,0,1,1,0,1332,3196,7845,11083,20375,65535,6706,32258,44787,57560,33966,65535,6714
1685601384,0,1,1,0,1332,3196,7841,11077,20361,65535,6704,32245,44814,57597,33964,65535,6714
1685601390,0,1,1,0,1332,3197,7840,11083,20364,65535,6702,32240,44799,57550,33954,65535,6714
1685601396,0,1,1,0,1332,3195,7834,11076,20354,65535,6704,32238,44783,57553,33950,65535,6712
1685601402,0,1,1,0,1332,3197,7839,11086,20379,65535,6706,32250,44772,57583,33959,65535,6710
1685601408,0,1,1,0,1331,3196,7837,11075,20362,65535,6705,32235,44780,57552,33961,65535,6712
1685601414,0,1,1,0,1332,3196,7837,11084,20371,65535,6704,32241,44800,57545,33956,65535,6710
1685601420,0,1,1,0,1332,3197,7839,11082,20363,65535,6705,32244,44769,57545,33959,65535,6712
1685601426,0,1,1,0,1331,3195,7835,11077,20362,65535,6702,32235,44760,57554,33948,65535,6712
1685601432,0,1,1,0,1331,3195,7834,11075,20352,65535,6704,32237,44783,57521,33944,65535,6708
1685601438,0,1,1,0,1331,3192,7833,11076,20355,65535,6702,32233,44747,57537,33938,65535,6710
1685601444,0,1,1,0,1331,3192,7830,11063,20352,65535,6700,32229,44759,57535,33938,65535,6708
1685601450,0,1,1,0,1331,3192,7830,11064,20350,65535,6698,32217,44736,57479,33927,65535,6708
1685601456,0,1,1,0,1331,3192,7829,11059,20346,65535,6693,32188,44728,57469,33892,65535,6702
1685601462,0,1,1,0,1331,3191,7826,11064,20342,65535,6696,32194,44743,57493,33913,65535,6704
1685601468,0,1,1,0,1331,3192,7829,11061,20331,65535,6694,32205,44709,57492,33910,65535,6701
1685601474,0,1,1,0,1331,3190,7826,11063,20345,65535,6694,32200,44708,57458,33908,65535,6700
1685601480,0,1,1,0,1331,3192,7827,11061,20345,65535,6692,32204,44723,57502,33896,65535,6700
1685601486,0,1,1,0,1331,3191,7821,11056,20341,65535,6694,32206,44711,57473,33908,65535,6700
1685601492,0,1,1,0,1331,3189,7827,11056,20344,65535,6698,32208,44703,57463,33912,65535,6702
1685601498,0,1,1,0,1331,3190,7828,11057,20340,65535,6697,32208,44700,57455,33888,65535,6702
1685601504,0,1,1,0,1331,3190,7828,11063,20347,65535,6696,32191,44712,57492,33913,65535,6700
1685601510,0,1,1,0,1331,3188,7825,11054,20337,65535,6696,32202,44719,57489,33912,65535,6706
1685601516,0,1,1,0,1331,3191,7827,11054,20339,65535,6694,32190,44718,57462,33907,65535,6702
1685601522,0,1,1,0,1331,3191,7825,11055,20337,65535,6692,32203,44720,57471,33899,65535,6700
1685601528,0,1,1,0,1331,3191,7824,11056,20338,65535,6696,32188,44724,57501,33908,65535,6700
1685601534,0,1,1,0,1331,3190,7823,11057,20336,65535,6692,32183,44714,57484,33899,65535,6700
1685601540,0,1,1,0,1331,3190,7823,11053,20333,65535,6692,32189,44715,57485,33893,65535,6700
1685601546,0,1,1,0,1331,3190,7826,11054,20336,65535,6694,32194,44708,57491,33901,65535,6700
1685601552,0,1,1,0,1331,3190,7823,11057,20324,65535,6692,32195,44718,57463,33899,65535,6700
1685601558,0,1,1,0,1331,3190,7825,11060,20336,65535,6692,32199,44727,57449,33914,65535,6698
1685601564,0,1,1,0,1331,3190,7826,11055,20335,65535,6696,32197,44702,57492,33900,65535,6698
1685601570,0,1,1,0,1331,3189,7822,11054,20335,65535,6694,32192,44702,57467,33902,65535,6701
1685601576,0,1,1,0,1331,3189,7823,11060,20335,65535,6692,32203,44744,57475,33904,65535,6702
1685601582,0,1,1,0,1331,3190,7826,11060,20324,65535,6692,32178,44715,57461,33899,65535,6700
1685601588,0,1,1,0,1331,3191,7827,11059,20341,65535,6692,32205,44724,57480,33928,65535,6700
1685601594,0,1,1,0,1331,3190,7825,11054,20336,65535,6692,32199,44715,57471,33900,65535,6700
1685601600,0,1,1,0,1331,3191,7828,11057,20338,65535,6694,32206,44738,57510,33917,65535,6702
1685601606,0,1,1,0,1331,3190,7826,11057,20340,65535,6694,32205,44729,57477,33911,65535,6702
1685601612,0,1,1,0,1331,3191,7825,11056,20347,65535,6694,32204,44723,57480,33911,65535,6700
1685601618,0,1,1,0,1331,3190,7829,11058,20341,65535,6692,32206,44727,57478,33915,65535,6700
1685601624,0,1,1,0,1331,3189,7822,11058,20338,65535,6692,32201,44720,57469,33907,65535,6700
1685601630,0,1,1,0,1331,3190,7824,11052,20338,65535,6690,32192,44709,57432,33898,65535,6702
1685601636,0,1,1,0,1331,3189,7826,11056,20321,65535,6692,32195,44717,57470,33881,65535,6700
1685601642,0,1,1,0,1331,3189,7824,11047,20337,65535,6694,32194,44717,57475,33902,65535,6702
1685601648,0,1,1,0,1331,3188,7823,11054,20335,65535,6692,32179,44710,57468,33893,65535,6698
1685601654,0,1,1,0,1331,3189,7823,11060,20324,65535,6692,32187,44707,57450,33883,65535,6700
1685601660,0,1,1,0,1331,3191,7824,11060,20342,65535,6692,32191,44706,57455,33915,65535,6700
1685601666,0,1,1,0,1331,3191,7825,11054,20343,65535,6692,32188,44715,57458,33905,65535,6700
1685601672,0,1,1,0,1331,3190,7823,11053,20336,65535,6692,32184,44687,57476,33900,65535,6700
1685601678,0,1,1,0,1331,3188,7822,11053,20335,65535,6692,32177,44683,57441,33878,65535,6698
1685601684,0,1,1,0,1331,3190,7821,11060,20336,65535,6692,32167,44705,57449,33899,65535,6698
1685601690,0,1,1,0,1331,3188,7821,11053,20347,65535,6690,32188,44718,57485,33904,65535,6700
1685601696,0,1,1,0,1331,3188,7821,11056,20331,65535,6690,32182,44704,57480,33892,65535,6697
1685601702,0,1,1,0,1331,3188,7820,11048,20341,65535,6686,32182,44692,57468,33887,65535,6696
1685601708,0,1,1,0,1331,3188,7822,11048,20329,65535,6690,32176,44700,57463,33890,65535,6694
1685601714,0,1,1,0,1331,3188,7822,11052,20329,65535,6686,32181,44696,57446,33891,65535,6696
1685601720,0,1,1,0,1331,3188,7820,11045,20336,65535,6690,32176,44680,57435,33888,65535,6696
1685601726,0,1,1,0,1331,3189,7820,11048,20335,65535,6688,32177,44694,57459,33893,65535,6698
1685601732,0,1,1,0,1331,3188,7822,11046,20326,65535,6688,32175,44676,57454,33897,65535,6700
1685601738,0,1,1,0,1331,3187,7814,11044,20325,65535,6690,32181,44696,57429,33887,65535,6696
1685601744,0,1,1,0,1331,3188,7820,11049,20329,65535,6688,32171,44684,57421,33885,65535,6694
1685601750,0,1,1,0,1331,3187,7821,11046,20323,65535,6688,32174,44693,57462,33895,65535,6698
1685601756,0,1,1,0,1331,3188,7819,11049,20335,65535,6688,32178,44686,57429,33898,65535,6698
1685601762,0,1,1,0,1331,3188,7818,11048,20323,65535,6688,32172,44690,57419,33880,65535,6698
1685601768,0,1,1,0,1331,3188,7818,11050,20327,65535,6688,32163,44682,57421,33878,65535,6696
1685601774,0,1,1,0,1331,3187,7815,11047,20321,65535,6688,32169,44683,57422,33873,65535,6694
1685601780,0,1,1,0,1331,3186,7817,11046,20326,65535,6686,32174,44678,57436,33880,65535,6694
1685601786,0,1,1,0,1331,3186,7816,11037,20320,65535,6684,32155,44666,57408,33846,65535,6694
1685601792,0,1,1,0,1331,3186,7815,11038,20324,65535,6686,32160,44677,57418,33878,65535,6694
1685601798,0,1,1,0,1331,3186,7817,11045,20312,65535,6686,32165,44654,57432,33876,65535,6694
1685601804,0,1,1,0,1331,3185,7814,11035,20310,65535,6686,32160,44670,57419,33874,65535,6694
1685601810,0,1,1,0,1331,3186,7818,11041,20324,65535,6686,32159,44686,57404,33867,65535,6692
1685601816,0,1,1,0,1331,3185,7814,11038,20320,65535,6686,32155,44658,57392,33857,65535,6692
1685601822,0,1,1,0,1331,3185,7813,11035,20314,65535,6684,32150,44639,57389,33860,65535,6692
1685601828,0,1,1,0,1331,3183,7808,11032,20302,65535,6684,32152,44659,57426,33860,65535,6690
1685601834,0,1,1,0,1330,3183,7812,11035,20314,65535,6682,32143,44648,57398,33844,65535,6690
1685601840,0,1,1,0,1330,3185,7811,11040,20316,65535,6682,32144,44601,57387,33852,65535,6690
1685601846,0,1,1,0,1330,3184,7807,11028,20302,65535,6678,32141,44615,57368,33842,65535,6690
1685601852,0,1,1,0,1330,3183,7809,11031,20309,65535,6680,32133,44627,57378,33843,65535,6690
1685601858,0,1,1,0,1330,3183,7810,11035,20305,65535,6678,32136,44610,57350,33846,65535,6685
1685601864,0,1,1,0,1330,3182,7805,11030,20307,65535,6678,32131,44609,57367,33857,65535,6686
1685601870,0,1,1,0,1330,3183,7808,11032,20309,65535,6680,32133,44622,57371,33838,65535,6686
1685601876,0,1,1,0,1330,3183,7803,11029,20313,65535,6680,32127,44625,57373,33831,65535,6688
1685601882,0,1,1,0,1330,3184,7804,11031,20312,65535,6680,32133,44611,57374,33838,65535,6686
1685601888,0,1,1,0,1330,3183,7808,11034,20307,65535,6678,32141,44624,57399,33844,65535,6686
1685601894,0,1,1,0,1330,3182,7809,11032,20311,65535,6678,32132,44636,57382,33839,65535,6686
1685601900,0,1,1,0,1330,3182,7807,11028,20301,65535,6676,32136,44631,57343,33839,65535,6686
1685601906,0,1,1,0,1330,3183,7805,11029,20295,65535,6680,32129,44632,57362,33842,65535,6684
1685601912,0,1,1,0,1330,3184,7807,11032,20311,65535,6680,32135,44610,57353,33834,65535,6686
1685601918,0,1,1,0,1330,3182,7809,11026,20309,65535,6678,32132,44609,57377,33818,65535,6686
1685601924,0,1,1,0,1330,3183,7809,11033,20311,65535,6682,32115,44621,57380,33841,65535,6688
1685601930,0,1,1,0,1330,3182,7809,11028,20307,65535,6680,32135,44634,57380,33833,65535,6688
1685601936,0,1,1,0,1330,3182,7804,11031,20309,65535,6682,32133,44612,57385,33838,65535,6686
1685601942,0,1,1,0,1330,3181,7802,11029,20303,65535,6678,32127,44611,57345,33832,65535,6690
1685601948,0,1,1,0,1330,3182,7807,11026,20305,65535,6678,32122,44614,57365,33830,65535,6686
1685601954,0,1,1,0,1330,3182,7803,11020,20301,65535,6676,32116,44601,57355,33825,65535,6686
1685601960,0,1,1,0,1330,3180,7802,11021,20297,65535,6676,32113,44588,57338,33821,65535,6684
1685601966,0,1,1,0,1330,3181,7801,11017,20287,65535,6674,32115,44596,57372,33813,65535,6682
1685601972,0,1,1,0,1330,3179,7802,11017,20287,65535,6672,32102,44587,57313,33808,65535,6679
1685601978,0,1,1,0,1330,3179,7799,11015,20292,65535,6676,32103,44578,57308,33799,65535,6676
1685601984,0,1,1,0,1330,3179,7798,11015,20288,65535,6670,32101,44572,57314,33792,65535,6678
1685601990,0,1,1,0,1330,3177,7798,11014,20287,65535,6671,32084,44573,57319,33789,65535,6676
1685601996,0,1,1,0,1330,3177,7795,11012,20284,65535,6668,32092,44564,57302,33789,65535,6676
1685602002,0,1,1,0,1330,3178,7797,11013,20284,65535,6670,32071,44550,57301,33782,65535,6678
1685602008,0,1,1,0,1330,3178,7797,11011,20287,65535,6670,32080,44540,57278,33804,65535,6676
1685602014,0,1,1,0,1330,3177,7793,11008,20295,65535,6668,32088,44560,57276,33783,65535,6674
1685602020,0,1,1,0,1330,3177,7792,11009,20292,65535,6670,32087,44562,57311,33787,65535,6678
1685602026,0,1,1,0,1330,3178,7794,11014,20292,65535,6670,32097,44543,57302,33785,65535,6678
1685602032,0,1,1,0,1330,3176,7796,11004,20286,65535,6670,32082,44555,57297,33765,65535,6676
1685602038,0,1,1,0,1330,3175,7792,11002,20281,65535,6668,32075,44530,57251,33770,65535,6676
1685602044,0,1,1,0,1330,3178,7791,11007,20283,65535,6666,32077,44518,57250,33767,65535,6674
1685602050,0,1,1,0,1330,3176,7792,10999,20277,65535,6666,32074,44538,57291,33759,65535,6672
1685602056,0,1,1,0,1330,3176,7790,10999,20278,65535,6668,32075,44516,57263,33753,65535,6672
1685602062,0,1,1,0,1330,3175,7790,11002,20275,65535,6664,32053,44517,57253,33753,65535,6674
1685602068,0,1,1,0,1330,3175,7789,11001,20274,65535,6666,32052,44513,57256,33765,65535,6670
1685602074,0,1,1,0,1325,3175,7787,10997,20275,65535,6662,32047,44498,57232,33740,65535,6670
1685602080,0,1,1,0,1330,3174,7783,10996,20267,65535,6663,32042,44493,57241,33741,65535,6670
1685602086,0,1,1,0,1330,3173,7789,10995,20270,65535,6660,32053,44502,57222,33713,65535,6670
1685602092,0,1,1,0,1325,3174,7781,10995,20266,65535,6658,32056,44471,57236,33730,65535,6668
1685602098,0,1,1,0,1325,3173,7786,10996,20268,65535,6660,32047,44489,57196,33724,65535,6666
1685602104,0,1,1,0,1325,3172,7780,10992,20261,65535,6660,32039,44459,57205,33713,65535,6666
1685602110,0,1,1,0,1325,3172,7784,10991,20253,65535,6656,32039,44486,57190,33721,65535,6666
1685602116,0,1,1,0,1325,3172,7781,10988,20243,65535,6657,32041,44454,57190,33716,65535,6668
1685602122,0,1,1,0,1325,3170,7783,10988,20261,65535,6658,32037,44470,57198,33725,65535,6666
1685602128,0,1,1,0,1325,3171,7781,10991,20258,65535,6658,32038,44472,57196,33709,65535,6664
1685602134,0,1,1,0,1325,3172,7783,10982,20262,65535,6658,32039,44459,57194,33710,65535,6664
1685602140,0,1,1,0,1325,3172,7781,10986,20260,65535,6658,32031,44466,57193,33715,65535,6666
1685602146,0,1,1,0,1325,3172,7784,10988,20261,65535,6658,32019,44466,57219,33714,65535,6666
1685602152,0,1,1,0,1325,3171,7782,10981,20263,65535,6656,32036,44471,57162,33715,65535,6668
1685602158,0,1,1,0,1325,3173,7783,10988,20260,65535,6658,32033,44467,57191,33694,65535,6666
1685602164,0,1,1,0,1325,3171,7781,10982,20245,65535,6660,32029,44471,57181,33724,65535,6664
1685602170,0,1,1,0,1325,3172,7780,10992,20251,65535,6658,32040,44468,57181,33699,65535,6666
1685602176,0,1,1,0,1325,3169,7780,10983,20257,65535,6656,32034,44467,57184,33702,65535,6666
1685602182,0,1,1,0,1325,3172,7777,10981,20259,65535,6658,32037,44441,57182,33712,65535,6664
1685602188,0,1,1,0,1325,3172,7778,10982,20255,65535,6658,32038,44470,57195,33706,65535,6664
1685602194,0,1,1,0,1325,3172,7785,10990,20265,65535,6658,32046,44454,57175,33711,65535,6666
1685602200,0,1,1,0,1325,3173,7783,10989,20263,65535,6660,32048,44489,57215,33701,65535,6666
1685602206,0,1,1,0,1325,3174,7785,10989,20260,65535,6662,32045,44485,57228,33724,65535,6666
1685602212,0,1,1,0,1325,3169,7781,10981,20256,65535,6658,32041,44464,57185,33713,65535,6666
1685602218,0,1,1,0,1325,3172,7782,10984,20259,65535,6656,32013,44440,57178,33707,65535,6666
1685602224,0,1,1,0,1325,3171,7781,10983,20257,65535,6655,32012,44459,57181,33706,65535,6662
1685602230,0,1,1,0,1325,3170,7780,10983,20245,65535,6654,32030,44458,57169,33701,65535,6662
1685602236,0,1,1,0,1325,3171,7779,10974,20250,65535,6656,32031,44457,57173,33705,65535,6662
1685602242,0,1,1,0,1325,3169,7775,10977,20247,65535,6654,32017,44450,57184,33685,65535,6664
1685602248,0,1,1,0,1325,3169,7778,10980,20250,65535,6658,32021,44421,57164,33698,65535,6662
1685602254,0,1,1,0,1325,3169,7777,10973,20256,65535,6654,32027,44447,57175,33675,65535,6660
1685602260,0,1,1,0,1325,3169,7778,10978,20244,65535,6652,32014,44417,57125,33682,65535,6660
1685602266,0,1,1,0,1325,3169,7779,10982,20248,65535,6652,32021,44447,57129,33680,65535,6664
1685602272,0,1,1,0,1325,3170,7774,10978,20248,65535,6658,32023,44444,57164,33685,65535,6660
1685602278,0,1,1,0,1325,3171,7782,10976,20253,65535,6656,32027,44458,57144,33690,65535,6662
1685602284,0,1,1,0,1325,3170,7782,10985,20248,65535,6654,32014,44456,57178,33711,65535,6662
1685602290,0,1,1,0,1325,3170,7777,10972,20254,65535,6654,32021,44453,57142,33697,65535,6664
1685602296,0,1,1,0,1325,3170,7777,10983,20254,65535,6658,32009,44450,57175,33681,65535,6662
1685602302,0,1,1,0,1325,3170,7775,10977,20243,65535,6654,32018,44434,57159,33678,65535,6658
1685602308,0,1,1,0,1325,3168,7775,10975,20244,65535,6652,32016,44421,57160,33683,65535,6660
1685602314,0,1,1,0,1325,3168,7774,10975,20251,65535,6650,32006,44434,57131,33672,65535,6660
1685602320,0,1,1,0,1325,3169,7773,10975,20249,65535,6654,32015,44432,57142,33676,65535,6664
1685602326,0,1,1,0,1325,3169,7776,10973,20246,65535,6654,32015,44436,57141,33685,65535,6658
1685602332,0,1,1,0,1325,3168,7776,10976,20243,65535,6650,32011,44439,57132,33683,65535,6664
1685602338,0,1,1,0,1325,3169,7779,10975,20238,65535,6652,32012,44426,57150,33687,65535,6660
1685602344,0,1,1,0,1325,3168,7776,10973,20247,65535,6654,32019,44447,57153,33686,65535,6662
1685602350,0,1,1,0,1325,3169,7777,10973,20247,65535,6654,32017,44441,57143,33673,65535,6658
1685602356,0,1,1,0,1325,3169,7777,10973,20248,65535,6654,32018,44442,57182,33674,65535,6660
1685602362,0,1,1,0,1325,3170,7777,10974,20249,65535,6658,32023,44442,57157,33689,65535,6662
1685602368,0,1,1,0,1325,3168,7774,10976,20246,65535,6652,32020,44443,57178,33685,65535,6662
1685602374,0,1,1,0,1325,3168,7775,10973,20245,65535,6652,31997,44425,57133,33694,65535,6656
1685602380,0,1,1,0,1325,3169,7776,10973,20246,65535,6652,32011,44422,57149,33678,65535,6660
1685602386,0,1,1,0,1325,3168,7771,10963,20241,65535,6648,32001,44391,57123,33675,65535,6658
1685602392,0,1,1,0,1325,3166,7773,10961,20235,65535,6646,31996,44383,57119,33668,65535,6654
1685602398,0,1,1,0,1325,3166,7771,10966,20237,65535,6650,32001,44407,57085,33674,65535,6656
1685602404,0,1,1,0,1325,3167,7770,10965,20228,65535,6648,31996,44397,57114,33667,65535,6660
1685602410,0,1,1,0,1325,3165,7772,10960,20238,65535,6650,31996,44409,57088,33672,65535,6654
1685602416,0,1,1,0,1325,3166,7768,10967,20241,65535,6648,31998,44406,57124,33668,65535,6656
1685602422,0,1,1,0,1325,3164,7766,10958,20229,65535,6645,31988,44394,57118,33668,65535,6652
1685602428,0,1,1,0,1325,3166,7769,10960,20232,65535,6648,31997,44393,57073,33669,65535,6654
1685602434,0,1,1,0,1325,3165,7768,10959,20225,65535,6648,31990,44395,57092,33668,65535,6656
1685602440,0,1,1,0,1325,3164,7767,10967,20234,65535,6646,31987,44400,57111,33667,65535,6654
1685602446,0,1,1,0,1325,3165,7763,10958,20222,65535,6646,31986,44372,57086,33667,65535,6653
1685602452,0,1,1,0,1325,3165,7765,10956,20222,65535,6648,31966,44380,57108,33668,65535,6654
1685602458,0,1,1,0,1325,3165,7768,10957,20229,65535,6646,31994,44370,57094,33667,65535,6656
1685602464,0,1,1,0,1325,3165,7768,10961,20231,65535,6648,31993,44393,57096,33669,65535,6652
1685602470,0,1,1,0,1325,3166,7769,10958,20234,65535,6648,31999,44401,57101,33667,65535,6654
1685602476,0,1,1,0,1325,3165,7771,10970,20241,65535,6650,31999,44387,57111,33674,65535,6656
1685602482,0,1,1,0,1325,3168,7770,10962,20240,65535,6648,31984,44401,57103,33668,65535,6656
1685602488,0,1,1,0,1325,3167,7769,10959,20233,65535,6648,31997,44411,57119,33671,65535,6658
1685602494,0,1,1,0,1325,3165,7768,10963,20233,65535,6646,31994,44397,57114,33674,65535,6656
1685602500,0,1,1,0,1325,3167,7766,10965,20226,65535,6650,32001,44415,57125,33672,65535,6656
1685602506,0,1,1,0,1325,3166,7768,10961,20239,65535,6650,31993,44412,57113,33672,65535,6656
1685602512,0,1,1,0,1325,3166,7771,10965,20241,65535,6648,31999,44406,57118,33672,65535,6656
1685602518,0,1,1,0,1325,3167,7766,10970,20226,65535,6648,31999,44414,57112,33673,65535,6656
1685602524,0,1,1,0,1325,3167,7769,10965,20243,65535,6648,31988,44394,57108,33668,65535,6658
1685602530,0,1,1,0,1325,3167,7769,10958,20229,65535,6648,31987,44411,57099,33675,65535,6660
1685602536,0,1,1,0,1325,3167,7772,10965,20232,65535,6648,32007,44404,57146,33681,65535,6660
1685602542,0,1,1,0,1325,3167,7771,10964,20244,65535,6654,32007,44421,57104,33676,65535,6656
1685602548,0,1,1,0,1325,3165,7770,10963,20225,65535,6648,32001,44406,57096,33670,65535,6656
1685602554,0,1,1,0,1325,3167,7770,10962,20240,65535,6650,31991,44386,57095,33672,65535,6656
1685602560,0,1,1,0,1325,3166,7766,10957,20234,65535,6648,31989,44405,57113,33666,65535,6654
1685602566,0,1,1,0,1325,3165,7768,10953,20229,65535,6646,31987,44370,57071,33668,65535,6654
1685602572,0,1,1,0,1325,3165,7762,10959,20230,65535,6646,31981,44382,57064,33667,65535,6650
1685602578,0,1,1,0,1325,3164,7765,10954,20215,65535,6644,31984,44376,57083,33668,65535,6656
1685602584,0,1,1,0,1325,3164,7764,10957,20217,65535,6646,31983,44380,57083,33667,65535,6652
1685602590,0,1,1,0,1325,3164,7765,10958,20224,65535,6646,31997,44389,57120,33668,65535,6652
1685602596,0,1,1,0,1325,3164,7765,10955,20227,65535,6644,31987,44377,57083,33667,65535,6650
1685602602,0,1,1,0,1325,3163,7763,10953,20222,65535,6644,31975,44374,57076,33667,65535,6652
1685602608,0,1,1,0,1325,3165,7767,10958,20234,65535,6642,31990,44372,57096,33667,65535,6654
1685602614,0,1,1,0,1325,3165,7764,10962,20221,65535,6644,31982,44372,57080,33668,65535,6652
1685602620,0,1,1,0,1325,3163,7765,10959,20226,65535,6638,31984,44383,57083,33667,65535,6654
1685602626,0,1,1,0,1325,3164,7761,10955,20216,65535,6644,31975,44367,57078,33667,65535,6650
1685602632,0,1,1,0,1325,3163,7764,10954,20222,65535,6642,31980,44352,57070,33666,65535,6650
1685602638,0,1,1,0,1325,3164,7765,10956,20213,65535,6642,31981,44375,57085,33667,65535,6654
1685602644,0,1,1,0,1325,3162,7764,10951,20213,65535,6640,31974,44344,57067,33667,65535,6652
1685602650,0,1,1,0,1325,3164,7764,10952,20227,65535,6642,31982,44358,57083,33667,65535,6650
1685602656,0,1,1,0,1325,3164,7764,10955,20224,65535,6642,31979,44368,57076,33667,65535,6650
1685602662,0,1,1,0,1324,3165,7763,10953,20225,65535,6644,31989,44361,57093,33666,65535,6652
1685602668,0,1,1,0,1325,3164,7765,10956,20227,65535,6644,31977,44376,57095,33667,65535,6654
1685602674,0,1,1,0,1325,3164,7765,10954,20229,65535,6644,31987,44372,57109,33667,65535,6654
1685602680,0,1,1,0,1324,3164,7768,10956,20226,65535,6644,31982,44379,57063,33668,65535,6652
1685602686,0,1,1,0,1324,3164,7761,10952,20213,65535,6642,31986,44379,57063,33667,65535,6652
1685602692,0,1,1,0,1325,3165,7763,10952,20215,65535,6644,31981,44354,57081,33667,65535,6652
1685602698,0,1,1,0,1324,3163,7762,10949,20212,65535,6642,31973,44362,57059,33668,65535,6648
1685602704,0,1,1,0,1324,3163,7760,10951,20215,65535,6640,31980,44357,57057,33668,65535,6650
1685602710,0,1,1,0,1325,3162,7760,10952,20220,65535,6644,31973,44357,57065,33667,65535,6650
1685602716,0,1,1,0,1324,3164,7762,10950,20226,65535,6642,31976,44344,57067,33667,65535,6648
1685602722,0,1,1,0,1324,3162,7762,10949,20211,65535,6642,31960,44361,57078,33667,65535,6650
1685602728,0,1,1,0,1324,3162,7761,10949,20220,65535,6641,31969,44353,57059,33667,65535,6650
1685602734,0,1,1,0,1324,3161,7760,10945,20209,65535,6638,31970,44361,57068,33667,65535,6648
1685602740,0,1,1,0,1324,3161,7755,10947,20220,65535,6640,31970,44359,57065,33666,65535,6648
1685602746,0,1,1,0,1324,3161,7756,10944,20212,65535,6634,31973,44360,57056,33666,65535,6648
1685602752,0,1,1,0,1324,3161,7760,10951,20209,65535,6640,31948,44350,57052,33666,65535,6648
1685602758,0,1,1,0,1324,3162,7757,10945,20208,65535,6640,31966,44345,57050,33667,65535,6646
1685602764,0,1,1,0,1324,3162,7758,10946,20216,65535,6638,31969,44340,57052,33667,65535,6646
1685602770,0,1,1,0,1324,3162,7759,10945,20222,65535,6640,31973,44353,57062,33667,65535,6646
1685602776,0,1,1,0,1324,3162,7758,10947,20220,65535,6640,31948,44347,57048,33667,65535,6648
1685602782,0,1,1,0,1324,3161,7757,10950,20219,65535,6642,31971,44347,57062,33667,65535,6646
1685602788,0,1,1,0,1324,3162,7758,10946,20224,65535,6642,31973,44341,57044,33667,65535,6648
1685602794,0,1,1,0,1324,3163,7761,10941,20211,65535,6642,31966,44355,57065,33667,65535,6648
