Timestamp,Amber,White,On,Override,Intensity,AS00,AS01,AS02,AS03,AS04,AS05,AS06,AS07,AS08,AS09,AS10,AS11
1685631600,0,1,0,0,1223223,65535,65535,65535,65535,65535,65535,65535,65535,65535,65535,65535,65535
1685631606,0,1,0,0,1223223,65535,65535,65535,65535,65535,65535,65535,65535,65535,65535,65535,65535
1685631612,0,1,0,0,1223223,65535,65535,65535,65535,65535,65535,65535,65535,65535,65535,65535,65535
1685631618,0,1,0,0,1223223,65535,65535,65535,65535,65535,65535,65535,65535,65535,65535,65535,65535
1685631624,0,1,0,0,1223223,65535,65535,65535,65535,65535,65535,65535,65535,65535,65535,65535,65535
1685631630,0,1,0,0,1223223,65535,65535,65535,65535,65535,65535,65535,65535,65535,65535,65535,65535
1685631636,0,1,0,0,1223223,65535,65535,65535,65535,65535,65535,65535,65535,65535,65535,65535,65535
1685631642,0,1,0,0,1223223,65535,65535,65535,65535,65535,65535,65535,65535,65535,65535,65535,65535
1685631648,0,1,0,0,1223223,65535,65535,65535,65535,65535,65535,65535,65535,65535,65535,65535,65535
1685631654,0,1,0,0,1223223,65535,65535,65535,65535,65535,65535,65535,65535,65535,65535,65535,65535
1685631660,0,1,0,0,1223223,65535,65535,65535,65535,65535,65535,65535,65535,65535,65535,65535,65535
1685631666,0,1,0,0,1223223,65535,65535,65535,65535,65535,65535,65535,65535,65535,65535,65535,65535
1685631672,0,1,0,0,1223223,65535,65535,65535,65535,65535,65535,65535,65535,65535,65535,65535,65535
1685631678,0,1,0,0,1223223,65535,65535,65535,65535,65535,65535,65535,65535,65535,65535,65535,65535
1685631684,0,1,0,0,1223223,65535,65535,65535,65535,65535,65535,65535,65535,65535,65535,65535,65535
1685631690,0,1,0,0,1223223,65535,65535,65535,65535,65535,65535,65535,65535,65535,65535,65535,65535
1685631696,0,1,0,0,1223223,65535,65535,65535,65535,65535,65535,65535,65535,65535,65535,65535,65535
1685631702,0,1,0,0,1223223,65535,65535,65535,65535,65535,65535,65535,65535,65535,65535,65535,65535
1685631708,0,1,0,0,1223223,65535,65535,65535,65535,65535,65535,65535,65535,65535,65535,65535,65535
1685631714,0,1,0,0,1223223,65535,65535,65535,65535,65535,65535,65535,65535,65535,65535,65535,65535
1685631720,0,1,0,0,1223223,65535,65535,65535,65535,65535,65535,65535,65535,65535,65535,65535,65535
1685631726,0,1,0,0,1223223,65535,65535,65535,65535,65535,65535,65535,65535,65535,65535,65535,65535
1685631732,0,1,0,0,1223223,65535,65535,65535,65535,65535,65535,65535,65535,65535,65535,65535,65535
1685631738,0,1,0,0,1223223,65535,65535,65535,65535,65535,65535,65535,65535,65535,65535,65535,65535
1685631744,0,1,0,0,1223223,65535,65535,65535,65535,65535,65535,65535,65535,65535,65535,65535,65535
1685631750,0,1,0,0,1223223,65535,65535,65535,65535,65535,65535,65535,65535,65535,65535,65535,65535
1685631756,0,1,0,0,1223223,65535,65535,65535,65535,65535,65535,65535,65535,65535,65535,65535,65535
1685631762,0,1,0,0,1223223,65535,65535,65535,65535,65535,65535,65535,65535,65535,65535,65535,65535
1685631768,0,1,0,0,1223223,65535,65535,65535,65535,65535,65535,65535,65535,65535,65535,65535,65535
1685631774,0,1,0,0,1223223,65535,65535,65535,65535,65535,65535,65535,65535,65535,65535,65535,65535
1685631780,0,1,0,0,1223223,65535,65535,65535,65535,65535,65535,65535,65535,65535,65535,65535,65535
1685631786,0,1,0,0,1223223,65535,65535,65535,65535,65535,65535,65535,65535,65535,65535,65535,65535
1685631792,0,1,0,0,1223223,65535,65535,65535,65535,65535,65535,65535,65535,65535,65535,65535,65535
1685631798,0,1,0,0,1223223,65535,65535,65535,65535,65535,65535,65535,65535,65535,65535,65535,65535
1685631804,0,1,0,0,1223223,65535,65535,65535,65535,65535,65535,65535,65535,65535,65535,65535,65535
1685631810,0,1,0,0,1223223,65535,65535,65535,65535,65535,65535,65535,65535,65535,65535,65535,65535
1685631816,0,1,0,0,1223223,65535,65535,65535,65535,65535,65535,65535,65535,65535,65535,65535,65535
1685631822,0,1,0,0,1223223,65535,65535,65535,65535,65535,65535,65535,65535,65535,65535,65535,65535
1685631828,0,1,0,0,1223223,65535,65535,65535,65535,65535,65535,65535,65535,65535,65535,65535,65535
1685631834,0,1,0,0,1223223,65535,65535,65535,65535,65535,65535,65535,65535,65535,65535,65535,65535
1685631840,0,1,0,0,1223223,65535,65535,65535,65535,65535,65535,65535,65535,65535,65535,65535,65535
1685631846,0,1,0,0,1223223,65535,65535,65535,65535,65535,65535,65535,65535,65535,65535,65535,65535
1685631852,0,1,0,0,1223223,65535,65535,65535,65535,65535,65535,65535,65535,65535,65535,65535,65535
1685631858,0,1,0,0,1223223,65535,65535,65535,65535,65535,65535,65535,65535,65535,65535,65535,65535
1685631864,0,1,0,0,1223223,65535,65535,65535,65535,65535,65535,65535,65535,65535,65535,65535,65535
1685631870,0,1,0,0,1223223,65535,65535,65535,65535,65535,65535,65535,65535,65535,65535,65535,65535
1685631876,0,1,0,0,1223223,65535,65535,65535,65535,65535,65535,65535,65535,65535,65535,65535,65535
1685631882,0,1,0,0,1223223,65535,65535,65535,65535,65535,65535,65535,65535,65535,65535,65535,65535
1685631888,0,1,0,0,1223223,65535,65535,65535,65535,65535,65535,65535,65535,65535,65535,65535,65535
1685631894,0,1,0,0,1223223,65535,65535,65535,65535,65535,65535,65535,65535,65535,65535,65535,65535
1685631900,0,1,0,0,1223223,65535,65535,65535,65535,65535,65535,65535,65535,65535,65535,65535,65535
1685631906,0,1,0,0,1223223,65535,65535,65535,65535,65535,65535,65535,65535,65535,65535,65535,65535
1685631912,0,1,0,0,1223223,65535,65535,65535,65535,65535,65535,65535,65535,65535,65535,65535,65535
1685631918,0,1,0,0,1223223,65535,65535,65535,65535,65535,65535,65535,65535,65535,65535,65535,65535
1685631924,0,1,0,0,1223223,65535,65535,65535,65535,65535,65535,65535,65535,65535,65535,65535,65535
1685631930,0,1,0,0,1223223,65535,65535,65535,65535,65535,65535,65535,65535,65535,65535,65535,65535
1685631936,0,1,0,0,1223223,65535,65535,65535,65535,65535,65535,65535,65535,65535,65535,65535,65535
1685631942,0,1,0,0,1223223,65535,65535,65535,65535,65535,65535,65535,65535,65535,65535,65535,65535
1685631948,0,1,0,0,1223223,65535,65535,65535,65535,65535,65535,65535,65535,65535,65535,65535,65535
1685631954,0,1,0,0,1223223,65535,65535,65535,65535,65535,65535,65535,65535,65535,65535,65535,65535
1685631960,0,1,0,0,1223223,65535,65535,65535,65535,65535,65535,65535,65535,65535,65535,65535,65535
1685631966,0,1,0,0,1223223,65535,65535,65535,65535,65535,65535,65535,65535,65535,65535,65535,65535
1685631972,0,1,0,0,1223223,65535,65535,65535,65535,65535,65535,65535,65535,65535,65535,65535,65535
1685631978,0,1,0,0,1223223,65535,65535,65535,65535,65535,65535,65535,65535,65535,65535,65535,65535
1685631984,0,1,0,0,1223223,65535,65535,65535,65535,65535,65535,65535,65535,65535,65535,65535,65535
1685631990,0,1,0,0,1223223,65535,65535,65535,65535,65535,65535,65535,65535,65535,65535,65535,65535
1685631996,0,1,0,0,1223223,65535,65535,65535,65535,65535,65535,65535,65535,65535,65535,65535,65535
1685632002,0,1,0,0,1223223,65535,65535,65535,65535,65535,65535,65535,65535,65535,65535,65535,65535
1685632008,0,1,0,0,1223223,65535,65535,65535,65535,65535,65535,65535,65535,65535,65535,65535,65535
1685632014,0,1,0,0,1223223,65535,65535,65535,65535,65535,65535,65535,65535,65535,65535,65535,65535
1685632020,0,1,0,0,1223223,65535,65535,65535,65535,65535,65535,65535,65535,65535,65535,65535,65535
1685632026,0,1,0,0,1223223,65535,65535,65535,65535,65535,65535,65535,65535,65535,65535,65535,65535
1685632032,0,1,0,0,1223223,65535,65535,65535,65535,65535,65535,65535,65535,65535,65535,65535,65535
1685632038,0,1,0,0,1223223,65535,65535,65535,65535,65535,65535,65535,65535,65535,65535,65535,65535
1685632044,0,1,0,0,1223223,65535,65535,65535,65535,65535,65535,65535,65535,65535,65535,65535,65535
1685632050,0,1,0,0,1223223,65535,65535,65535,65535,65535,65535,65535,65535,65535,65535,65535,65535
1685632056,0,1,0,0,1223223,65535,65535,65535,65535,65535,65535,65535,65535,65535,65535,65535,65535
1685632062,0,1,0,0,1223223,65535,65535,65535,65535,65535,65535,65535,65535,65535,65535,65535,65535
1685632068,0,1,0,0,1223223,65535,65535,65535,65535,65535,65535,65535,65535,65535,65535,65535,65535
1685632074,0,1,0,0,1223223,65535,65535,65535,65535,65535,65535,65535,65535,65535,65535,65535,65535
1685632080,0,1,0,0,1223223,65535,65535,65535,65535,65535,65535,65535,65535,65535,65535,65535,65535
1685632086,0,1,0,0,1223223,65535,65535,65535,65535,65535,65535,65535,65535,65535,65535,65535,65535
1685632092,0,1,0,0,1223223,65535,65535,65535,65535,65535,65535,65535,65535,65535,65535,65535,65535
1685632098,0,1,0,0,1223223,65535,65535,65535,65535,65535,65535,65535,65535,65535,65535,65535,65535
1685632104,0,1,0,0,1223223,65535,65535,65535,65535,65535,65535,65535,65535,65535,65535,65535,65535
1685632110,0,1,0,0,1223223,65535,65535,65535,65535,65535,65535,65535,65535,65535,65535,65535,65535
1685632116,0,1,0,0,1223223,65535,65535,65535,65535,65535,65535,65535,65535,65535,65535,65535,65535
1685632122,0,1,0,0,1223223,65535,65535,65535,65535,65535,65535,65535,65535,65535,65535,65535,65535
1685632128,0,1,0,0,1223223,65535,65535,65535,65535,65535,65535,65535,65535,65535,65535,65535,65535
1685632134,0,1,0,0,1223223,65535,65535,65535,65535,65535,65535,65535,65535,65535,65535,65535,65535
1685632140,0,1,0,0,1223223,65535,65535,65535,65535,65535,65535,65535,65535,65535,65535,65535,65535
1685632146,0,1,0,0,1223223,65535,65535,65535,65535,65535,65535,65535,65535,65535,65535,65535,65535
1685632152,0,1,0,0,1223223,65535,65535,65535,65535,65535,65535,65535,65535,65535,65535,65535,65535
1685632158,0,1,0,0,1223223,65535,65535,65535,65535,65535,65535,65535,65535,65535,65535,65535,65535
1685632164,0,1,0,0,1223223,65535,65535,65535,65535,65535,65535,65535,65535,65535,65535,65535,65535
1685632170,0,1,0,0,1223223,65535,65535,65535,65535,65535,65535,65535,65535,65535,65535,65535,65535
1685632176,0,1,0,0,1223223,65535,65535,65535,65535,65535,65535,65535,65535,65535,65535,65535,65535
1685632182,0,1,0,0,1223223,65535,65535,65535,65535,65535,65535,65535,65535,65535,65535,65535,65535
1685632188,0,1,0,0,1223223,65535,65535,65535,65535,65535,65535,65535,65535,65535,65535,65535,65535
1685632194,0,1,0,0,1223223,65535,65535,65535,65535,65535,65535,65535,65535,65535,65535,65535,65535
1685632200,0,1,0,0,1223223,65535,65535,65535,65535,65535,65535,65535,65535,65535,65535,65535,65535
1685632206,0,1,0,0,1223223,65535,65535,65535,65535,65535,65535,65535,65535,65535,65535,65535,65535
1685632212,0,1,0,0,1223223,65535,65535,65535,65535,65535,65535,65535,65535,65535,65535,65535,65535
1685632218,0,1,0,0,1223223,65535,65535,65535,65535,65535,65535,65535,65535,65535,65535,65535,65535
1685632224,0,1,0,0,1223223,65535,65535,65535,65535,65535,65535,65535,65535,65535,65535,65535,65535
1685632230,0,1,0,0,1223223,65535,65535,65535,65535,65535,65535,65535,65535,65535,65535,65535,65535
1685632236,0,1,0,0,1223223,65535,65535,65535,65535,65535,65535,65535,65535,65535,65535,65535,65535
1685632242,0,1,0,0,1223223,65535,65535,65535,65535,65535,65535,65535,65535,65535,65535,65535,65535
1685632248,0,1,0,0,1223223,65535,65535,65535,65535,65535,65535,65535,65535,65535,65535,65535,65535
1685632254,0,1,0,0,1223223,65535,65535,65535,65535,65535,65535,65535,65535,65535,65535,65535,65535
1685632260,0,1,0,0,1223223,65535,65535,65535,65535,65535,65535,65535,65535,65535,65535,65535,65535
1685632266,0,1,0,0,1223223,65535,65535,65535,65535,65535,65535,65535,65535,65535,65535,65535,65535
1685632272,0,1,0,0,1223223,65535,65535,65535,65535,65535,65535,65535,65535,65535,65535,65535,65535
1685632278,0,1,0,0,1223223,65535,65535,65535,65535,65535,65535,65535,65535,65535,65535,65535,65535
1685632284,0,1,0,0,1223223,65535,65535,65535,65535,65535,65535,65535,65535,65535,65535,65535,65535
1685632290,0,1,0,0,1223223,65535,65535,65535,65535,65535,65535,65535,65535,65535,65535,65535,65535
1685632296,0,1,0,0,1223223,65535,65535,65535,65535,65535,65535,65535,65535,65535,65535,65535,65535
1685632302,0,1,0,0,1223223,65535,65535,65535,65535,65535,65535,65535,65535,65535,65535,65535,65535
1685632308,0,1,0,0,1223223,65535,65535,65535,65535,65535,65535,65535,65535,65535,65535,65535,65535
1685632314,0,1,0,0,1223223,65535,65535,65535,65535,65535,65535,65535,65535,65535,65535,65535,65535
1685632320,0,1,0,0,1223223,65535,65535,65535,65535,65535,65535,65535,65535,65535,65535,65535,65535
1685632326,0,1,0,0,1223223,65535,65535,65535,65535,65535,65535,65535,65535,65535,65535,65535,65535
1685632332,0,1,0,0,1223223,65535,65535,65535,65535,65535,65535,65535,65535,65535,65535,65535,65535
1685632338,0,1,0,0,1223223,65535,65535,65535,65535,65535,65535,65535,65535,65535,65535,65535,65535
1685632344,0,1,0,0,1223223,65535,65535,65535,65535,65535,65535,65535,65535,65535,65535,65535,65535
1685632350,0,1,0,0,1223223,65535,65535,65535,65535,65535,65535,65535,65535,65535,65535,65535,65535
1685632356,0,1,0,0,1223223,65535,65535,65535,65535,65535,65535,65535,65535,65535,65535,65535,65535
1685632362,0,1,0,0,1223223,65535,65535,65535,65535,65535,65535,65535,65535,65535,65535,65535,65535
1685632368,0,1,0,0,1223223,65535,65535,65535,65535,65535,65535,65535,65535,65535,65535,65535,65535
1685632374,0,1,0,0,1223223,65535,65535,65535,65535,65535,65535,65535,65535,65535,65535,65535,65535
1685632380,0,1,0,0,1223223,65535,65535,65535,65535,65535,65535,65535,65535,65535,65535,65535,65535
1685632386,0,1,0,0,1223223,65535,65535,65535,65535,65535,65535,65535,65535,65535,65535,65535,65535
1685632392,0,1,0,0,1223223,65535,65535,65535,65535,65535,65535,65535,65535,65535,65535,65535,65535
1685632398,0,1,0,0,1223223,65535,65535,65535,65535,65535,65535,65535,65535,65535,65535,65535,65535
1685632404,0,1,0,0,1223223,65535,65535,65535,65535,65535,65535,65535,65535,65535,65535,65535,65535
1685632410,0,1,0,0,1223223,65535,65535,65535,65535,65535,65535,65535,65535,65535,65535,65535,65535
1685632416,0,1,0,0,1223223,65535,65535,65535,65535,65535,65535,65535,65535,65535,65535,65535,65535
1685632422,0,1,0,0,1223223,65535,65535,65535,65535,65535,65535,65535,65535,65535,65535,65535,65535
1685632428,0,1,0,0,1223223,65535,65535,65535,65535,65535,65535,65535,65535,65535,65535,65535,65535
1685632434,0,1,0,0,1223223,65535,65535,65535,65535,65535,65535,65535,65535,65535,65535,65535,65535
1685632440,0,1,0,0,1223223,65535,65535,65535,65535,65535,65535,65535,65535,65535,65535,65535,65535
1685632446,0,1,0,0,1223223,65535,65535,65535,65535,65535,65535,65535,65535,65535,65535,65535,65535
1685632452,0,1,0,0,1223223,65535,65535,65535,65535,65535,65535,65535,65535,65535,65535,65535,65535
1685632458,0,1,0,0,1223223,65535,65535,65535,65535,65535,65535,65535,65535,65535,65535,65535,65535
1685632464,0,1,0,0,1223223,65535,65535,65535,65535,65535,65535,65535,65535,65535,65535,65535,65535
1685632470,0,1,0,0,1223223,65535,65535,65535,65535,65535,65535,65535,65535,65535,65535,65535,65535
1685632476,0,1,0,0,1223223,65535,65535,65535,65535,65535,65535,65535,65535,65535,65535,65535,65535
1685632482,0,1,0,0,1223223,65535,65535,65535,65535,65535,65535,65535,65535,65535,65535,65535,65535
1685632488,0,1,0,0,1223223,65535,65535,65535,65535,65535,65535,65535,65535,65535,65535,65535,65535
1685632494,0,1,0,0,1223223,65535,65535,65535,65535,65535,65535,65535,65535,65535,65535,65535,65535
1685632500,0,1,0,0,1223223,65535,65535,65535,65535,65535,65535,65535,65535,65535,65535,65535,65535
1685632506,0,1,0,0,1223223,65535,65535,65535,65535,65535,65535,65535,65535,65535,65535,65535,65535
1685632512,0,1,0,0,1223223,65535,65535,65535,65535,65535,65535,65535,65535,65535,65535,65535,65535
1685632518,0,1,0,0,1223223,65535,65535,65535,65535,65535,65535,65535,65535,65535,65535,65535,65535
1685632524,0,1,0,0,1223223,65535,65535,65535,65535,65535,65535,65535,65535,65535,65535,65535,65535
1685632530,0,1,0,0,1223223,65535,65535,65535,65535,65535,65535,65535,65535,65535,65535,65535,65535
1685632536,0,1,0,0,1223223,65535,65535,65535,65535,65535,65535,65535,65535,65535,65535,65535,65535
1685632542,0,1,0,0,1223223,65535,65535,65535,65535,65535,65535,65535,65535,65535,65535,65535,65535
1685632548,0,1,0,0,1223223,65535,65535,65535,65535,65535,65535,65535,65535,65535,65535,65535,65535
1685632554,0,1,0,0,1223223,65535,65535,65535,65535,65535,65535,65535,65535,65535,65535,65535,65535
1685632560,0,1,0,0,1223223,65535,65535,65535,65535,65535,65535,65535,65535,65535,65535,65535,65535
1685632566,0,1,0,0,1223223,65535,65535,65535,65535,65535,65535,65535,65535,65535,65535,65535,65535
1685632572,0,1,0,0,1223223,65535,65535,65535,65535,65535,65535,65535,65535,65535,65535,65535,65535
1685632578,0,1,0,0,1223223,65535,65535,65535,65535,65535,65535,65535,65535,65535,65535,65535,65535
1685632584,0,1,0,0,1223223,65535,65535,65535,65535,65535,65535,65535,65535,65535,65535,65535,65535
1685632590,0,1,0,0,1223223,65535,65535,65535,65535,65535,65535,65535,65535,65535,65535,65535,65535
1685632596,0,1,0,0,1223223,65535,65535,65535,65535,65535,65535,65535,65535,65535,65535,65535,65535
1685632602,0,1,0,0,1223223,65535,65535,65535,65535,65535,65535,65535,65535,65535,65535,65535,65535
1685632608,0,1,0,0,1223223,65535,65535,65535,65535,65535,65535,65535,65535,65535,65535,65535,65535
1685632614,0,1,0,0,1223223,65535,65535,65535,65535,65535,65535,65535,65535,65535,65535,65535,65535
1685632620,0,1,0,0,1223223,65535,65535,65535,65535,65535,65535,65535,65535,65535,65535,65535,65535
1685632626,0,1,0,0,1223223,65535,65535,65535,65535,65535,65535,65535,65535,65535,65535,65535,65535
1685632632,0,1,0,0,1223223,65535,65535,65535,65535,65535,65535,65535,65535,65535,65535,65535,65535
1685632638,0,1,0,0,1223223,65535,65535,65535,65535,65535,65535,65535,65535,65535,65535,65535,65535
1685632644,0,1,0,0,1223223,65535,65535,65535,65535,65535,65535,65535,65535,65535,65535,65535,65535
1685632650,0,1,0,0,1223223,65535,65535,65535,65535,65535,65535,65535,65535,65535,65535,65535,65535
1685632656,0,1,0,0,1223223,65535,65535,65535,65535,65535,65535,65535,65535,65535,65535,65535,65535
1685632662,0,1,0,0,1223223,65535,65535,65535,65535,65535,65535,65535,65535,65535,65535,65535,65535
1685632668,0,1,0,0,1223223,65535,65535,65535,65535,65535,65535,65535,65535,65535,65535,65535,65535
1685632674,0,1,0,0,1223223,65535,65535,65535,65535,65535,65535,65535,65535,65535,65535,65535,65535
1685632680,0,1,0,0,1223223,65535,65535,65535,65535,65535,65535,65535,65535,65535,65535,65535,65535
1685632686,0,1,0,0,1223223,65535,65535,65535,65535,65535,65535,65535,65535,65535,65535,65535,65535
1685632692,0,1,0,0,1223223,65535,65535,65535,65535,65535,65535,65535,65535,65535,65535,65535,65535
1685632698,0,1,0,0,1223223,65535,65535,65535,65535,65535,65535,65535,65535,65535,65535,65535,65535
1685632704,0,1,0,0,1223223,65535,65535,65535,65535,65535,65535,65535,65535,65535,65535,65535,65535
1685632710,0,1,0,0,1223223,65535,65535,65535,65535,65535,65535,65535,65535,65535,65535,65535,65535
1685632716,0,1,0,0,1223223,65535,65535,65535,65535,65535,65535,65535,65535,65535,65535,65535,65535
1685632722,0,1,0,0,1223223,65535,65535,65535,65535,65535,65535,65535,65535,65535,65535,65535,65535
1685632728,0,1,0,0,1223223,65535,65535,65535,65535,65535,65535,65535,65535,65535,65535,65535,65535
1685632734,0,1,0,0,1223223,65535,65535,65535,65535,65535,65535,65535,65535,65535,65535,65535,65535
1685632740,0,1,0,0,1223223,65535,65535,65535,65535,65535,65535,65535,65535,65535,65535,65535,65535
1685632746,0,1,0,0,1223223,65535,65535,65535,65535,65535,65535,65535,65535,65535,65535,65535,65535
1685632752,0,1,0,0,1223223,65535,65535,65535,65535,65535,65535,65535,65535,65535,65535,65535,65535
1685632758,0,1,0,0,1223223,65535,65535,65535,65535,65535,65535,65535,65535,65535,65535,65535,65535
1685632764,0,1,0,0,1223223,65535,65535,65535,65535,65535,65535,65535,65535,65535,65535,65535,65535
1685632770,0,1,0,0,1223223,65535,65535,65535,65535,65535,65535,65535,65535,65535,65535,65535,65535
1685632776,0,1,0,0,1223223,65535,65535,65535,65535,65535,65535,65535,65535,65535,65535,65535,65535
1685632782,0,1,0,0,1223223,65535,65535,65535,65535,65535,65535,65535,65535,65535,65535,65535,65535
1685632788,0,1,0,0,1223223,65535,65535,65535,65535,65535,65535,65535,65535,65535,65535,65535,65535
1685632794,0,1,0,0,1223223,65535,65535,65535,65535,65535,65535,65535,65535,65535,65535,65535,65535
1685632800,0,1,0,0,1223223,65535,65535,65535,65535,65535,65535,65535,65535,65535,65535,65535,65535
1685632806,0,1,0,0,1223223,65535,65535,65535,65535,65535,65535,65535,65535,65535,65535,65535,65535
1685632812,0,1,0,0,1223223,65535,65535,65535,65535,65535,65535,65535,65535,65535,65535,65535,65535
1685632818,0,1,0,0,1223223,65535,65535,65535,65535,65535,65535,65535,65535,65535,65535,65535,65535
1685632824,0,1,0,0,1223223,65535,65535,65535,65535,65535,65535,65535,65535,65535,65535,65535,65535
1685632830,0,1,0,0,1223223,65535,65535,65535,65535,65535,65535,65535,65535,65535,65535,65535,65535
1685632836,0,1,0,0,1223223,65535,65535,65535,65535,65535,65535,65535,65535,65535,65535,65535,65535
1685632842,0,1,0,0,1223223,65535,65535,65535,65535,65535,65535,65535,65535,65535,65535,65535,65535
1685632848,0,1,0,0,1223223,65535,65535,65535,65535,65535,65535,65535,65535,65535,65535,65535,65535
1685632854,0,1,0,0,1223223,65535,65535,65535,65535,65535,65535,65535,65535,65535,65535,65535,65535
1685632860,0,1,0,0,1223223,65535,65535,65535,65535,65535,65535,65535,65535,65535,65535,65535,65535
1685632866,0,1,0,0,1223223,65535,65535,65535,65535,65535,65535,65535,65535,65535,65535,65535,65535
1685632872,0,1,0,0,1223223,65535,65535,65535,65535,65535,65535,65535,65535,65535,65535,65535,65535
1685632878,0,1,0,0,1223223,65535,65535,65535,65535,65535,65535,65535,65535,65535,65535,65535,65535
1685632884,0,1,0,0,1223223,65535,65535,65535,65535,65535,65535,65535,65535,65535,65535,65535,65535
1685632890,0,1,0,0,1223223,65535,65535,65535,65535,65535,65535,65535,65535,65535,65535,65535,65535
1685632896,0,1,0,0,1223223,65535,65535,65535,65535,65535,65535,65535,65535,65535,65535,65535,65535
1685632902,0,1,0,0,1223223,65535,65535,65535,65535,65535,65535,65535,65535,65535,65535,65535,65535
1685632908,0,1,0,0,1223223,65535,65535,65535,65535,65535,65535,65535,65535,65535,65535,65535,65535
1685632914,0,1,0,0,1223223,65535,65535,65535,65535,65535,65535,65535,65535,65535,65535,65535,65535
1685632920,0,1,0,0,1223223,65535,65535,65535,65535,65535,65535,65535,65535,65535,65535,65535,65535
1685632926,0,1,0,0,1223223,65535,65535,65535,65535,65535,65535,65535,65535,65535,65535,65535,65535
1685632932,0,1,0,0,1223223,65535,65535,65535,65535,65535,65535,65535,65535,65535,65535,65535,65535
1685632938,0,1,0,0,1223223,65535,65535,65535,65535,65535,65535,65535,65535,65535,65535,65535,65535
1685632944,0,1,0,0,1223223,65535,65535,65535,65535,65535,65535,65535,65535,65535,65535,65535,65535
1685632950,0,1,0,0,1223223,65535,65535,65535,65535,65535,65535,65535,65535,65535,65535,65535,65535
1685632956,0,1,0,0,1223223,65535,65535,65535,65535,65535,65535,65535,65535,65535,65535,65535,65535
1685632962,0,1,0,0,1223223,65535,65535,65535,65535,65535,65535,65535,65535,65535,65535,65535,65535
1685632968,0,1,0,0,1223223,65535,65535,65535,65535,65535,65535,65535,65535,65535,65535,65535,65535
1685632974,0,1,0,0,1223223,65535,65535,65535,65535,65535,65535,65535,65535,65535,65535,65535,65535
1685632980,0,1,0,0,1223223,65535,65535,65535,65535,65535,65535,65535,65535,65535,65535,65535,65535
1685632986,0,1,0,0,1223223,65535,65535,65535,65535,65535,65535,65535,65535,65535,65535,65535,65535
1685632992,0,1,0,0,1223223,65535,65535,65535,65535,65535,65535,65535,65535,65535,65535,65535,65535
1685632998,0,1,0,0,1223223,65535,65535,65535,65535,65535,65535,65535,65535,65535,65535,65535,65535
1685633004,0,1,0,0,1223223,65535,65535,65535,65535,65535,65535,65535,65535,65535,65535,65535,65535
1685633010,0,1,0,0,1223223,65535,65535,65535,65535,65535,65535,65535,65535,65535,65535,65535,65535
1685633016,0,1,0,0,1223223,65535,65535,65535,65535,65535,65535,65535,65535,65535,65535,65535,65535
1685633022,0,1,0,0,1223223,65535,65535,65535,65535,65535,65535,65535,65535,65535,65535,65535,65535
1685633028,0,1,0,0,1223223,65535,65535,65535,65535,65535,65535,65535,65535,65535,65535,65535,65535
1685633034,0,1,0,0,1223223,65535,65535,65535,65535,65535,65535,65535,65535,65535,65535,65535,65535
1685633040,0,1,0,0,1223223,65535,65535,65535,65535,65535,65535,65535,65535,65535,65535,65535,65535
1685633046,0,1,0,0,1223223,65535,65535,65535,65535,65535,65535,65535,65535,65535,65535,65535,65535
1685633052,0,1,0,0,1223223,65535,65535,65535,65535,65535,65535,65535,65535,65535,65535,65535,65535
1685633058,0,1,0,0,1223223,65535,65535,65535,65535,65535,65535,65535,65535,65535,65535,65535,65535
1685633064,0,1,0,0,1223223,65535,65535,65535,65535,65535,65535,65535,65535,65535,65535,65535,65535
1685633070,0,1,0,0,1223223,65535,65535,65535,65535,65535,65535,65535,65535,65535,65535,65535,65535
1685633076,0,1,0,0,1223223,65535,65535,65535,65535,65535,65535,65535,65535,65535,65535,65535,65535
1685633082,0,1,0,0,1223223,65535,65535,65535,65535,65535,65535,65535,65535,65535,65535,65535,65535
1685633088,0,1,0,0,1223223,65535,65535,65535,65535,65535,65535,65535,65535,65535,65535,65535,65535
1685633094,0,1,0,0,1223223,65535,65535,65535,65535,65535,65535,65535,65535,65535,65535,65535,65535
1685633100,0,1,0,0,1223223,65535,65535,65535,65535,65535,65535,65535,65535,65535,65535,65535,65535
1685633106,0,1,0,0,1223223,65535,65535,65535,65535,65535,65535,65535,65535,65535,65535,65535,65535
1685633112,0,1,0,0,1223223,65535,65535,65535,65535,65535,65535,65535,65535,65535,65535,65535,65535
1685633118,0,1,0,0,1223223,65535,65535,65535,65535,65535,65535,65535,65535,65535,65535,65535,65535
1685633124,0,1,0,0,1223223,65535,65535,65535,65535,65535,65535,65535,65535,65535,65535,65535,65535
1685633130,0,1,0,0,1223223,65535,65535,65535,65535,65535,65535,65535,65535,65535,65535,65535,65535
1685633136,0,1,0,0,1223223,65535,65535,65535,65535,65535,65535,65535,65535,65535,65535,65535,65535
1685633142,0,1,0,0,1223223,65535,65535,65535,65535,65535,65535,65535,65535,65535,65535,65535,65535
1685633148,0,1,0,0,1223223,65535,65535,65535,65535,65535,65535,65535,65535,65535,65535,65535,65535
1685633154,0,1,0,0,1223223,65535,65535,65535,65535,65535,65535,65535,65535,65535,65535,65535,65535
1685633160,0,1,0,0,1223223,65535,65535,65535,65535,65535,65535,65535,65535,65535,65535,65535,65535
1685633166,0,1,0,0,1223223,65535,65535,65535,65535,65535,65535,65535,65535,65535,65535,65535,65535
1685633172,0,1,0,0,1223223,65535,65535,65535,65535,65535,65535,65535,65535,65535,65535,65535,65535
1685633178,0,1,0,0,1223223,65535,65535,65535,65535,65535,65535,65535,65535,65535,65535,65535,65535
1685633184,0,1,0,0,1223223,65535,65535,65535,65535,65535,65535,65535,65535,65535,65535,65535,65535
1685633190,0,1,0,0,1223223,65535,65535,65535,65535,65535,65535,65535,65535,65535,65535,65535,65535
1685633196,0,1,0,0,1223223,65535,65535,65535,65535,65535,65535,65535,65535,65535,65535,65535,65535
1685633202,0,1,0,0,1223223,65535,65535,65535,65535,65535,65535,65535,65535,65535,65535,65535,65535
1685633208,0,1,0,0,1223223,65535,65535,65535,65535,65535,65535,65535,65535,65535,65535,65535,65535
1685633214,0,1,0,0,1223223,65535,65535,65535,65535,65535,65535,65535,65535,65535,65535,65535,65535
1685633220,0,1,0,0,1223223,65535,65535,65535,65535,65535,65535,65535,65535,65535,65535,65535,65535
1685633226,0,1,0,0,1223223,65535,65535,65535,65535,65535,65535,65535,65535,65535,65535,65535,65535
1685633232,0,1,0,0,1223223,65535,65535,65535,65535,65535,65535,65535,65535,65535,65535,65535,65535
1685633238,0,1,0,0,1223223,65535,65535,65535,65535,65535,65535,65535,65535,65535,65535,65535,65535
1685633244,0,1,0,0,1223223,65535,65535,65535,65535,65535,65535,65535,65535,65535,65535,65535,65535
1685633250,0,1,0,0,1223223,65535,65535,65535,65535,65535,65535,65535,65535,65535,65535,65535,65535
1685633256,0,1,0,0,1223223,65535,65535,65535,65535,65535,65535,65535,65535,65535,65535,65535,65535
1685633262,0,1,0,0,1223223,65535,65535,65535,65535,65535,65535,65535,65535,65535,65535,65535,65535
1685633268,0,1,0,0,1223223,65535,65535,65535,65535,65535,65535,65535,65535,65535,65535,65535,65535
1685633274,0,1,0,0,1223223,65535,65535,65535,65535,65535,65535,65535,65535,65535,65535,65535,65535
1685633280,0,1,0,0,1223223,65535,65535,65535,65535,65535,65535,65535,65535,65535,65535,65535,65535
1685633286,0,1,0,0,1223223,65535,65535,65535,65535,65535,65535,65535,65535,65535,65535,65535,65535
1685633292,0,1,0,0,1223223,65535,65535,65535,65535,65535,65535,65535,65535,65535,65535,65535,65535
1685633298,0,1,0,0,1223223,65535,65535,65535,65535,65535,65535,65535,65535,65535,65535,65535,65535
1685633304,0,1,0,0,1223223,65535,65535,65535,65535,65535,65535,65535,65535,65535,65535,65535,65535
1685633310,0,1,0,0,1223223,65535,65535,65535,65535,65535,65535,65535,65535,65535,65535,65535,65535
1685633316,0,1,0,0,1223223,65535,65535,65535,65535,65535,65535,65535,65535,65535,65535,65535,65535
1685633322,0,1,0,0,1223223,65535,65535,65535,65535,65535,65535,65535,65535,65535,65535,65535,65535
1685633328,0,1,0,0,1223223,65535,65535,65535,65535,65535,65535,65535,65535,65535,65535,65535,65535
1685633334,0,1,0,0,1223223,65535,65535,65535,65535,65535,65535,65535,65535,65535,65535,65535,65535
1685633340,0,1,0,0,1223223,65535,65535,65535,65535,65535,65535,65535,65535,65535,65535,65535,65535
1685633346,0,1,0,0,1223223,65535,65535,65535,65535,65535,65535,65535,65535,65535,65535,65535,65535
1685633352,0,1,0,0,1223223,65535,65535,65535,65535,65535,65535,65535,65535,65535,65535,65535,65535
1685633358,0,1,0,0,1223223,65535,65535,65535,65535,65535,65535,65535,65535,65535,65535,65535,65535
1685633364,0,1,0,0,1223223,65535,65535,65535,65535,65535,65535,65535,65535,65535,65535,65535,65535
1685633370,0,1,0,0,1223223,65535,65535,65535,65535,65535,65535,65535,65535,65535,65535,65535,65535
1685633376,0,1,0,0,1223223,65535,65535,65535,65535,65535,65535,65535,65535,65535,65535,65535,65535
1685633382,0,1,0,0,1223223,65535,65535,65535,65535,65535,65535,65535,65535,65535,65535,65535,65535
1685633388,0,1,0,0,1223223,65535,65535,65535,65535,65535,65535,65535,65535,65535,65535,65535,65535
1685633394,0,1,0,0,1223223,65535,65535,65535,65535,65535,65535,65535,65535,65535,65535,65535,65535
1685633400,0,1,0,0,1223223,65535,65535,65535,65535,65535,65535,65535,65535,65535,65535,65535,65535
1685633406,0,1,0,0,1223223,65535,65535,65535,65535,65535,65535,65535,65535,65535,65535,65535,65535
1685633412,0,1,0,0,1223223,65535,65535,65535,65535,65535,65535,65535,65535,65535,65535,65535,65535
1685633418,0,1,0,0,1223223,65535,65535,65535,65535,65535,65535,65535,65535,65535,65535,65535,65535
1685633424,0,1,0,0,1223223,65535,65535,65535,65535,65535,65535,65535,65535,65535,65535,65535,65535
1685633430,0,1,0,0,1223223,65535,65535,65535,65535,65535,65535,65535,65535,65535,65535,65535,65535
1685633436,0,1,0,0,1223223,65535,65535,65535,65535,65535,65535,65535,65535,65535,65535,65535,65535
1685633442,0,1,0,0,1223223,65535,65535,65535,65535,65535,65535,65535,65535,65535,65535,65535,65535
1685633448,0,1,0,0,1223223,65535,65535,65535,65535,65535,65535,65535,65535,65535,65535,65535,65535
1685633454,0,1,0,0,1223223,65535,65535,65535,65535,65535,65535,65535,65535,65535,65535,65535,65535
1685633460,0,1,0,0,1223223,65535,65535,65535,65535,65535,65535,65535,65535,65535,65535,65535,65535
1685633466,0,1,0,0,1223223,65535,65535,65535,65535,65535,65535,65535,65535,65535,65535,65535,65535
1685633472,0,1,0,0,1223223,65535,65535,65535,65535,65535,65535,65535,65535,65535,65535,65535,65535
1685633478,0,1,0,0,1223223,65535,65535,65535,65535,65535,65535,65535,65535,65535,65535,65535,65535
1685633484,0,1,0,0,1223223,65535,65535,65535,65535,65535,65535,65535,65535,65535,65535,65535,65535
1685633490,0,1,0,0,1223223,65535,65535,65535,65535,65535,65535,65535,65535,65535,65535,65535,65535
1685633496,0,1,0,0,1223223,65535,65535,65535,65535,65535,65535,65535,65535,65535,65535,65535,65535
1685633502,0,1,0,0,1223223,65535,65535,65535,65535,65535,65535,65535,65535,65535,65535,65535,65535
1685633508,0,1,0,0,1223223,65535,65535,65535,65535,65535,65535,65535,65535,65535,65535,65535,65535
1685633514,0,1,0,0,1223223,65535,65535,65535,65535,65535,65535,65535,65535,65535,65535,65535,65535
1685633520,0,1,0,0,1223223,65535,65535,65535,65535,65535,65535,65535,65535,65535,65535,65535,65535
1685633526,0,1,0,0,1223223,65535,65535,65535,65535,65535,65535,65535,65535,65535,65535,65535,65535
1685633532,0,1,0,0,1223223,65535,65535,65535,65535,65535,65535,65535,65535,65535,65535,65535,65535
1685633538,0,1,0,0,1223223,65535,65535,65535,65535,65535,65535,65535,65535,65535,65535,65535,65535
1685633544,0,1,0,0,1223223,65535,65535,65535,65535,65535,65535,65535,65535,65535,65535,65535,65535
1685633550,0,1,0,0,1223223,65535,65535,65535,65535,65535,65535,65535,65535,65535,65535,65535,65535
1685633556,0,1,0,0,1223223,65535,65535,65535,65535,65535,65535,65535,65535,65535,65535,65535,65535
1685633562,0,1,0,0,1223223,65535,65535,65535,65535,65535,65535,65535,65535,65535,65535,65535,65535
1685633568,0,1,0,0,1223223,65535,65535,65535,65535,65535,65535,65535,65535,65535,65535,65535,65535
1685633574,0,1,0,0,1223223,65535,65535,65535,65535,65535,65535,65535,65535,65535,65535,65535,65535
1685633580,0,1,0,0,1223223,65535,65535,65535,65535,65535,65535,65535,65535,65535,65535,65535,65535
1685633586,0,1,0,0,1223223,65535,65535,65535,65535,65535,65535,65535,65535,65535,65535,65535,65535
1685633592,0,1,0,0,1223223,65535,65535,65535,65535,65535,65535,65535,65535,65535,65535,65535,65535
1685633598,0,1,0,0,1223223,65535,65535,65535,65535,65535,65535,65535,65535,65535,65535,65535,65535
1685633604,0,1,0,0,1223223,65535,65535,65535,65535,65535,65535,65535,65535,65535,65535,65535,65535
1685633610,0,1,0,0,1223223,65535,65535,65535,65535,65535,65535,65535,65535,65535,65535,65535,65535
1685633616,0,1,0,0,1223223,65535,65535,65535,65535,65535,65535,65535,65535,65535,65535,65535,65535
1685633622,0,1,0,0,1223223,65535,65535,65535,65535,65535,65535,65535,65535,65535,65535,65535,65535
1685633628,0,1,0,0,1223223,65535,65535,65535,65535,65535,65535,65535,65535,65535,65535,65535,65535
1685633634,0,1,0,0,1223223,65535,65535,65535,65535,65535,65535,65535,65535,65535,65535,65535,65535
1685633640,0,1,0,0,1223223,65535,65535,65535,65535,65535,65535,65535,65535,65535,65535,65535,65535
1685633646,0,1,0,0,1223223,65535,65535,65535,65535,65535,65535,65535,65535,65535,65535,65535,65535
1685633652,0,1,0,0,1223223,65535,65535,65535,65535,65535,65535,65535,65535,65535,65535,65535,65535
1685633658,0,1,0,0,1223223,65535,65535,65535,65535,65535,65535,65535,65535,65535,65535,65535,65535
1685633664,0,1,0,0,1223223,65535,65535,65535,65535,65535,65535,65535,65535,65535,65535,65535,65535
1685633670,0,1,0,0,1223223,65535,65535,65535,65535,65535,65535,65535,65535,65535,65535,65535,65535
1685633676,0,1,0,0,1223223,65535,65535,65535,65535,65535,65535,65535,65535,65535,65535,65535,65535
1685633682,0,1,0,0,1223223,65535,65535,65535,65535,65535,65535,65535,65535,65535,65535,65535,65535
1685633688,0,1,0,0,1223223,65535,65535,65535,65535,65535,65535,65535,65535,65535,65535,65535,65535
1685633694,0,1,0,0,1223223,65535,65535,65535,65535,65535,65535,65535,65535,65535,65535,65535,65535
1685633700,0,1,0,0,1223223,65535,65535,65535,65535,65535,65535,65535,65535,65535,65535,65535,65535
1685633706,0,1,0,0,1223223,65535,65535,65535,65535,65535,65535,65535,65535,65535,65535,65535,65535
1685633712,0,1,0,0,1223223,65535,65535,65535,65535,65535,65535,65535,65535,65535,65535,65535,65535
1685633718,0,1,0,0,1223223,65535,65535,65535,65535,65535,65535,65535,65535,65535,65535,65535,65535
1685633724,0,1,0,0,1223223,65535,65535,65535,65535,65535,65535,65535,65535,65535,65535,65535,65535
1685633730,0,1,0,0,1223223,65535,65535,65535,65535,65535,65535,65535,65535,65535,65535,65535,65535
1685633736,0,1,0,0,1223223,65535,65535,65535,65535,65535,65535,65535,65535,65535,65535,65535,65535
1685633742,0,1,0,0,1223223,65535,65535,65535,65535,65535,65535,65535,65535,65535,65535,65535,65535
1685633748,0,1,0,0,1223223,65535,65535,65535,65535,65535,65535,65535,65535,65535,65535,65535,65535
1685633754,0,1,0,0,1223223,65535,65535,65535,65535,65535,65535,65535,65535,65535,65535,65535,65535
1685633760,0,1,0,0,1223223,65535,65535,65535,65535,65535,65535,65535,65535,65535,65535,65535,65535
1685633766,0,1,0,0,1223223,65535,65535,65535,65535,65535,65535,65535,65535,65535,65535,65535,65535
1685633772,0,1,0,0,1223223,65535,65535,65535,65535,65535,65535,65535,65535,65535,65535,65535,65535
1685633778,0,1,0,0,1223223,65535,65535,65535,65535,65535,65535,65535,65535,65535,65535,65535,65535
1685633784,0,1,0,0,1223223,65535,65535,65535,65535,65535,65535,65535,65535,65535,65535,65535,65535
1685633790,0,1,0,0,1223223,65535,65535,65535,65535,65535,65535,65535,65535,65535,65535,65535,65535
1685633796,0,1,0,0,1223223,65535,65535,65535,65535,65535,65535,65535,65535,65535,65535,65535,65535
1685633802,0,1,0,0,1223223,65535,65535,65535,65535,65535,65535,65535,65535,65535,65535,65535,65535
1685633808,0,1,0,0,1223223,65535,65535,65535,65535,65535,65535,65535,65535,65535,65535,65535,65535
1685633814,0,1,0,0,1223223,65535,65535,65535,65535,65535,65535,65535,65535,65535,65535,65535,65535
1685633820,0,1,0,0,1223223,65535,65535,65535,65535,65535,65535,65535,65535,65535,65535,65535,65535
1685633826,0,1,0,0,1223223,65535,65535,65535,65535,65535,65535,65535,65535,65535,65535,65535,65535
1685633832,0,1,0,0,1223223,65535,65535,65535,65535,65535,65535,65535,65535,65535,65535,65535,65535
1685633838,0,1,0,0,1223223,65535,65535,65535,65535,65535,65535,65535,65535,65535,65535,65535,65535
1685633844,0,1,0,0,1223223,65535,65535,65535,65535,65535,65535,65535,65535,65535,65535,65535,65535
1685633850,0,1,0,0,1223223,65535,65535,65535,65535,65535,65535,65535,65535,65535,65535,65535,65535
1685633856,0,1,0,0,1223223,65535,65535,65535,65535,65535,65535,65535,65535,65535,65535,65535,65535
1685633862,0,1,0,0,1223223,65535,65535,65535,65535,65535,65535,65535,65535,65535,65535,65535,65535
1685633868,0,1,0,0,1223223,65535,65535,65535,65535,65535,65535,65535,65535,65535,65535,65535,65535
1685633874,0,1,0,0,1223223,65535,65535,65535,65535,65535,65535,65535,65535,65535,65535,65535,65535
1685633880,0,1,0,0,1223223,65535,65535,65535,65535,65535,65535,65535,65535,65535,65535,65535,65535
1685633886,0,1,0,0,1223223,65535,65535,65535,65535,65535,65535,65535,65535,65535,65535,65535,65535
1685633892,0,1,0,0,1223223,65535,65535,65535,65535,65535,65535,65535,65535,65535,65535,65535,65535
1685633898,0,1,0,0,1223223,65535,65535,65535,65535,65535,65535,65535,65535,65535,65535,65535,65535
1685633904,0,1,0,0,1223223,65535,65535,65535,65535,65535,65535,65535,65535,65535,65535,65535,65535
1685633910,0,1,0,0,1223223,65535,65535,65535,65535,65535,65535,65535,65535,65535,65535,65535,65535
1685633916,0,1,0,0,1223223,65535,65535,65535,65535,65535,65535,65535,65535,65535,65535,65535,65535
1685633922,0,1,0,0,1223223,65535,65535,65535,65535,65535,65535,65535,65535,65535,65535,65535,65535
1685633928,0,1,0,0,1223223,65535,65535,65535,65535,65535,65535,65535,65535,65535,65535,65535,65535
1685633934,0,1,0,0,1223223,65535,65535,65535,65535,65535,65535,65535,65535,65535,65535,65535,65535
1685633940,0,1,0,0,1223223,65535,65535,65535,65535,65535,65535,65535,65535,65535,65535,65535,65535
1685633946,0,1,0,0,1223223,65535,65535,65535,65535,65535,65535,65535,65535,65535,65535,65535,65535
1685633952,0,1,0,0,1223223,65535,65535,65535,65535,65535,65535,65535,65535,65535,65535,65535,65535
1685633958,0,1,0,0,1223223,65535,65535,65535,65535,65535,65535,65535,65535,65535,65535,65535,65535
1685633964,0,1,0,0,1223223,65535,65535,65535,65535,65535,65535,65535,65535,65535,65535,65535,65535
1685633970,0,1,0,0,1223223,65535,65535,65535,65535,65535,65535,65535,65535,65535,65535,65535,65535
1685633976,0,1,0,0,1223223,65535,65535,65535,65535,65535,65535,65535,65535,65535,65535,65535,65535
1685633982,0,1,0,0,1223223,65535,65535,65535,65535,65535,65535,65535,65535,65535,65535,65535,65535
1685633988,0,1,0,0,1223223,65535,65535,65535,65535,65535,65535,65535,65535,65535,65535,65535,65535
1685633994,0,1,0,0,1223223,65535,65535,65535,65535,65535,65535,65535,65535,65535,65535,65535,65535
1685634000,0,1,0,0,1223223,65535,65535,65535,65535,65535,65535,65535,65535,65535,65535,65535,65535
1685634006,0,1,0,0,1223223,65535,65535,65535,65535,65535,65535,65535,65535,65535,65535,65535,65535
1685634012,0,1,0,0,1223223,65535,65535,65535,65535,65535,65535,65535,65535,65535,65535,65535,65535
1685634018,0,1,0,0,1223223,65535,65535,65535,65535,65535,65535,65535,65535,65535,65535,65535,65535
1685634024,0,1,0,0,1223223,65535,65535,65535,65535,65535,65535,65535,65535,65535,65535,65535,65535
1685634030,0,1,0,0,1223223,65535,65535,65535,65535,65535,65535,65535,65535,65535,65535,65535,65535
1685634036,0,1,0,0,1223223,65535,65535,65535,65535,65535,65535,65535,65535,65535,65535,65535,65535
1685634042,0,1,0,0,1223223,65535,65535,65535,65535,65535,65535,65535,65535,65535,65535,65535,65535
1685634048,0,1,0,0,1223223,65535,65535,65535,65535,65535,65535,65535,65535,65535,65535,65535,65535
1685634054,0,1,0,0,1223223,65535,65535,65535,65535,65535,65535,65535,65535,65535,65535,65535,65535
1685634060,0,1,0,0,1223223,65535,65535,65535,65535,65535,65535,65535,65535,65535,65535,65535,65535
1685634066,0,1,0,0,1223223,65535,65535,65535,65535,65535,65535,65535,65535,65535,65535,65535,65535
1685634072,0,1,0,0,1223223,65535,65535,65535,65535,65535,65535,65535,65535,65535,65535,65535,65535
1685634078,0,1,0,0,1223223,65535,65535,65535,65535,65535,65535,65535,65535,65535,65535,65535,65535
1685634084,0,1,0,0,1223223,65535,65535,65535,65535,65535,65535,65535,65535,65535,65535,65535,65535
1685634090,0,1,0,0,1223223,65535,65535,65535,65535,65535,65535,65535,65535,65535,65535,65535,65535
1685634096,0,1,0,0,1223223,65535,65535,65535,65535,65535,65535,65535,65535,65535,65535,65535,65535
1685634102,0,1,0,0,1223223,65535,65535,65535,65535,65535,65535,65535,65535,65535,65535,65535,65535
1685634108,0,1,0,0,1223223,65535,65535,65535,65535,65535,65535,65535,65535,65535,65535,65535,65535
1685634114,0,1,0,0,1223223,65535,65535,65535,65535,65535,65535,65535,65535,65535,65535,65535,65535
1685634120,0,1,0,0,1223223,65535,65535,65535,65535,65535,65535,65535,65535,65535,65535,65535,65535
1685634126,0,1,0,0,1223223,65535,65535,65535,65535,65535,65535,65535,65535,65535,65535,65535,65535
1685634132,0,1,0,0,1223223,65535,65535,65535,65535,65535,65535,65535,65535,65535,65535,65535,65535
1685634138,0,1,0,0,1223223,65535,65535,65535,65535,65535,65535,65535,65535,65535,65535,65535,65535
1685634144,0,1,0,0,1223223,65535,65535,65535,65535,65535,65535,65535,65535,65535,65535,65535,65535
1685634150,0,1,0,0,1223223,65535,65535,65535,65535,65535,65535,65535,65535,65535,65535,65535,65535
1685634156,0,1,0,0,1223223,65535,65535,65535,65535,65535,65535,65535,65535,65535,65535,65535,65535
1685634162,0,1,0,0,1223223,65535,65535,65535,65535,65535,65535,65535,65535,65535,65535,65535,65535
1685634168,0,1,0,0,1223223,65535,65535,65535,65535,65535,65535,65535,65535,65535,65535,65535,65535
1685634174,0,1,0,0,1223223,65535,65535,65535,65535,65535,65535,65535,65535,65535,65535,65535,65535
1685634180,0,1,0,0,1223223,65535,65535,65535,65535,65535,65535,65535,65535,65535,65535,65535,65535
1685634186,0,1,0,0,1223223,65535,65535,65535,65535,65535,65535,65535,65535,65535,65535,65535,65535
1685634192,0,1,0,0,1223223,65535,65535,65535,65535,65535,65535,65535,65535,65535,65535,65535,65535
1685634198,0,1,0,0,1223223,65535,65535,65535,65535,65535,65535,65535,65535,65535,65535,65535,65535
1685634204,0,1,0,0,1223223,65535,65535,65535,65535,65535,65535,65535,65535,65535,65535,65535,65535
1685634210,0,1,0,0,1223223,65535,65535,65535,65535,65535,65535,65535,65535,65535,65535,65535,65535
1685634216,0,1,0,0,1223223,65535,65535,65535,65535,65535,65535,65535,65535,65535,65535,65535,65535
1685634222,0,1,0,0,1223223,65535,65535,65535,65535,65535,65535,65535,65535,65535,65535,65535,65535
1685634228,0,1,0,0,1223223,65535,65535,65535,65535,65535,65535,65535,65535,65535,65535,65535,65535
1685634234,0,1,0,0,1223223,65535,65535,65535,65535,65535,65535,65535,65535,65535,65535,65535,65535
1685634240,0,1,0,0,1223223,65535,65535,65535,65535,65535,65535,65535,65535,65535,65535,65535,65535
1685634246,0,1,0,0,1223223,65535,65535,65535,65535,65535,65535,65535,65535,65535,65535,65535,65535
1685634252,0,1,0,0,1223223,65535,65535,65535,65535,65535,65535,65535,65535,65535,65535,65535,65535
1685634258,0,1,0,0,1223223,65535,65535,65535,65535,65535,65535,65535,65535,65535,65535,65535,65535
1685634264,0,1,0,0,1223223,65535,65535,65535,65535,65535,65535,65535,65535,65535,65535,65535,65535
1685634270,0,1,0,0,1223223,65535,65535,65535,65535,65535,65535,65535,65535,65535,65535,65535,65535
1685634276,0,1,0,0,1223223,65535,65535,65535,65535,65535,65535,65535,65535,65535,65535,65535,65535
1685634282,0,1,0,0,1223223,65535,65535,65535,65535,65535,65535,65535,65535,65535,65535,65535,65535
1685634288,0,1,0,0,1223223,65535,65535,65535,65535,65535,65535,65535,65535,65535,65535,65535,65535
1685634294,0,1,0,0,1223223,65535,65535,65535,65535,65535,65535,65535,65535,65535,65535,65535,65535
1685634300,0,1,0,0,1223223,65535,65535,65535,65535,65535,65535,65535,65535,65535,65535,65535,65535
1685634306,0,1,0,0,1223223,65535,65535,65535,65535,65535,65535,65535,65535,65535,65535,65535,65535
1685634312,0,1,0,0,1223223,65535,65535,65535,65535,65535,65535,65535,65535,65535,65535,65535,65535
1685634318,0,1,0,0,1223223,65535,65535,65535,65535,65535,65535,65535,65535,65535,65535,65535,65535
1685634324,0,1,0,0,1223223,65535,65535,65535,65535,65535,65535,65535,65535,65535,65535,65535,65535
1685634330,0,1,0,0,1223223,65535,65535,65535,65535,65535,65535,65535,65535,65535,65535,65535,65535
1685634336,0,1,0,0,1223223,65535,65535,65535,65535,65535,65535,65535,65535,65535,65535,65535,65535
1685634342,0,1,0,0,1223223,65535,65535,65535,65535,65535,65535,65535,65535,65535,65535,65535,65535
1685634348,0,1,0,0,1223223,65535,65535,65535,65535,65535,65535,65535,65535,65535,65535,65535,65535
1685634354,0,1,0,0,1223223,65535,65535,65535,65535,65535,65535,65535,65535,65535,65535,65535,65535
1685634360,0,1,0,0,1223223,65535,65535,65535,65535,65535,65535,65535,65535,65535,65535,65535,65535
1685634366,0,1,0,0,1223223,65535,65535,65535,65535,65535,65535,65535,65535,65535,65535,65535,65535
1685634372,0,1,0,0,1223223,65535,65535,65535,65535,65535,65535,65535,65535,65535,65535,65535,65535
1685634378,0,1,0,0,1223223,65535,65535,65535,65535,65535,65535,65535,65535,65535,65535,65535,65535
1685634384,0,1,0,0,1223223,65535,65535,65535,65535,65535,65535,65535,65535,65535,65535,65535,65535
1685634390,0,1,0,0,1223223,65535,65535,65535,65535,65535,65535,65535,65535,65535,65535,65535,65535
1685634396,0,1,0,0,1223223,65535,65535,65535,65535,65535,65535,65535,65535,65535,65535,65535,65535
1685634402,0,1,0,0,1223223,65535,65535,65535,65535,65535,65535,65535,65535,65535,65535,65535,65535
1685634408,0,1,0,0,1223223,65535,65535,65535,65535,65535,65535,65535,65535,65535,65535,65535,65535
1685634414,0,1,0,0,1223223,65535,65535,65535,65535,65535,65535,65535,65535,65535,65535,65535,65535
1685634420,0,1,0,0,1223223,65535,65535,65535,65535,65535,65535,65535,65535,65535,65535,65535,65535
1685634426,0,1,0,0,1223223,65535,65535,65535,65535,65535,65535,65535,65535,65535,65535,65535,65535
1685634432,0,1,0,0,1223223,65535,65535,65535,65535,65535,65535,65535,65535,65535,65535,65535,65535
1685634438,0,1,0,0,1223223,65535,65535,65535,65535,65535,65535,65535,65535,65535,65535,65535,65535
1685634444,0,1,0,0,1223223,65535,65535,65535,65535,65535,65535,65535,65535,65535,65535,65535,65535
1685634450,0,1,0,0,1223223,65535,65535,65535,65535,65535,65535,65535,65535,65535,65535,65535,65535
1685634456,0,1,0,0,1223223,65535,65535,65535,65535,65535,65535,65535,65535,65535,65535,65535,65535
1685634462,0,1,0,0,1223223,65535,65535,65535,65535,65535,65535,65535,65535,65535,65535,65535,65535
1685634468,0,1,0,0,1223223,65535,65535,65535,65535,65535,65535,65535,65535,65535,65535,65535,65535
1685634474,0,1,0,0,1223223,65535,65535,65535,65535,65535,65535,65535,65535,65535,65535,65535,65535
1685634480,0,1,0,0,1223223,65535,65535,65535,65535,65535,65535,65535,65535,65535,65535,65535,65535
1685634486,0,1,0,0,1223223,65535,65535,65535,65535,65535,65535,65535,65535,65535,65535,65535,65535
1685634492,0,1,0,0,1223223,65535,65535,65535,65535,65535,65535,65535,65535,65535,65535,65535,65535
1685634498,0,1,0,0,1223223,65535,65535,65535,65535,65535,65535,65535,65535,65535,65535,65535,65535
1685634504,0,1,0,0,1223223,65535,65535,65535,65535,65535,65535,65535,65535,65535,65535,65535,65535
1685634510,0,1,0,0,1223223,65535,65535,65535,65535,65535,65535,65535,65535,65535,65535,65535,65535
1685634516,0,1,0,0,1223223,65535,65535,65535,65535,65535,65535,65535,65535,65535,65535,65535,65535
1685634522,0,1,0,0,1223223,65535,65535,65535,65535,65535,65535,65535,65535,65535,65535,65535,65535
1685634528,0,1,0,0,1223223,65535,65535,65535,65535,65535,65535,65535,65535,65535,65535,65535,65535
1685634534,0,1,0,0,1223223,65535,65535,65535,65535,65535,65535,65535,65535,65535,65535,65535,65535
1685634540,0,1,0,0,1223223,65535,65535,65535,65535,65535,65535,65535,65535,65535,65535,65535,65535
1685634546,0,1,0,0,1223223,65535,65535,65535,65535,65535,65535,65535,65535,65535,65535,65535,65535
1685634552,0,1,0,0,1223223,65535,65535,65535,65535,65535,65535,65535,65535,65535,65535,65535,65535
1685634558,0,1,0,0,1223223,65535,65535,65535,65535,65535,65535,65535,65535,65535,65535,65535,65535
1685634564,0,1,0,0,1223223,65535,65535,65535,65535,65535,65535,65535,65535,65535,65535,65535,65535
1685634570,0,1,0,0,1223223,65535,65535,65535,65535,65535,65535,65535,65535,65535,65535,65535,65535
1685634576,0,1,0,0,1223223,65535,65535,65535,65535,65535,65535,65535,65535,65535,65535,65535,65535
1685634582,0,1,0,0,1223223,65535,65535,65535,65535,65535,65535,65535,65535,65535,65535,65535,65535
1685634588,0,1,0,0,1223223,65535,65535,65535,65535,65535,65535,65535,65535,65535,65535,65535,65535
1685634594,0,1,0,0,1223223,65535,65535,65535,65535,65535,65535,65535,65535,65535,65535,65535,65535
1685634600,0,1,0,0,1223223,65535,65535,65535,65535,65535,65535,65535,65535,65535,65535,65535,65535
1685634606,0,1,0,0,1223223,65535,65535,65535,65535,65535,65535,65535,65535,65535,65535,65535,65535
1685634612,0,1,0,0,1223223,65535,65535,65535,65535,65535,65535,65535,65535,65535,65535,65535,65535
1685634618,0,1,0,0,1223223,65535,65535,65535,65535,65535,65535,65535,65535,65535,65535,65535,65535
1685634624,0,1,0,0,1223223,65535,65535,65535,65535,65535,65535,65535,65535,65535,65535,65535,65535
1685634630,0,1,0,0,1223223,65535,65535,65535,65535,65535,65535,65535,65535,65535,65535,65535,65535
1685634636,0,1,0,0,1223223,65535,65535,65535,65535,65535,65535,65535,65535,65535,65535,65535,65535
1685634642,0,1,0,0,1223223,65535,65535,65535,65535,65535,65535,65535,65535,65535,65535,65535,65535
1685634648,0,1,0,0,1223223,65535,65535,65535,65535,65535,65535,65535,65535,65535,65535,65535,65535
1685634654,0,1,0,0,1223223,65535,65535,65535,65535,65535,65535,65535,65535,65535,65535,65535,65535
1685634660,0,1,0,0,1223223,65535,65535,65535,65535,65535,65535,65535,65535,65535,65535,65535,65535
1685634666,0,1,0,0,1223223,65535,65535,65535,65535,65535,65535,65535,65535,65535,65535,65535,65535
1685634672,0,1,0,0,1223223,65535,65535,65535,65535,65535,65535,65535,65535,65535,65535,65535,65535
1685634678,0,1,0,0,1223223,65535,65535,65535,65535,65535,65535,65535,65535,65535,65535,65535,65535
1685634684,0,1,0,0,1223223,65535,65535,65535,65535,65535,65535,65535,65535,65535,65535,65535,65535
1685634690,0,1,0,0,1223223,65535,65535,65535,65535,65535,65535,65535,65535,65535,65535,65535,65535
1685634696,0,1,0,0,1223223,65535,65535,65535,65535,65535,65535,65535,65535,65535,65535,65535,65535
1685634702,0,1,0,0,1223223,65535,65535,65535,65535,65535,65535,65535,65535,65535,65535,65535,65535
1685634708,0,1,0,0,1223223,65535,65535,65535,65535,65535,65535,65535,65535,65535,65535,65535,65535
1685634714,0,1,0,0,1223223,65535,65535,65535,65535,65535,65535,65535,65535,65535,65535,65535,65535
1685634720,0,1,0,0,1223223,65535,65535,65535,65535,65535,65535,65535,65535,65535,65535,65535,65535
1685634726,0,1,0,0,1223223,65535,65535,65535,65535,65535,65535,65535,65535,65535,65535,65535,65535
1685634732,0,1,0,0,1223223,65535,65535,65535,65535,65535,65535,65535,65535,65535,65535,65535,65535
1685634738,0,1,0,0,1223223,65535,65535,65535,65535,65535,65535,65535,65535,65535,65535,65535,65535
1685634744,0,1,0,0,1223223,65535,65535,65535,65535,65535,65535,65535,65535,65535,65535,65535,65535
1685634750,0,1,0,0,1223223,65535,65535,65535,65535,65535,65535,65535,65535,65535,65535,65535,65535
1685634756,0,1,0,0,1223223,65535,65535,65535,65535,65535,65535,65535,65535,65535,65535,65535,65535
1685634762,0,1,0,0,1223223,65535,65535,65535,65535,65535,65535,65535,65535,65535,65535,65535,65535
1685634768,0,1,0,0,1223223,65535,65535,65535,65535,65535,65535,65535,65535,65535,65535,65535,65535
1685634774,0,1,0,0,1223223,65535,65535,65535,65535,65535,65535,65535,65535,65535,65535,65535,65535
1685634780,0,1,0,0,1223223,65535,65535,65535,65535,65535,65535,65535,65535,65535,65535,65535,65535
1685634786,0,1,0,0,1223223,65535,65535,65535,65535,65535,65535,65535,65535,65535,65535,65535,65535
1685634792,0,1,0,0,1223223,65535,65535,65535,65535,65535,65535,65535,65535,65535,65535,65535,65535
1685634798,0,1,0,0,1223223,65535,65535,65535,65535,65535,65535,65535,65535,65535,65535,65535,65535
1685634804,0,1,0,0,1223223,65535,65535,65535,65535,65535,65535,65535,65535,65535,65535,65535,65535
1685634810,0,1,0,0,1223223,65535,65535,65535,65535,65535,65535,65535,65535,65535,65535,65535,65535
1685634816,0,1,0,0,1223223,65535,65535,65535,65535,65535,65535,65535,65535,65535,65535,65535,65535
1685634822,0,1,0,0,1223223,65535,65535,65535,65535,65535,65535,65535,65535,65535,65535,65535,65535
1685634828,0,1,0,0,1223223,65535,65535,65535,65535,65535,65535,65535,65535,65535,65535,65535,65535
1685634834,0,1,0,0,1223223,65535,65535,65535,65535,65535,65535,65535,65535,65535,65535,65535,65535
1685634840,0,1,0,0,1223223,65535,65535,65535,65535,65535,65535,65535,65535,65535,65535,65535,65535
1685634846,0,1,0,0,1223223,65535,65535,65535,65535,65535,65535,65535,65535,65535,65535,65535,65535
1685634852,0,1,0,0,1223223,65535,65535,65535,65535,65535,65535,65535,65535,65535,65535,65535,65535
1685634858,0,1,0,0,1223223,65535,65535,65535,65535,65535,65535,65535,65535,65535,65535,65535,65535
1685634864,0,1,0,0,1223223,65535,65535,65535,65535,65535,65535,65535,65535,65535,65535,65535,65535
1685634870,0,1,0,0,1223223,65535,65535,65535,65535,65535,65535,65535,65535,65535,65535,65535,65535
1685634876,0,1,0,0,1223223,65535,65535,65535,65535,65535,65535,65535,65535,65535,65535,65535,65535
1685634882,0,1,0,0,1223223,65535,65535,65535,65535,65535,65535,65535,65535,65535,65535,65535,65535
1685634888,0,1,0,0,1223223,65535,65535,65535,65535,65535,65535,65535,65535,65535,65535,65535,65535
1685634894,0,1,0,0,1223223,65535,65535,65535,65535,65535,65535,65535,65535,65535,65535,65535,65535
1685634900,0,1,0,0,1223223,65535,65535,65535,65535,65535,65535,65535,65535,65535,65535,65535,65535
1685634906,0,1,0,0,1223223,65535,65535,65535,65535,65535,65535,65535,65535,65535,65535,65535,65535
1685634912,0,1,0,0,1223223,65535,65535,65535,65535,65535,65535,65535,65535,65535,65535,65535,65535
1685634918,0,1,0,0,1223223,65535,65535,65535,65535,65535,65535,65535,65535,65535,65535,65535,65535
1685634924,0,1,0,0,1223223,65535,65535,65535,65535,65535,65535,65535,65535,65535,65535,65535,65535
1685634930,0,1,0,0,1223223,65535,65535,65535,65535,65535,65535,65535,65535,65535,65535,65535,65535
1685634936,0,1,0,0,1223223,65535,65535,65535,65535,65535,65535,65535,65535,65535,65535,65535,65535
1685634942,0,1,0,0,1223223,65535,65535,65535,65535,65535,65535,65535,65535,65535,65535,65535,65535
1685634948,0,1,0,0,1223223,65535,65535,65535,65535,65535,65535,65535,65535,65535,65535,65535,65535
1685634954,0,1,0,0,1223223,65535,65535,65535,65535,65535,65535,65535,65535,65535,65535,65535,65535
1685634960,0,1,0,0,1223223,65535,65535,65535,65535,65535,65535,65535,65535,65535,65535,65535,65535
1685634966,0,1,0,0,1223223,65535,65535,65535,65535,65535,65535,65535,65535,65535,65535,65535,65535
1685634972,0,1,0,0,1223223,65535,65535,65535,65535,65535,65535,65535,65535,65535,65535,65535,65535
1685634978,0,1,0,0,1223223,65535,65535,65535,65535,65535,65535,65535,65535,65535,65535,65535,65535
1685634984,0,1,0,0,1223223,65535,65535,65535,65535,65535,65535,65535,65535,65535,65535,65535,65535
1685634990,0,1,0,0,1223223,65535,65535,65535,65535,65535,65535,65535,65535,65535,65535,65535,65535
1685634996,0,1,0,0,1223223,65535,65535,65535,65535,65535,65535,65535,65535,65535,65535,65535,65535
1685635002,0,1,0,0,1223223,65535,65535,65535,65535,65535,65535,65535,65535,65535,65535,65535,65535
1685635008,0,1,0,0,1223223,65535,65535,65535,65535,65535,65535,65535,65535,65535,65535,65535,65535
1685635014,0,1,0,0,1223223,65535,65535,65535,65535,65535,65535,65535,65535,65535,65535,65535,65535
1685635020,0,1,0,0,1223223,65535,65535,65535,65535,65535,65535,65535,65535,65535,65535,65535,65535
1685635026,0,1,0,0,1223223,65535,65535,65535,65535,65535,65535,65535,65535,65535,65535,65535,65535
1685635032,0,1,0,0,1223223,65535,65535,65535,65535,65535,65535,65535,65535,65535,65535,65535,65535
1685635038,0,1,0,0,1223223,65535,65535,65535,65535,65535,65535,65535,65535,65535,65535,65535,65535
1685635044,0,1,0,0,1223223,65535,65535,65535,65535,65535,65535,65535,65535,65535,65535,65535,65535
1685635050,0,1,0,0,1223223,65535,65535,65535,65535,65535,65535,65535,65535,65535,65535,65535,65535
1685635056,0,1,0,0,1223223,65535,65535,65535,65535,65535,65535,65535,65535,65535,65535,65535,65535
1685635062,0,1,0,0,1223223,65535,65535,65535,65535,65535,65535,65535,65535,65535,65535,65535,65535
1685635068,0,1,0,0,1223223,65535,65535,65535,65535,65535,65535,65535,65535,65535,65535,65535,65535
1685635074,0,1,0,0,1223223,65535,65535,65535,65535,65535,65535,65535,65535,65535,65535,65535,65535
1685635080,0,1,0,0,1223223,65535,65535,65535,65535,65535,65535,65535,65535,65535,65535,65535,65535
1685635086,0,1,0,0,1223223,65535,65535,65535,65535,65535,65535,65535,65535,65535,65535,65535,65535
1685635092,0,1,0,0,1223223,65535,65535,65535,65535,65535,65535,65535,65535,65535,65535,65535,65535
1685635098,0,1,0,0,1223223,65535,65535,65535,65535,65535,65535,65535,65535,65535,65535,65535,65535
1685635104,0,1,0,0,1223223,65535,65535,65535,65535,65535,65535,65535,65535,65535,65535,65535,65535
1685635110,0,1,0,0,1223223,65535,65535,65535,65535,65535,65535,65535,65535,65535,65535,65535,65535
1685635116,0,1,0,0,1223223,65535,65535,65535,65535,65535,65535,65535,65535,65535,65535,65535,65535
1685635122,0,1,0,0,1223223,65535,65535,65535,65535,65535,65535,65535,65535,65535,65535,65535,65535
1685635128,0,1,0,0,1223223,65535,65535,65535,65535,65535,65535,65535,65535,65535,65535,65535,65535
1685635134,0,1,0,0,1223223,65535,65535,65535,65535,65535,65535,65535,65535,65535,65535,65535,65535
1685635140,0,1,0,0,1223223,65535,65535,65535,65535,65535,65535,65535,65535,65535,65535,65535,65535
1685635146,0,1,0,0,1223223,65535,65535,65535,65535,65535,65535,65535,65535,65535,65535,65535,65535
1685635152,0,1,0,0,1223223,65535,65535,65535,65535,65535,65535,65535,65535,65535,65535,65535,65535
1685635158,0,1,0,0,1223223,65535,65535,65535,65535,65535,65535,65535,65535,65535,65535,65535,65535
1685635164,0,1,0,0,1223223,65535,65535,65535,65535,65535,65535,65535,65535,65535,65535,65535,65535
1685635170,0,1,0,0,1223223,65535,65535,65535,65535,65535,65535,65535,65535,65535,65535,65535,65535
1685635176,0,1,0,0,1223223,65535,65535,65535,65535,65535,65535,65535,65535,65535,65535,65535,65535
1685635182,0,1,0,0,1223223,65535,65535,65535,65535,65535,65535,65535,65535,65535,65535,65535,65535
1685635188,0,1,0,0,1223223,65535,65535,65535,65535,65535,65535,65535,65535,65535,65535,65535,65535
1685635194,0,1,0,0,1223223,65535,65535,65535,65535,65535,65535,65535,65535,65535,65535,65535,65535
