Timestamp,Amber,White,On,Override,Intensity,AS00,AS01,AS02,AS03,AS04,AS05,AS06,AS07,AS08,AS09,AS10,AS11
1685656800,0,1,0,0,11345,60046,65535,65535,65535,65535,65535,65535,65535,65535,65535,65535,65535
1685656806,0,1,0,0,11344,60027,65535,65535,65535,65535,65535,65535,65535,65535,65535,65535,65535
1685656812,0,1,0,0,11343,59983,65535,65535,65535,65535,65535,65535,65535,65535,65535,65535,65535
1685656818,0,1,0,0,11343,59947,65535,65535,65535,65535,65535,65535,65535,65535,65535,65535,65535
1685656824,0,1,0,0,11341,60630,65535,65535,65535,65535,65535,65535,65535,65535,65535,65535,65535
1685656830,0,1,0,0,11341,59927,65535,65535,65535,65535,65535,65535,65535,65535,65535,65535,65535
1685656836,0,1,0,0,11341,59927,65535,65535,65535,65535,65535,65535,65535,65535,65535,65535,65535
1685656842,0,1,0,0,11341,59917,65535,65535,65535,65535,65535,65535,65535,65535,65535,65535,65535
1685656848,0,1,0,0,11340,59920,65535,65535,65535,65535,65535,65535,65535,65535,65535,65535,65535
1685656854,0,1,0,0,11340,59932,65535,65535,65535,65535,65535,65535,65535,65535,65535,65535,65535
1685656860,0,1,0,0,11340,59865,65535,65535,65535,65535,65535,65535,65535,65535,65535,65535,65535
1685656866,0,1,0,0,11335,59859,65535,65535,65535,65535,65535,65535,65535,65535,65535,65535,65535
1685656872,0,1,0,0,11335,59827,65535,65535,65535,65535,65535,65535,65535,65535,65535,65535,65535
1685656878,0,1,0,0,11333,60614,65535,65535,65535,65535,65535,65535,65535,65535,65535,65535,65535
1685656884,0,1,0,0,11334,59814,65535,65535,65535,65535,65535,65535,65535,65535,65535,65535,65535
1685656890,0,1,0,0,11332,59710,65535,65535,65535,65535,65535,65535,65535,65535,65535,65535,65535
1685656896,0,1,0,0,11332,59740,65535,65535,65535,65535,65535,65535,65535,65535,65535,65535,65535
1685656902,0,1,0,0,11331,59712,65535,65535,65535,65535,65535,65535,65535,65535,65535,65535,65535
1685656908,0,1,0,0,11330,59684,65535,65535,65535,65535,65535,65535,65535,65535,65535,65535,65535
1685656914,0,1,0,0,11330,59629,65535,65535,65535,65535,65535,65535,65535,65535,65535,65535,65535
1685656920,0,1,0,0,11324,59620,65535,65535,65535,65535,65535,65535,65535,65535,65535,65535,65535
1685656926,0,1,0,0,11324,59531,65535,65535,65535,65535,65535,65535,65535,65535,65535,65535,65535
1685656932,0,1,0,0,11323,59543,65535,65535,65535,65535,65535,65535,65535,65535,65535,65535,65535
1685656938,0,1,0,0,11322,59532,65535,65535,65535,65535,65535,65535,65535,65535,65535,65535,65535
1685656944,0,1,0,0,11321,59481,65535,65535,65535,65535,65535,65535,65535,65535,65535,65535,65535
1685656950,0,1,0,0,11321,59419,65535,65535,65535,65535,65535,65535,65535,65535,65535,65535,65535
1685656956,0,1,0,0,11320,59423,65535,65535,65535,65535,65535,65535,65535,65535,65535,65535,65535
1685656962,0,1,0,0,11315,59341,65535,65535,65535,65535,65535,65535,65535,65535,65535,65535,65535
1685656968,0,1,0,0,11314,59340,65535,65535,65535,65535,65535,65535,65535,65535,65535,65535,65535
1685656974,0,1,0,0,11313,59333,65535,65535,65535,65535,65535,65535,65535,65535,65535,65535,65535
1685656980,0,1,0,0,11313,59305,65535,65535,65535,65535,65535,65535,65535,65535,65535,65535,65535
1685656986,0,1,0,0,11312,59218,65535,65535,65535,65535,65535,65535,65535,65535,65535,65535,65535
1685656992,0,1,0,0,11311,59233,65535,65535,65535,65535,65535,65535,65535,65535,65535,65535,65535
1685656998,0,1,0,0,11310,59229,65535,65535,65535,65535,65535,65535,65535,65535,65535,65535,65535
1685657004,0,1,0,0,11305,59239,65535,65535,65535,65535,65535,65535,65535,65535,65535,65535,65535
1685657010,0,1,0,0,11304,59189,65535,65535,65535,65535,65535,65535,65535,65535,65535,65535,65535
1685657016,0,1,0,0,11304,59179,65535,65535,65535,65535,65535,65535,65535,65535,65535,65535,65535
1685657022,0,1,0,0,11304,59179,65535,65535,65535,65535,65535,65535,65535,65535,65535,65535,65535
1685657028,0,1,0,0,11303,59177,65535,65535,65535,65535,65535,65535,65535,65535,65535,65535,65535
1685657034,0,1,0,0,11303,59133,65535,65535,65535,65535,65535,65535,65535,65535,65535,65535,65535
1685657040,0,1,0,0,11303,59106,65535,65535,65535,65535,65535,65535,65535,65535,65535,65535,65535
1685657046,0,1,0,0,11302,59084,65535,65535,65535,65535,65535,65535,65535,65535,65535,65535,65535
1685657052,0,1,0,0,11303,59137,65535,65535,65535,65535,65535,65535,65535,65535,65535,65535,65535
1685657058,0,1,0,0,11302,59084,65535,65535,65535,65535,65535,65535,65535,65535,65535,65535,65535
1685657064,0,1,0,0,11301,59052,65535,65535,65535,65535,65535,65535,65535,65535,65535,65535,65535
1685657070,0,1,0,0,11302,59036,65535,65535,65535,65535,65535,65535,65535,65535,65535,65535,65535
1685657076,0,1,0,0,11301,59040,65535,65535,65535,65535,65535,65535,65535,65535,65535,65535,65535
1685657082,0,1,0,0,11300,58955,65535,65535,65535,65535,65535,65535,65535,65535,65535,65535,65535
1685657088,0,1,0,0,11300,59016,65535,65535,65535,65535,65535,65535,65535,65535,65535,65535,65535
1685657094,0,1,0,0,11255,58950,65535,65535,65535,65535,65535,65535,65535,65535,65535,65535,65535
1685657100,0,1,0,0,11254,58926,65535,65535,65535,65535,65535,65535,65535,65535,65535,65535,65535
1685657106,0,1,0,0,11254,58953,65535,65535,65535,65535,65535,65535,65535,65535,65535,65535,65535
1685657112,0,1,0,0,11253,58893,65535,65535,65535,65535,65535,65535,65535,65535,65535,65535,65535
1685657118,0,1,0,0,11252,58879,65535,65535,65535,65535,65535,65535,65535,65535,65535,65535,65535
1685657124,0,1,0,0,11251,58860,65535,65535,65535,65535,65535,65535,65535,65535,65535,65535,65535
1685657130,0,1,0,0,11251,58828,65535,65535,65535,65535,65535,65535,65535,65535,65535,65535,65535
1685657136,0,1,0,0,11250,59618,65535,65535,65535,65535,65535,65535,65535,65535,65535,65535,65535
1685657142,0,1,0,0,11245,58740,65535,65535,65535,65535,65535,65535,65535,65535,65535,65535,65535
1685657148,0,1,0,0,11244,58752,65535,65535,65535,65535,65535,65535,65535,65535,65535,65535,65535
1685657154,0,1,0,0,11244,58692,65535,65535,65535,65535,65535,65535,65535,65535,65535,65535,65535
1685657160,0,1,0,0,11243,58671,65535,65535,65535,65535,65535,65535,65535,65535,65535,65535,65535
1685657166,0,1,0,0,11243,58687,65535,65535,65535,65535,65535,65535,65535,65535,65535,65535,65535
1685657172,0,1,0,0,11243,58684,65535,65535,65535,65535,65535,65535,65535,65535,65535,65535,65535
1685657178,0,1,0,0,11242,58665,65535,65535,65535,65535,65535,65535,65535,65535,65535,65535,65535
1685657184,0,1,0,0,11242,58641,65535,65535,65535,65535,65535,65535,65535,65535,65535,65535,65535
1685657190,0,1,0,0,11242,58620,65535,65535,65535,65535,65535,65535,65535,65535,65535,65535,65535
1685657196,0,1,0,0,11242,58575,65535,65535,65535,65535,65535,65535,65535,65535,65535,65535,65535
1685657202,0,1,0,0,11242,58569,65535,65535,65535,65535,65535,65535,65535,65535,65535,65535,65535
1685657208,0,1,0,0,11240,58544,65535,65535,65535,65535,65535,65535,65535,65535,65535,65535,65535
1685657214,0,1,0,0,11241,58580,65535,65535,65535,65535,65535,65535,65535,65535,65535,65535,65535
1685657220,0,1,0,0,11240,58545,65535,65535,65535,65535,65535,65535,65535,65535,65535,65535,65535
1685657226,0,1,0,0,11240,58546,65535,65535,65535,65535,65535,65535,65535,65535,65535,65535,65535
1685657232,0,1,0,0,11240,58536,65535,65535,65535,65535,65535,65535,65535,65535,65535,65535,65535
1685657238,0,1,0,0,11235,58501,65535,65535,65535,65535,65535,65535,65535,65535,65535,65535,65535
1685657244,0,1,0,0,11235,58461,65535,65535,65535,65535,65535,65535,65535,65535,65535,65535,65535
1685657250,0,1,0,0,11234,58423,65535,65535,65535,65535,65535,65535,65535,65535,65535,65535,65535
1685657256,0,1,0,0,11235,58412,65535,65535,65535,65535,65535,65535,65535,65535,65535,65535,65535
1685657262,0,1,0,0,11234,58398,65535,65535,65535,65535,65535,65535,65535,65535,65535,65535,65535
1685657268,0,1,0,0,11231,58283,65535,65535,65535,65535,65535,65535,65535,65535,65535,65535,65535
1685657274,0,1,0,0,11231,58318,65535,65535,65535,65535,65535,65535,65535,65535,65535,65535,65535
1685657280,0,1,0,0,11225,58282,65535,65535,65535,65535,65535,65535,65535,65535,65535,65535,65535
1685657286,0,1,0,0,11224,58259,65535,65535,65535,65535,65535,65535,65535,65535,65535,65535,65535
1685657292,0,1,0,0,11223,58220,65535,65535,65535,65535,65535,65535,65535,65535,65535,65535,65535
1685657298,0,1,0,0,11222,58177,65535,65535,65535,65535,65535,65535,65535,65535,65535,65535,65535
1685657304,0,1,0,0,11221,58163,65535,65535,65535,65535,65535,65535,65535,65535,65535,65535,65535
1685657310,0,1,0,0,11220,58114,65535,65535,65535,65535,65535,65535,65535,65535,65535,65535,65535
1685657316,0,1,0,0,11215,58073,65535,65535,65535,65535,65535,65535,65535,65535,65535,65535,65535
1685657322,0,1,0,0,11214,58034,65535,65535,65535,65535,65535,65535,65535,65535,65535,65535,65535
1685657328,0,1,0,0,11213,58002,65535,65535,65535,65535,65535,65535,65535,65535,65535,65535,65535
1685657334,0,1,0,0,11213,57973,65535,65535,65535,65535,65535,65535,65535,65535,65535,65535,65535
1685657340,0,1,0,0,11212,57952,65535,65535,65535,65535,65535,65535,65535,65535,65535,65535,65535
1685657346,0,1,0,0,11212,57931,65535,65535,65535,65535,65535,65535,65535,65535,65535,65535,65535
1685657352,0,1,0,0,11211,57885,65535,65535,65535,65535,65535,65535,65535,65535,65535,65535,65535
1685657358,0,1,0,0,11211,57905,65535,65535,65535,65535,65535,65535,65535,65535,65535,65535,65535
1685657364,0,1,0,0,11210,57874,65535,65535,65535,65535,65535,65535,65535,65535,65535,65535,65535
1685657370,0,1,0,0,11210,57833,65535,65535,65535,65535,65535,65535,65535,65535,65535,65535,65535
1685657376,0,1,0,0,11210,58374,65535,65535,65535,65535,65535,65535,65535,65535,65535,65535,65535
1685657382,0,1,0,0,11205,57805,65535,65535,65535,65535,65535,65535,65535,65535,65535,65535,65535
1685657388,0,1,0,0,11204,58306,65535,65535,65535,65535,65535,65535,65535,65535,65535,65535,65535
1685657394,0,1,0,0,11204,57778,65535,65535,65535,65535,65535,65535,65535,65535,65535,65535,65535
1685657400,0,1,0,0,11203,57771,65535,65535,65535,65535,65535,65535,65535,65535,65535,65535,65535
1685657406,0,1,0,0,11202,57746,65535,65535,65535,65535,65535,65535,65535,65535,65535,65535,65535
1685657412,0,1,0,0,11202,57688,65535,65535,65535,65535,65535,65535,65535,65535,65535,65535,65535
1685657418,0,1,0,0,11201,57708,65535,65535,65535,65535,65535,65535,65535,65535,65535,65535,65535
1685657424,0,1,0,0,11200,57693,65535,65535,65535,65535,65535,65535,65535,65535,65535,65535,65535
1685657430,0,1,0,0,11200,57666,65535,65535,65535,65535,65535,65535,65535,65535,65535,65535,65535
1685657436,0,1,0,0,11155,57650,65535,65535,65535,65535,65535,65535,65535,65535,65535,65535,65535
1685657442,0,1,0,0,11155,57620,65535,65535,65535,65535,65535,65535,65535,65535,65535,65535,65535
1685657448,0,1,0,0,11154,57591,65535,65535,65535,65535,65535,65535,65535,65535,65535,65535,65535
1685657454,0,1,0,0,11154,57558,65535,65535,65535,65535,65535,65535,65535,65535,65535,65535,65535
1685657460,0,1,0,0,11152,57519,65535,65535,65535,65535,65535,65535,65535,65535,65535,65535,65535
1685657466,0,1,0,0,11152,57514,65535,65535,65535,65535,65535,65535,65535,65535,65535,65535,65535
1685657472,0,1,0,0,11151,57457,65535,65535,65535,65535,65535,65535,65535,65535,65535,65535,65535
1685657478,0,1,0,0,11150,57427,65535,65535,65535,65535,65535,65535,65535,65535,65535,65535,65535
1685657484,0,1,0,0,11145,57403,65535,65535,65535,65535,65535,65535,65535,65535,65535,65535,65535
1685657490,0,1,0,0,11145,57377,65535,65535,65535,65535,65535,65535,65535,65535,65535,65535,65535
1685657496,0,1,0,0,11144,57342,65535,65535,65535,65535,65535,65535,65535,65535,65535,65535,65535
1685657502,0,1,0,0,11144,57314,65535,65535,65535,65535,65535,65535,65535,65535,65535,65535,65535
1685657508,0,1,0,0,11143,57301,65535,65535,65535,65535,65535,65535,65535,65535,65535,65535,65535
1685657514,0,1,0,0,11143,57277,65535,65535,65535,65535,65535,65535,65535,65535,65535,65535,65535
1685657520,0,1,0,0,11142,57250,65535,65535,65535,65535,65535,65535,65535,65535,65535,65535,65535
1685657526,0,1,0,0,11141,57202,65535,65535,65535,65535,65535,65535,65535,65535,65535,65535,65535
1685657532,0,1,0,0,11141,57201,65535,65535,65535,65535,65535,65535,65535,65535,65535,65535,65535
1685657538,0,1,0,0,11140,57128,65535,65535,65535,65535,65535,65535,65535,65535,65535,65535,65535
1685657544,0,1,0,0,11140,57134,65535,65535,65535,65535,65535,65535,65535,65535,65535,65535,65535
1685657550,0,1,0,0,11135,57121,65535,65535,65535,65535,65535,65535,65535,65535,65535,65535,65535
1685657556,0,1,0,0,11134,57088,65535,65535,65535,65535,65535,65535,65535,65535,65535,65535,65535
1685657562,0,1,0,0,11133,57069,65535,65535,65535,65535,65535,65535,65535,65535,65535,65535,65535
1685657568,0,1,0,0,11132,57017,65535,65535,65535,65535,65535,65535,65535,65535,65535,65535,65535
1685657574,0,1,0,0,11132,56989,65535,65535,65535,65535,65535,65535,65535,65535,65535,65535,65535
1685657580,0,1,0,0,11131,56986,65535,65535,65535,65535,65535,65535,65535,65535,65535,65535,65535
1685657586,0,1,0,0,11131,56938,65535,65535,65535,65535,65535,65535,65535,65535,65535,65535,65535
1685657592,0,1,0,0,11131,56962,65535,65535,65535,65535,65535,65535,65535,65535,65535,65535,65535
1685657598,0,1,0,0,11130,56926,65535,65535,65535,65535,65535,65535,65535,65535,65535,65535,65535
1685657604,0,1,0,0,11125,56938,65535,65535,65535,65535,65535,65535,65535,65535,65535,65535,65535
1685657610,0,1,0,0,11130,56900,65535,65535,65535,65535,65535,65535,65535,65535,65535,65535,65535
1685657616,0,1,0,0,11125,56872,65535,65535,65535,65535,65535,65535,65535,65535,65535,65535,65535
1685657622,0,1,0,0,11125,56875,65535,65535,65535,65535,65535,65535,65535,65535,65535,65535,65535
1685657628,0,1,0,0,11125,56883,65535,65535,65535,65535,65535,65535,65535,65535,65535,65535,65535
1685657634,0,1,0,0,11125,56851,65535,65535,65535,65535,65535,65535,65535,65535,65535,65535,65535
1685657640,0,1,0,0,11124,56873,65535,65535,65535,65535,65535,65535,65535,65535,65535,65535,65535
1685657646,0,1,0,0,11124,56860,65535,65535,65535,65535,65535,65535,65535,65535,65535,65535,65535
1685657652,0,1,0,0,11123,56819,65535,65535,65535,65535,65535,65535,65535,65535,65535,65535,65535
1685657658,0,1,0,0,11123,56822,65535,65535,65535,65535,65535,65535,65535,65535,65535,65535,65535
1685657664,0,1,0,0,11122,56791,65535,65535,65535,65535,65535,65535,65535,65535,65535,65535,65535
1685657670,0,1,0,0,11122,56787,65535,65535,65535,65535,65535,65535,65535,65535,65535,65535,65535
1685657676,0,1,0,0,11122,56793,65535,65535,65535,65535,65535,65535,65535,65535,65535,65535,65535
1685657682,0,1,0,0,11122,56730,65535,65535,65535,65535,65535,65535,65535,65535,65535,65535,65535
1685657688,0,1,0,0,11121,56723,65535,65535,65535,65535,65535,65535,65535,65535,65535,65535,65535
1685657694,0,1,0,0,11120,56704,65535,65535,65535,65535,65535,65535,65535,65535,65535,65535,65535
1685657700,0,1,0,0,11120,56707,65535,65535,65535,65535,65535,65535,65535,65535,65535,65535,65535
1685657706,0,1,0,0,11120,57182,65535,65535,65535,65535,65535,65535,65535,65535,65535,65535,65535
1685657712,0,1,0,0,11120,56685,65535,65535,65535,65535,65535,65535,65535,65535,65535,65535,65535
1685657718,0,1,0,0,11115,56664,65535,65535,65535,65535,65535,65535,65535,65535,65535,65535,65535
1685657724,0,1,0,0,11115,56649,65535,65535,65535,65535,65535,65535,65535,65535,65535,65535,65535
1685657730,0,1,0,0,11114,56631,65535,65535,65535,65535,65535,65535,65535,65535,65535,65535,65535
1685657736,0,1,0,0,11114,56611,65535,65535,65535,65535,65535,65535,65535,65535,65535,65535,65535
1685657742,0,1,0,0,11113,56606,65535,65535,65535,65535,65535,65535,65535,65535,65535,65535,65535
1685657748,0,1,0,0,11113,56577,65535,65535,65535,65535,65535,65535,65535,65535,65535,65535,65535
1685657754,0,1,0,0,11113,56540,65535,65535,65535,65535,65535,65535,65535,65535,65535,65535,65535
1685657760,0,1,0,0,11112,56568,65535,65535,65535,65535,65535,65535,65535,65535,65535,65535,65535
1685657766,0,1,0,0,11113,56534,65535,65535,65535,65535,65535,65535,65535,65535,65535,65535,65535
1685657772,0,1,0,0,11112,56514,65535,65535,65535,65535,65535,65535,65535,65535,65535,65535,65535
1685657778,0,1,0,0,11112,56476,65535,65535,65535,65535,65535,65535,65535,65535,65535,65535,65535
1685657784,0,1,0,0,11112,56470,65535,65535,65535,65535,65535,65535,65535,65535,65535,65535,65535
1685657790,0,1,0,0,11111,56445,65535,65535,65535,65535,65535,65535,65535,65535,65535,65535,65535
1685657796,0,1,0,0,11111,56439,65535,65535,65535,65535,65535,65535,65535,65535,65535,65535,65535
1685657802,0,1,0,0,11111,56434,65535,65535,65535,65535,65535,65535,65535,65535,65535,65535,65535
1685657808,0,1,0,0,11111,56376,65535,65535,65535,65535,65535,65535,65535,65535,65535,65535,65535
1685657814,0,1,0,0,11110,56395,65535,65535,65535,65535,65535,65535,65535,65535,65535,65535,65535
1685657820,0,1,0,0,11110,56347,65535,65535,65535,65535,65535,65535,65535,65535,65535,65535,65535
1685657826,0,1,0,0,11105,56341,65535,65535,65535,65535,65535,65535,65535,65535,65535,65535,65535
1685657832,0,1,0,0,11105,56353,65535,65535,65535,65535,65535,65535,65535,65535,65535,65535,65535
1685657838,0,1,0,0,11105,56317,65535,65535,65535,65535,65535,65535,65535,65535,65535,65535,65535
1685657844,0,1,0,0,11105,56289,65535,65535,65535,65535,65535,65535,65535,65535,65535,65535,65535
1685657850,0,1,0,0,11105,56265,65535,65535,65535,65535,65535,65535,65535,65535,65535,65535,65535
1685657856,0,1,0,0,11104,56233,65535,65535,65535,65535,65535,65535,65535,65535,65535,65535,65535
1685657862,0,1,0,0,11103,56217,65535,65535,65535,65535,65535,65535,65535,65535,65535,65535,65535
1685657868,0,1,0,0,11103,56696,65535,65535,65535,65535,65535,65535,65535,65535,65535,65535,65535
1685657874,0,1,0,0,11102,56155,65535,65535,65535,65535,65535,65535,65535,65535,65535,65535,65535
1685657880,0,1,0,0,11101,56138,65535,65535,65535,65535,65535,65535,65535,65535,65535,65535,65535
1685657886,0,1,0,0,11101,56658,65535,65535,65535,65535,65535,65535,65535,65535,65535,65535,65535
1685657892,0,1,0,0,11102,56513,65535,65535,65535,65535,65535,65535,65535,65535,65535,65535,65535
1685657898,0,1,0,0,11101,56066,65535,65535,65535,65535,65535,65535,65535,65535,65535,65535,65535
1685657904,0,1,0,0,11100,56618,65535,65535,65535,65535,65535,65535,65535,65535,65535,65535,65535
1685657910,0,1,0,0,11055,56578,65535,65535,65535,65535,65535,65535,65535,65535,65535,65535,65535
1685657916,0,1,0,0,11055,56562,65535,65535,65535,65535,65535,65535,65535,65535,65535,65535,65535
1685657922,0,1,0,0,11054,56505,65535,65535,65535,65535,65535,65535,65535,65535,65535,65535,65535
1685657928,0,1,0,0,11053,55953,65535,65535,65535,65535,65535,65535,65535,65535,65535,65535,65535
1685657934,0,1,0,0,11052,56492,65535,65535,65535,65535,65535,65535,65535,65535,65535,65535,65535
1685657940,0,1,0,0,11051,56461,65535,65535,65535,65535,65535,65535,65535,65535,65535,65535,65535
1685657946,0,1,0,0,11051,56384,65535,65535,65535,65535,65535,65535,65535,65535,65535,65535,65535
1685657952,0,1,0,0,11050,56383,65535,65535,65535,65535,65535,65535,65535,65535,65535,65535,65535
1685657958,0,1,0,0,11045,56356,65535,65535,65535,65535,65535,65535,65535,65535,65535,65535,65535
1685657964,0,1,0,0,11044,55734,65535,65535,65535,65535,65535,65535,65535,65535,65535,65535,65535
1685657970,0,1,0,0,11043,56219,65535,65535,65535,65535,65535,65535,65535,65535,65535,65535,65535
1685657976,0,1,0,0,11041,56167,65535,65535,65535,65535,65535,65535,65535,65535,65535,65535,65535
1685657982,0,1,0,0,11041,56134,65535,65535,65535,65535,65535,65535,65535,65535,65535,65535,65535
1685657988,0,1,0,0,11040,55555,65535,65535,65535,65535,65535,65535,65535,65535,65535,65535,65535
1685657994,0,1,0,0,11035,56090,65535,65535,65535,65535,65535,65535,65535,65535,65535,65535,65535
1685658000,0,1,0,0,11033,55527,65535,65535,65535,65535,65535,65535,65535,65535,65535,65535,65535
1685658006,0,1,0,0,11030,55942,65535,65535,65535,65535,65535,65535,65535,65535,65535,65535,65535
1685658012,0,1,0,0,11031,55964,65535,65535,65535,65535,65535,65535,65535,65535,65535,65535,65535
1685658018,0,1,0,0,11030,55899,65535,65535,65535,65535,65535,65535,65535,65535,65535,65535,65535
1685658024,0,1,0,0,11030,55918,65535,65535,65535,65535,65535,65535,65535,65535,65535,65535,65535
1685658030,0,1,0,0,11024,55865,65535,65535,65535,65535,65535,65535,65535,65535,65535,65535,65535
1685658036,0,1,0,0,11023,55809,65535,65535,65535,65535,65535,65535,65535,65535,65535,65535,65535
1685658042,0,1,0,0,11023,55267,65535,65535,65535,65535,65535,65535,65535,65535,65535,65535,65535
1685658048,0,1,0,0,11022,55739,65535,65535,65535,65535,65535,65535,65535,65535,65535,65535,65535
1685658054,0,1,0,0,11021,55669,65535,65535,65535,65535,65535,65535,65535,65535,65535,65535,65535
1685658060,0,1,0,0,11020,55637,65535,65535,65535,65535,65535,65535,65535,65535,65535,65535,65535
1685658066,0,1,0,0,11014,55171,65535,65535,65535,65535,65535,65535,65535,65535,65535,65535,65535
1685658072,0,1,0,0,11013,55562,65535,65535,65535,65535,65535,65535,65535,65535,65535,65535,65535
1685658078,0,1,0,0,11012,55560,65535,65535,65535,65535,65535,65535,65535,65535,65535,65535,65535
1685658084,0,1,0,0,11010,55463,65535,65535,65535,65535,65535,65535,65535,65535,65535,65535,65535
1685658090,0,1,0,0,11010,55464,65535,65535,65535,65535,65535,65535,65535,65535,65535,65535,65535
1685658096,0,1,0,0,11005,55425,65535,65535,65535,65535,65535,65535,65535,65535,65535,65535,65535
1685658102,0,1,0,0,11004,55402,65535,65535,65535,65535,65535,65535,65535,65535,65535,65535,65535
1685658108,0,1,0,0,11004,55339,65535,65535,65535,65535,65535,65535,65535,65535,65535,65535,65535
1685658114,0,1,0,0,11003,55344,65535,65535,65535,65535,65535,65535,65535,65535,65535,65535,65535
1685658120,0,1,0,0,11002,54917,65535,65535,65535,65535,65535,65535,65535,65535,65535,65535,65535
1685658126,0,1,0,0,11002,55308,65535,65535,65535,65535,65535,65535,65535,65535,65535,65535,65535
1685658132,0,1,0,0,11002,54872,65535,65535,65535,65535,65535,65535,65535,65535,65535,65535,65535
1685658138,0,1,0,0,11000,55234,65535,65535,65535,65535,65535,65535,65535,65535,65535,65535,65535
1685658144,0,1,0,0,10555,55222,65535,65535,65535,65535,65535,65535,65535,65535,65535,65535,65535
1685658150,0,1,0,0,10555,54754,65535,65535,65535,65535,65535,65535,65535,65535,65535,65535,65535
1685658156,0,1,0,0,10554,55156,65535,65535,65535,65535,65535,65535,65535,65535,65535,65535,65535
1685658162,0,1,0,0,10553,54683,65535,65535,65535,65535,65535,65535,65535,65535,65535,65535,65535
1685658168,0,1,0,0,10552,55048,65535,65535,65535,65535,65535,65535,65535,65535,65535,65535,65535
1685658174,0,1,0,0,10552,55038,65535,65535,65535,65535,65535,65535,65535,65535,65535,65535,65535
1685658180,0,1,0,0,10551,55005,65535,65535,65535,65535,65535,65535,65535,65535,65535,65535,65535
1685658186,0,1,0,0,10550,54977,65535,65535,65535,65535,65535,65535,65535,65535,65535,65535,65535
1685658192,0,1,0,0,10545,54926,65535,65535,65535,65535,65535,65535,65535,65535,65535,65535,65535
1685658198,0,1,0,0,10544,54921,65535,65535,65535,65535,65535,65535,65535,65535,65535,65535,65535
1685658204,0,1,0,0,10544,54854,65535,65535,65535,65535,65535,65535,65535,65535,65535,65535,65535
1685658210,0,1,0,0,10543,54470,65535,65535,65535,65535,65535,65535,65535,65535,65535,65535,65535
1685658216,0,1,0,0,10542,54443,65535,65535,65535,65535,65535,65535,65535,65535,65535,65535,65535
1685658222,0,1,0,0,10543,54786,65535,65535,65535,65535,65535,65535,65535,65535,65535,65535,65535
1685658228,0,1,0,0,10542,54767,65535,65535,65535,65535,65535,65535,65535,65535,65535,65535,65535
1685658234,0,1,0,0,10541,54749,65535,65535,65535,65535,65535,65535,65535,65535,65535,65535,65535
1685658240,0,1,0,0,10541,54383,65535,65535,65535,65535,65535,65535,65535,65535,65535,65535,65535
1685658246,0,1,0,0,10540,54738,65535,65535,65535,65535,65535,65535,65535,65535,65535,65535,65535
1685658252,0,1,0,0,10535,54653,65535,65535,65535,65535,65535,65535,65535,65535,65535,65535,65535
1685658258,0,1,0,0,10535,54679,65535,65535,65535,65535,65535,65535,65535,65535,65535,65535,65535
1685658264,0,1,0,0,10534,54295,65535,65535,65535,65535,65535,65535,65535,65535,65535,65535,65535
1685658270,0,1,0,0,10533,54614,65535,65535,65535,65535,65535,65535,65535,65535,65535,65535,65535
1685658276,0,1,0,0,10533,54574,65535,65535,65535,65535,65535,65535,65535,65535,65535,65535,65535
1685658282,0,1,0,0,10532,54551,65535,65535,65535,65535,65535,65535,65535,65535,65535,65535,65535
1685658288,0,1,0,0,10532,54559,65535,65535,65535,65535,65535,65535,65535,65535,65535,65535,65535
1685658294,0,1,0,0,10530,54501,65535,65535,65535,65535,65535,65535,65535,65535,65535,65535,65535
1685658300,0,1,0,0,10530,54501,65535,65535,65535,65535,65535,65535,65535,65535,65535,65535,65535
1685658306,0,1,0,0,10525,54137,65535,65535,65535,65535,65535,65535,65535,65535,65535,65535,65535
1685658312,0,1,0,0,10524,54487,65535,65535,65535,65535,65535,65535,65535,65535,65535,65535,65535
1685658318,0,1,0,0,10524,54399,65535,65535,65535,65535,65535,65535,65535,65535,65535,65535,65535
1685658324,0,1,0,0,10523,54363,65535,65535,65535,65535,65535,65535,65535,65535,65535,65535,65535
1685658330,0,1,0,0,10522,54023,65535,65535,65535,65535,65535,65535,65535,65535,65535,65535,65535
1685658336,0,1,0,0,10522,54322,65535,65535,65535,65535,65535,65535,65535,65535,65535,65535,65535
1685658342,0,1,0,0,10521,54302,65535,65535,65535,65535,65535,65535,65535,65535,65535,65535,65535
1685658348,0,1,0,0,10520,54280,65535,65535,65535,65535,65535,65535,65535,65535,65535,65535,65535
1685658354,0,1,0,0,10515,54237,65535,65535,65535,65535,65535,65535,65535,65535,65535,65535,65535
1685658360,0,1,0,0,10514,54203,65535,65535,65535,65535,65535,65535,65535,65535,65535,65535,65535
1685658366,0,1,0,0,10514,54212,65535,65535,65535,65535,65535,65535,65535,65535,65535,65535,65535
1685658372,0,1,0,0,10512,54130,65535,65535,65535,65535,65535,65535,65535,65535,65535,65535,65535
1685658378,0,1,0,0,10511,53992,65535,65535,65535,65535,65535,65535,65535,65535,65535,65535,65535
1685658384,0,1,0,0,10510,54093,65535,65535,65535,65535,65535,65535,65535,65535,65535,65535,65535
1685658390,0,1,0,0,10505,53904,65535,65535,65535,65535,65535,65535,65535,65535,65535,65535,65535
1685658396,0,1,0,0,10503,53938,65535,65535,65535,65535,65535,65535,65535,65535,65535,65535,65535
1685658402,0,1,0,0,10502,53898,65535,65535,65535,65535,65535,65535,65535,65535,65535,65535,65535
1685658408,0,1,0,0,10501,53893,65535,65535,65535,65535,65535,65535,65535,65535,65535,65535,65535
1685658414,0,1,0,0,10500,53817,65535,65535,65535,65535,65535,65535,65535,65535,65535,65535,65535
1685658420,0,1,0,0,10455,53813,65535,65535,65535,65535,65535,65535,65535,65535,65535,65535,65535
1685658426,0,1,0,0,10454,53747,65535,65535,65535,65535,65535,65535,65535,65535,65535,65535,65535
1685658432,0,1,0,0,10453,53719,65535,65535,65535,65535,65535,65535,65535,65535,65535,65535,65535
1685658438,0,1,0,0,10452,53678,65535,65535,65535,65535,65535,65535,65535,65535,65535,65535,65535
1685658444,0,1,0,0,10451,53663,65535,65535,65535,65535,65535,65535,65535,65535,65535,65535,65535
1685658450,0,1,0,0,10450,53608,65535,65535,65535,65535,65535,65535,65535,65535,65535,65535,65535
1685658456,0,1,0,0,10445,53628,65535,65535,65535,65535,65535,65535,65535,65535,65535,65535,65535
1685658462,0,1,0,0,10443,53529,65535,65535,65535,65535,65535,65535,65535,65535,65535,65535,65535
1685658468,0,1,0,0,10443,53407,65535,65535,65535,65535,65535,65535,65535,65535,65535,65535,65535
1685658474,0,1,0,0,10442,53207,65535,65535,65535,65535,65535,65535,65535,65535,65535,65535,65535
1685658480,0,1,0,0,10442,53218,65535,65535,65535,65535,65535,65535,65535,65535,65535,65535,65535
1685658486,0,1,0,0,10440,53421,65535,65535,65535,65535,65535,65535,65535,65535,65535,65535,65535
1685658492,0,1,0,0,10435,53363,65535,65535,65535,65535,65535,65535,65535,65535,65535,65535,65535
1685658498,0,1,0,0,10434,53350,65535,65535,65535,65535,65535,65535,65535,65535,65535,65535,65535
1685658504,0,1,0,0,10434,53305,65535,65535,65535,65535,65535,65535,65535,65535,65535,65535,65535
1685658510,0,1,0,0,10432,53283,65535,65535,65535,65535,65535,65535,65535,65535,65535,65535,65535
1685658516,0,1,0,0,10431,53250,65535,65535,65535,65535,65535,65535,65535,65535,65535,65535,65535
1685658522,0,1,0,0,10430,53211,65535,65535,65535,65535,65535,65535,65535,65535,65535,65535,65535
1685658528,0,1,0,0,10425,52901,65535,65535,65535,65535,65535,65535,65535,65535,65535,65535,65535
1685658534,0,1,0,0,10424,53126,65535,65535,65535,65535,65535,65535,65535,65535,65535,65535,65535
1685658540,0,1,0,0,10423,53105,65535,65535,65535,65535,65535,65535,65535,65535,65535,65535,65535
1685658546,0,1,0,0,10422,53045,65535,65535,65535,65535,65535,65535,65535,65535,65535,65535,65535
1685658552,0,1,0,0,10421,52771,65535,65535,65535,65535,65535,65535,65535,65535,65535,65535,65535
1685658558,0,1,0,0,10420,53015,65535,65535,65535,65535,65535,65535,65535,65535,65535,65535,65535
1685658564,0,1,0,0,10415,52942,65535,65535,65535,65535,65535,65535,65535,65535,65535,65535,65535
1685658570,0,1,0,0,10414,52964,65535,65535,65535,65535,65535,65535,65535,65535,65535,65535,65535
1685658576,0,1,0,0,10413,52933,65535,65535,65535,65535,65535,65535,65535,65535,65535,65535,65535
1685658582,0,1,0,0,10412,52867,65535,65535,65535,65535,65535,65535,65535,65535,65535,65535,65535
1685658588,0,1,0,0,10412,52864,65535,65535,65535,65535,65535,65535,65535,65535,65535,65535,65535
1685658594,0,1,0,0,10411,52795,65535,65535,65535,65535,65535,65535,65535,65535,65535,65535,65535
1685658600,0,1,0,0,10411,52840,65535,65535,65535,65535,65535,65535,65535,65535,65535,65535,65535
1685658606,0,1,0,0,10410,52825,65535,65535,65535,65535,65535,65535,65535,65535,65535,65535,65535
1685658612,0,1,0,0,10405,52784,65535,65535,65535,65535,65535,65535,65535,65535,65535,65535,65535
1685658618,0,1,0,0,10405,52760,65535,65535,65535,65535,65535,65535,65535,65535,65535,65535,65535
1685658624,0,1,0,0,10405,52703,65535,65535,65535,65535,65535,65535,65535,65535,65535,65535,65535
1685658630,0,1,0,0,10404,52711,65535,65535,65535,65535,65535,65535,65535,65535,65535,65535,65535
1685658636,0,1,0,0,10404,52709,65535,65535,65535,65535,65535,65535,65535,65535,65535,65535,65535
1685658642,0,1,0,0,10403,52698,65535,65535,65535,65535,65535,65535,65535,65535,65535,65535,65535
1685658648,0,1,0,0,10402,52462,65535,65535,65535,65535,65535,65535,65535,65535,65535,65535,65535
1685658654,0,1,0,0,10402,52616,65535,65535,65535,65535,65535,65535,65535,65535,65535,65535,65535
1685658660,0,1,0,0,10401,52583,65535,65535,65535,65535,65535,65535,65535,65535,65535,65535,65535
1685658666,0,1,0,0,10401,52546,65535,65535,65535,65535,65535,65535,65535,65535,65535,65535,65535
1685658672,0,1,0,0,10400,52522,65535,65535,65535,65535,65535,65535,65535,65535,65535,65535,65535
1685658678,0,1,0,0,10400,52500,65535,65535,65535,65535,65535,65535,65535,65535,65535,65535,65535
1685658684,0,1,0,0,10355,52486,65535,65535,65535,65535,65535,65535,65535,65535,65535,65535,65535
1685658690,0,1,0,0,10355,52480,65535,65535,65535,65535,65535,65535,65535,65535,65535,65535,65535
1685658696,0,1,0,0,10354,52271,65535,65535,65535,65535,65535,65535,65535,65535,65535,65535,65535
1685658702,0,1,0,0,10354,52395,65535,65535,65535,65535,65535,65535,65535,65535,65535,65535,65535
1685658708,0,1,0,0,10354,52418,65535,65535,65535,65535,65535,65535,65535,65535,65535,65535,65535
1685658714,0,1,0,0,10353,52403,65535,65535,65535,65535,65535,65535,65535,65535,65535,65535,65535
1685658720,0,1,0,0,10352,52359,65535,65535,65535,65535,65535,65535,65535,65535,65535,65535,65535
1685658726,0,1,0,0,10352,52368,65535,65535,65535,65535,65535,65535,65535,65535,65535,65535,65535
1685658732,0,1,0,0,10351,52325,65535,65535,65535,65535,65535,65535,65535,65535,65535,65535,65535
1685658738,0,1,0,0,10351,52332,65535,65535,65535,65535,65535,65535,65535,65535,65535,65535,65535
1685658744,0,1,0,0,10351,52280,65535,65535,65535,65535,65535,65535,65535,65535,65535,65535,65535
1685658750,0,1,0,0,10350,52312,65535,65535,65535,65535,65535,65535,65535,65535,65535,65535,65535
1685658756,0,1,0,0,10350,52132,65535,65535,65535,65535,65535,65535,65535,65535,65535,65535,65535
1685658762,0,1,0,0,10345,52280,65535,65535,65535,65535,65535,65535,65535,65535,65535,65535,65535
1685658768,0,1,0,0,10345,52222,65535,65535,65535,65535,65535,65535,65535,65535,65535,65535,65535
1685658774,0,1,0,0,10344,52239,65535,65535,65535,65535,65535,65535,65535,65535,65535,65535,65535
1685658780,0,1,0,0,10343,52210,65535,65535,65535,65535,65535,65535,65535,65535,65535,65535,65535
1685658786,0,1,0,0,10343,52181,65535,65535,65535,65535,65535,65535,65535,65535,65535,65535,65535
1685658792,0,1,0,0,10342,52158,65535,65535,65535,65535,65535,65535,65535,65535,65535,65535,65535
1685658798,0,1,0,0,10342,52150,65535,65535,65535,65535,65535,65535,65535,65535,65535,65535,65535
1685658804,0,1,0,0,10341,51924,65535,65535,65535,65535,65535,65535,65535,65535,65535,65535,65535
1685658810,0,1,0,0,10340,52104,65535,65535,65535,65535,65535,65535,65535,65535,65535,65535,65535
1685658816,0,1,0,0,10340,52053,65535,65535,65535,65535,65535,65535,65535,65535,65535,65535,65535
1685658822,0,1,0,0,10340,52040,65535,65535,65535,65535,65535,65535,65535,65535,65535,65535,65535
1685658828,0,1,0,0,10335,51862,65535,65535,65535,65535,65535,65535,65535,65535,65535,65535,65535
1685658834,0,1,0,0,10334,51995,65535,65535,65535,65535,65535,65535,65535,65535,65535,65535,65535
1685658840,0,1,0,0,10333,51952,65535,65535,65535,65535,65535,65535,65535,65535,65535,65535,65535
1685658846,0,1,0,0,10334,51912,65535,65535,65535,65535,65535,65535,65535,65535,65535,65535,65535
1685658852,0,1,0,0,10333,51892,65535,65535,65535,65535,65535,65535,65535,65535,65535,65535,65535
1685658858,0,1,0,0,10332,51876,65535,65535,65535,65535,65535,65535,65535,65535,65535,65535,65535
1685658864,0,1,0,0,10332,51864,65535,65535,65535,65535,65535,65535,65535,65535,65535,65535,65535
1685658870,0,1,0,0,10331,51846,65535,65535,65535,65535,65535,65535,65535,65535,65535,65535,65535
1685658876,0,1,0,0,10330,51811,65535,65535,65535,65535,65535,65535,65535,65535,65535,65535,65535
1685658882,0,1,0,0,10325,51644,65535,65535,65535,65535,65535,65535,65535,65535,65535,65535,65535
1685658888,0,1,0,0,10325,51800,65535,65535,65535,65535,65535,65535,65535,65535,65535,65535,65535
1685658894,0,1,0,0,10324,51755,65535,65535,65535,65535,65535,65535,65535,65535,65535,65535,65535
1685658900,0,1,0,0,10323,51706,65535,65535,65535,65535,65535,65535,65535,65535,65535,65535,65535
1685658906,0,1,0,0,10322,51740,65535,65535,65535,65535,65535,65535,65535,65535,65535,65535,65535
1685658912,0,1,0,0,10321,51692,65535,65535,65535,65535,65535,65535,65535,65535,65535,65535,65535
1685658918,0,1,0,0,10321,51697,65535,65535,65535,65535,65535,65535,65535,65535,65535,65535,65535
1685658924,0,1,0,0,10320,51653,65535,65535,65535,65535,65535,65535,65535,65535,65535,65535,65535
1685658930,0,1,0,0,10320,51601,65535,65535,65535,65535,65535,65535,65535,65535,65535,65535,65535
1685658936,0,1,0,0,10315,51583,65535,65535,65535,65535,65535,65535,65535,65535,65535,65535,65535
1685658942,0,1,0,0,10314,51578,65535,65535,65535,65535,65535,65535,65535,65535,65535,65535,65535
1685658948,0,1,0,0,10313,51502,65535,65535,65535,65535,65535,65535,65535,65535,65535,65535,65535
1685658954,0,1,0,0,10313,51515,65535,65535,65535,65535,65535,65535,65535,65535,65535,65535,65535
1685658960,0,1,0,0,10312,51466,65535,65535,65535,65535,65535,65535,65535,65535,65535,65535,65535
1685658966,0,1,0,0,10311,51453,65535,65535,65535,65535,65535,65535,65535,65535,65535,65535,65535
1685658972,0,1,0,0,10310,51426,65535,65535,65535,65535,65535,65535,65535,65535,65535,65535,65535
1685658978,0,1,0,0,10310,51359,65535,65535,65535,65535,65535,65535,65535,65535,65535,65535,65535
1685658984,0,1,0,0,10305,51390,65535,65535,65535,65535,65535,65535,65535,65535,65535,65535,65535
1685658990,0,1,0,0,10305,51373,65535,65535,65535,65535,65535,65535,65535,65535,65535,65535,65535
1685658996,0,1,0,0,10304,51306,65535,65535,65535,65535,65535,65535,65535,65535,65535,65535,65535
1685659002,0,1,0,0,10304,51325,65535,65535,65535,65535,65535,65535,65535,65535,65535,65535,65535
1685659008,0,1,0,0,10303,51297,65535,65535,65535,65535,65535,65535,65535,65535,65535,65535,65535
1685659014,0,1,0,0,10303,51234,65535,65535,65535,65535,65535,65535,65535,65535,65535,65535,65535
1685659020,0,1,0,0,10302,51213,65535,65535,65535,65535,65535,65535,65535,65535,65535,65535,65535
1685659026,0,1,0,0,10303,51218,65535,65535,65535,65535,65535,65535,65535,65535,65535,65535,65535
1685659032,0,1,0,0,10302,51204,65535,65535,65535,65535,65535,65535,65535,65535,65535,65535,65535
1685659038,0,1,0,0,10302,51192,65535,65535,65535,65535,65535,65535,65535,65535,65535,65535,65535
1685659044,0,1,0,0,10301,51159,65535,65535,65535,65535,65535,65535,65535,65535,65535,65535,65535
1685659050,0,1,0,0,10301,51147,65535,65535,65535,65535,65535,65535,65535,65535,65535,65535,65535
1685659056,0,1,0,0,10301,51179,65535,65535,65535,65535,65535,65535,65535,65535,65535,65535,65535
1685659062,0,1,0,0,10301,51144,65535,65535,65535,65535,65535,65535,65535,65535,65535,65535,65535
1685659068,0,1,0,0,10301,51111,65535,65535,65535,65535,65535,65535,65535,65535,65535,65535,65535
1685659074,0,1,0,0,10300,51099,65535,65535,65535,65535,65535,65535,65535,65535,65535,65535,65535
1685659080,0,1,0,0,10255,51054,65535,65535,65535,65535,65535,65535,65535,65535,65535,65535,65535
1685659086,0,1,0,0,10255,51056,65535,65535,65535,65535,65535,65535,65535,65535,65535,65535,65535
1685659092,0,1,0,0,10255,51022,65535,65535,65535,65535,65535,65535,65535,65535,65535,65535,65535
1685659098,0,1,0,0,10255,51047,65535,65535,65535,65535,65535,65535,65535,65535,65535,65535,65535
1685659104,0,1,0,0,10254,51032,65535,65535,65535,65535,65535,65535,65535,65535,65535,65535,65535
1685659110,0,1,0,0,10254,50992,65535,65535,65535,65535,65535,65535,65535,65535,65535,65535,65535
1685659116,0,1,0,0,10254,51013,65535,65535,65535,65535,65535,65535,65535,65535,65535,65535,65535
1685659122,0,1,0,0,10254,50984,65535,65535,65535,65535,65535,65535,65535,65535,65535,65535,65535
1685659128,0,1,0,0,10254,50980,65535,65535,65535,65535,65535,65535,65535,65535,65535,65535,65535
1685659134,0,1,0,0,10254,50958,65535,65535,65535,65535,65535,65535,65535,65535,65535,65535,65535
1685659140,0,1,0,0,10252,50958,65535,65535,65535,65535,65535,65535,65535,65535,65535,65535,65535
1685659146,0,1,0,0,10253,50923,65535,65535,65535,65535,65535,65535,65535,65535,65535,65535,65535
1685659152,0,1,0,0,10253,50925,65535,65535,65535,65535,65535,65535,65535,65535,65535,65535,65535
1685659158,0,1,0,0,10253,50922,65535,65535,65535,65535,65535,65535,65535,65535,65535,65535,65535
1685659164,0,1,0,0,10252,50901,65535,65535,65535,65535,65535,65535,65535,65535,65535,65535,65535
1685659170,0,1,0,0,10252,50882,65535,65535,65535,65535,65535,65535,65535,65535,65535,65535,65535
1685659176,0,1,0,0,10252,50914,65535,65535,65535,65535,65535,65535,65535,65535,65535,65535,65535
1685659182,0,1,0,0,10252,50924,65535,65535,65535,65535,65535,65535,65535,65535,65535,65535,65535
1685659188,0,1,0,0,10252,50917,65535,65535,65535,65535,65535,65535,65535,65535,65535,65535,65535
1685659194,0,1,0,0,10252,50893,65535,65535,65535,65535,65535,65535,65535,65535,65535,65535,65535
1685659200,0,1,0,0,10251,50873,65535,65535,65535,65535,65535,65535,65535,65535,65535,65535,65535
1685659206,0,1,0,0,10251,50877,65535,65535,65535,65535,65535,65535,65535,65535,65535,65535,65535
1685659212,0,1,0,0,10250,50867,65535,65535,65535,65535,65535,65535,65535,65535,65535,65535,65535
1685659218,0,1,0,0,10251,50839,65535,65535,65535,65535,65535,65535,65535,65535,65535,65535,65535
1685659224,0,1,0,0,10250,50774,65535,65535,65535,65535,65535,65535,65535,65535,65535,65535,65535
1685659230,0,1,0,0,10250,50806,65535,65535,65535,65535,65535,65535,65535,65535,65535,65535,65535
1685659236,0,1,0,0,10250,50803,65535,65535,65535,65535,65535,65535,65535,65535,65535,65535,65535
1685659242,0,1,0,0,10250,50737,65535,65535,65535,65535,65535,65535,65535,65535,65535,65535,65535
1685659248,0,1,0,0,10250,50747,65535,65535,65535,65535,65535,65535,65535,65535,65535,65535,65535
1685659254,0,1,0,0,10245,50688,65535,65535,65535,65535,65535,65535,65535,65535,65535,65535,65535
1685659260,0,1,0,0,10245,50703,65535,65535,65535,65535,65535,65535,65535,65535,65535,65535,65535
1685659266,0,1,0,0,10244,50626,65535,65535,65535,65535,65535,65535,65535,65535,65535,65535,65535
1685659272,0,1,0,0,10244,50588,65535,65535,65535,65535,65535,65535,65535,65535,65535,65535,65535
1685659278,0,1,0,0,10244,50621,65535,65535,65535,65535,65535,65535,65535,65535,65535,65535,65535
1685659284,0,1,0,0,10244,50631,65535,65535,65535,65535,65535,65535,65535,65535,65535,65535,65535
1685659290,0,1,0,0,10243,50537,65535,65535,65535,65535,65535,65535,65535,65535,65535,65535,65535
1685659296,0,1,0,0,10243,50523,65535,65535,65535,65535,65535,65535,65535,65535,65535,65535,65535
1685659302,0,1,0,0,10242,50525,65535,65535,65535,65535,65535,65535,65535,65535,65535,65535,65535
1685659308,0,1,0,0,10242,50504,65535,65535,65535,65535,65535,65535,65535,65535,65535,65535,65535
1685659314,0,1,0,0,10242,50528,65535,65535,65535,65535,65535,65535,65535,65535,65535,65535,65535
1685659320,0,1,0,0,10242,50508,65535,65535,65535,65535,65535,65535,65535,65535,65535,65535,65535
1685659326,0,1,0,0,10242,50513,65535,65535,65535,65535,65535,65535,65535,65535,65535,65535,65535
1685659332,0,1,0,0,10242,50521,65535,65535,65535,65535,65535,65535,65535,65535,65535,65535,65535
1685659338,0,1,0,0,10242,50516,65535,65535,65535,65535,65535,65535,65535,65535,65535,65535,65535
1685659344,0,1,0,0,10241,50506,65535,65535,65535,65535,65535,65535,65535,65535,65535,65535,65535
1685659350,0,1,0,0,10242,50506,65535,65535,65535,65535,65535,65535,65535,65535,65535,65535,65535
1685659356,0,1,0,0,10241,50503,65535,65535,65535,65535,65535,65535,65535,65535,65535,65535,65535
1685659362,0,1,0,0,10241,50502,65535,65535,65535,65535,65535,65535,65535,65535,65535,65535,65535
1685659368,0,1,0,0,10240,50502,65535,65535,65535,65535,65535,65535,65535,65535,65535,65535,65535
1685659374,0,1,0,0,10235,50500,65535,65535,65535,65535,65535,65535,65535,65535,65535,65535,65535
1685659380,0,1,0,0,10235,50499,65535,65535,65535,65535,65535,65535,65535,65535,65535,65535,65535
1685659386,0,1,0,0,10234,50500,65535,65535,65535,65535,65535,65535,65535,65535,65535,65535,65535
1685659392,0,1,0,0,10233,50501,65535,65535,65535,65535,65535,65535,65535,65535,65535,65535,65535
1685659398,0,1,0,0,10233,50500,65535,65535,65535,65535,65535,65535,65535,65535,65535,65535,65535
1685659404,0,1,0,0,10232,50501,65535,65535,65535,65535,65535,65535,65535,65535,65535,65535,65535
1685659410,0,1,0,0,10231,50500,65535,65535,65535,65535,65535,65535,65535,65535,65535,65535,65535
1685659416,0,1,0,0,10231,50497,65535,65535,65535,65535,65535,65535,65535,65535,65535,65535,65535
1685659422,0,1,0,0,10230,50497,65535,65535,65535,65535,65535,65535,65535,65535,65535,65535,65535
1685659428,0,1,0,0,10230,50492,65535,65535,65535,65535,65535,65535,65535,65535,65535,65535,65535
1685659434,0,1,0,0,10230,50494,65535,65535,65535,65535,65535,65535,65535,65535,65535,65535,65535
1685659440,0,1,0,0,10230,50488,65535,65535,65535,65535,65535,65535,65535,65535,65535,65535,65535
1685659446,0,1,0,0,10230,50488,65535,65535,65535,65535,65535,65535,65535,65535,65535,65535,65535
1685659452,0,1,0,0,10225,50488,65535,65535,65535,65535,65535,65535,65535,65535,65535,65535,65535
1685659458,0,1,0,0,10225,50466,65535,65535,65535,65535,65535,65535,65535,65535,65535,65535,65535
1685659464,0,1,0,0,10224,50464,65535,65535,65535,65535,65535,65535,65535,65535,65535,65535,65535
1685659470,0,1,0,0,10225,50463,65535,65535,65535,65535,65535,65535,65535,65535,65535,65535,65535
1685659476,0,1,0,0,10225,50447,65535,65535,65535,65535,65535,65535,65535,65535,65535,65535,65535
1685659482,0,1,0,0,10224,50423,65535,65535,65535,65535,65535,65535,65535,65535,65535,65535,65535
1685659488,0,1,0,0,10225,50431,65535,65535,65535,65535,65535,65535,65535,65535,65535,65535,65535
1685659494,0,1,0,0,10225,50458,65535,65535,65535,65535,65535,65535,65535,65535,65535,65535,65535
1685659500,0,1,0,0,10224,50432,65535,65535,65535,65535,65535,65535,65535,65535,65535,65535,65535
1685659506,0,1,0,0,10224,50438,65535,65535,65535,65535,65535,65535,65535,65535,65535,65535,65535
1685659512,0,1,0,0,10224,50434,65535,65535,65535,65535,65535,65535,65535,65535,65535,65535,65535
1685659518,0,1,0,0,10224,50424,65535,65535,65535,65535,65535,65535,65535,65535,65535,65535,65535
1685659524,0,1,0,0,10223,50426,65535,65535,65535,65535,65535,65535,65535,65535,65535,65535,65535
1685659530,0,1,0,0,10222,50416,65535,65535,65535,65535,65535,65535,65535,65535,65535,65535,65535
1685659536,0,1,0,0,10221,50351,65535,65535,65535,65535,65535,65535,65535,65535,65535,65535,65535
1685659542,0,1,0,0,10221,50345,65535,65535,65535,65535,65535,65535,65535,65535,65535,65535,65535
1685659548,0,1,0,0,10221,50258,65535,65535,65535,65535,65535,65535,65535,65535,65535,65535,65535
1685659554,0,1,0,0,10221,50253,65535,65535,65535,65535,65535,65535,65535,65535,65535,65535,65535
1685659560,0,1,0,0,10215,50237,65535,65535,65535,65535,65535,65535,65535,65535,65535,65535,65535
1685659566,0,1,0,0,10215,50195,65535,65535,65535,65535,65535,65535,65535,65535,65535,65535,65535
1685659572,0,1,0,0,10215,50188,65535,65535,65535,65535,65535,65535,65535,65535,65535,65535,65535
1685659578,0,1,0,0,10214,50212,65535,65535,65535,65535,65535,65535,65535,65535,65535,65535,65535
1685659584,0,1,0,0,10215,50191,65535,65535,65535,65535,65535,65535,65535,65535,65535,65535,65535
1685659590,0,1,0,0,10214,50131,65535,65535,65535,65535,65535,65535,65535,65535,65535,65535,65535
1685659596,0,1,0,0,10214,50137,65535,65535,65535,65535,65535,65535,65535,65535,65535,65535,65535
1685659602,0,1,0,0,10213,50076,65535,65535,65535,65535,65535,65535,65535,65535,65535,65535,65535
1685659608,0,1,0,0,10214,50149,65535,65535,65535,65535,65535,65535,65535,65535,65535,65535,65535
1685659614,0,1,0,0,10213,50097,65535,65535,65535,65535,65535,65535,65535,65535,65535,65535,65535
1685659620,0,1,0,0,10213,50092,65535,65535,65535,65535,65535,65535,65535,65535,65535,65535,65535
1685659626,0,1,0,0,10213,50128,65535,65535,65535,65535,65535,65535,65535,65535,65535,65535,65535
1685659632,0,1,0,0,10214,50085,65535,65535,65535,65535,65535,65535,65535,65535,65535,65535,65535
1685659638,0,1,0,0,10213,50103,65535,65535,65535,65535,65535,65535,65535,65535,65535,65535,65535
1685659644,0,1,0,0,10213,50042,65535,65535,65535,65535,65535,65535,65535,65535,65535,65535,65535
1685659650,0,1,0,0,10214,50092,65535,65535,65535,65535,65535,65535,65535,65535,65535,65535,65535
1685659656,0,1,0,0,10214,50090,65535,65535,65535,65535,65535,65535,65535,65535,65535,65535,65535
1685659662,0,1,0,0,10214,50083,65535,65535,65535,65535,65535,65535,65535,65535,65535,65535,65535
1685659668,0,1,0,0,10214,50045,65535,65535,65535,65535,65535,65535,65535,65535,65535,65535,65535
1685659674,0,1,0,0,10215,50074,65535,65535,65535,65535,65535,65535,65535,65535,65535,65535,65535
1685659680,0,1,0,0,10214,50094,65535,65535,65535,65535,65535,65535,65535,65535,65535,65535,65535
1685659686,0,1,0,0,10214,50085,65535,65535,65535,65535,65535,65535,65535,65535,65535,65535,65535
1685659692,0,1,0,0,10214,50021,65535,65535,65535,65535,65535,65535,65535,65535,65535,65535,65535
1685659698,0,1,0,0,10214,50055,65535,65535,65535,65535,65535,65535,65535,65535,65535,65535,65535
1685659704,0,1,0,0,10214,50039,65535,65535,65535,65535,65535,65535,65535,65535,65535,65535,65535
1685659710,0,1,0,0,10214,50029,65535,65535,65535,65535,65535,65535,65535,65535,65535,65535,65535
1685659716,0,1,0,0,10214,50042,65535,65535,65535,65535,65535,65535,65535,65535,65535,65535,65535
1685659722,0,1,0,0,10213,49996,65535,65535,65535,65535,65535,65535,65535,65535,65535,65535,65535
1685659728,0,1,0,0,10214,49972,65535,65535,65535,65535,65535,65535,65535,65535,65535,65535,65535
1685659734,0,1,0,0,10213,49917,65535,65535,65535,65535,65535,65535,65535,65535,65535,65535,65535
1685659740,0,1,0,0,10212,49928,65535,65535,65535,65535,65535,65535,65535,65535,65535,65535,65535
1685659746,0,1,0,0,10212,49907,65535,65535,65535,65535,65535,65535,65535,65535,65535,65535,65535
1685659752,0,1,0,0,10211,49880,65535,65535,65535,65535,65535,65535,65535,65535,65535,65535,65535
1685659758,0,1,0,0,10211,49925,65535,65535,65535,65535,65535,65535,65535,65535,65535,65535,65535
1685659764,0,1,0,0,10211,49864,65535,65535,65535,65535,65535,65535,65535,65535,65535,65535,65535
1685659770,0,1,0,0,10210,49836,65535,65535,65535,65535,65535,65535,65535,65535,65535,65535,65535
1685659776,0,1,0,0,10205,49862,65535,65535,65535,65535,65535,65535,65535,65535,65535,65535,65535
1685659782,0,1,0,0,10205,49812,65535,65535,65535,65535,65535,65535,65535,65535,65535,65535,65535
1685659788,0,1,0,0,10204,49767,65535,65535,65535,65535,65535,65535,65535,65535,65535,65535,65535
1685659794,0,1,0,0,10203,49770,65535,65535,65535,65535,65535,65535,65535,65535,65535,65535,65535
1685659800,0,1,0,0,10203,49743,65535,65535,65535,65535,65535,65535,65535,65535,65535,65535,65535
1685659806,0,1,0,0,10203,49723,65535,65535,65535,65535,65535,65535,65535,65535,65535,65535,65535
1685659812,0,1,0,0,10202,49690,65535,65535,65535,65535,65535,65535,65535,65535,65535,65535,65535
1685659818,0,1,0,0,10202,49684,65535,65535,65535,65535,65535,65535,65535,65535,65535,65535,65535
1685659824,0,1,0,0,10201,49690,65535,65535,65535,65535,65535,65535,65535,65535,65535,65535,65535
1685659830,0,1,0,0,10201,49681,65535,65535,65535,65535,65535,65535,65535,65535,65535,65535,65535
1685659836,0,1,0,0,10201,49661,65535,65535,65535,65535,65535,65535,65535,65535,65535,65535,65535
1685659842,0,1,0,0,10200,49628,65535,65535,65535,65535,65535,65535,65535,65535,65535,65535,65535
1685659848,0,1,0,0,10200,49600,65535,65535,65535,65535,65535,65535,65535,65535,65535,65535,65535
1685659854,0,1,0,0,10155,49589,65535,65535,65535,65535,65535,65535,65535,65535,65535,65535,65535
1685659860,0,1,0,0,10155,49517,65535,65535,65535,65535,65535,65535,65535,65535,65535,65535,65535
1685659866,0,1,0,0,10154,49525,65535,65535,65535,65535,65535,65535,65535,65535,65535,65535,65535
1685659872,0,1,0,0,10154,49503,65535,65535,65535,65535,65535,65535,65535,65535,65535,65535,65535
1685659878,0,1,0,0,10154,49519,65535,65535,65535,65535,65535,65535,65535,65535,65535,65535,65535
1685659884,0,1,0,0,10154,49484,65535,65535,65535,65535,65535,65535,65535,65535,65535,65535,65535
1685659890,0,1,0,0,10153,49476,65535,65535,65535,65535,65535,65535,65535,65535,65535,65535,65535
1685659896,0,1,0,0,10154,49468,65535,65535,65535,65535,65535,65535,65535,65535,65535,65535,65535
1685659902,0,1,0,0,10153,49483,65535,65535,65535,65535,65535,65535,65535,65535,65535,65535,65535
1685659908,0,1,0,0,10152,49456,65535,65535,65535,65535,65535,65535,65535,65535,65535,65535,65535
1685659914,0,1,0,0,10153,49446,65535,65535,65535,65535,65535,65535,65535,65535,65535,65535,65535
1685659920,0,1,0,0,10153,49423,65535,65535,65535,65535,65535,65535,65535,65535,65535,65535,65535
1685659926,0,1,0,0,10153,49458,65535,65535,65535,65535,65535,65535,65535,65535,65535,65535,65535
1685659932,0,1,0,0,10152,49445,65535,65535,65535,65535,65535,65535,65535,65535,65535,65535,65535
1685659938,0,1,0,0,10151,49422,65535,65535,65535,65535,65535,65535,65535,65535,65535,65535,65535
1685659944,0,1,0,0,10151,49365,65535,65535,65535,65535,65535,65535,65535,65535,65535,65535,65535
1685659950,0,1,0,0,10150,49369,65535,65535,65535,65535,65535,65535,65535,65535,65535,65535,65535
1685659956,0,1,0,0,10150,49326,65535,65535,65535,65535,65535,65535,65535,65535,65535,65535,65535
1685659962,0,1,0,0,10145,49329,65535,65535,65535,65535,65535,65535,65535,65535,65535,65535,65535
1685659968,0,1,0,0,10144,49320,65535,65535,65535,65535,65535,65535,65535,65535,65535,65535,65535
1685659974,0,1,0,0,10144,49281,65535,65535,65535,65535,65535,65535,65535,65535,65535,65535,65535
1685659980,0,1,0,0,10143,49247,65535,65535,65535,65535,65535,65535,65535,65535,65535,65535,65535
1685659986,0,1,0,0,10143,49229,65535,65535,65535,65535,65535,65535,65535,65535,65535,65535,65535
1685659992,0,1,0,0,10142,49199,65535,65535,65535,65535,65535,65535,65535,65535,65535,65535,65535
1685659998,0,1,0,0,10141,49177,65535,65535,65535,65535,65535,65535,65535,65535,65535,65535,65535
1685660004,0,1,0,0,10140,49171,65535,65535,65535,65535,65535,65535,65535,65535,65535,65535,65535
1685660010,0,1,0,0,10140,49107,65535,65535,65535,65535,65535,65535,65535,65535,65535,65535,65535
1685660016,0,1,0,0,10140,49123,65535,65535,65535,65535,65535,65535,65535,65535,65535,65535,65535
1685660022,0,1,0,0,10140,49113,65535,65535,65535,65535,65535,65535,65535,65535,65535,65535,65535
1685660028,0,1,0,0,10135,49067,65535,65535,65535,65535,65535,65535,65535,65535,65535,65535,65535
1685660034,0,1,0,0,10135,49064,65535,65535,65535,65535,65535,65535,65535,65535,65535,65535,65535
1685660040,0,1,0,0,10135,49066,65535,65535,65535,65535,65535,65535,65535,65535,65535,65535,65535
1685660046,0,1,0,0,10135,49062,65535,65535,65535,65535,65535,65535,65535,65535,65535,65535,65535
1685660052,0,1,0,0,10135,49076,65535,65535,65535,65535,65535,65535,65535,65535,65535,65535,65535
1685660058,0,1,0,0,10134,49051,65535,65535,65535,65535,65535,65535,65535,65535,65535,65535,65535
1685660064,0,1,0,0,10134,49037,65535,65535,65535,65535,65535,65535,65535,65535,65535,65535,65535
1685660070,0,1,0,0,10134,49035,65535,65535,65535,65535,65535,65535,65535,65535,65535,65535,65535
1685660076,0,1,0,0,10133,49015,65535,65535,65535,65535,65535,65535,65535,65535,65535,65535,65535
1685660082,0,1,0,0,10133,49001,65535,65535,65535,65535,65535,65535,65535,65535,65535,65535,65535
1685660088,0,1,0,0,10133,49006,65535,65535,65535,65535,65535,65535,65535,65535,65535,65535,65535
1685660094,0,1,0,0,10133,48965,65535,65535,65535,65535,65535,65535,65535,65535,65535,65535,65535
1685660100,0,1,0,0,10132,48965,65535,65535,65535,65535,65535,65535,65535,65535,65535,65535,65535
1685660106,0,1,0,0,10131,48909,65535,65535,65535,65535,65535,65535,65535,65535,65535,65535,65535
1685660112,0,1,0,0,10130,48870,65535,65535,65535,65535,65535,65535,65535,65535,65535,65535,65535
1685660118,0,1,0,0,10130,48892,65535,65535,65535,65535,65535,65535,65535,65535,65535,65535,65535
1685660124,0,1,0,0,10125,48814,65535,65535,65535,65535,65535,65535,65535,65535,65535,65535,65535
1685660130,0,1,0,0,10125,48836,65535,65535,65535,65535,65535,65535,65535,65535,65535,65535,65535
1685660136,0,1,0,0,10124,48816,65535,65535,65535,65535,65535,65535,65535,65535,65535,65535,65535
1685660142,0,1,0,0,10124,48797,65535,65535,65535,65535,65535,65535,65535,65535,65535,65535,65535
1685660148,0,1,0,0,10123,48705,65535,65535,65535,65535,65535,65535,65535,65535,65535,65535,65535
1685660154,0,1,0,0,10124,48762,65535,65535,65535,65535,65535,65535,65535,65535,65535,65535,65535
1685660160,0,1,0,0,10123,48762,65535,65535,65535,65535,65535,65535,65535,65535,65535,65535,65535
1685660166,0,1,0,0,10123,48763,65535,65535,65535,65535,65535,65535,65535,65535,65535,65535,65535
1685660172,0,1,0,0,10123,48708,65535,65535,65535,65535,65535,65535,65535,65535,65535,65535,65535
1685660178,0,1,0,0,10122,48706,65535,65535,65535,65535,65535,65535,65535,65535,65535,65535,65535
1685660184,0,1,0,0,10122,48715,65535,65535,65535,65535,65535,65535,65535,65535,65535,65535,65535
1685660190,0,1,0,0,10123,48690,65535,65535,65535,65535,65535,65535,65535,65535,65535,65535,65535
1685660196,0,1,0,0,10122,48702,65535,65535,65535,65535,65535,65535,65535,65535,65535,65535,65535
1685660202,0,1,0,0,10122,48695,65535,65535,65535,65535,65535,65535,65535,65535,65535,65535,65535
1685660208,0,1,0,0,10121,48672,65535,65535,65535,65535,65535,65535,65535,65535,65535,65535,65535
1685660214,0,1,0,0,10121,48652,65535,65535,65535,65535,65535,65535,65535,65535,65535,65535,65535
1685660220,0,1,0,0,10122,48660,65535,65535,65535,65535,65535,65535,65535,65535,65535,65535,65535
1685660226,0,1,0,0,10121,48637,65535,65535,65535,65535,65535,65535,65535,65535,65535,65535,65535
1685660232,0,1,0,0,10121,48597,65535,65535,65535,65535,65535,65535,65535,65535,65535,65535,65535
1685660238,0,1,0,0,10120,48626,65535,65535,65535,65535,65535,65535,65535,65535,65535,65535,65535
1685660244,0,1,0,0,10120,48598,65535,65535,65535,65535,65535,65535,65535,65535,65535,65535,65535
1685660250,0,1,0,0,10120,48592,65535,65535,65535,65535,65535,65535,65535,65535,65535,65535,65535
1685660256,0,1,0,0,10115,48537,65535,65535,65535,65535,65535,65535,65535,65535,65535,65535,65535
1685660262,0,1,0,0,10115,48551,65535,65535,65535,65535,65535,65535,65535,65535,65535,65535,65535
1685660268,0,1,0,0,10115,48502,65535,65535,65535,65535,65535,65535,65535,65535,65535,65535,65535
1685660274,0,1,0,0,10115,48505,65535,65535,65535,65535,65535,65535,65535,65535,65535,65535,65535
1685660280,0,1,0,0,10114,48445,65535,65535,65535,65535,65535,65535,65535,65535,65535,65535,65535
1685660286,0,1,0,0,10115,48429,65535,65535,65535,65535,65535,65535,65535,65535,65535,65535,65535
1685660292,0,1,0,0,10113,48424,65535,65535,65535,65535,65535,65535,65535,65535,65535,65535,65535
1685660298,0,1,0,0,10111,48421,65535,65535,65535,65535,65535,65535,65535,65535,65535,65535,65535
1685660304,0,1,0,0,10111,48365,65535,65535,65535,65535,65535,65535,65535,65535,65535,65535,65535
1685660310,0,1,0,0,10110,48364,65535,65535,65535,65535,65535,65535,65535,65535,65535,65535,65535
1685660316,0,1,0,0,10105,48327,65535,65535,65535,65535,65535,65535,65535,65535,65535,65535,65535
1685660322,0,1,0,0,10105,48244,65535,65535,65535,65535,65535,65535,65535,65535,65535,65535,65535
1685660328,0,1,0,0,10104,48270,65535,65535,65535,65535,65535,65535,65535,65535,65535,65535,65535
1685660334,0,1,0,0,10103,48253,65535,65535,65535,65535,65535,65535,65535,65535,65535,65535,65535
1685660340,0,1,0,0,10102,48230,65535,65535,65535,65535,65535,65535,65535,65535,65535,65535,65535
1685660346,0,1,0,0,10101,48175,65535,65535,65535,65535,65535,65535,65535,65535,65535,65535,65535
1685660352,0,1,0,0,10102,48188,65535,65535,65535,65535,65535,65535,65535,65535,65535,65535,65535
1685660358,0,1,0,0,10101,48186,65535,65535,65535,65535,65535,65535,65535,65535,65535,65535,65535
1685660364,0,1,0,0,10100,48135,65535,65535,65535,65535,65535,65535,65535,65535,65535,65535,65535
1685660370,0,1,0,0,10100,48150,65535,65535,65535,65535,65535,65535,65535,65535,65535,65535,65535
1685660376,0,1,0,0,10055,48133,65535,65535,65535,65535,65535,65535,65535,65535,65535,65535,65535
1685660382,0,1,0,0,10054,48097,65535,65535,65535,65535,65535,65535,65535,65535,65535,65535,65535
1685660388,0,1,0,0,10054,48043,65535,65535,65535,65535,65535,65535,65535,65535,65535,65535,65535
1685660394,0,1,0,0,10053,48044,65535,65535,65535,65535,65535,65535,65535,65535,65535,65535,65535
