Timestamp,Amber,White,On,Override,Intensity,AS00,AS01,AS02,AS03,AS04,AS05,AS06,AS07,AS08,AS09,AS10,AS11
1685606400,0,1,1,0,1330,3187,7817,11049,20316,65535,6688,32173,44681,57440,33892,65535,6698
1685606406,0,1,1,0,1330,3187,7815,11042,20319,65535,6688,32166,44667,57422,33879,65535,6694
1685606412,0,1,1,0,1330,3184,7810,11047,20315,65535,6690,32144,44649,57418,33874,65535,6694
1685606418,0,1,1,0,1330,3186,7818,11048,20322,65535,6690,32166,44661,57435,33886,65535,6698
1685606424,0,1,1,0,1330,3185,7810,11052,20323,65535,6688,32159,44683,57424,33877,65535,6696
1685606430,0,1,1,0,1330,3187,7817,11051,20322,65535,6688,32167,44677,57405,33889,65535,6694
1685606436,0,1,1,0,1330,3186,7816,11044,20313,65535,6688,32161,44650,57419,33858,65535,6696
1685606442,0,1,1,0,1330,3185,7815,11047,20322,65535,6692,32165,44676,57433,33877,65535,6696
1685606448,0,1,1,0,1330,3187,7817,11052,20327,65535,6688,32148,44680,57397,33879,65535,6698
1685606454,0,1,1,0,1330,3187,7812,11042,20312,65535,6688,32154,44668,57411,33862,65535,6696
1685606460,0,1,1,0,1330,3185,7813,11042,20321,65535,6692,32158,44656,57406,33881,65535,6698
1685606466,0,1,1,0,1330,3185,7814,11047,20306,65535,6686,32152,44638,57398,33867,65535,6694
1685606472,0,1,1,0,1330,3184,7805,11036,20309,65535,6684,32149,44648,57423,33858,65535,6696
1685606478,0,1,1,0,1330,3184,7811,11039,20325,65535,6690,32140,44639,57388,33858,65535,6690
1685606484,0,1,1,0,1330,3184,7808,11039,20311,65535,6684,32137,44627,57363,33855,65535,6690
1685606490,0,1,1,0,1330,3184,7807,11034,20312,65535,6684,32139,44629,57378,33837,65535,6690
1685606496,0,1,1,0,1330,3183,7807,11034,20307,65535,6684,32137,44628,57410,33845,65535,6690
1685606502,0,1,1,0,1330,3184,7808,11033,20312,65535,6686,32134,44634,57392,33851,65535,6692
1685606508,0,1,1,0,1330,3183,7805,11034,20303,65535,6682,32132,44625,57372,33849,65535,6690
1685606514,0,1,1,0,1330,3184,7812,11039,20305,65535,6684,32136,44609,57385,33834,65535,6694
1685606520,0,1,1,0,1330,3184,7807,11038,20313,65535,6688,32136,44638,57385,33856,65535,6698
1685606526,0,1,1,0,1330,3185,7811,11034,20299,65535,6682,32133,44639,57369,33854,65535,6694
1685606532,0,1,1,0,1330,3182,7807,11035,20307,65535,6684,32135,44637,57391,33848,65535,6690
1685606538,0,1,1,0,1330,3183,7806,11040,20314,65535,6682,32141,44636,57402,33855,65535,6690
1685606544,0,1,1,0,1330,3185,7806,11043,20313,65535,6684,32137,44614,57381,33857,65535,6692
1685606550,0,1,1,0,1330,3184,7807,11037,20315,65535,6684,32144,44645,57408,33860,65535,6694
1685606556,0,1,1,0,1330,3184,7809,11037,20312,65535,6682,32148,44634,57384,33855,65535,6690
1685606562,0,1,1,0,1330,3186,7811,11039,20319,65535,6686,32153,44649,57419,33846,65535,6696
1685606568,0,1,1,0,1330,3185,7813,11041,20307,65535,6686,32147,44632,57382,33862,65535,6696
1685606574,0,1,1,0,1330,3185,7811,11045,20306,65535,6684,32154,44636,57384,33865,65535,6694
1685606580,0,1,1,0,1330,3185,7810,11044,20314,65535,6688,32165,44652,57435,33875,65535,6696
1685606586,0,1,1,0,1330,3186,7812,11038,20317,65535,6688,32157,44659,57395,33870,65535,6694
1685606592,0,1,1,0,1330,3184,7811,11041,20318,65535,6688,32160,44650,57432,33878,65535,6696
1685606598,0,1,1,0,1330,3186,7811,11047,20318,65535,6688,32167,44658,57429,33876,65535,6696
1685606604,0,1,1,0,1330,3186,7813,11049,20315,65535,6688,32165,44648,57413,33881,65535,6696
1685606610,0,1,1,0,1330,3186,7812,11044,20303,65535,6686,32159,44665,57411,33888,65535,6694
1685606616,0,1,1,0,1330,3185,7811,11040,20312,65535,6688,32160,44655,57407,33851,65535,6696
1685606622,0,1,1,0,1330,3184,7810,11043,20315,65535,6688,32158,44643,57408,33846,65535,6694
1685606628,0,1,1,0,1330,3185,7810,11043,20314,65535,6686,32157,44641,57397,33869,65535,6694
1685606634,0,1,1,0,1330,3186,7812,11043,20314,65535,6688,32160,44649,57407,33851,65535,6696
1685606640,0,1,1,0,1330,3186,7810,11043,20313,65535,6686,32162,44643,57409,33879,65535,6695
1685606646,0,1,1,0,1331,3187,7815,11048,20321,65535,6688,32157,44660,57412,33873,65535,6694
1685606652,0,1,1,0,1330,3188,7815,11047,20311,65535,6688,32162,44670,57417,33881,65535,6696
1685606658,0,1,1,0,1331,3186,7815,11048,20320,65535,6690,32172,44678,57433,33886,65535,6698
1685606664,0,1,1,0,1331,3188,7813,11045,20322,65535,6690,32173,44678,57421,33907,65535,6698
1685606670,0,1,1,0,1331,3189,7822,11051,20328,65535,6690,32177,44685,57438,33895,65535,6700
1685606676,0,1,1,0,1331,3189,7819,11054,20320,65535,6690,32169,44693,57449,33902,65535,6702
1685606682,0,1,1,0,1331,3189,7820,11051,20330,65535,6694,32188,44714,57470,33908,65535,6700
1685606688,0,1,1,0,1331,3187,7814,11056,20329,65535,6690,32171,44671,57422,33897,65535,6700
1685606694,0,1,1,0,1331,3189,7816,11051,20327,65535,6692,32174,44697,57427,33898,65535,6700
1685606700,0,1,1,0,1331,3188,7823,11054,20333,65535,6692,32181,44707,57450,33889,65535,6700
1685606706,0,1,1,0,1331,3187,7821,11054,20318,65535,6694,32185,44700,57457,33888,65535,6702
1685606712,0,1,1,0,1331,3189,7819,11067,20332,65535,6696,32185,44698,57480,33910,65535,6702
1685606718,0,1,1,0,1331,3190,7821,11060,20329,65535,6696,32188,44705,57439,33899,65535,6698
1685606724,0,1,1,0,1331,3190,7822,11064,20336,65535,6696,32177,44714,57480,33894,65535,6704
1685606730,0,1,1,0,1331,3190,7818,11060,20334,65535,6696,32188,44716,57470,33915,65535,6704
1685606736,0,1,1,0,1331,3189,7821,11062,20327,65535,6694,32189,44717,57479,33919,65535,6704
1685606742,0,1,1,0,1331,3190,7823,11061,20321,65535,6694,32191,44698,57478,33911,65535,6702
1685606748,0,1,1,0,1331,3190,7824,11065,20336,65535,6698,32189,44723,57481,33918,65535,6702
1685606754,0,1,1,0,1331,3190,7822,11062,20339,65535,6696,32207,44712,57486,33920,65535,6708
1685606760,0,1,1,0,1331,3192,7823,11068,20343,65535,6698,32201,44717,57498,33930,65535,6708
1685606766,0,1,1,0,1331,3190,7826,11064,20344,65535,6698,32197,44731,57458,33927,65535,6704
1685606772,0,1,1,0,1331,3192,7824,11062,20346,65535,6698,32208,44741,57505,33937,65535,6706
1685606778,0,1,1,0,1331,3192,7828,11073,20345,65535,6698,32205,44735,57497,33932,65535,6704
1685606784,0,1,1,0,1331,3191,7826,11063,20337,65535,6698,32201,44729,57489,33923,65535,6706
1685606790,0,1,1,0,1331,3192,7822,11067,20333,65535,6700,32198,44735,57517,33927,65535,6705
1685606796,0,1,1,0,1331,3193,7823,11068,20346,65535,6698,32192,44736,57500,33929,65535,6704
1685606802,0,1,1,0,1331,3192,7822,11066,20342,65535,6698,32204,44719,57490,33920,65535,6704
1685606808,0,1,1,0,1331,3190,7820,11063,20329,65535,6700,32194,44710,57482,33921,65535,6706
1685606814,0,1,1,0,1331,3190,7823,11061,20338,65535,6696,32190,44715,57468,33894,65535,6700
1685606820,0,1,1,0,1331,3191,7825,11070,20339,65535,6696,32194,44715,57467,33915,65535,6702
1685606826,0,1,1,0,1331,3189,7823,11060,20338,65535,6694,32197,44717,57473,33910,65535,6704
1685606832,0,1,1,0,1331,3188,7817,11054,20332,65535,6692,32181,44698,57447,33885,65535,6698
1685606838,0,1,1,0,1331,3190,7819,11049,20323,65535,6694,32166,44701,57447,33885,65535,6702
1685606844,0,1,1,0,1331,3190,7823,11059,20339,65535,6692,32190,44717,57469,33904,65535,6704
1685606850,0,1,1,0,1331,3188,7818,11052,20323,65535,6692,32181,44680,57470,33908,65535,6700
1685606856,0,1,1,0,1331,3190,7818,11056,20328,65535,6694,32186,44707,57479,33908,65535,6702
1685606862,0,1,1,0,1331,3190,7821,11055,20338,65535,6696,32187,44675,57472,33888,65535,6700
1685606868,0,1,1,0,1331,3190,7819,11050,20334,65535,6694,32183,44684,57451,33882,65535,6702
1685606874,0,1,1,0,1331,3189,7822,11054,20325,65535,6694,32188,44710,57457,33893,65535,6700
1685606880,0,1,1,0,1331,3188,7821,11056,20324,65535,6696,32169,44675,57422,33885,65535,6700
1685606886,0,1,1,0,1331,3188,7820,11056,20337,65535,6694,32185,44683,57452,33902,65535,6700
1685606892,0,1,1,0,1331,3189,7820,11055,20325,65535,6694,32184,44703,57454,33892,65535,6700
1685606898,0,1,1,0,1331,3189,7820,11062,20334,65535,6692,32187,44682,57456,33906,65535,6702
1685606904,0,1,1,0,1331,3190,7822,11056,20333,65535,6692,32190,44715,57434,33911,65535,6702
1685606910,0,1,1,0,1331,3186,7815,11052,20329,65535,6695,32181,44706,57451,33904,65535,6700
1685606916,0,1,1,0,1331,3188,7820,11045,20329,65535,6692,32175,44697,57447,33881,65535,6702
1685606922,0,1,1,0,1331,3189,7821,11059,20327,65535,6694,32184,44704,57457,33905,65535,6700
1685606928,0,1,1,0,1331,3190,7818,11057,20336,65535,6692,32177,44677,57449,33905,65535,6702
1685606934,0,1,1,0,1331,3188,7818,11062,20331,65535,6692,32172,44678,57445,33873,65535,6698
1685606940,0,1,1,0,1331,3187,7817,11053,20321,65535,6692,32180,44681,57446,33901,65535,6700
1685606946,0,1,1,0,1330,3188,7820,11054,20316,65535,6694,32160,44680,57459,33899,65535,6702
1685606952,0,1,1,0,1330,3188,7815,11058,20329,65535,6690,32181,44684,57443,33883,65535,6702
1685606958,0,1,1,0,1331,3186,7815,11048,20328,65535,6688,32154,44691,57424,33893,65535,6702
1685606964,0,1,1,0,1330,3188,7817,11051,20322,65535,6690,32178,44669,57431,33887,65535,6700
1685606970,0,1,1,0,1330,3188,7814,11055,20317,65535,6692,32171,44683,57426,33878,65535,6698
1685606976,0,1,1,0,1331,3186,7818,11044,20326,65535,6690,32172,44666,57432,33875,65535,6694
1685606982,0,1,1,0,1331,3188,7821,11049,20327,65535,6692,32177,44679,57420,33898,65535,6702
1685606988,0,1,1,0,1331,3188,7816,11052,20320,65535,6692,32173,44692,57448,33895,65535,6700
1685606994,0,1,1,0,1331,3189,7818,11061,20328,65535,6692,32168,44706,57452,33903,65535,6700
1685607000,0,1,1,0,1331,3188,7822,11057,20330,65535,6696,32177,44678,57427,33903,65535,6700
1685607006,0,1,1,0,1331,3187,7817,11054,20319,65535,6692,32183,44686,57458,33884,65535,6700
1685607012,0,1,1,0,1331,3189,7822,11053,20333,65535,6694,32189,44705,57462,33887,65535,6702
1685607018,0,1,1,0,1331,3188,7817,11056,20327,65535,6692,32181,44698,57427,33896,65535,6700
1685607024,0,1,1,0,1331,3186,7815,11054,20328,65535,6692,32184,44701,57450,33902,65535,6700
1685607030,0,1,1,0,1331,3188,7819,11054,20320,65535,6692,32184,44703,57480,33900,65535,6702
1685607036,0,1,1,0,1331,3189,7820,11055,20334,65535,6693,32179,44692,57444,33900,65535,6698
1685607042,0,1,1,0,1331,3188,7817,11055,20321,65535,6694,32185,44696,57451,33901,65535,6702
1685607048,0,1,1,0,1331,3188,7822,11056,20332,65535,6692,32184,44698,57458,33885,65535,6698
1685607054,0,1,1,0,1331,3189,7822,11058,20335,65535,6690,32181,44679,57454,33905,65535,6702
1685607060,0,1,1,0,1330,3188,7819,11056,20332,65535,6694,32184,44704,57467,33899,65535,6702
1685607066,0,1,1,0,1330,3186,7816,11050,20325,65535,6690,32177,44696,57445,33893,65535,6702
1685607072,0,1,1,0,1330,3187,7817,11053,20330,65535,6693,32174,44706,57426,33879,65535,6694
1685607078,0,1,1,0,1331,3189,7818,11049,20317,65535,6692,32179,44670,57423,33898,65535,6698
1685607084,0,1,1,0,1331,3188,7819,11055,20329,65535,6692,32185,44685,57463,33900,65535,6700
1685607090,0,1,1,0,1331,3189,7820,11060,20326,65535,6691,32173,44672,57421,33887,65535,6702
1685607096,0,1,1,0,1331,3190,7815,11054,20333,65535,6694,32191,44713,57473,33917,65535,6704
1685607102,0,1,1,0,1331,3190,7823,11066,20336,65535,6694,32183,44705,57468,33910,65535,6704
1685607108,0,1,1,0,1331,3191,7823,11061,20339,65535,6696,32187,44715,57462,33909,65535,6704
1685607114,0,1,1,0,1331,3190,7826,11061,20335,65535,6696,32190,44700,57478,33914,65535,6704
1685607120,0,1,1,0,1331,3190,7825,11068,20336,65535,6696,32184,44723,57465,33915,65535,6700
1685607126,0,1,1,0,1331,3190,7821,11065,20343,65535,6696,32194,44722,57482,33920,65535,6706
1685607132,0,1,1,0,1331,3189,7822,11061,20338,65535,6696,32194,44721,57457,33921,65535,6704
1685607138,0,1,1,0,1331,3191,7821,11063,20331,65535,6698,32195,44708,57492,33922,65535,6706
1685607144,0,1,1,0,1331,3191,7824,11063,20332,65535,6696,32193,44705,57477,33925,65535,6704
1685607150,0,1,1,0,1331,3190,7821,11061,20330,65535,6698,32197,44707,57474,33922,65535,6704
1685607156,0,1,1,0,1331,3190,7824,11062,20339,65535,6696,32193,44725,57480,33919,65535,6706
1685607162,0,1,1,0,1331,3191,7827,11066,20333,65535,6696,32200,44726,57480,33916,65535,6706
1685607168,0,1,1,0,1331,3191,7828,11068,20333,65535,6698,32200,44745,57485,33926,65535,6702
1685607174,0,1,1,0,1331,3190,7823,11062,20342,65535,6698,32200,44725,57504,33927,65535,6707
1685607180,0,1,1,0,1331,3190,7827,11067,20338,65535,6698,32200,44708,57519,33916,65535,6706
1685607186,0,1,1,0,1331,3189,7824,11059,20340,65535,6698,32209,44717,57492,33927,65535,6704
1685607192,0,1,1,0,1331,3190,7818,11062,20338,65535,6698,32198,44735,57475,33922,65535,6702
1685607198,0,1,1,0,1331,3190,7828,11071,20344,65535,6698,32198,44710,57514,33908,65535,6702
1685607204,0,1,1,0,1331,3191,7823,11070,20331,65535,6698,32189,44713,57470,33921,65535,6706
1685607210,0,1,1,0,1331,3190,7821,11060,20329,65535,6698,32182,44700,57467,33899,65535,6704
1685607216,0,1,1,0,1331,3188,7824,11065,20341,65535,6698,32199,44730,57518,33920,65535,6704
1685607222,0,1,1,0,1331,3190,7824,11065,20341,65535,6698,32194,44718,57490,33901,65535,6703
1685607228,0,1,1,0,1331,3190,7823,11063,20337,65535,6696,32194,44720,57476,33903,65535,6704
1685607234,0,1,1,0,1331,3190,7824,11061,20340,65535,6696,32197,44734,57483,33903,65535,6706
1685607240,0,1,1,0,1331,3190,7826,11067,20335,65535,6698,32193,44712,57502,33917,65535,6706
1685607246,0,1,1,0,1331,3189,7826,11061,20326,65535,6698,32179,44697,57466,33908,65535,6704
1685607252,0,1,1,0,1331,3191,7825,11065,20332,65535,6700,32199,44718,57486,33923,65535,6706
1685607258,0,1,1,0,1331,3190,7822,11055,20328,65535,6696,32195,44741,57479,33924,65535,6706
1685607264,0,1,1,0,1331,3191,7826,11062,20343,65535,6698,32204,44743,57492,33923,65535,6706
1685607270,0,1,1,0,1331,3191,7824,11071,20330,65535,6698,32206,44716,57486,33925,65535,6708
1685607276,0,1,1,0,1331,3192,7825,11071,20345,65535,6698,32202,44719,57488,33931,65535,6706
1685607282,0,1,1,0,1331,3189,7827,11064,20330,65535,6700,32201,44718,57499,33930,65535,6706
1685607288,0,1,1,0,1331,3192,7822,11063,20344,65535,6698,32201,44743,57512,33911,65535,6702
1685607294,0,1,1,0,1331,3192,7828,11068,20344,65535,6700,32208,44726,57481,33928,65535,6706
1685607300,0,1,1,0,1331,3191,7820,11058,20341,65535,6698,32195,44725,57465,33924,65535,6706
1685607306,0,1,1,0,1331,3191,7822,11057,20342,65535,6698,32203,44715,57476,33929,65535,6704
1685607312,0,1,1,0,1331,3190,7826,11065,20332,65535,6698,32201,44715,57491,33930,65535,6706
1685607318,0,1,1,0,1331,3192,7822,11059,20330,65535,6698,32175,44725,57483,33923,65535,6700
1685607324,0,1,1,0,1331,3190,7822,11056,20327,65535,6696,32197,44728,57457,33917,65535,6702
1685607330,0,1,1,0,1331,3189,7826,11061,20333,65535,6698,32195,44726,57461,33908,65535,6704
1685607336,0,1,1,0,1331,3189,7825,11063,20340,65535,6698,32200,44730,57490,33905,65535,6704
1685607342,0,1,1,0,1331,3191,7823,11060,20330,65535,6696,32196,44734,57460,33901,65535,6708
1685607348,0,1,1,0,1331,3188,7821,11052,20341,65535,6696,32193,44711,57470,33898,65535,6702
1685607354,0,1,1,0,1331,3190,7820,11054,20337,65535,6694,32192,44730,57474,33915,65535,6698
1685607360,0,1,1,0,1331,3189,7824,11051,20336,65535,6696,32197,44723,57466,33915,65535,6704
1685607366,0,1,1,0,1331,3190,7823,11057,20325,65535,6694,32182,44684,57416,33892,65535,6704
1685607372,0,1,1,0,1331,3189,7821,11058,20332,65535,6692,32177,44698,57458,33903,65535,6702
1685607378,0,1,1,0,1331,3189,7823,11051,20326,65535,6693,32188,44702,57463,33891,65535,6700
1685607384,0,1,1,0,1331,3187,7824,11061,20336,65535,6694,32166,44699,57455,33906,65535,6702
1685607390,0,1,1,0,1331,3187,7820,11058,20328,65535,6694,32185,44709,57449,33882,65535,6700
1685607396,0,1,1,0,1331,3188,7820,11055,20320,65535,6694,32172,44692,57455,33904,65535,6704
1685607402,0,1,1,0,1331,3189,7822,11058,20322,65535,6696,32188,44715,57434,33902,65535,6702
1685607408,0,1,1,0,1331,3190,7819,11056,20332,65535,6692,32186,44688,57450,33904,65535,6702
1685607414,0,1,1,0,1331,3188,7821,11059,20330,65535,6694,32180,44697,57438,33900,65535,6704
1685607420,0,1,1,0,1331,3190,7822,11053,20333,65535,6696,32191,44696,57469,33909,65535,6702
1685607426,0,1,1,0,1331,3189,7825,11056,20331,65535,6694,32183,44690,57422,33886,65535,6702
1685607432,0,1,1,0,1331,3189,7823,11054,20338,65535,6696,32188,44696,57455,33890,65535,6704
1685607438,0,1,1,0,1331,3189,7822,11057,20337,65535,6694,32192,44710,57465,33912,65535,6702
1685607444,0,1,1,0,1331,3189,7822,11054,20327,65535,6696,32186,44710,57488,33914,65535,6700
1685607450,0,1,1,0,1331,3188,7821,11055,20336,65535,6694,32186,44705,57480,33910,65535,6702
1685607456,0,1,1,0,1330,3188,7815,11051,20320,65535,6692,32182,44706,57443,33901,65535,6702
1685607462,0,1,1,0,1331,3189,7818,11058,20320,65535,6694,32181,44676,57456,33886,65535,6704
1685607468,0,1,1,0,1331,3189,7821,11056,20332,65535,6692,32178,44675,57457,33896,65535,6700
1685607474,0,1,1,0,1330,3187,7814,11051,20325,65535,6692,32157,44666,57443,33895,65535,6698
1685607480,0,1,1,0,1330,3186,7815,11053,20327,65535,6690,32170,44659,57437,33891,65535,6704
1685607486,0,1,1,0,1331,3187,7814,11053,20328,65535,6692,32170,44681,57450,33897,65535,6698
1685607492,0,1,1,0,1330,3185,7817,11046,20329,65535,6690,32176,44694,57423,33880,65535,6700
1685607498,0,1,1,0,1330,3187,7816,11053,20318,65535,6690,32176,44685,57447,33898,65535,6700
1685607504,0,1,1,0,1330,3188,7812,11047,20316,65535,6691,32161,44701,57449,33877,65535,6700
1685607510,0,1,1,0,1330,3188,7817,11048,20332,65535,6692,32183,44688,57457,33881,65535,6700
1685607516,0,1,1,0,1331,3188,7819,11058,20336,65535,6696,32187,44706,57476,33904,65535,6700
1685607522,0,1,1,0,1330,3188,7818,11055,20329,65535,6694,32186,44694,57469,33905,65535,6701
1685607528,0,1,1,0,1331,3189,7818,11057,20322,65535,6694,32184,44679,57460,33878,65535,6701
1685607534,0,1,1,0,1331,3188,7818,11056,20323,65535,6696,32187,44703,57475,33902,65535,6702
1685607540,0,1,1,0,1331,3189,7817,11057,20336,65535,6696,32189,44694,57474,33916,65535,6700
1685607546,0,1,1,0,1330,3187,7817,11057,20339,65535,6696,32185,44694,57465,33905,65535,6700
1685607552,0,1,1,0,1331,3190,7818,11059,20339,65535,6692,32188,44706,57467,33895,65535,6702
1685607558,0,1,1,0,1331,3190,7819,11056,20343,65535,6696,32191,44717,57476,33901,65535,6699
1685607564,0,1,1,0,1331,3190,7822,11059,20342,65535,6698,32191,44697,57475,33921,65535,6704
1685607570,0,1,1,0,1331,3188,7824,11063,20332,65535,6698,32199,44701,57487,33928,65535,6708
1685607576,0,1,1,0,1331,3188,7819,11062,20333,65535,6698,32191,44712,57480,33907,65535,6700
1685607582,0,1,1,0,1331,3190,7824,11063,20334,65535,6696,32197,44723,57490,33922,65535,6708
1685607588,0,1,1,0,1331,3190,7822,11063,20330,65535,6698,32197,44700,57497,33919,65535,6704
1685607594,0,1,1,0,1331,3189,7821,11061,20331,65535,6698,32192,44723,57485,33919,65535,6706
1685607600,0,1,1,0,1331,3189,7818,11060,20330,65535,6698,32194,44721,57489,33922,65535,6706
1685607606,0,1,1,0,1331,3189,7822,11062,20338,65535,6698,32199,44705,57475,33920,65535,6704
1685607612,0,1,1,0,1331,3191,7825,11066,20334,65535,6700,32205,44708,57511,33930,65535,6708
1685607618,0,1,1,0,1331,3191,7824,11069,20340,65535,6698,32198,44723,57475,33909,65535,6704
1685607624,0,1,1,0,1331,3191,7823,11072,20341,65535,6700,32210,44713,57499,33928,65535,6706
1685607630,0,1,1,0,1331,3191,7829,11065,20339,65535,6700,32210,44718,57500,33919,65535,6708
1685607636,0,1,1,0,1331,3190,7823,11062,20330,65535,6700,32200,44708,57488,33906,65535,6706
1685607642,0,1,1,0,1331,3189,7823,11065,20345,65535,6694,32190,44719,57497,33930,65535,6702
1685607648,0,1,1,0,1331,3192,7827,11064,20348,65535,6700,32212,44738,57508,33925,65535,6708
1685607654,0,1,1,0,1331,3188,7827,11064,20334,65535,6700,32204,44721,57486,33913,65535,6704
1685607660,0,1,1,0,1331,3189,7823,11068,20324,65535,6694,32190,44712,57521,33924,65535,6704
1685607666,0,1,1,0,1331,3192,7826,11060,20336,65535,6700,32202,44710,57494,33922,65535,6706
1685607672,0,1,1,0,1331,3191,7826,11063,20335,65535,6700,32203,44725,57486,33926,65535,6706
1685607678,0,1,1,0,1331,3191,7823,11067,20337,65535,6698,32214,44725,57496,33916,65535,6708
1685607684,0,1,1,0,1331,3191,7825,11065,20343,65535,6700,32185,44721,57478,33930,65535,6706
1685607690,0,1,1,0,1331,3191,7824,11065,20335,65535,6700,32209,44737,57501,33933,65535,6708
1685607696,0,1,1,0,1331,3192,7830,11068,20355,65535,6700,32193,44712,57504,33937,65535,6708
1685607702,0,1,1,0,1331,3193,7830,11071,20341,65535,6702,32214,44745,57514,33926,65535,6706
1685607708,0,1,1,0,1331,3192,7827,11069,20336,65535,6700,32211,44743,57515,33914,65535,6708
1685607714,0,1,1,0,1331,3190,7827,11066,20345,65535,6698,32204,44731,57495,33908,65535,6706
1685607720,0,1,1,0,1331,3191,7827,11070,20345,65535,6700,32194,44740,57501,33913,65535,6704
1685607726,0,1,1,0,1331,3189,7821,11061,20332,65535,6696,32192,44737,57477,33936,65535,6708
1685607732,0,1,1,0,1331,3190,7826,11062,20339,65535,6696,32210,44744,57489,33907,65535,6708
1685607738,0,1,1,0,1331,3190,7822,11059,20333,65535,6696,32195,44728,57475,33917,65535,6704
1685607744,0,1,1,0,1331,3189,7825,11062,20340,65535,6696,32191,44715,57484,33907,65535,6706
1685607750,0,1,1,0,1331,3189,7823,11061,20323,65535,6694,32201,44708,57468,33894,65535,6702
1685607756,0,1,1,0,1331,3189,7821,11056,20331,65535,6694,32192,44709,57456,33909,65535,6702
1685607762,0,1,1,0,1331,3189,7824,11061,20331,65535,6696,32200,44699,57504,33902,65535,6704
1685607768,0,1,1,0,1331,3191,7824,11060,20339,65535,6696,32197,44726,57478,33921,65535,6708
1685607774,0,1,1,0,1331,3189,7823,11061,20341,65535,6696,32198,44722,57460,33905,65535,6704
1685607780,0,1,1,0,1331,3191,7820,11064,20339,65535,6694,32198,44701,57454,33916,65535,6708
1685607786,0,1,1,0,1331,3190,7822,11056,20333,65535,6694,32176,44714,57479,33902,65535,6708
1685607792,0,1,1,0,1331,3190,7820,11059,20324,65535,6696,32180,44721,57450,33896,65535,6704
1685607798,0,1,1,0,1331,3191,7823,11058,20328,65535,6696,32201,44729,57462,33922,65535,6706
1685607804,0,1,1,0,1331,3189,7825,11061,20335,65535,6696,32197,44700,57436,33920,65535,6708
1685607810,0,1,1,0,1331,3190,7825,11064,20343,65535,6696,32186,44727,57513,33910,65535,6706
1685607816,0,1,1,0,1331,3191,7824,11064,20329,65535,6696,32199,44704,57488,33927,65535,6704
1685607822,0,1,1,0,1331,3191,7825,11065,20338,65535,6696,32197,44723,57484,33902,65535,6706
1685607828,0,1,1,0,1331,3190,7825,11062,20326,65535,6696,32203,44734,57488,33903,65535,6710
1685607834,0,1,1,0,1331,3191,7827,11067,20342,65535,6698,32199,44724,57494,33927,65535,6706
1685607840,0,1,1,0,1331,3191,7823,11069,20344,65535,6698,32205,44731,57501,33926,65535,6704
1685607846,0,1,1,0,1331,3191,7824,11063,20347,65535,6698,32206,44712,57497,33909,65535,6704
1685607852,0,1,1,0,1331,3193,7828,11069,20344,65535,6698,32213,44722,57535,33928,65535,6706
1685607858,0,1,1,0,1331,3190,7825,11061,20345,65535,6702,32209,44723,57507,33916,65535,6704
1685607864,0,1,1,0,1331,3192,7823,11069,20332,65535,6700,32212,44718,57506,33919,65535,6710
1685607870,0,1,1,0,1331,3193,7823,11071,20343,65535,6698,32208,44720,57501,33929,65535,6710
1685607876,0,1,1,0,1331,3191,7827,11070,20351,65535,6700,32211,44733,57500,33917,65535,6706
1685607882,0,1,1,0,1331,3189,7826,11070,20344,65535,6698,32199,44744,57515,33935,65535,6710
1685607888,0,1,1,0,1331,3194,7826,11072,20347,65535,6700,32202,44743,57504,33939,65535,6708
1685607894,0,1,1,0,1331,3193,7827,11069,20346,65535,6704,32197,44740,57477,33935,65535,6710
1685607900,0,1,1,0,1331,3193,7825,11070,20340,65535,6700,32204,44746,57511,33920,65535,6708
1685607906,0,1,1,0,1331,3193,7823,11076,20333,65535,6700,32206,44720,57504,33928,65535,6710
1685607912,0,1,1,0,1331,3192,7823,11068,20341,65535,6698,32221,44735,57510,33936,65535,6706
1685607918,0,1,1,0,1331,3192,7824,11064,20332,65535,6700,32211,44735,57517,33929,65535,6706
1685607924,0,1,1,0,1331,3191,7828,11066,20335,65535,6698,32214,44737,57495,33933,65535,6708
1685607930,0,1,1,0,1331,3190,7822,11069,20344,65535,6702,32208,44716,57485,33932,65535,6712
1685607936,0,1,1,0,1331,3191,7826,11062,20344,65535,6696,32208,44739,57492,33925,65535,6706
1685607942,0,1,1,0,1331,3190,7820,11061,20335,65535,6698,32185,44712,57466,33915,65535,6708
1685607948,0,1,1,0,1331,3189,7819,11059,20337,65535,6698,32208,44720,57508,33922,65535,6706
1685607954,0,1,1,0,1331,3190,7822,11061,20332,65535,6698,32193,44706,57456,33899,65535,6703
1685607960,0,1,1,0,1331,3191,7825,11065,20343,65535,6698,32203,44720,57501,33927,65535,6706
1685607966,0,1,1,0,1331,3191,7823,11063,20325,65535,6694,32187,44723,57469,33925,65535,6704
1685607972,0,1,1,0,1330,3188,7819,11060,20337,65535,6696,32194,44694,57472,33915,65535,6702
1685607978,0,1,1,0,1331,3188,7821,11055,20338,65535,6696,32193,44696,57487,33918,65535,6702
1685607984,0,1,1,0,1330,3189,7818,11061,20336,65535,6694,32179,44670,57425,33894,65535,6700
1685607990,0,1,1,0,1331,3189,7824,11055,20339,65535,6694,32184,44687,57479,33910,65535,6704
1685607996,0,1,1,0,1331,3189,7823,11055,20340,65535,6696,32184,44707,57442,33910,65535,6704
1685608002,0,1,1,0,1331,3187,7814,11055,20315,65535,6692,32178,44709,57478,33916,65535,6702
1685608008,0,1,1,0,1331,3167,7767,10995,20221,65535,6656,32183,44716,57484,33903,65535,6704
1685608014,0,1,1,0,1331,3189,7821,11061,20331,65535,6694,32182,44712,57485,33911,65535,6706
1685608020,0,1,1,0,1331,3034,7422,10461,19234,65535,6346,29641,41191,52911,31382,65535,6176
1685608026,0,1,1,0,1331,3190,7825,11067,20341,65535,6696,32186,44726,57462,33921,65535,6707
1685608032,0,1,1,0,1331,3188,7821,11058,20326,65535,6696,32162,44694,57437,33896,65535,6706
1685608038,0,1,1,0,1331,3189,7824,11060,20333,65535,6698,32183,44706,57453,33902,65535,6706
1685608044,0,1,1,0,1331,3191,7818,11057,20326,65535,6694,32205,44730,57467,33926,65535,6706
1685608050,0,1,1,0,1331,3190,7820,11058,20341,65535,6696,32187,44710,57457,33895,65535,6706
1685608056,0,1,1,0,1331,3191,7820,11061,20337,65535,6698,32204,44732,57485,33905,65535,6708
1685608062,0,1,1,0,1331,3191,7823,11059,20334,65535,6698,32204,44722,57483,33910,65535,6706
1685608068,0,1,1,0,1331,3190,7818,11055,20338,65535,6694,32197,44711,57456,33898,65535,6704
1685608074,0,1,1,0,1331,3186,7819,11060,20326,65535,6694,32177,44701,57456,33918,65535,6702
1685608080,0,1,1,0,1331,3189,7815,11054,20333,65535,6700,32172,44703,57442,33889,65535,6706
1685608086,0,1,1,0,1331,3188,7821,11061,20337,65535,6695,32192,44693,57474,33916,65535,6702
1685608092,0,1,1,0,1331,3188,7822,11057,20324,65535,6694,32164,44698,57440,33903,65535,6702
1685608098,0,1,1,0,1331,3192,7824,11060,20345,65535,6698,32176,44694,57486,33916,65535,6702
1685608104,0,1,1,0,1331,3191,7821,11063,20342,65535,6690,32198,44719,57467,33896,65535,6704
1685608110,0,1,1,0,1331,3188,7822,11057,20324,65535,6696,32193,44700,57437,33912,65535,6703
1685608116,0,1,1,0,1331,3187,7821,11054,20328,65535,6696,32176,44707,57443,33912,65535,6702
1685608122,0,1,1,0,1331,3191,7821,11060,20328,65535,6698,32201,44713,57476,33906,65535,6704
1685608128,0,1,1,0,1330,3188,7817,11059,20327,65535,6694,32192,44690,57466,33896,65535,6704
1685608134,0,1,1,0,1330,3189,7818,11059,20321,65535,6696,32175,44706,57468,33910,65535,6702
1685608140,0,1,1,0,1331,3189,7816,11057,20321,65535,6696,32184,44698,57481,33905,65535,6702
1685608146,0,1,1,0,1303,3189,7821,11061,20338,65535,6696,32200,44711,57438,33903,65535,6702
1685608152,0,1,1,0,1325,3189,7820,11059,20337,65535,6696,32186,44689,57454,33895,65535,6700
1685608158,0,1,1,0,1255,3188,7823,11059,20326,65535,6696,32192,44706,57473,33889,65535,6703
1685608164,0,1,1,0,1250,3190,7822,11054,20327,65535,6694,32178,44711,57428,33911,65535,6704
1685608170,0,1,1,0,1325,3189,7819,11057,20330,65535,6696,32187,44704,57479,33885,65535,6702
1685608176,0,1,1,0,1252,3190,7821,11060,20336,65535,6698,32194,44723,57473,33918,65535,6708
1685608182,0,1,1,0,1315,3189,7815,11057,20331,65535,6698,32196,44714,57505,33913,65535,6704
1685608188,0,1,1,0,1254,3190,7822,11061,20324,65535,6698,32203,44720,57483,33915,65535,6706
1685608194,0,1,1,0,1251,3191,7824,11064,20327,65535,6696,32197,44699,57468,33915,65535,6700
1685608200,0,1,1,0,1324,3192,7823,11065,20341,65535,6696,32198,44712,57481,33905,65535,6706
1685608206,0,1,1,0,1330,3188,7819,11063,20333,65535,6700,32200,44716,57459,33921,65535,6706
1685608212,0,1,1,0,1330,3189,7824,11066,20341,65535,6696,32202,44726,57498,33909,65535,6706
1685608218,0,1,1,0,1325,3192,7821,11066,20342,65535,6700,32188,44737,57488,33909,65535,6704
1685608224,0,1,1,0,1330,3192,7826,11068,20346,65535,6700,32195,44740,57501,33915,65535,6708
1685608230,0,1,1,0,1331,3193,7823,11070,20330,65535,6698,32212,44726,57509,33915,65535,6706
1685608236,0,1,1,0,1331,3192,7830,11070,20344,65535,6702,32196,44741,57499,33915,65535,6708
1685608242,0,1,1,0,1331,3193,7828,11068,20346,65535,6702,32209,44741,57490,33933,65535,6710
1685608248,0,1,1,0,1331,3192,7829,11068,20336,65535,6702,32223,44736,57549,33928,65535,6710
1685608254,0,1,1,0,1331,3193,7828,11070,20335,65535,6698,32199,44727,57504,33925,65535,6712
1685608260,0,1,1,0,1331,3192,7827,11072,20347,65535,6700,32198,44742,57533,33936,65535,6706
1685608266,0,1,1,0,1331,3190,7823,11071,20342,65535,6702,32203,44735,57497,33938,65535,6706
1685608272,0,1,1,0,1331,3191,7827,11071,20340,65535,6701,32208,44720,57485,33937,65535,6710
1685608278,0,1,1,0,1331,3193,7824,11076,20346,65535,6702,32217,44752,57529,33923,65535,6710
1685608284,0,1,1,0,1331,3193,7831,11075,20345,65535,6702,32217,44748,57510,33940,65535,6710
1685608290,0,1,1,0,1331,3194,7830,11079,20340,65535,6706,32224,44769,57529,33931,65535,6710
1685608296,0,1,1,0,1331,3191,7827,11073,20352,65535,6706,32223,44740,57495,33929,65535,6714
1685608302,0,1,1,0,1331,3193,7825,11076,20340,65535,6704,32220,44736,57525,33937,65535,6710
1685608308,0,1,1,0,1331,3192,7829,11076,20349,65535,6704,32201,44752,57516,33947,65535,6712
1685608314,0,1,1,0,1331,3194,7830,11080,20341,65535,6706,32223,44753,57537,33938,65535,6712
1685608320,0,1,1,0,1331,3195,7830,11077,20351,65535,6706,32231,44767,57536,33964,65535,6714
1685608326,0,1,1,0,1331,3195,7831,11085,20345,65535,6702,32227,44767,57526,33954,65535,6714
1685608332,0,1,1,0,1331,3193,7828,11080,20349,65535,6706,32230,44754,57541,33958,65535,6714
1685608338,0,1,1,0,1331,3194,7832,11081,20346,65535,6706,32208,44759,57540,33941,65535,6710
1685608344,0,1,1,0,1331,3193,7831,11081,20355,65535,6706,32227,44766,57527,33965,65535,6715
1685608350,0,1,1,0,1331,3193,7830,11079,20342,65535,6708,32226,44756,57530,33940,65535,6714
1685608356,0,1,1,0,1331,3196,7832,11079,20347,65535,6707,32224,44784,57538,33968,65535,6716
1685608362,0,1,1,0,1331,3193,7833,11085,20359,65535,6708,32239,44778,57585,33955,65535,6716
1685608368,0,1,1,0,1331,3196,7837,11087,20361,65535,6706,32232,44780,57566,33957,65535,6716
1685608374,0,1,1,0,1331,3194,7834,11086,20349,65535,6710,32244,44800,57565,33967,65535,6718
1685608380,0,1,1,0,1331,3196,7838,11086,20348,65535,6706,32228,44784,57552,33962,65535,6718
1685608386,0,1,1,0,1331,3196,7837,11096,20368,65535,6710,32254,44804,57584,33974,65535,6720
1685608392,0,1,1,0,1331,3196,7836,11089,20355,65535,6710,32257,44822,57582,33995,65535,6720
1685608398,0,1,1,0,1331,3195,7836,11085,20357,65535,6712,32255,44816,57580,33979,65535,6718
1685608404,0,1,1,0,1331,3197,7837,11094,20374,65535,6714,32258,44824,57599,33979,65535,6720
1685608410,0,1,1,0,1332,3198,7844,11095,20367,65535,6712,32247,44831,57594,33989,65535,6720
1685608416,0,1,1,0,1331,3198,7840,11094,20366,65535,6714,32269,44832,57601,33999,65535,6722
1685608422,0,1,1,0,1332,3197,7841,11092,20362,65535,6712,32260,44825,57595,33975,65535,6721
1685608428,0,1,1,0,1332,3199,7842,11098,20361,65535,6713,32248,44832,57613,34003,65535,6720
1685608434,0,1,1,0,1332,3199,7839,11098,20371,65535,6716,32274,44850,57611,33991,65535,6724
1685608440,0,1,1,0,1332,3197,7844,11098,20374,65535,6712,32276,44842,57612,34012,65535,6720
1685608446,0,1,1,0,1332,3199,7847,11102,20377,65535,6716,32272,44831,57620,33995,65535,6726
1685608452,0,1,1,0,1332,3199,7847,11104,20383,65535,6716,32276,44847,57621,33991,65535,6722
1685608458,0,1,1,0,1332,3200,7845,11104,20380,65535,6716,32279,44856,57621,34000,65535,6724
1685608464,0,1,1,0,1332,3198,7843,11103,20377,65535,6718,32286,44864,57628,34013,65535,6726
1685608470,0,1,1,0,1332,3202,7843,11103,20374,65535,6718,32286,44869,57628,34006,65535,6726
1685608476,0,1,1,0,1332,3200,7848,11099,20381,65535,6718,32290,44875,57653,34011,65535,6726
1685608482,0,1,1,0,1332,3202,7850,11111,20384,65535,6718,32284,44844,57661,34025,65535,6728
1685608488,0,1,1,0,1332,3199,7850,11102,20384,65535,6718,32282,44867,57621,34006,65535,6726
1685608494,0,1,1,0,1332,3200,7849,11107,20376,65535,6720,32289,44862,57635,34010,65535,6726
1685608500,0,1,1,0,1332,3200,7850,11110,20390,65535,6719,32274,44851,57644,34031,65535,6728
1685608506,0,1,1,0,1332,3201,7846,11109,20376,65535,6720,32275,44859,57648,34034,65535,6726
1685608512,0,1,1,0,1332,3200,7852,11112,20381,65535,6720,32287,44851,57648,34030,65535,6727
1685608518,0,1,1,0,1332,3201,7844,11109,20383,65535,6716,32267,44864,57639,34011,65535,6728
1685608524,0,1,1,0,1332,3203,7847,11111,20378,65535,6722,32299,44871,57669,34040,65535,6730
1685608530,0,1,1,0,1332,3201,7849,11101,20369,65535,6718,32281,44871,57649,34004,65535,6728
1685608536,0,1,1,0,1332,3200,7850,11112,20391,65535,6718,32293,44879,57631,34023,65535,6728
1685608542,0,1,1,0,1332,3202,7850,11110,20379,65535,6718,32292,44883,57695,34015,65535,6728
1685608548,0,1,1,0,1332,3199,7847,11111,20372,65535,6714,32293,44870,57660,34031,65535,6726
1685608554,0,1,1,0,1332,3200,7849,11105,20380,65535,6720,32277,44875,57663,34031,65535,6728
1685608560,0,1,1,0,1332,3202,7850,11109,20379,65535,6720,32283,44872,57644,34007,65535,6727
1685608566,0,1,1,0,1332,3202,7849,11111,20392,65535,6720,32294,44860,57662,34013,65535,6726
1685608572,0,1,1,0,1331,3202,7847,11107,20376,65535,6720,32295,44859,57645,34031,65535,6726
1685608578,0,1,1,0,1332,3201,7844,11110,20392,65535,6719,32291,44866,57646,34005,65535,6726
1685608584,0,1,1,0,1332,3201,7849,11109,20386,65535,6718,32284,44868,57648,34025,65535,6726
1685608590,0,1,1,0,1331,3199,7846,11107,20370,65535,6714,32284,44871,57625,34017,65535,6724
1685608596,0,1,1,0,1332,3200,7844,11110,20377,65535,6718,32289,44855,57625,34018,65535,6728
1685608602,0,1,1,0,1332,3203,7845,11105,20373,65535,6716,32287,44869,57635,34021,65535,6724
1685608608,0,1,1,0,1332,3200,7847,11107,20386,65535,6720,32294,44874,57664,34028,65535,6726
1685608614,0,1,1,0,1332,3200,7847,11103,20375,65535,6718,32268,44863,57642,34020,65535,6726
1685608620,0,1,1,0,1332,3202,7848,11109,20374,65535,6718,32287,44856,57650,34025,65535,6726
1685608626,0,1,1,0,1332,3200,7849,11107,20373,65535,6718,32287,44858,57642,34005,65535,6726
1685608632,0,1,1,0,1332,3199,7850,11107,20385,65535,6718,32287,44858,57647,34010,65535,6726
1685608638,0,1,1,0,1332,3201,7847,11108,20389,65535,6714,32298,44866,57655,34008,65535,6726
1685608644,0,1,1,0,1332,3202,7850,11109,20378,65535,6718,32275,44865,57657,34010,65535,6726
1685608650,0,1,1,0,1332,3201,7845,11104,20388,65535,6718,32295,44869,57658,34012,65535,6726
1685608656,0,1,1,0,1332,3204,7853,11107,20391,65535,6718,32288,44871,57657,34009,65535,6730
1685608662,0,1,1,0,1332,3200,7848,11109,20381,65535,6720,32277,44866,57649,34033,65535,6728
1685608668,0,1,1,0,1332,3201,7849,11118,20378,65535,6720,32284,44885,57663,34034,65535,6728
1685608674,0,1,1,0,1332,3202,7849,11108,20379,65535,6720,32296,44882,57678,34042,65535,6730
1685608680,0,1,1,0,1332,3204,7854,11113,20396,65535,6722,32314,44895,57687,34041,65535,6732
1685608686,0,1,1,0,1332,3203,7853,11115,20398,65535,6724,32311,44897,57695,34033,65535,6733
1685608692,0,1,1,0,1332,3205,7856,11118,20395,65535,6724,32319,44909,57710,34052,65535,6730
1685608698,0,1,1,0,1332,3203,7858,11119,20385,65535,6722,32321,44903,57694,34052,65535,6730
1685608704,0,1,1,0,1332,3206,7857,11118,20390,65535,6724,32320,44903,57698,34054,65535,6732
1685608710,0,1,1,0,1332,3203,7856,11119,20392,65535,6722,32303,44907,57697,34034,65535,6732
1685608716,0,1,1,0,1332,3203,7855,11112,20399,65535,6722,32307,44901,57699,34036,65535,6728
1685608722,0,1,1,0,1332,3203,7858,11120,20392,65535,6722,32324,44908,57678,34042,65535,6732
1685608728,0,1,1,0,1332,3205,7856,11121,20408,65535,6724,32307,44886,57708,34044,65535,6732
1685608734,0,1,1,0,1332,3204,7852,11125,20398,65535,6722,32303,44910,57678,34058,65535,6732
1685608740,0,1,1,0,1332,3203,7851,11117,20400,65535,6726,32319,44892,57712,34040,65535,6732
1685608746,0,1,1,0,1332,3203,7856,11117,20397,65535,6726,32299,44912,57698,34059,65535,6732
1685608752,0,1,1,0,1332,3206,7859,11125,20396,65535,6726,32328,44926,57722,34049,65535,6730
1685608758,0,1,1,0,1332,3204,7853,11127,20401,65535,6726,32302,44915,57702,34040,65535,6732
1685608764,0,1,1,0,1332,3204,7856,11122,20400,65535,6724,32303,44908,57727,34056,65535,6732
1685608770,0,1,1,0,1332,3205,7853,11116,20402,65535,6726,32323,44907,57713,34062,65535,6734
1685608776,0,1,1,0,1332,3205,7852,11121,20391,65535,6726,32331,44930,57707,34046,65535,6735
1685608782,0,1,1,0,1332,3206,7857,11123,20402,65535,6724,32323,44925,57707,34043,65535,6732
1685608788,0,1,1,0,1332,3206,7857,11115,20398,65535,6724,32304,44906,57691,34049,65535,6730
1685608794,0,1,1,0,1332,3204,7858,11124,20401,65535,6726,32309,44914,57700,34055,65535,6732
1685608800,0,1,1,0,1332,3204,7857,11123,20393,65535,6724,32333,44922,57706,34052,65535,6732
1685608806,0,1,1,0,1332,3203,7858,11118,20397,65535,6726,32311,44917,57706,34049,65535,6734
1685608812,0,1,1,0,1332,3206,7858,11124,20400,65535,6726,32333,44926,57720,34066,65535,6734
1685608818,0,1,1,0,1332,3206,7859,11124,20403,65535,6727,32334,44915,57720,34044,65535,6734
1685608824,0,1,1,0,1332,3204,7860,11128,20408,65535,6726,32334,44913,57738,34049,65535,6734
1685608830,0,1,1,0,1332,3206,7860,11132,20408,65535,6728,32317,44943,57729,34072,65535,6736
1685608836,0,1,1,0,1332,3206,7861,11121,20405,65535,6732,32323,44920,57688,34045,65535,6736
1685608842,0,1,1,0,1332,3207,7856,11130,20406,65535,6728,32313,44944,57732,34062,65535,6736
1685608848,0,1,1,0,1332,3206,7862,11126,20396,65535,6730,32320,44924,57712,34076,65535,6736
1685608854,0,1,1,0,1332,3205,7859,11132,20404,65535,6732,32342,44952,57712,34078,65535,6740
1685608860,0,1,1,0,1332,3206,7865,11125,20407,65535,6728,32345,44956,57745,34076,65535,6736
1685608866,0,1,1,0,1332,3208,7863,11128,20398,65535,6728,32325,44951,57711,34076,65535,6736
1685608872,0,1,1,0,1332,3207,7857,11127,20391,65535,6728,32333,44931,57725,34067,65535,6738
1685608878,0,1,1,0,1332,3206,7863,11132,20399,65535,6726,32335,44956,57740,34077,65535,6736
1685608884,0,1,1,0,1332,3206,7861,11128,20398,65535,6730,32330,44937,57725,34074,65535,6738
1685608890,0,1,1,0,1332,3206,7860,11132,20400,65535,6730,32320,44944,57733,34062,65535,6738
1685608896,0,1,1,0,1332,3207,7857,11132,20398,65535,6728,32331,44935,57732,34055,65535,6734
1685608902,0,1,1,0,1332,3208,7860,11127,20402,65535,6730,32342,44941,57747,34079,65535,6736
1685608908,0,1,1,0,1332,3208,7864,11131,20414,65535,6730,32348,44954,57744,34087,65535,6738
1685608914,0,1,1,0,1332,3208,7862,11133,20415,65535,6730,32325,44945,57718,34084,65535,6736
1685608920,0,1,1,0,1332,3209,7863,11130,20407,65535,6732,32346,44964,57758,34074,65535,6737
1685608926,0,1,1,0,1332,3207,7864,11136,20411,65535,6734,32347,44950,57757,34067,65535,6736
1685608932,0,1,1,0,1332,3209,7862,11130,20411,65535,6732,32335,44937,57739,34075,65535,6738
1685608938,0,1,1,0,1332,3206,7862,11137,20401,65535,6730,32340,44950,57754,34070,65535,6742
1685608944,0,1,1,0,1332,3207,7860,11139,20413,65535,6730,32353,44962,57752,34089,65535,6740
1685608950,0,1,1,0,1332,3207,7866,11136,20418,65535,6734,32360,44970,57773,34082,65535,6740
1685608956,0,1,1,0,1332,3208,7864,11131,20416,65535,6738,32361,44975,57776,34082,65535,6738
1685608962,0,1,1,0,1332,3210,7864,11133,20405,65535,6732,32356,44958,57769,34097,65535,6740
1685608968,0,1,1,0,1332,3208,7862,11131,20398,65535,6730,32352,44977,57744,34091,65535,6741
1685608974,0,1,1,0,1332,3209,7861,11130,20412,65535,6732,32333,44949,57774,34073,65535,6738
1685608980,0,1,1,0,1332,3209,7867,11137,20405,65535,6732,32349,44976,57755,34092,65535,6740
1685608986,0,1,1,0,1332,3208,7864,11137,20416,65535,6732,32340,44971,57750,34088,65535,6740
1685608992,0,1,1,0,1332,3208,7864,11135,20408,65535,6730,32339,44954,57747,34082,65535,6736
1685608998,0,1,1,0,1332,3208,7861,11126,20413,65535,6730,32342,44939,57711,34066,65535,6738
1685609004,0,1,1,0,1332,3206,7860,11133,20397,65535,6730,32317,44949,57744,34080,65535,6736
1685609010,0,1,1,0,1332,3206,7858,11125,20393,65535,6728,32342,44938,57711,34061,65535,6736
1685609016,0,1,1,0,1332,3206,7859,11127,20393,65535,6726,32336,44913,57729,34056,65535,6736
1685609022,0,1,1,0,1332,3204,7854,11124,20395,65535,6726,32325,44910,57699,34067,65535,6734
1685609028,0,1,1,0,1332,3206,7861,11133,20398,65535,6726,32315,44919,57743,34078,65535,6734
1685609034,0,1,1,0,1332,3204,7859,11127,20405,65535,6728,32307,44906,57713,34058,65535,6734
1685609040,0,1,1,0,1332,3206,7856,11126,20394,65535,6726,32326,44923,57719,34047,65535,6732
1685609046,0,1,1,0,1332,3204,7856,11125,20391,65535,6726,32300,44913,57685,34065,65535,6732
1685609052,0,1,1,0,1332,3205,7857,11120,20405,65535,6726,32316,44920,57712,34045,65535,6734
1685609058,0,1,1,0,1332,3204,7849,11114,20388,65535,6722,32307,44901,57659,34026,65535,6730
1685609064,0,1,1,0,1332,3203,7852,11112,20383,65535,6724,32300,44870,57651,34050,65535,6730
1685609070,0,1,1,0,1332,3203,7851,11109,20395,65535,6722,32306,44896,57680,34034,65535,6730
1685609076,0,1,1,0,1332,3203,7850,11113,20393,65535,6722,32306,44890,57679,34042,65535,6728
1685609082,0,1,1,0,1332,3201,7851,11111,20391,65535,6720,32299,44866,57651,34016,65535,6728
1685609088,0,1,1,0,1332,3202,7848,11106,20377,65535,6720,32293,44868,57619,34010,65535,6725
1685609094,0,1,1,0,1331,3200,7844,11102,20365,65535,6715,32275,44844,57622,33997,65535,6724
1685609100,0,1,1,0,1332,3199,7839,11098,20375,65535,6714,32249,44821,57603,33987,65535,6721
1685609106,0,1,1,0,1331,3199,7838,11095,20367,65535,6710,32259,44810,57570,33972,65535,6722
1685609112,0,1,1,0,1331,3197,7835,11090,20356,65535,6714,32258,44826,57598,33997,65535,6720
1685609118,0,1,1,0,1331,3195,7837,11088,20368,65535,6710,32245,44809,57554,33962,65535,6718
1685609124,0,1,1,0,1331,3194,7831,11084,20344,65535,6708,32228,44778,57530,33948,65535,6712
1685609130,0,1,1,0,1331,3195,7831,11073,20342,65535,6704,32228,44764,57531,33935,65535,6712
1685609136,0,1,1,0,1331,3193,7828,11075,20337,65535,6700,32219,44757,57524,33956,65535,6710
1685609142,0,1,1,0,1331,3193,7829,11075,20335,65535,6704,32218,44753,57527,33943,65535,6710
1685609148,0,1,1,0,1331,3194,7827,11076,20347,65535,6704,32220,44753,57530,33925,65535,6710
1685609154,0,1,1,0,1331,3192,7825,11064,20339,65535,6702,32200,44742,57513,33936,65535,6709
1685609160,0,1,1,0,1331,3193,7827,11073,20338,65535,6704,32208,44752,57499,33929,65535,6710
1685609166,0,1,1,0,1331,3191,7831,11076,20353,65535,6704,32229,44762,57541,33936,65535,6710
1685609172,0,1,1,0,1331,3190,7828,11071,20345,65535,6698,32219,44746,57493,33926,65535,6708
1685609178,0,1,1,0,1331,3194,7831,11076,20354,65535,6702,32209,44757,57537,33947,65535,6714
1685609184,0,1,1,0,1331,3192,7828,11074,20339,65535,6704,32220,44759,57522,33928,65535,6710
1685609190,0,1,1,0,1331,3192,7830,11069,20339,65535,6702,32228,44761,57534,33946,65535,6710
1685609196,0,1,1,0,1331,3192,7827,11066,20343,65535,6698,32222,44754,57527,33937,65535,6710
1685609202,0,1,1,0,1331,3191,7824,11071,20344,65535,6698,32210,44738,57505,33938,65535,6708
1685609208,0,1,1,0,1331,3191,7825,11074,20336,65535,6700,32211,44737,57484,33917,65535,6708
1685609214,0,1,1,0,1331,3192,7826,11074,20339,65535,6700,32200,44757,57520,33923,65535,6710
1685609220,0,1,1,0,1331,3192,7827,11068,20343,65535,6698,32190,44726,57488,33912,65535,6706
1685609226,0,1,1,0,1331,3190,7821,11059,20328,65535,6698,32199,44723,57444,33903,65535,6706
1685609232,0,1,1,0,1331,3189,7823,11056,20326,65535,6696,32194,44709,57436,33900,65535,6704
1685609238,0,1,1,0,1331,3189,7818,11057,20323,65535,6694,32184,44706,57433,33892,65535,6702
1685609244,0,1,1,0,1331,3189,7815,11053,20318,65535,6694,32189,44708,57442,33902,65535,6700
1685609250,0,1,1,0,1330,3188,7819,11052,20318,65535,6692,32178,44681,57433,33883,65535,6698
1685609256,0,1,1,0,1330,3186,7810,11048,20307,65535,6694,32170,44668,57396,33880,65535,6700
1685609262,0,1,1,0,1330,3187,7815,11045,20308,65535,6690,32158,44675,57381,33859,65535,6696
1685609268,0,1,1,0,1330,3185,7812,11045,20321,65535,6688,32150,44668,57380,33866,65535,6698
1685609274,0,1,1,0,1330,3187,7814,11046,20315,65535,6690,32164,44669,57413,33874,65535,6700
1685609280,0,1,1,0,1330,3186,7815,11045,20312,65535,6690,32160,44671,57427,33859,65535,6698
1685609286,0,1,1,0,1330,3186,7812,11049,20309,65535,6690,32162,44663,57417,33886,65535,6696
1685609292,0,1,1,0,1330,3186,7814,11048,20313,65535,6690,32161,44675,57424,33871,65535,6698
1685609298,0,1,1,0,1330,3185,7812,11037,20310,65535,6688,32151,44641,57412,33862,65535,6698
1685609304,0,1,1,0,1330,3186,7810,11042,20315,65535,6688,32159,44648,57384,33858,65535,6698
1685609310,0,1,1,0,1330,3185,7809,11040,20309,65535,6688,32158,44645,57406,33861,65535,6692
1685609316,0,1,1,0,1330,3183,7810,11041,20316,65535,6688,32157,44646,57401,33859,65535,6696
1685609322,0,1,1,0,1330,3186,7810,11044,20317,65535,6691,32153,44649,57412,33878,65535,6702
1685609328,0,1,1,0,1330,3185,7810,11046,20307,65535,6688,32141,44645,57412,33875,65535,6696
1685609334,0,1,1,0,1330,3186,7811,11047,20312,65535,6692,32157,44660,57405,33865,65535,6698
1685609340,0,1,1,0,1330,3186,7811,11044,20309,65535,6690,32158,44657,57405,33861,65535,6696
1685609346,0,1,1,0,1330,3185,7809,11040,20302,65535,6688,32140,44653,57397,33838,65535,6698
1685609352,0,1,1,0,1330,3185,7812,11040,20303,65535,6686,32148,44634,57386,33847,65535,6696
1685609358,0,1,1,0,1330,3183,7811,11040,20298,65535,6687,32148,44641,57396,33866,65535,6692
1685609364,0,1,1,0,1330,3183,7805,11036,20306,65535,6688,32139,44633,57373,33844,65535,6694
1685609370,0,1,1,0,1330,3184,7805,11035,20299,65535,6685,32126,44639,57396,33840,65535,6694
1685609376,0,1,1,0,1330,3185,7808,11037,20302,65535,6686,32145,44635,57410,33841,65535,6694
1685609382,0,1,1,0,1330,3184,7808,11038,20310,65535,6685,32131,44637,57384,33836,65535,6694
1685609388,0,1,1,0,1330,3185,7805,11037,20300,65535,6684,32129,44613,57397,33860,65535,6693
1685609394,0,1,1,0,1330,3184,7810,11038,20311,65535,6688,32148,44644,57377,33842,65535,6692
1685609400,0,1,1,0,1330,3181,7804,11033,20296,65535,6684,32135,44618,57391,33843,65535,6692
1685609406,0,1,1,0,1330,3182,7803,11032,20301,65535,6682,32121,44623,57346,33825,65535,6692
1685609412,0,1,1,0,1330,3180,7801,11028,20294,65535,6678,32129,44610,57347,33809,65535,6688
1685609418,0,1,1,0,1330,3183,7805,11037,20300,65535,6682,32130,44617,57362,33841,65535,6694
1685609424,0,1,1,0,1330,3181,7802,11029,20295,65535,6680,32107,44592,57330,33829,65535,6688
1685609430,0,1,1,0,1330,3180,7800,11030,20290,65535,6686,32134,44609,57353,33834,65535,6690
1685609436,0,1,1,0,1330,3181,7800,11030,20300,65535,6684,32129,44625,57365,33845,65535,6692
1685609442,0,1,1,0,1330,3181,7800,11031,20296,65535,6684,32119,44606,57356,33832,65535,6692
1685609448,0,1,1,0,1330,3180,7801,11031,20295,65535,6684,32132,44599,57352,33834,65535,6692
1685609454,0,1,1,0,1330,3180,7804,11027,20296,65535,6684,32119,44616,57357,33820,65535,6691
1685609460,0,1,1,0,1330,3183,7802,11030,20297,65535,6680,32135,44622,57356,33839,65535,6692
1685609466,0,1,1,0,1330,3180,7804,11038,20297,65535,6684,32123,44623,57367,33841,65535,6692
1685609472,0,1,1,0,1330,3183,7805,11033,20303,65535,6684,32136,44623,57360,33834,65535,6688
1685609478,0,1,1,0,1330,3184,7803,11035,20297,65535,6686,32139,44615,57366,33853,65535,6692
1685609484,0,1,1,0,1330,3182,7805,11039,20291,65535,6684,32142,44609,57360,33842,65535,6690
1685609490,0,1,1,0,1330,3181,7803,11033,20302,65535,6684,32136,44612,57360,33820,65535,6690
1685609496,0,1,1,0,1330,3182,7802,11034,20297,65535,6682,32119,44618,57367,33829,65535,6690
1685609502,0,1,1,0,1330,3180,7802,11032,20304,65535,6682,32134,44622,57375,33845,65535,6690
1685609508,0,1,1,0,1330,3182,7802,11032,20299,65535,6684,32140,44616,57358,33836,65535,6690
1685609514,0,1,1,0,1330,3180,7800,11026,20285,65535,6682,32125,44601,57332,33811,65535,6694
1685609520,0,1,1,0,1330,3178,7798,11028,20297,65535,6680,32119,44592,57327,33814,65535,6690
1685609526,0,1,1,0,1330,3179,7799,11024,20286,65535,6680,32117,44592,57324,33811,65535,6688
1685609532,0,1,1,0,1330,3178,7797,11027,20284,65535,6680,32098,44577,57304,33828,65535,6686
1685609538,0,1,1,0,1325,3179,7795,11019,20280,65535,6676,32112,44570,57311,33792,65535,6686
1685609544,0,1,1,0,1325,3176,7792,11010,20272,65535,6674,32077,44520,57275,33777,65535,6682
1685609550,0,1,1,0,1325,3176,7787,11008,20278,65535,6674,32085,44526,57292,33765,65535,6680
1685609556,0,1,1,0,1325,3174,7785,11004,20261,65535,6672,32067,44517,57284,33777,65535,6678
1685609562,0,1,1,0,1325,3173,7783,11002,20259,65535,6670,32059,44504,57243,33766,65535,6678
1685609568,0,1,1,0,1325,3172,7781,10995,20264,65535,6670,32069,44492,57235,33739,65535,6676
1685609574,0,1,1,0,1325,3172,7779,10989,20254,65535,6666,32040,44474,57222,33746,65535,6674
1685609580,0,1,1,0,1325,3171,7779,10991,20257,65535,6662,32031,44465,57229,33733,65535,6672
1685609586,0,1,1,0,1325,3169,7776,10982,20245,65535,6666,32035,44456,57152,33722,65535,6668
1685609592,0,1,1,0,1325,3168,7772,10977,20235,65535,6662,32032,44436,57154,33705,65535,6668
1685609598,0,1,1,0,1325,3167,7771,10979,20239,65535,6654,31996,44418,57151,33691,65535,6668
1685609604,0,1,1,0,1324,3169,7770,10979,20230,65535,6654,31994,44406,57116,33673,65535,6664
1685609610,0,1,1,0,1324,3168,7766,10968,20226,65535,6656,32004,44401,57116,33670,65535,6660
1685609616,0,1,1,0,1324,3163,7762,10961,20228,65535,6650,31975,44377,57081,33668,65535,6658
1685609622,0,1,1,0,1324,3164,7764,10963,20233,65535,6650,31977,44364,57127,33668,65535,6656
1685609628,0,1,1,0,1324,3162,7761,10958,20214,65535,6648,31972,44372,57078,33667,65535,6656
1685609634,0,1,1,0,1324,3163,7758,10954,20213,65535,6648,31961,44351,57051,33669,65535,6654
1685609640,0,1,1,0,1324,3163,7756,10949,20218,65535,6648,31961,44333,57040,33667,65535,6656
1685609646,0,1,1,0,1324,3161,7751,10945,20214,65535,6646,31951,44336,57016,33667,65535,6652
1685609652,0,1,1,0,1324,3162,7751,10942,20210,65535,6640,31951,44332,57046,33667,65535,6650
1685609658,0,1,1,0,1324,3158,7749,10938,20203,65535,6640,31960,44312,57025,33667,65535,6646
1685609664,0,1,1,0,1324,3157,7748,10936,20207,65535,6642,31946,44300,57020,33666,65535,6644
1685609670,0,1,1,0,1323,3156,7747,10928,20200,65535,6636,31944,44302,57013,33667,65535,6646
1685609676,0,1,1,0,1323,3156,7743,10937,20203,65535,6634,31920,44284,56995,33665,65535,6642
1685609682,0,1,1,0,1323,3156,7742,10928,20197,65535,6636,31916,44281,56991,33660,65535,6646
1685609688,0,1,1,0,1323,3156,7737,10929,20199,65535,6632,31910,44273,56972,33660,65535,6640
1685609694,0,1,1,0,1323,3153,7741,10923,20195,65535,6630,31914,44248,56946,33658,65535,6638
1685609700,0,1,1,0,1323,3155,7744,10923,20193,65535,6632,31929,44267,56984,33664,65535,6638
1685609706,0,1,1,0,1323,3153,7737,10919,20196,65535,6630,31892,44228,56947,33651,65535,6638
1685609712,0,1,1,0,1323,3153,7740,10924,20194,65535,6630,31918,44258,56961,33662,65535,6640
1685609718,0,1,1,0,1323,3153,7734,10920,20197,65535,6630,31918,44246,56948,33654,65535,6638
1685609724,0,1,1,0,1323,3155,7736,10920,20196,65535,6632,31921,44240,56945,33662,65535,6638
1685609730,0,1,1,0,1323,3154,7739,10926,20194,65535,6630,31920,44246,56952,33640,65535,6636
1685609736,0,1,1,0,1323,3156,7737,10920,20191,65535,6630,31923,44258,56962,33646,65535,6638
1685609742,0,1,1,0,1323,3155,7739,10920,20197,65535,6628,31913,44254,56983,33639,65535,6638
1685609748,0,1,1,0,1323,3152,7738,10918,20194,65535,6628,31910,44214,56937,33629,65535,6636
1685609754,0,1,1,0,1323,3154,7733,10912,20188,65535,6626,31893,44214,56907,33612,65535,6632
1685609760,0,1,1,0,1323,3151,7733,10907,20182,65535,6624,31891,44194,56941,33638,65535,6632
1685609766,0,1,1,0,1323,3149,7729,10904,20184,65535,6622,31858,44176,56873,33610,65535,6628
1685609772,0,1,1,0,1323,3147,7726,10899,20175,65535,6622,31871,44181,56869,33605,65535,6628
1685609778,0,1,1,0,1323,3149,7725,10904,20177,65535,6618,31864,44172,56851,33578,65535,6628
1685609784,0,1,1,0,1322,3148,7723,10899,20186,65535,6620,31844,44161,56876,33580,65535,6626
1685609790,0,1,1,0,1322,3147,7720,10897,20178,65535,6618,31848,44172,56849,33593,65535,6628
1685609796,0,1,1,0,1322,3145,7722,10898,20169,65535,6616,31857,44164,56839,33576,65535,6624
1685609802,0,1,1,0,1322,3144,7719,10889,20171,65535,6620,31854,44154,56852,33563,65535,6624
1685609808,0,1,1,0,1322,3146,7717,10893,20159,65535,6616,31851,44138,56834,33566,65535,6622
1685609814,0,1,1,0,1322,3145,7717,10889,20150,65535,6612,31839,44143,56812,33572,65535,6618
1685609820,0,1,1,0,1322,3144,7714,10881,20152,65535,6614,31818,44137,56800,33544,65535,6618
1685609826,0,1,1,0,1322,3145,7716,10882,20165,65535,6612,31819,44129,56828,33535,65535,6620
1685609832,0,1,1,0,1322,3145,7715,10882,20158,65535,6610,31829,44124,56796,33547,65535,6618
1685609838,0,1,1,0,1322,3144,7712,10879,20157,65535,6612,31816,44105,56807,33551,65535,6620
1685609844,0,1,1,0,1322,3143,7712,10889,20150,65535,6614,31821,44136,56812,33544,65535,6622
1685609850,0,1,1,0,1322,3143,7713,10883,20157,65535,6612,31823,44137,56823,33563,65535,6620
1685609856,0,1,1,0,1322,3145,7715,10883,20160,65535,6610,31809,44109,56760,33519,65535,6616
1685609862,0,1,1,0,1322,3142,7714,10882,20144,65535,6612,31815,44124,56778,33548,65535,6618
1685609868,0,1,1,0,1322,3143,7709,10880,20159,65535,6610,31813,44117,56784,33536,65535,6618
1685609874,0,1,1,0,1322,3144,7712,10882,20161,65535,6610,31808,44110,56764,33549,65535,6617
1685609880,0,1,1,0,1322,3143,7711,10883,20149,65535,6610,31825,44111,56787,33523,65535,6620
1685609886,0,1,1,0,1322,3144,7713,10881,20150,65535,6610,31825,44120,56792,33531,65535,6622
1685609892,0,1,1,0,1322,3142,7710,10873,20157,65535,6612,31817,44101,56778,33506,65535,6620
1685609898,0,1,1,0,1322,3139,7709,10871,20151,65535,6612,31821,44104,56804,33544,65535,6614
1685609904,0,1,1,0,1322,3143,7709,10871,20137,65535,6608,31793,44073,56781,33508,65535,6614
1685609910,0,1,1,0,1322,3139,7707,10870,20134,65535,6606,31790,44075,56749,33501,65535,6614
1685609916,0,1,1,0,1322,3137,7703,10869,20131,65535,6603,31794,44061,56728,33515,65535,6610
1685609922,0,1,1,0,1322,3138,7700,10858,20128,65535,6600,31781,44046,56707,33498,65535,6608
1685609928,0,1,1,0,1322,3138,7698,10851,20120,65535,6601,31766,44026,56686,33484,65535,6612
1685609934,0,1,1,0,1321,3136,7695,10855,20111,65535,6598,31759,44014,56679,33462,65535,6604
1685609940,0,1,1,0,1321,3135,7696,10847,20114,65535,6594,31735,44003,56656,33455,65535,6606
1685609946,0,1,1,0,1321,3134,7693,10845,20120,65535,6592,31752,43995,56648,33437,65535,6604
1685609952,0,1,1,0,1321,3132,7692,10847,20109,65535,6592,31746,43996,56671,33437,65535,6604
1685609958,0,1,1,0,1321,3134,7686,10834,20113,65535,6594,31736,43970,56612,33418,65535,6598
1685609964,0,1,1,0,1321,3131,7684,10828,20105,65535,6588,31729,43949,56593,33433,65535,6594
1685609970,0,1,1,0,1321,3128,7679,10830,20093,65535,6586,31695,43926,56573,33391,65535,6590
1685609976,0,1,1,0,1321,3127,7676,10819,20083,65535,6582,31679,43901,56546,33383,65535,6592
1685609982,0,1,1,0,1321,3127,7679,10820,20089,65535,6586,31685,43898,56550,33371,65535,6590
1685609988,0,1,1,0,1321,3128,7677,10823,20080,65535,6582,31687,43890,56570,33397,65535,6588
1685609994,0,1,1,0,1321,3127,7677,10820,20077,65535,6582,31681,43899,56547,33381,65535,6590
