Timestamp,Amber,White,On,Override,Intensity,AS00,AS01,AS02,AS03,AS04,AS05,AS06,AS07,AS08,AS09,AS10,AS11
1685610000,0,1,1,0,1321,3128,7673,10823,20079,65535,6582,31682,43908,56542,33382,65535,6588
1685610006,0,1,1,0,1320,3126,7673,10816,20080,65535,6582,31680,43899,56546,33374,65535,6588
1685610012,0,1,1,0,1320,3125,7673,10810,20070,65535,6580,31682,43893,56531,33359,65535,6588
1685610018,0,1,1,0,1320,3125,7676,10817,20084,65535,6578,31668,43892,56536,33362,65535,6586
1685610024,0,1,1,0,1320,3127,7678,10820,20092,65535,6586,31677,43906,56550,33402,65535,6586
1685610030,0,1,1,0,1320,3128,7676,10824,20076,65535,6586,31675,43909,56543,33374,65535,6592
1685610036,0,1,1,0,1320,3129,7677,10822,20088,65535,6582,31676,43904,56539,33382,65535,6590
1685610042,0,1,1,0,1320,3126,7668,10813,20069,65535,6580,31677,43889,56517,33376,65535,6586
1685610048,0,1,1,0,1320,3127,7673,10812,20087,65535,6578,31675,43860,56514,33355,65535,6590
1685610054,0,1,1,0,1320,3126,7669,10809,20067,65535,6580,31676,43873,56545,33374,65535,6584
1685610060,0,1,1,0,1320,3123,7668,10806,20075,65535,6576,31668,43860,56505,33345,65535,6584
1685610066,0,1,1,0,1320,3121,7665,10807,20069,65535,6578,31642,43841,56508,33350,65535,6586
1685610072,0,1,1,0,1320,3122,7665,10802,20056,65535,6574,31636,43842,56479,33350,65535,6579
1685610078,0,1,1,0,1320,3124,7663,10798,20067,65535,6574,31627,43825,56462,33333,65535,6578
1685610084,0,1,1,0,1320,3120,7658,10796,20058,65535,6572,31626,43801,56455,33328,65535,6578
1685610090,0,1,1,0,1320,3119,7661,10793,20061,65535,6570,31621,43805,56470,33301,65535,6578
1685610096,0,1,1,0,1320,3120,7659,10786,20055,65535,6568,31617,43797,56465,33321,65535,6582
1685610102,0,1,1,0,1320,3120,7660,10794,20056,65535,6570,31617,43798,56415,33318,65535,6576
1685610108,0,1,1,0,1320,3120,7659,10793,20054,65535,6570,31629,43820,56457,33334,65535,6580
1685610114,0,1,1,0,1320,3121,7657,10792,20041,65535,6568,31621,43808,56445,33323,65535,6576
1685610120,0,1,1,0,1320,3120,7656,10783,20038,65535,6568,31605,43798,56393,33304,65535,6578
1685610126,0,1,1,0,1320,3120,7658,10789,20058,65535,6570,31619,43794,56425,33317,65535,6576
1685610132,0,1,1,0,1320,3118,7658,10788,20049,65535,6566,31613,43800,56419,33297,65535,6574
1685610138,0,1,1,0,1320,3118,7655,10786,20040,65535,6566,31603,43789,56402,33284,65535,6576
1685610144,0,1,1,0,1315,3117,7654,10785,20033,65535,6566,31609,43764,56414,33308,65535,6572
1685610150,0,1,1,0,1320,3118,7656,10786,20048,65535,6564,31606,43787,56420,33300,65535,6574
1685610156,0,1,1,0,1320,3118,7656,10794,20045,65535,6566,31609,43793,56434,33292,65535,6574
1685610162,0,1,1,0,1315,3119,7655,10786,20034,65535,6567,31622,43795,56420,33302,65535,6574
1685610168,0,1,1,0,1320,3118,7658,10788,20039,65535,6568,31614,43790,56414,33307,65535,6574
1685610174,0,1,1,0,1320,3118,7656,10785,20038,65535,6568,31617,43778,56430,33299,65535,6574
1685610180,0,1,1,0,1320,3121,7656,10788,20048,65535,6569,31629,43805,56447,33310,65535,6574
1685610186,0,1,1,0,1320,3119,7656,10789,20051,65535,6568,31619,43795,56422,33297,65535,6572
1685610192,0,1,1,0,1320,3119,7655,10785,20048,65535,6567,31619,43801,56396,33316,65535,6576
1685610198,0,1,1,0,1320,3118,7656,10784,20038,65535,6566,31612,43789,56439,33304,65535,6576
1685610204,0,1,1,0,1315,3119,7657,10783,20046,65535,6566,31621,43791,56408,33309,65535,6574
1685610210,0,1,1,0,1315,3119,7657,10782,20040,65535,6567,31602,43781,56404,33284,65535,6574
1685610216,0,1,1,0,1315,3118,7655,10791,20034,65535,6565,31615,43790,56407,33275,65535,6572
1685610222,0,1,1,0,1315,3119,7653,10778,20036,65535,6568,31596,43785,56381,33307,65535,6578
1685610228,0,1,1,0,1315,3119,7654,10785,20048,65535,6568,31619,43788,56420,33308,65535,6574
1685610234,0,1,1,0,1315,3119,7648,10781,20028,65535,6566,31608,43798,56422,33302,65535,6576
1685610240,0,1,1,0,1315,3119,7655,10780,20044,65535,6564,31599,43759,56394,33288,65535,6570
1685610246,0,1,1,0,1315,3113,7643,10768,20028,65535,6560,31599,43741,56355,33277,65535,6568
1685610252,0,1,1,0,1315,3114,7643,10762,20014,65535,6556,31576,43720,56318,33255,65535,6563
1685610258,0,1,1,0,1315,3113,7639,10756,20017,65535,6556,31549,43708,56300,33245,65535,6564
1685610264,0,1,1,0,1315,3111,7640,10758,20006,65535,6554,31551,43699,56335,33224,65535,6566
1685610270,0,1,1,0,1315,3110,7636,10753,20011,65535,6552,31545,43681,56309,33231,65535,6560
1685610276,0,1,1,0,1315,3112,7634,10756,20014,65535,6552,31542,43660,56274,33230,65535,6560
1685610282,0,1,1,0,1315,3110,7637,10759,19998,65535,6554,31539,43682,56313,33222,65535,6558
1685610288,0,1,1,0,1315,3110,7637,10759,20005,65535,6552,31564,43692,56303,33239,65535,6560
1685610294,0,1,1,0,1315,3110,7637,10754,20006,65535,6552,31546,43703,56293,33217,65535,6560
1685610300,0,1,1,0,1315,3111,7640,10757,20016,65535,6553,31553,43704,56333,33232,65535,6562
1685610306,0,1,1,0,1315,3110,7634,10763,20010,65535,6552,31546,43696,56305,33232,65535,6562
1685610312,0,1,1,0,1315,3111,7639,10762,20006,65535,6556,31557,43698,56343,33241,65535,6562
1685610318,0,1,1,0,1315,3112,7637,10762,20015,65535,6555,31551,43675,56302,33240,65535,6561
1685610324,0,1,1,0,1315,3112,7641,10764,20019,65535,6554,31566,43691,56346,33251,65535,6562
1685610330,0,1,1,0,1315,3113,7640,10767,20023,65535,6556,31556,43707,56315,33226,65535,6564
1685610336,0,1,1,0,1315,3114,7639,10763,20021,65535,6558,31558,43723,56318,33243,65535,6564
1685610342,0,1,1,0,1315,3113,7640,10760,20017,65535,6556,31548,43693,56340,33221,65535,6560
1685610348,0,1,1,0,1315,3111,7640,10760,20014,65535,6554,31556,43682,56347,33246,65535,6568
1685610354,0,1,1,0,1315,3114,7638,10763,20022,65535,6558,31551,43707,56348,33226,65535,6564
1685610360,0,1,1,0,1313,3111,7642,10762,20019,65535,6555,31545,43703,56312,33243,65535,6562
1685610366,0,1,1,0,1315,3111,7639,10760,20003,65535,6556,31571,43716,56325,33255,65535,6564
1685610372,0,1,1,0,1315,3112,7642,10766,20012,65535,6556,31578,43715,56350,33242,65535,6562
1685610378,0,1,1,0,1315,3113,7640,10762,20013,65535,6556,31561,43713,56328,33255,65535,6564
1685610384,0,1,1,0,1315,3113,7641,10769,20012,65535,6558,31556,43719,56349,33253,65535,6564
1685610390,0,1,1,0,1315,3112,7643,10764,20021,65535,6562,31566,43725,56330,33249,65535,6564
1685610396,0,1,1,0,1315,3111,7642,10766,20006,65535,6554,31560,43715,56345,33250,65535,6568
1685610402,0,1,1,0,1315,3111,7641,10762,20015,65535,6556,31557,43713,56362,33246,65535,6564
1685610408,0,1,1,0,1315,3111,7640,10761,20009,65535,6558,31578,43699,56327,33255,65535,6566
1685610414,0,1,1,0,1315,3113,7644,10766,20024,65535,6558,31557,43721,56328,33251,65535,6564
1685610420,0,1,1,0,1315,3113,7641,10770,20010,65535,6562,31584,43726,56350,33261,65535,6564
1685610426,0,1,1,0,1315,3113,7640,10765,20011,65535,6560,31579,43705,56342,33254,65535,6568
1685610432,0,1,1,0,1315,3111,7641,10769,20022,65535,6560,31562,43696,56317,33257,65535,6562
1685610438,0,1,1,0,1315,3115,7638,10763,20023,65535,6558,31585,43733,56329,33258,65535,6566
1685610444,0,1,1,0,1315,3114,7639,10759,20007,65535,6556,31563,43695,56343,33240,65535,6562
1685610450,0,1,1,0,1315,3112,7637,10761,20022,65535,6560,31549,43707,56308,33229,65535,6562
1685610456,0,1,1,0,1315,3110,7633,10752,19995,65535,6553,31532,43677,56284,33222,65535,6558
1685610462,0,1,1,0,1314,3107,7631,10749,19991,65535,6550,31530,43665,56282,33209,65535,6558
1685610468,0,1,1,0,1314,3107,7631,10747,20003,65535,6552,31516,43652,56252,33210,65535,6558
1685610474,0,1,1,0,1314,3106,7629,10743,19998,65535,6548,31520,43651,56253,33203,65535,6556
1685610480,0,1,1,0,1314,3107,7630,10743,19998,65535,6548,31513,43645,56234,33204,65535,6554
1685610486,0,1,1,0,1314,3107,7627,10739,19995,65535,6544,31496,43623,56212,33181,65535,6550
1685610492,0,1,1,0,1314,3105,7624,10736,19988,65535,6544,31507,43616,56218,33161,65535,6554
1685610498,0,1,1,0,1314,3104,7624,10738,19980,65535,6542,31496,43613,56198,33166,65535,6548
1685610504,0,1,1,0,1314,3106,7623,10732,19987,65535,6544,31501,43621,56221,33183,65535,6550
1685610510,0,1,1,0,1314,3105,7624,10742,19991,65535,6544,31500,43629,56220,33187,65535,6550
1685610516,0,1,1,0,1314,3107,7625,10736,19990,65535,6544,31498,43629,56224,33190,65535,6552
1685610522,0,1,1,0,1314,3103,7623,10733,19980,65535,6544,31499,43596,56218,33172,65535,6552
1685610528,0,1,1,0,1314,3104,7622,10732,19981,65535,6543,31491,43611,56198,33169,65535,6550
1685610534,0,1,1,0,1314,3104,7623,10739,19976,65535,6540,31497,43611,56203,33159,65535,6550
1685610540,0,1,1,0,1314,3105,7622,10736,19976,65535,6544,31497,43575,56213,33170,65535,6548
1685610546,0,1,1,0,1314,3104,7620,10734,19972,65535,6540,31492,43571,56184,33149,65535,6544
1685610552,0,1,1,0,1314,3101,7613,10723,19964,65535,6538,31486,43558,56189,33137,65535,6544
1685610558,0,1,1,0,1314,3101,7612,10724,19966,65535,6538,31473,43553,56172,33132,65535,6548
1685610564,0,1,1,0,1314,3102,7612,10714,19960,65535,6536,31460,43549,56156,33148,65535,6544
1685610570,0,1,1,0,1314,3102,7615,10724,19966,65535,6538,31463,43575,56170,33156,65535,6544
1685610576,0,1,1,0,1314,3101,7611,10721,19974,65535,6536,31484,43566,56163,33148,65535,6543
1685610582,0,1,1,0,1314,3102,7614,10719,19963,65535,6536,31461,43551,56153,33123,65535,6544
1685610588,0,1,1,0,1313,3097,7608,10710,19952,65535,6532,31449,43540,56130,33113,65535,6540
1685610594,0,1,1,0,1313,3098,7605,10715,19957,65535,6530,31428,43501,56099,33089,65535,6534
1685610600,0,1,1,0,1313,3097,7606,10702,19956,65535,6528,31423,43501,56052,33089,65535,6536
1685610606,0,1,1,0,1313,3098,7606,10705,19949,65535,6528,31441,43521,56102,33099,65535,6536
1685610612,0,1,1,0,1313,3097,7605,10700,19957,65535,6530,31437,43499,56096,33121,65535,6534
1685610618,0,1,1,0,1313,3096,7603,10700,19953,65535,6528,31434,43491,56049,33104,65535,6536
1685610624,0,1,1,0,1313,3095,7602,10699,19939,65535,6528,31421,43496,56066,33097,65535,6534
1685610630,0,1,1,0,1313,3097,7602,10699,19950,65535,6526,31427,43502,56068,33094,65535,6534
1685610636,0,1,1,0,1313,3096,7597,10692,19934,65535,6524,31417,43496,56039,33088,65535,6530
1685610642,0,1,1,0,1313,3092,7595,10685,19922,65535,6521,31389,43437,56010,33066,65535,6528
1685610648,0,1,1,0,1313,3093,7596,10693,19936,65535,6520,31389,43450,56011,33062,65535,6528
1685610654,0,1,1,0,1313,3091,7593,10680,19930,65535,6518,31380,43430,55990,33053,65535,6526
1685610660,0,1,1,0,1313,3089,7588,10676,19914,65535,6516,31373,43413,55996,33024,65535,6524
1685610666,0,1,1,0,1312,3088,7581,10678,19906,65535,6512,31364,43385,55984,33028,65535,6518
1685610672,0,1,1,0,1312,3088,7580,10668,19905,65535,6508,31347,43376,55938,32998,65535,6516
1685610678,0,1,1,0,1312,3085,7581,10666,19903,65535,6510,31353,43379,55957,33005,65535,6516
1685610684,0,1,1,0,1312,3085,7574,10660,19898,65535,6506,31342,43371,55920,32987,65535,6516
1685610690,0,1,1,0,1312,3087,7580,10668,19905,65535,6508,31332,43351,55904,32998,65535,6514
1685610696,0,1,1,0,1312,3088,7579,10665,19898,65535,6506,31334,43361,55904,32984,65535,6516
1685610702,0,1,1,0,1312,3084,7579,10664,19897,65535,6508,31337,43358,55900,32989,65535,6516
1685610708,0,1,1,0,1312,3087,7572,10663,19892,65535,6506,31329,43353,55926,32974,65535,6514
1685610714,0,1,1,0,1312,3084,7574,10664,19901,65535,6506,31335,43340,55912,32994,65535,6516
1685610720,0,1,1,0,1312,3084,7575,10658,19899,65535,6508,31338,43369,55952,33004,65535,6516
1685610726,0,1,1,0,1312,3085,7576,10663,19892,65535,6508,31333,43357,55889,32980,65535,6514
1685610732,0,1,1,0,1312,3085,7575,10661,19904,65535,6508,31332,43333,55905,32975,65535,6516
1685610738,0,1,1,0,1312,3084,7572,10664,19891,65535,6506,31333,43360,55909,32985,65535,6514
1685610744,0,1,1,0,1312,3084,7573,10661,19886,65535,6508,31336,43342,55925,32987,65535,6516
1685610750,0,1,1,0,1312,3085,7571,10655,19897,65535,6506,31323,43355,55923,32975,65535,6512
1685610756,0,1,1,0,1312,3083,7575,10661,19894,65535,6504,31320,43335,55889,32988,65535,6510
1685610762,0,1,1,0,1312,3086,7577,10659,19888,65535,6506,31330,43332,55900,32975,65535,6516
1685610768,0,1,1,0,1312,3085,7574,10660,19904,65535,6506,31328,43360,55924,32996,65535,6512
1685610774,0,1,1,0,1312,3084,7576,10661,19897,65535,6508,31336,43346,55939,32997,65535,6514
1685610780,0,1,1,0,1312,3086,7575,10656,19886,65535,6510,31325,43343,55881,32991,65535,6512
1685610786,0,1,1,0,1312,3084,7578,10651,19886,65535,6505,31320,43349,55881,32984,65535,6514
1685610792,0,1,1,0,1312,3083,7574,10654,19893,65535,6504,31316,43320,55868,32982,65535,6512
1685610798,0,1,1,0,1312,3083,7574,10655,19887,65535,6506,31319,43330,55886,32974,65535,6512
1685610804,0,1,1,0,1312,3084,7572,10656,19889,65535,6504,31304,43331,55885,32979,65535,6510
1685610810,0,1,1,0,1312,3084,7574,10651,19889,65535,6504,31316,43327,55855,32958,65535,6510
1685610816,0,1,1,0,1312,3083,7574,10652,19882,65535,6504,31327,43334,55909,32965,65535,6514
1685610822,0,1,1,0,1312,3082,7572,10653,19882,65535,6506,31315,43333,55878,32969,65535,6512
1685610828,0,1,1,0,1312,3083,7568,10648,19888,65535,6500,31307,43326,55870,32954,65535,6512
1685610834,0,1,1,0,1312,3083,7570,10646,19872,65535,6500,31302,43314,55847,32960,65535,6508
1685610840,0,1,1,0,1312,3080,7561,10645,19871,65535,6500,31296,43310,55850,32946,65535,6510
1685610846,0,1,1,0,1311,3080,7570,10643,19872,65535,6502,31292,43300,55844,32938,65535,6504
1685610852,0,1,1,0,1311,3079,7567,10643,19875,65535,6502,31292,43266,55838,32947,65535,6508
1685610858,0,1,1,0,1311,3080,7565,10645,19869,65535,6496,31286,43287,55825,32946,65535,6504
1685610864,0,1,1,0,1312,3079,7564,10644,19869,65535,6498,31302,43306,55836,32959,65535,6504
1685610870,0,1,1,0,1311,3082,7568,10643,19872,65535,6500,31315,43303,55836,32943,65535,6506
1685610876,0,1,1,0,1312,3080,7566,10639,19869,65535,6500,31293,43278,55792,32936,65535,6506
1685610882,0,1,1,0,1311,3079,7565,10643,19868,65535,6498,31289,43281,55839,32948,65535,6504
1685610888,0,1,1,0,1311,3078,7563,10635,19867,65535,6498,31287,43274,55812,32929,65535,6504
1685610894,0,1,1,0,1311,3077,7560,10631,19868,65535,6496,31281,43247,55790,32936,65535,6502
1685610900,0,1,1,0,1311,3077,7561,10627,19866,65535,6494,31276,43246,55810,32935,65535,6506
1685610906,0,1,1,0,1311,3075,7557,10624,19865,65535,6492,31267,43258,55797,32921,65535,6502
1685610912,0,1,1,0,1311,3076,7556,10622,19860,65535,6488,31275,43239,55778,32916,65535,6500
1685610918,0,1,1,0,1311,3076,7553,10620,19844,65535,6492,31256,43218,55715,32880,65535,6496
1685610924,0,1,1,0,1311,3075,7552,10616,19857,65535,6488,31238,43189,55716,32899,65535,6494
1685610930,0,1,1,0,1311,3072,7550,10615,19846,65535,6486,31235,43184,55715,32888,65535,6497
1685610936,0,1,1,0,1311,3076,7552,10618,19856,65535,6488,31254,43203,55722,32895,65535,6494
1685610942,0,1,1,0,1311,3074,7550,10616,19842,65535,6486,31252,43206,55728,32879,65535,6494
1685610948,0,1,1,0,1311,3073,7550,10621,19843,65535,6486,31239,43203,55753,32889,65535,6492
1685610954,0,1,1,0,1311,3076,7553,10621,19855,65535,6487,31250,43220,55743,32901,65535,6496
1685610960,0,1,1,0,1311,3075,7546,10621,19840,65535,6487,31235,43211,55741,32898,65535,6494
1685610966,0,1,1,0,1311,3075,7550,10614,19842,65535,6488,31256,43213,55748,32884,65535,6494
1685610972,0,1,1,0,1311,3072,7549,10615,19841,65535,6486,31240,43210,55730,32886,65535,6496
1685610978,0,1,1,0,1311,3072,7545,10618,19846,65535,6484,31237,43192,55703,32866,65535,6490
1685610984,0,1,1,0,1311,3073,7546,10611,19830,65535,6484,31235,43180,55743,32886,65535,6490
1685610990,0,1,1,0,1311,3074,7546,10613,19837,65535,6482,31244,43177,55723,32883,65535,6490
1685610996,0,1,1,0,1311,3070,7544,10604,19839,65535,6486,31231,43166,55707,32855,65535,6488
1685611002,0,1,1,0,1311,3074,7546,10612,19837,65535,6486,31237,43184,55698,32855,65535,6490
1685611008,0,1,1,0,1311,3073,7545,10612,19843,65535,6484,31219,43163,55692,32872,65535,6490
1685611014,0,1,1,0,1311,3070,7545,10615,19830,65535,6484,31224,43148,55692,32847,65535,6490
1685611020,0,1,1,0,1311,3070,7540,10601,19835,65535,6480,31232,43146,55699,32871,65535,6488
1685611026,0,1,1,0,1311,3072,7545,10603,19841,65535,6484,31212,43168,55696,32854,65535,6488
1685611032,0,1,1,0,1311,3073,7546,10609,19840,65535,6478,31215,43176,55697,32874,65535,6492
1685611038,0,1,1,0,1311,3073,7545,10613,19836,65535,6482,31241,43189,55714,32881,65535,6492
1685611044,0,1,1,0,1311,3072,7541,10611,19835,65535,6486,31240,43184,55744,32878,65535,6490
1685611050,0,1,1,0,1311,3072,7547,10611,19844,65535,6484,31222,43178,55697,32882,65535,6490
1685611056,0,1,1,0,1311,3074,7547,10615,19839,65535,6482,31250,43194,55718,32887,65535,6494
1685611062,0,1,1,0,1311,3074,7550,10617,19842,65535,6486,31233,43195,55731,32879,65535,6492
1685611068,0,1,1,0,1311,3073,7550,10619,19842,65535,6486,31238,43205,55746,32893,65535,6498
1685611074,0,1,1,0,1311,3074,7550,10620,19853,65535,6490,31242,43206,55749,32901,65535,6494
1685611080,0,1,1,0,1311,3073,7551,10622,19855,65535,6486,31234,43201,55751,32888,65535,6492
1685611086,0,1,1,0,1311,3075,7550,10620,19849,65535,6488,31267,43221,55784,32886,65535,6494
1685611092,0,1,1,0,1311,3074,7550,10622,19836,65535,6488,31254,43222,55759,32898,65535,6496
1685611098,0,1,1,0,1311,3075,7551,10620,19851,65535,6492,31256,43231,55773,32899,65535,6500
1685611104,0,1,1,0,1311,3077,7557,10635,19868,65535,6498,31275,43241,55775,32921,65535,6498
1685611110,0,1,1,0,1311,3077,7560,10636,19859,65535,6494,31271,43256,55784,32916,65535,6502
1685611116,0,1,1,0,1311,3077,7559,10638,19863,65535,6494,31288,43266,55792,32921,65535,6504
1685611122,0,1,1,0,1311,3077,7559,10640,19862,65535,6496,31277,43269,55798,32918,65535,6504
1685611128,0,1,1,0,1311,3078,7561,10638,19868,65535,6496,31280,43264,55827,32937,65535,6504
1685611134,0,1,1,0,1311,3079,7562,10635,19867,65535,6500,31291,43274,55838,32936,65535,6506
1685611140,0,1,1,0,1311,3078,7563,10643,19870,65535,6500,31304,43269,55843,32932,65535,6506
1685611146,0,1,1,0,1311,3079,7560,10645,19864,65535,6500,31288,43284,55818,32951,65535,6508
1685611152,0,1,1,0,1311,3078,7560,10641,19863,65535,6498,31280,43271,55807,32938,65535,6504
1685611158,0,1,1,0,1311,3080,7562,10639,19868,65535,6500,31273,43264,55794,32912,65535,6504
1685611164,0,1,1,0,1311,3079,7559,10641,19860,65535,6496,31275,43263,55799,32918,65535,6504
1685611170,0,1,1,0,1311,3078,7556,10633,19856,65535,6496,31280,43263,55810,32944,65535,6504
1685611176,0,1,1,0,1311,3077,7560,10633,19863,65535,6498,31274,43268,55803,32937,65535,6504
1685611182,0,1,1,0,1311,3078,7560,10641,19860,65535,6496,31271,43255,55796,32933,65535,6502
1685611188,0,1,1,0,1311,3078,7557,10635,19869,65535,6500,31275,43244,55806,32932,65535,6502
1685611194,0,1,1,0,1311,3079,7560,10634,19859,65535,6496,31281,43259,55804,32926,65535,6504
1685611200,0,1,1,0,1311,3078,7562,10637,19875,65535,6498,31281,43259,55834,32931,65535,6506
1685611206,0,1,1,0,1311,3078,7557,10636,19861,65535,6498,31286,43261,55818,32932,65535,6504
1685611212,0,1,1,0,1311,3078,7562,10634,19861,65535,6500,31285,43295,55838,32942,65535,6508
1685611218,0,1,1,0,1311,3078,7565,10645,19877,65535,6502,31300,43296,55867,32957,65535,6508
1685611224,0,1,1,0,1311,3079,7564,10644,19870,65535,6502,31288,43284,55833,32956,65535,6508
1685611230,0,1,1,0,1311,3082,7567,10650,19868,65535,6502,31315,43297,55848,32966,65535,6510
1685611236,0,1,1,0,1311,3083,7569,10651,19883,65535,6502,31321,43313,55849,32957,65535,6510
1685611242,0,1,1,0,1311,3079,7568,10641,19871,65535,6502,31307,43313,55874,32976,65535,6510
1685611248,0,1,1,0,1311,3082,7570,10647,19874,65535,6502,31310,43311,55853,32951,65535,6512
1685611254,0,1,1,0,1311,3081,7571,10649,19878,65535,6506,31310,43311,55872,32966,65535,6514
1685611260,0,1,1,0,1311,3081,7567,10654,19876,65535,6505,31312,43325,55861,32961,65535,6512
1685611266,0,1,1,0,1311,3081,7568,10645,19876,65535,6504,31310,43293,55865,32965,65535,6510
1685611272,0,1,1,0,1311,3081,7569,10648,19876,65535,6506,31310,43322,55854,32959,65535,6510
1685611278,0,1,1,0,1311,3080,7562,10648,19876,65535,6502,31306,43292,55862,32957,65535,6508
1685611284,0,1,1,0,1311,3080,7565,10640,19873,65535,6502,31295,43300,55860,32950,65535,6508
1685611290,0,1,1,0,1311,3081,7569,10647,19869,65535,6504,31316,43308,55851,32954,65535,6510
1685611296,0,1,1,0,1311,3082,7566,10646,19877,65535,6504,31136,43080,55561,32804,65535,6478
1685611302,0,1,1,0,1311,3078,7568,10644,19874,65535,6504,31322,43293,55886,32960,65535,6510
1685611308,0,1,1,0,1311,3080,7564,10638,19884,65535,6498,31310,43275,55851,32946,65535,6508
1685611314,0,1,1,0,1311,3079,7560,10646,19880,65535,6502,31286,43285,55837,32939,65535,6508
1685611320,0,1,1,0,1311,3080,7566,10641,19874,65535,6502,31312,43292,55837,32945,65535,6510
1685611326,0,1,1,0,1311,3078,7565,10637,19866,65535,6502,31295,43296,55855,32965,65535,6508
1685611332,0,1,1,0,1311,2860,7090,10028,18550,65535,6098,31233,43189,55705,32862,65535,6493
1685611338,0,1,1,0,1311,3078,7563,10637,19870,65535,6500,31302,43285,55820,32950,65535,6506
1685611344,0,1,1,0,1311,3078,7560,10641,19876,65535,6500,31284,43280,55811,32932,65535,6506
1685611350,0,1,1,0,1311,3079,7565,10636,19875,65535,6500,31301,43256,55841,32940,65535,6504
1685611356,0,1,1,0,1311,3078,7561,10635,19864,65535,6498,31279,43278,55823,32934,65535,6508
1685611362,0,1,1,0,1311,3080,7559,10640,19868,65535,6498,31297,43260,55807,32929,65535,6506
1685611368,0,1,1,0,1311,3081,7558,10642,19866,65535,6496,31276,43269,55808,32927,65535,6508
1685611374,0,1,1,0,1311,3079,7561,10640,19876,65535,6498,31272,43262,55799,32919,65535,6506
1685611380,0,1,1,0,1311,3076,7561,10629,19869,65535,6496,31274,43243,55802,32918,65535,6506
1685611386,0,1,1,0,1311,3076,7553,10630,19858,65535,6494,31287,43234,55768,32930,65535,6502
1685611392,0,1,1,0,1311,3076,7558,10627,19855,65535,6494,31259,43235,55773,32904,65535,6504
1685611398,0,1,1,0,1311,3074,7551,10626,19851,65535,6498,31263,43249,55810,32896,65535,6500
1685611404,0,1,1,0,1311,3075,7555,10625,19855,65535,6498,31262,43250,55776,32908,65535,6502
1685611410,0,1,1,0,1311,3074,7554,10628,19852,65535,6494,31259,43233,55787,32899,65535,6500
1685611416,0,1,1,0,1311,3075,7554,10622,19852,65535,6496,31256,43236,55791,32904,65535,6500
1685611422,0,1,1,0,1311,3077,7553,10624,19851,65535,6498,31263,43227,55736,32893,65535,6498
1685611428,0,1,1,0,1311,3072,7548,10614,19842,65535,6490,31243,43196,55748,32886,65535,6498
1685611434,0,1,1,0,1311,3074,7548,10619,19845,65535,6490,31249,43191,55736,32904,65535,6498
1685611440,0,1,1,0,1311,3073,7549,10624,19840,65535,6490,31263,43208,55768,32897,65535,6496
1685611446,0,1,1,0,1311,3075,7549,10621,19848,65535,6490,31265,43211,55746,32902,65535,6496
1685611452,0,1,1,0,1311,3075,7553,10620,19845,65535,6490,31256,43186,55743,32882,65535,6496
1685611458,0,1,1,0,1311,3073,7545,10621,19851,65535,6490,31240,43208,55726,32880,65535,6494
1685611464,0,1,1,0,1310,3072,7548,10620,19852,65535,6488,31249,43198,55712,32874,65535,6494
1685611470,0,1,1,0,1310,3071,7545,10616,19833,65535,6488,31239,43180,55712,32882,65535,6494
1685611476,0,1,1,0,1310,3074,7547,10618,19836,65535,6486,31245,43183,55742,32860,65535,6492
1685611482,0,1,1,0,1310,3069,7544,10618,19841,65535,6486,31242,43190,55717,32869,65535,6494
1685611488,0,1,1,0,1310,3072,7545,10613,19838,65535,6486,31223,43179,55737,32863,65535,6490
1685611494,0,1,1,0,1310,3069,7543,10607,19836,65535,6486,31216,43162,55723,32859,65535,6490
1685611500,0,1,1,0,1310,3072,7544,10607,19835,65535,6482,31219,43170,55698,32853,65535,6492
1685611506,0,1,1,0,1310,3072,7542,10614,19832,65535,6484,31237,43175,55713,32863,65535,6493
1685611512,0,1,1,0,1310,3072,7539,10613,19831,65535,6484,31234,43167,55734,32861,65535,6490
1685611518,0,1,1,0,1310,3071,7545,10610,19833,65535,6484,31219,43165,55700,32854,65535,6490
1685611524,0,1,1,0,1310,3072,7547,10611,19839,65535,6490,31241,43177,55704,32880,65535,6496
1685611530,0,1,1,0,1310,3073,7545,10616,19840,65535,6488,31242,43179,55709,32881,65535,6496
1685611536,0,1,1,0,1310,3073,7547,10614,19837,65535,6488,31243,43180,55728,32867,65535,6494
1685611542,0,1,1,0,1310,3071,7543,10616,19838,65535,6490,31230,43174,55733,32850,65535,6492
1685611548,0,1,1,0,1310,3071,7544,10615,19833,65535,6490,31231,43184,55744,32876,65535,6490
1685611554,0,1,1,0,1310,3073,7543,10606,19846,65535,6484,31221,43178,55698,32864,65535,6494
1685611560,0,1,1,0,1310,3071,7546,10611,19847,65535,6484,31228,43167,55696,32855,65535,6492
1685611566,0,1,1,0,1310,3072,7541,10603,19832,65535,6486,31230,43161,55693,32857,65535,6490
1685611572,0,1,1,0,1310,3069,7539,10603,19826,65535,6480,31218,43146,55676,32843,65535,6490
1685611578,0,1,1,0,1310,3070,7539,10597,19825,65535,6480,31200,43122,55697,32839,65535,6492
1685611584,0,1,1,0,1310,3071,7537,10601,19823,65535,6480,31206,43142,55664,32843,65535,6490
1685611590,0,1,1,0,1310,3068,7539,10596,19824,65535,6481,31207,43129,55678,32845,65535,6488
1685611596,0,1,1,0,1310,3067,7537,10597,19823,65535,6480,31210,43138,55658,32842,65535,6488
1685611602,0,1,1,0,1310,3071,7540,10599,19830,65535,6478,31199,43141,55669,32835,65535,6486
1685611608,0,1,1,0,1310,3070,7536,10603,19822,65535,6480,31205,43132,55669,32843,65535,6486
1685611614,0,1,1,0,1310,3070,7538,10599,19821,65535,6482,31222,43154,55667,32837,65535,6490
1685611620,0,1,1,0,1310,3070,7541,10601,19826,65535,6482,31205,43157,55675,32836,65535,6488
1685611626,0,1,1,0,1310,3070,7537,10600,19821,65535,6480,31217,43118,55685,32834,65535,6492
1685611632,0,1,1,0,1310,3070,7541,10603,19826,65535,6485,31220,43146,55684,32845,65535,6492
1685611638,0,1,1,0,1310,3069,7541,10607,19823,65535,6486,31214,43137,55674,32846,65535,6492
1685611644,0,1,1,0,1310,3069,7541,10602,19826,65535,6484,31220,43152,55664,32851,65535,6490
1685611650,0,1,1,0,1310,3069,7540,10607,19821,65535,6488,31228,43162,55686,32844,65535,6492
1685611656,0,1,1,0,1310,3070,7536,10604,19824,65535,6482,31229,43168,55670,32843,65535,6490
1685611662,0,1,1,0,1310,3070,7543,10603,19823,65535,6482,31210,43156,55671,32842,65535,6492
1685611668,0,1,1,0,1310,3071,7538,10603,19827,65535,6482,31209,43161,55716,32865,65535,6492
1685611674,0,1,1,0,1310,3071,7542,10604,19835,65535,6486,31211,43159,55683,32859,65535,6490
1685611680,0,1,1,0,1310,3070,7542,10606,19827,65535,6484,31216,43163,55684,32846,65535,6490
1685611686,0,1,1,0,1310,3070,7540,10606,19835,65535,6482,31223,43165,55698,32865,65535,6492
1685611692,0,1,1,0,1310,3070,7542,10610,19828,65535,6484,31218,43151,55723,32853,65535,6494
1685611698,0,1,1,0,1310,3071,7544,10610,19843,65535,6486,31228,43187,55713,32880,65535,6492
1685611704,0,1,1,0,1310,3072,7546,10612,19832,65535,6486,31227,43162,55720,32877,65535,6494
1685611710,0,1,1,0,1310,3070,7544,10609,19831,65535,6486,31240,43165,55707,32856,65535,6491
1685611716,0,1,1,0,1310,3072,7543,10609,19831,65535,6484,31220,43162,55697,32852,65535,6496
1685611722,0,1,1,0,1310,3070,7543,10612,19831,65535,6486,31220,43174,55724,32856,65535,6492
1685611728,0,1,1,0,1310,3071,7542,10616,19845,65535,6486,31223,43182,55704,32860,65535,6494
1685611734,0,1,1,0,1310,3069,7542,10613,19838,65535,6488,31236,43157,55698,32854,65535,6492
1685611740,0,1,1,0,1310,3071,7544,10607,19831,65535,6484,31239,43169,55733,32873,65535,6490
1685611746,0,1,1,0,1310,3070,7543,10606,19841,65535,6484,31238,43169,55702,32859,65535,6496
1685611752,0,1,1,0,1310,3070,7538,10605,19826,65535,6486,31234,43167,55708,32866,65535,6494
1685611758,0,1,1,0,1310,3070,7543,10614,19829,65535,6486,31246,43180,55714,32876,65535,6494
1685611764,0,1,1,0,1310,3070,7543,10609,19830,65535,6488,31216,43167,55690,32857,65535,6494
1685611770,0,1,1,0,1310,3071,7542,10615,19835,65535,6487,31223,43165,55688,32859,65535,6494
1685611776,0,1,1,0,1310,3075,7546,10620,19843,65535,6492,31240,43188,55730,32874,65535,6496
1685611782,0,1,1,0,1310,3075,7548,10618,19848,65535,6488,31252,43199,55757,32892,65535,6500
1685611788,0,1,1,0,1310,3073,7545,10605,19837,65535,6486,31236,43190,55754,32878,65535,6500
1685611794,0,1,1,0,1310,3071,7546,10612,19841,65535,6492,31244,43191,55726,32870,65535,6496
1685611800,0,1,1,0,1310,3072,7544,10610,19836,65535,6488,31231,43187,55751,32869,65535,6498
1685611806,0,1,1,0,1310,3072,7540,10612,19836,65535,6490,31248,43171,55739,32879,65535,6494
1685611812,0,1,1,0,1310,3071,7541,10606,19836,65535,6488,31230,43162,55719,32876,65535,6494
1685611818,0,1,1,0,1310,3072,7543,10603,19827,65535,6485,31218,43178,55698,32873,65535,6492
1685611824,0,1,1,0,1310,3072,7543,10609,19831,65535,6484,31229,43183,55697,32845,65535,6496
1685611830,0,1,1,0,1310,3069,7543,10607,19837,65535,6484,31234,43171,55728,32849,65535,6498
1685611836,0,1,1,0,1310,3072,7541,10607,19834,65535,6486,31212,43164,55668,32860,65535,6494
1685611842,0,1,1,0,1310,3071,7541,10606,19836,65535,6486,31210,43138,55690,32843,65535,6492
1685611848,0,1,1,0,1310,3071,7542,10610,19830,65535,6486,31227,43176,55705,32871,65535,6494
1685611854,0,1,1,0,1310,3071,7546,10613,19836,65535,6490,31224,43188,55714,32862,65535,6498
1685611860,0,1,1,0,1310,3072,7545,10608,19830,65535,6490,31248,43189,55745,32865,65535,6498
1685611866,0,1,1,0,1310,3073,7547,10612,19834,65535,6488,31234,43186,55709,32862,65535,6496
1685611872,0,1,1,0,1310,3071,7545,10615,19844,65535,6490,31231,43184,55714,32860,65535,6496
1685611878,0,1,1,0,1310,3074,7544,10614,19837,65535,6490,31228,43181,55741,32865,65535,6496
1685611884,0,1,1,0,1310,3073,7542,10613,19835,65535,6494,31233,43186,55702,32876,65535,6494
1685611890,0,1,1,0,1310,3071,7545,10606,19832,65535,6486,31247,43189,55699,32885,65535,6494
1685611896,0,1,1,0,1310,3073,7549,10614,19837,65535,6488,31244,43199,55733,32872,65535,6496
1685611902,0,1,1,0,1310,3074,7544,10613,19841,65535,6486,31239,43190,55754,32890,65535,6498
1685611908,0,1,1,0,1310,3073,7545,10612,19836,65535,6488,31229,43173,55714,32861,65535,6496
1685611914,0,1,1,0,1310,3070,7543,10609,19838,65535,6490,31227,43180,55711,32866,65535,6494
1685611920,0,1,1,0,1310,3071,7542,10607,19838,65535,6488,31221,43167,55707,32867,65535,6496
1685611926,0,1,1,0,1310,3069,7542,10610,19842,65535,6486,31223,43171,55714,32861,65535,6496
1685611932,0,1,1,0,1310,3071,7542,10611,19829,65535,6486,31219,43167,55703,32872,65535,6500
1685611938,0,1,1,0,1310,3070,7542,10607,19829,65535,6488,31236,43169,55699,32860,65535,6498
1685611944,0,1,1,0,1310,3071,7544,10608,19831,65535,6490,31243,43180,55711,32872,65535,6496
1685611950,0,1,1,0,1310,3072,7545,10609,19839,65535,6488,31244,43180,55710,32861,65535,6500
1685611956,0,1,1,0,1310,3072,7546,10612,19835,65535,6492,31251,43192,55727,32868,65535,6496
1685611962,0,1,1,0,1310,3073,7548,10617,19842,65535,6492,31246,43200,55735,32897,65535,6497
1685611968,0,1,1,0,1310,3075,7548,10618,19841,65535,6490,31245,43201,55775,32881,65535,6498
1685611974,0,1,1,0,1310,3074,7549,10618,19849,65535,6490,31236,43172,55739,32869,65535,6496
1685611980,0,1,1,0,1310,3073,7546,10615,19837,65535,6490,31246,43205,55751,32880,65535,6498
1685611986,0,1,1,0,1310,3075,7549,10620,19844,65535,6492,31246,43207,55756,32885,65535,6500
1685611992,0,1,1,0,1310,3072,7548,10618,19851,65535,6492,31250,43220,55763,32880,65535,6500
1685611998,0,1,1,0,1310,3073,7546,10624,19844,65535,6492,31261,43217,55735,32879,65535,6502
1685612004,0,1,1,0,1310,3073,7550,10619,19842,65535,6492,31264,43197,55774,32886,65535,6500
1685612010,0,1,1,0,1310,3076,7548,10616,19844,65535,6494,31246,43194,55726,32898,65535,6500
1685612016,0,1,1,0,1310,3074,7550,10616,19846,65535,6494,31250,43188,55745,32874,65535,6498
1685612022,0,1,1,0,1310,3074,7550,10617,19847,65535,6492,31250,43210,55775,32889,65535,6496
1685612028,0,1,1,0,1310,3075,7549,10616,19844,65535,6494,31249,43215,55745,32907,65535,6502
1685612034,0,1,1,0,1310,3074,7550,10613,19836,65535,6492,31237,43174,55743,32888,65535,6502
1685612040,0,1,1,0,1310,3071,7543,10618,19838,65535,6494,31248,43207,55751,32900,65535,6500
1685612046,0,1,1,0,1310,3072,7549,10615,19838,65535,6490,31261,43210,55737,32880,65535,6500
1685612052,0,1,1,0,1310,3075,7546,10618,19841,65535,6492,31252,43212,55768,32891,65535,6500
1685612058,0,1,1,0,1310,3073,7545,10618,19844,65535,6492,31240,43205,55763,32883,65535,6498
1685612064,0,1,1,0,1310,3072,7547,10620,19847,65535,6492,31241,43204,55763,32895,65535,6502
1685612070,0,1,1,0,1310,3074,7545,10626,19841,65535,6494,31250,43203,55752,32882,65535,6498
1685612076,0,1,1,0,1310,3073,7551,10622,19849,65535,6498,31251,43224,55744,32883,65535,6502
1685612082,0,1,1,0,1310,3076,7551,10621,19846,65535,6492,31255,43223,55764,32907,65535,6502
1685612088,0,1,1,0,1310,3076,7553,10630,19850,65535,6496,31254,43198,55797,32890,65535,6502
1685612094,0,1,1,0,1310,3074,7552,10621,19844,65535,6494,31269,43220,55753,32891,65535,6500
1685612100,0,1,1,0,1310,3074,7550,10621,19845,65535,6494,31269,43223,55766,32899,65535,6502
1685612106,0,1,1,0,1310,3074,7552,10620,19846,65535,6494,31281,43238,55769,32902,65535,6502
1685612112,0,1,1,0,1310,3075,7554,10627,19847,65535,6496,31262,43242,55777,32894,65535,6504
1685612118,0,1,1,0,1310,3076,7551,10627,19855,65535,6496,31289,43251,55804,32912,65535,6504
1685612124,0,1,1,0,1311,3078,7556,10630,19854,65535,6494,31285,43248,55790,32910,65535,6502
1685612130,0,1,1,0,1310,3077,7551,10625,19851,65535,6496,31263,43243,55776,32901,65535,6504
1685612136,0,1,1,0,1310,3076,7556,10626,19853,65535,6494,31282,43243,55778,32907,65535,6504
1685612142,0,1,1,0,1310,3074,7551,10622,19848,65535,6496,31257,43230,55789,32914,65535,6504
1685612148,0,1,1,0,1310,3076,7550,10627,19847,65535,6496,31275,43237,55765,32896,65535,6503
1685612154,0,1,1,0,1310,3075,7552,10629,19858,65535,6496,31257,43237,55798,32898,65535,6504
1685612160,0,1,1,0,1311,3076,7553,10631,19863,65535,6500,31277,43242,55809,32906,65535,6504
1685612166,0,1,1,0,1310,3077,7554,10626,19854,65535,6496,31272,43239,55776,32904,65535,6504
1685612172,0,1,1,0,1310,3075,7551,10624,19848,65535,6493,31262,43224,55763,32890,65535,6504
1685612178,0,1,1,0,1310,3075,7551,10623,19855,65535,6496,31267,43232,55773,32893,65535,6500
1685612184,0,1,1,0,1310,3073,7547,10624,19853,65535,6494,31251,43226,55768,32906,65535,6504
1685612190,0,1,1,0,1310,3075,7553,10621,19853,65535,6496,31254,43211,55777,32894,65535,6502
1685612196,0,1,1,0,1310,3075,7550,10624,19851,65535,6496,31275,43240,55792,32906,65535,6502
1685612202,0,1,1,0,1310,3074,7552,10621,19858,65535,6498,31274,43235,55778,32898,65535,6506
1685612208,0,1,1,0,1310,3076,7557,10635,19860,65535,6498,31284,43256,55794,32927,65535,6506
1685612214,0,1,1,0,1311,3076,7553,10632,19858,65535,6498,31282,43237,55795,32906,65535,6504
1685612220,0,1,1,0,1311,3075,7553,10629,19861,65535,6501,31285,43245,55793,32910,65535,6508
1685612226,0,1,1,0,1311,3077,7558,10638,19858,65535,6499,31272,43264,55816,32913,65535,6506
1685612232,0,1,1,0,1311,3076,7554,10631,19857,65535,6502,31277,43268,55807,32935,65535,6510
1685612238,0,1,1,0,1311,3079,7559,10631,19861,65535,6504,31277,43264,55802,32924,65535,6506
1685612244,0,1,1,0,1311,3079,7556,10634,19858,65535,6498,31271,43243,55800,32916,65535,6508
1685612250,0,1,1,0,1311,3079,7560,10634,19864,65535,6500,31294,43273,55807,32934,65535,6510
1685612256,0,1,1,0,1311,3079,7559,10633,19864,65535,6502,31296,43256,55834,32923,65535,6510
1685612262,0,1,1,0,1310,3077,7556,10628,19857,65535,6500,31291,43260,55802,32928,65535,6508
1685612268,0,1,1,0,1311,3078,7558,10632,19849,65535,6498,31292,43270,55809,32925,65535,6510
1685612274,0,1,1,0,1310,3078,7557,10631,19858,65535,6500,31269,43255,55807,32916,65535,6506
1685612280,0,1,1,0,1310,3076,7547,10624,19844,65535,6500,31273,43242,55776,32895,65535,6502
1685612286,0,1,1,0,1310,3078,7555,10629,19866,65535,6498,31272,43254,55794,32915,65535,6508
1685612292,0,1,1,0,1310,3078,7555,10629,19856,65535,6497,31283,43248,55795,32909,65535,6506
1685612298,0,1,1,0,1310,3075,7554,10626,19853,65535,6496,31252,43239,55781,32880,65535,6502
1685612304,0,1,1,0,1310,3074,7552,10625,19862,65535,6496,31280,43217,55785,32905,65535,6506
1685612310,0,1,1,0,1310,3077,7553,10627,19864,65535,6500,31280,43244,55784,32911,65535,6506
1685612316,0,1,1,0,1310,3077,7554,10624,19854,65535,6496,31282,43243,55815,32924,65535,6506
1685612322,0,1,1,0,1310,3074,7552,10622,19846,65535,6496,31261,43228,55762,32893,65535,6504
1685612328,0,1,1,0,1310,3076,7550,10628,19857,65535,6498,31264,43222,55780,32890,65535,6504
1685612334,0,1,1,0,1310,3075,7551,10619,19846,65535,6494,31262,43234,55783,32915,65535,6500
1685612340,0,1,1,0,1310,3074,7549,10617,19844,65535,6492,31253,43211,55772,32889,65535,6500
1685612346,0,1,1,0,1310,3075,7550,10622,19848,65535,6494,31255,43217,55757,32894,65535,6500
1685612352,0,1,1,0,1310,3076,7550,10624,19852,65535,6496,31251,43215,55792,32901,65535,6502
1685612358,0,1,1,0,1310,3075,7551,10621,19846,65535,6494,31265,43236,55766,32905,65535,6502
1685612364,0,1,1,0,1310,3076,7553,10627,19851,65535,6494,31259,43226,55752,32889,65535,6502
1685612370,0,1,1,0,1310,3075,7552,10621,19847,65535,6496,31267,43210,55769,32898,65535,6502
1685612376,0,1,1,0,1310,3076,7552,10625,19843,65535,6496,31266,43232,55790,32890,65535,6502
1685612382,0,1,1,0,1310,3075,7546,10626,19846,65535,6494,31263,43204,55778,32893,65535,6502
1685612388,0,1,1,0,1310,3076,7550,10621,19843,65535,6494,31264,43221,55765,32894,65535,6496
1685612394,0,1,1,0,1310,3075,7546,10616,19853,65535,6492,31242,43200,55733,32894,65535,6498
1685612400,0,1,1,0,1310,3074,7545,10615,19839,65535,6494,31251,43197,55723,32870,65535,6498
1685612406,0,1,1,0,1310,3075,7549,10614,19846,65535,6492,31244,43217,55775,32887,65535,6500
1685612412,0,1,1,0,1310,3073,7543,10613,19838,65535,6492,31251,43204,55756,32872,65535,6498
1685612418,0,1,1,0,1310,3072,7548,10616,19854,65535,6492,31244,43221,55748,32899,65535,6500
1685612424,0,1,1,0,1310,3072,7549,10617,19856,65535,6490,31266,43222,55743,32904,65535,6500
1685612430,0,1,1,0,1310,3073,7550,10622,19843,65535,6494,31255,43213,55738,32882,65535,6500
1685612436,0,1,1,0,1310,3074,7548,10620,19855,65535,6496,31270,43239,55785,32916,65535,6502
1685612442,0,1,1,0,1310,3075,7554,10624,19854,65535,6496,31270,43217,55800,32916,65535,6502
1685612448,0,1,1,0,1310,3075,7556,10625,19859,65535,6497,31257,43229,55779,32904,65535,6504
1685612454,0,1,1,0,1310,3077,7553,10632,19866,65535,6498,31281,43243,55792,32914,65535,6504
1685612460,0,1,1,0,1311,3078,7558,10634,19862,65535,6500,31283,43239,55811,32930,65535,6502
1685612466,0,1,1,0,1311,3078,7559,10628,19861,65535,6500,31280,43255,55805,32916,65535,6508
1685612472,0,1,1,0,1311,3079,7560,10637,19862,65535,6504,31288,43279,55828,32934,65535,6508
1685612478,0,1,1,0,1311,3079,7558,10639,19876,65535,6503,31300,43282,55817,32953,65535,6510
1685612484,0,1,1,0,1311,3079,7558,10640,19864,65535,6502,31287,43283,55842,32948,65535,6512
1685612490,0,1,1,0,1311,3080,7561,10641,19871,65535,6504,31300,43283,55868,32945,65535,6514
1685612496,0,1,1,0,1311,3080,7561,10643,19881,65535,6510,31310,43298,55854,32963,65535,6512
1685612502,0,1,1,0,1311,3078,7559,10638,19873,65535,6504,31308,43291,55850,32946,65535,6514
1685612508,0,1,1,0,1311,3079,7559,10635,19878,65535,6504,31303,43293,55827,32944,65535,6510
1685612514,0,1,1,0,1311,3078,7560,10640,19864,65535,6506,31305,43283,55842,32937,65535,6514
1685612520,0,1,1,0,1311,3080,7561,10639,19868,65535,6502,31305,43285,55819,32943,65535,6516
1685612526,0,1,1,0,1311,3080,7562,10636,19880,65535,6506,31311,43299,55861,32944,65535,6512
1685612532,0,1,1,0,1311,3078,7561,10643,19869,65535,6506,31306,43301,55855,32941,65535,6512
1685612538,0,1,1,0,1311,3082,7562,10638,19874,65535,6506,31311,43312,55819,32964,65535,6512
1685612544,0,1,1,0,1311,3080,7560,10642,19867,65535,6509,31307,43308,55846,32939,65535,6514
1685612550,0,1,1,0,1311,3081,7565,10643,19881,65535,6504,31305,43300,55848,32942,65535,6512
1685612556,0,1,1,0,1311,3082,7564,10644,19888,65535,6508,31312,43307,55884,32954,65535,6514
1685612562,0,1,1,0,1311,3082,7565,10645,19878,65535,6508,31301,43308,55859,32971,65535,6514
1685612568,0,1,1,0,1311,3080,7566,10649,19871,65535,6508,31326,43316,55859,32960,65535,6514
1685612574,0,1,1,0,1311,3080,7566,10643,19875,65535,6510,31315,43332,55898,32968,65535,6518
1685612580,0,1,1,0,1311,3082,7568,10650,19881,65535,6512,31315,43325,55876,32963,65535,6518
1685612586,0,1,1,0,1311,3081,7565,10648,19881,65535,6510,31312,43315,55877,32962,65535,6517
1685612592,0,1,1,0,1311,3082,7565,10648,19889,65535,6512,31316,43312,55910,32982,65535,6516
1685612598,0,1,1,0,1311,3083,7568,10652,19886,65535,6512,31328,43348,55888,32968,65535,6518
1685612604,0,1,1,0,1311,3082,7567,10650,19882,65535,6514,31321,43328,55874,32975,65535,6516
1685612610,0,1,1,0,1311,3083,7569,10653,19886,65535,6512,31334,43342,55902,32974,65535,6518
1685612616,0,1,1,0,1311,3083,7569,10649,19881,65535,6508,31335,43315,55916,32971,65535,6518
1685612622,0,1,1,0,1311,3084,7570,10652,19893,65535,6510,31329,43315,55880,32970,65535,6516
1685612628,0,1,1,0,1311,3084,7572,10656,19877,65535,6516,31342,43358,55916,32989,65535,6520
1685612634,0,1,1,0,1311,3084,7568,10654,19892,65535,6510,31326,43336,55899,32991,65535,6524
1685612640,0,1,1,0,1311,3082,7569,10663,19886,65535,6514,31341,43331,55932,32990,65535,6518
1685612646,0,1,1,0,1311,3085,7572,10658,19898,65535,6516,31329,43331,55906,32981,65535,6524
1685612652,0,1,1,0,1311,3086,7574,10662,19895,65535,6518,31338,43369,55921,32991,65535,6524
1685612658,0,1,1,0,1311,3085,7573,10661,19895,65535,6512,31361,43363,55923,32998,65535,6526
1685612664,0,1,1,0,1311,3084,7574,10662,19891,65535,6516,31345,43369,55932,33000,65535,6520
1685612670,0,1,1,0,1311,3087,7576,10663,19893,65535,6520,31360,43364,55926,33009,65535,6524
1685612676,0,1,1,0,1311,3087,7576,10664,19895,65535,6514,31350,43361,55917,33005,65535,6522
1685612682,0,1,1,0,1311,3087,7576,10661,19887,65535,6514,31333,43358,55921,32986,65535,6522
1685612688,0,1,1,0,1311,3085,7573,10667,19895,65535,6516,31346,43377,55942,33018,65535,6524
1685612694,0,1,1,0,1311,3084,7574,10662,19891,65535,6516,31348,43372,55931,32995,65535,6524
1685612700,0,1,1,0,1311,3085,7576,10661,19900,65535,6514,31341,43362,55923,32989,65535,6522
1685612706,0,1,1,0,1311,3083,7572,10662,19885,65535,6514,31343,43377,55939,32994,65535,6522
1685612712,0,1,1,0,1311,3086,7573,10670,19901,65535,6516,31369,43385,55947,33005,65535,6526
1685612718,0,1,1,0,1311,3085,7578,10664,19896,65535,6517,31348,43387,55946,33002,65535,6522
1685612724,0,1,1,0,1311,3086,7575,10668,19899,65535,6516,31344,43378,55942,33001,65535,6522
1685612730,0,1,1,0,1311,3087,7575,10667,19901,65535,6516,31357,43376,55935,33000,65535,6524
1685612736,0,1,1,0,1311,3085,7573,10658,19892,65535,6516,31347,43373,55933,33004,65535,6526
1685612742,0,1,1,0,1311,3088,7575,10663,19902,65535,6520,31366,43368,55944,32998,65535,6524
1685612748,0,1,1,0,1311,3085,7576,10663,19893,65535,6520,31345,43379,55940,33006,65535,6522
1685612754,0,1,1,0,1311,3086,7572,10657,19888,65535,6514,31361,43366,55937,32995,65535,6524
1685612760,0,1,1,0,1311,3087,7572,10659,19891,65535,6514,31354,43358,55936,32974,65535,6524
1685612766,0,1,1,0,1311,3087,7575,10665,19908,65535,6520,31363,43371,55949,33013,65535,6528
1685612772,0,1,1,0,1311,3086,7578,10662,19898,65535,6518,31363,43356,55938,33000,65535,6524
1685612778,0,1,1,0,1311,3087,7577,10663,19906,65535,6516,31340,43374,55931,33002,65535,6524
1685612784,0,1,1,0,1311,3085,7578,10670,19898,65535,6518,31362,43378,55940,33019,65535,6522
1685612790,0,1,1,0,1311,3085,7576,10663,19907,65535,6516,31364,43376,55936,33017,65535,6524
1685612796,0,1,1,0,1311,3085,7574,10657,19892,65535,6516,31345,43382,55948,32994,65535,6522
1685612802,0,1,1,0,1311,3084,7574,10656,19896,65535,6514,31334,43363,55909,32984,65535,6520
1685612808,0,1,1,0,1311,3084,7571,10653,19893,65535,6512,31336,43340,55890,32991,65535,6518
1685612814,0,1,1,0,1311,3084,7571,10657,19884,65535,6514,31329,43346,55905,32995,65535,6520
1685612820,0,1,1,0,1311,3084,7570,10655,19883,65535,6512,31325,43342,55908,32976,65535,6518
1685612826,0,1,1,0,1311,3084,7575,10655,19899,65535,6512,31328,43348,55907,33003,65535,6518
1685612832,0,1,1,0,1311,3083,7569,10651,19878,65535,6510,31320,43312,55885,32965,65535,6520
1685612838,0,1,1,0,1311,3083,7571,10660,19880,65535,6510,31321,43327,55882,32963,65535,6514
1685612844,0,1,1,0,1311,3081,7567,10650,19876,65535,6508,31335,43321,55885,32958,65535,6520
1685612850,0,1,1,0,1311,3082,7569,10648,19878,65535,6512,31338,43328,55893,32968,65535,6520
1685612856,0,1,1,0,1311,3085,7570,10653,19887,65535,6510,31335,43336,55877,32961,65535,6522
1685612862,0,1,1,0,1311,3084,7570,10652,19890,65535,6510,31319,43327,55906,32985,65535,6516
1685612868,0,1,1,0,1311,3083,7574,10659,19898,65535,6512,31327,43342,55913,32974,65535,6518
1685612874,0,1,1,0,1311,3085,7571,10659,19886,65535,6512,31335,43333,55897,32982,65535,6520
1685612880,0,1,1,0,1222,3083,7567,10657,19897,65535,6512,31334,43359,55938,32994,65535,6522
1685612886,0,1,1,0,1311,3089,7577,10668,19903,65535,6518,31356,43367,55951,33010,65535,6524
1685612892,0,1,1,0,1311,3087,7582,10667,19909,65535,6518,31359,43375,55984,33012,65535,6526
1685612898,0,1,1,0,1311,3087,7580,10670,19905,65535,6520,31359,43393,55967,33007,65535,6526
1685612904,0,1,1,0,1311,3087,7581,10669,19907,65535,6520,31359,43393,55959,33010,65535,6526
1685612910,0,1,1,0,1311,3089,7579,10670,19906,65535,6520,31359,43403,55958,33012,65535,6528
1685612916,0,1,1,0,1311,3088,7582,10668,19908,65535,6520,31362,43410,55948,33014,65535,6526
1685612922,0,1,1,0,1311,3086,7578,10665,19908,65535,6518,31348,43388,55959,33004,65535,6522
1685612928,0,1,1,0,1311,3087,7581,10670,19904,65535,6522,31366,43406,55998,33025,65535,6527
1685612934,0,1,1,0,1311,3087,7578,10670,19905,65535,6520,31361,43384,55967,33021,65535,6526
1685612940,0,1,1,0,1311,3086,7575,10665,19897,65535,6518,31356,43368,55971,33011,65535,6522
1685612946,0,1,1,0,1311,3084,7570,10658,19897,65535,6514,31334,43348,55909,32999,65535,6522
1685612952,0,1,1,0,1311,3084,7571,10654,19889,65535,6514,31337,43360,55911,32992,65535,6522
1685612958,0,1,1,0,1311,3084,7574,10656,19892,65535,6512,31339,43362,55910,32988,65535,6520
1685612964,0,1,1,0,1311,3083,7571,10655,19891,65535,6516,31333,43347,55920,32986,65535,6524
1685612970,0,1,1,0,1311,3086,7572,10656,19894,65535,6512,31334,43336,55918,32987,65535,6520
1685612976,0,1,1,0,1311,3084,7569,10656,19889,65535,6512,31332,43322,55919,32983,65535,6518
1685612982,0,1,1,0,1311,3084,7573,10661,19894,65535,6512,31339,43361,55923,33007,65535,6520
1685612988,0,1,1,0,1311,3083,7573,10651,19893,65535,6513,31336,43334,55921,32994,65535,6520
1685612994,0,1,1,0,1311,3082,7574,10652,19887,65535,6514,31349,43369,55933,32994,65535,6520
1685613000,0,1,1,0,1311,3085,7574,10662,19895,65535,6514,31350,43365,55905,32996,65535,6524
1685613006,0,1,1,0,1311,3084,7568,10658,19897,65535,6512,31352,43361,55929,32991,65535,6524
1685613012,0,1,1,0,1311,3086,7575,10665,19897,65535,6516,31353,43346,55936,32995,65535,6520
1685613018,0,1,1,0,1311,3085,7575,10658,19896,65535,6520,31336,43376,55935,33011,65535,6522
1685613024,0,1,1,0,1311,3085,7576,10659,19894,65535,6516,31343,43381,55934,33001,65535,6522
1685613030,0,1,1,0,1311,3087,7577,10660,19895,65535,6520,31356,43382,55914,32999,65535,6526
1685613036,0,1,1,0,1311,3087,7574,10666,19903,65535,6520,31371,43375,55928,33009,65535,6524
1685613042,0,1,1,0,1311,3085,7574,10666,19910,65535,6520,31363,43387,55960,33010,65535,6530
1685613048,0,1,1,0,1311,3088,7582,10669,19905,65535,6518,31367,43401,55965,33031,65535,6526
1685613054,0,1,1,0,1311,3088,7581,10670,19897,65535,6520,31353,43405,55944,33029,65535,6528
1685613060,0,1,1,0,1311,3086,7582,10669,19909,65535,6518,31370,43401,55961,33027,65535,6526
1685613066,0,1,1,0,1311,3090,7583,10671,19907,65535,6520,31362,43409,55967,33041,65535,6526
1685613072,0,1,1,0,1311,3088,7581,10676,19915,65535,6520,31370,43410,55965,33022,65535,6528
1685613078,0,1,1,0,1311,3088,7581,10668,19905,65535,6520,31371,43422,55958,33042,65535,6528
1685613084,0,1,1,0,1311,3089,7586,10678,19922,65535,6524,31378,43423,55999,33033,65535,6532
1685613090,0,1,1,0,1311,3089,7586,10679,19912,65535,6528,31376,43424,55998,33045,65535,6530
1685613096,0,1,1,0,1311,3091,7583,10675,19912,65535,6526,31372,43417,55991,33050,65535,6530
1685613102,0,1,1,0,1311,3087,7583,10676,19912,65535,6522,31380,43422,56002,33042,65535,6530
1685613108,0,1,1,0,1311,3087,7581,10673,19909,65535,6520,31370,43413,55975,33031,65535,6528
1685613114,0,1,1,0,1311,3090,7584,10676,19913,65535,6522,31386,43435,55999,33042,65535,6532
1685613120,0,1,1,0,1311,3089,7586,10677,19922,65535,6524,31393,43425,55999,33052,65535,6528
1685613126,0,1,1,0,1311,3088,7586,10683,19913,65535,6524,31390,43429,55995,33039,65535,6530
1685613132,0,1,1,0,1311,3089,7585,10674,19910,65535,6522,31391,43431,56023,33039,65535,6528
1685613138,0,1,1,0,1311,3091,7585,10675,19912,65535,6526,31389,43432,56016,33051,65535,6530
1685613144,0,1,1,0,1311,3087,7581,10679,19908,65535,6525,31375,43430,55992,33034,65535,6530
1685613150,0,1,1,0,1311,3090,7585,10672,19907,65535,6522,31386,43403,55981,33043,65535,6530
1685613156,0,1,1,0,1311,3089,7585,10675,19909,65535,6520,31373,43423,55988,33047,65535,6528
1685613162,0,1,1,0,1311,3087,7581,10676,19910,65535,6518,31366,43389,55968,33021,65535,6530
1685613168,0,1,1,0,1311,3088,7586,10672,19908,65535,6518,31364,43400,55975,33013,65535,6526
1685613174,0,1,1,0,1311,3087,7576,10668,19902,65535,6516,31368,43364,55990,33021,65535,6524
1685613180,0,1,1,0,1311,3085,7577,10663,19897,65535,6516,31350,43389,55943,33002,65535,6523
1685613186,0,1,1,0,1311,3084,7575,10667,19901,65535,6514,31364,43379,55933,33003,65535,6524
1685613192,0,1,1,0,1311,3085,7574,10655,19897,65535,6516,31353,43368,55902,33002,65535,6524
1685613198,0,1,1,0,1311,3084,7575,10652,19892,65535,6512,31335,43367,55889,32992,65535,6520
1685613204,0,1,1,0,1311,3082,7574,10645,19889,65535,6512,31333,43355,55883,32983,65535,6518
1685613210,0,1,1,0,1311,3085,7574,10654,19891,65535,6512,31348,43368,55901,32982,65535,6520
1685613216,0,1,1,0,1311,3082,7568,10652,19883,65535,6510,31321,43329,55888,32968,65535,6518
1685613222,0,1,1,0,1311,3083,7567,10652,19895,65535,6514,31326,43326,55910,32967,65535,6520
1685613228,0,1,1,0,1311,3080,7567,10653,19886,65535,6506,31316,43317,55872,32983,65535,6518
1685613234,0,1,1,0,1311,3082,7568,10650,19886,65535,6510,31327,43330,55897,32977,65535,6516
1685613240,0,1,1,0,1311,3081,7569,10655,19886,65535,6510,31335,43327,55881,32959,65535,6516
1685613246,0,1,1,0,1311,3081,7564,10645,19873,65535,6508,31314,43340,55888,32960,65535,6514
1685613252,0,1,1,0,1311,3083,7568,10650,19879,65535,6510,31336,43324,55878,32969,65535,6516
1685613258,0,1,1,0,1311,3082,7569,10660,19891,65535,6513,31318,43323,55881,32980,65535,6518
1685613264,0,1,1,0,1311,3082,7571,10655,19892,65535,6510,31323,43328,55903,32977,65535,6516
1685613270,0,1,1,0,1311,3084,7572,10657,19888,65535,6514,31335,43356,55910,32981,65535,6520
1685613276,0,1,1,0,1311,3083,7572,10661,19893,65535,6512,31342,43327,55901,32976,65535,6522
1685613282,0,1,1,0,1311,3083,7572,10663,19890,65535,6512,31346,43381,55922,32995,65535,6520
1685613288,0,1,1,0,1311,3083,7572,10664,19891,65535,6514,31334,43347,55913,32983,65535,6520
1685613294,0,1,1,0,1311,3086,7575,10658,19890,65535,6512,31346,43379,55925,32993,65535,6522
1685613300,0,1,1,0,1311,3084,7572,10663,19894,65535,6516,31349,43367,55922,32992,65535,6522
1685613306,0,1,1,0,1311,3088,7577,10670,19904,65535,6518,31356,43389,55942,33013,65535,6524
1685613312,0,1,1,0,1311,3084,7576,10664,19897,65535,6518,31346,43378,55940,33006,65535,6524
1685613318,0,1,1,0,1311,3086,7579,10666,19902,65535,6518,31355,43391,55928,33019,65535,6526
1685613324,0,1,1,0,1311,3086,7578,10666,19901,65535,6518,31351,43384,55982,33011,65535,6526
1685613330,0,1,1,0,1311,3087,7580,10668,19907,65535,6520,31347,43390,55943,33009,65535,6526
1685613336,0,1,1,0,1311,3087,7578,10663,19896,65535,6516,31368,43392,55948,33005,65535,6523
1685613342,0,1,1,0,1311,3087,7575,10665,19900,65535,6518,31357,43397,55959,33033,65535,6528
1685613348,0,1,1,0,1311,3086,7579,10667,19895,65535,6518,31362,43358,55943,33007,65535,6526
1685613354,0,1,1,0,1311,3087,7575,10667,19899,65535,6520,31364,43385,55946,33024,65535,6526
1685613360,0,1,1,0,1311,3085,7575,10668,19894,65535,6522,31351,43383,55968,33021,65535,6526
1685613366,0,1,1,0,1311,3086,7578,10670,19899,65535,6516,31354,43395,55935,33014,65535,6526
1685613372,0,1,1,0,1311,3086,7579,10670,19898,65535,6518,31357,43397,55949,33017,65535,6526
1685613378,0,1,1,0,1311,3084,7573,10665,19899,65535,6520,31347,43380,55926,33001,65535,6522
1685613384,0,1,1,0,1311,3085,7577,10664,19904,65535,6520,31351,43387,55952,33010,65535,6526
1685613390,0,1,1,0,1311,3085,7575,10662,19889,65535,6518,31336,43344,55932,32985,65535,6526
1685613396,0,1,1,0,1311,3085,7574,10661,19902,65535,6514,31346,43365,55922,33010,65535,6520
1685613402,0,1,1,0,1311,3084,7574,10659,19889,65535,6514,31345,43361,55933,32995,65535,6520
1685613408,0,1,1,0,1311,3082,7574,10655,19887,65535,6514,31351,43366,55887,32987,65535,6522
1685613414,0,1,1,0,1311,3083,7573,10658,19885,65535,6514,31337,43365,55923,32992,65535,6520
1685613420,0,1,1,0,1311,3083,7570,10650,19890,65535,6512,31339,43363,55909,32999,65535,6524
1685613426,0,1,1,0,1311,3084,7572,10652,19888,65535,6514,31331,43344,55903,32979,65535,6520
1685613432,0,1,1,0,1311,3083,7575,10655,19891,65535,6516,31344,43374,55915,32995,65535,6520
1685613438,0,1,1,0,1311,3085,7576,10664,19905,65535,6516,31355,43378,55934,33010,65535,6524
1685613444,0,1,1,0,1311,3084,7574,10661,19897,65535,6516,31349,43376,55932,32983,65535,6522
1685613450,0,1,1,0,1311,3084,7572,10662,19894,65535,6516,31362,43354,55931,33004,65535,6523
1685613456,0,1,1,0,1311,3086,7573,10662,19901,65535,6520,31365,43386,55937,33007,65535,6522
1685613462,0,1,1,0,1311,3087,7576,10664,19909,65535,6516,31364,43383,55933,33002,65535,6523
1685613468,0,1,1,0,1311,3087,7577,10665,19901,65535,6516,31352,43384,55947,33024,65535,6526
1685613474,0,1,1,0,1311,3086,7581,10669,19905,65535,6520,31371,43408,55968,33013,65535,6526
1685613480,0,1,1,0,1311,3088,7580,10666,19901,65535,6518,31374,43382,55998,33015,65535,6526
1685613486,0,1,1,0,1311,3086,7580,10669,19905,65535,6518,31379,43414,55961,33015,65535,6526
1685613492,0,1,1,0,1311,3087,7580,10665,19900,65535,6522,31356,43402,55955,33016,65535,6526
1685613498,0,1,1,0,1311,3088,7581,10667,19907,65535,6522,31363,43394,55981,33019,65535,6524
1685613504,0,1,1,0,1311,3084,7573,10660,19900,65535,6514,31341,43383,55919,32994,65535,6522
1685613510,0,1,1,0,1311,3085,7577,10661,19897,65535,6514,31346,43383,55939,32998,65535,6522
1685613516,0,1,1,0,1311,3083,7576,10659,19902,65535,6514,31332,43365,55916,32988,65535,6520
1685613522,0,1,1,0,1311,3082,7572,10657,19889,65535,6510,31332,43357,55886,32977,65535,6520
1685613528,0,1,1,0,1311,3082,7572,10659,19888,65535,6514,31346,43357,55891,33003,65535,6520
1685613534,0,1,1,0,1311,3082,7566,10653,19895,65535,6514,31334,43359,55879,32983,65535,6518
1685613540,0,1,1,0,1311,3083,7569,10652,19880,65535,6510,31314,43326,55891,32985,65535,6516
1685613546,0,1,1,0,1311,3081,7569,10657,19881,65535,6510,31317,43356,55920,32970,65535,6516
1685613552,0,1,1,0,1311,3082,7562,10647,19879,65535,6510,31339,43344,55911,32987,65535,6516
1685613558,0,1,1,0,1311,3080,7568,10653,19878,65535,6506,31315,43315,55868,32979,65535,6518
1685613564,0,1,1,0,1311,3082,7566,10646,19880,65535,6510,31313,43338,55871,32958,65535,6516
1685613570,0,1,1,0,1310,3080,7564,10646,19876,65535,6508,31336,43334,55877,32960,65535,6514
1685613576,0,1,1,0,1310,3083,7565,10650,19891,65535,6512,31317,43331,55890,32980,65535,6516
1685613582,0,1,1,0,1310,3080,7564,10645,19880,65535,6508,31317,43338,55873,32967,65535,6516
1685613588,0,1,1,0,1310,3080,7563,10644,19873,65535,6508,31328,43318,55869,32977,65535,6514
1685613594,0,1,1,0,1311,3082,7568,10651,19882,65535,6510,31322,43352,55899,32974,65535,6520
