Timestamp,Amber,White,On,Override,Intensity,AS00,AS01,AS02,AS03,AS04,AS05,AS06,AS07,AS08,AS09,AS10,AS11
1685602800,0,1,1,0,1324,3162,7760,10948,20217,65535,6640,31969,44359,57068,33667,65535,6650
1685602806,0,1,1,0,1324,3162,7761,10953,20212,65535,6644,31973,44352,57088,33667,65535,6650
1685602812,0,1,1,0,1324,3162,7759,10948,20222,65535,6640,31972,44356,57058,33667,65535,6650
1685602818,0,1,1,0,1324,3160,7760,10949,20211,65535,6642,31974,44355,57053,33666,65535,6650
1685602824,0,1,1,0,1324,3164,7760,10951,20216,65535,6642,31973,44361,57070,33666,65535,6650
1685602830,0,1,1,0,1324,3163,7761,10953,20211,65535,6644,31983,44369,57093,33668,65535,6650
1685602836,0,1,1,0,1324,3162,7761,10955,20214,65535,6642,31980,44363,57065,33667,65535,6650
1685602842,0,1,1,0,1324,3164,7762,10951,20215,65535,6642,31985,44372,57076,33667,65535,6650
1685602848,0,1,1,0,1324,3164,7762,10950,20216,65535,6644,31972,44353,57051,33667,65535,6648
1685602854,0,1,1,0,1324,3163,7765,10955,20222,65535,6642,31981,44345,57078,33667,65535,6650
1685602860,0,1,1,0,1325,3164,7764,10954,20222,65535,6644,31984,44383,57065,33667,65535,6650
1685602866,0,1,1,0,1325,3164,7763,10957,20226,65535,6644,31983,44372,57093,33667,65535,6652
1685602872,0,1,1,0,1325,3162,7763,10954,20217,65535,6644,31991,44370,57093,33667,65535,6650
1685602878,0,1,1,0,1324,3163,7762,10951,20213,65535,6644,31978,44377,57062,33668,65535,6654
1685602884,0,1,1,0,1324,3163,7762,10950,20223,65535,6642,31983,44373,57071,33667,65535,6648
1685602890,0,1,1,0,1324,3163,7762,10952,20228,65535,6642,31991,44379,57074,33667,65535,6652
1685602896,0,1,1,0,1324,3161,7761,10952,20222,65535,6640,31983,44368,57072,33667,65535,6654
1685602902,0,1,1,0,1324,3163,7762,10949,20224,65535,6648,31986,44363,57092,33667,65535,6650
1685602908,0,1,1,0,1324,3163,7762,10949,20214,65535,6644,31976,44362,57060,33668,65535,6650
1685602914,0,1,1,0,1324,3163,7762,10950,20223,65535,6642,31983,44373,57092,33667,65535,6650
1685602920,0,1,1,0,1324,3162,7764,10956,20224,65535,6642,31984,44377,57076,33667,65535,6652
1685602926,0,1,1,0,1324,3163,7762,10949,20221,65535,6642,31984,44368,57071,33667,65535,6650
1685602932,0,1,1,0,1324,3164,7763,10949,20214,65535,6642,31983,44351,57068,33667,65535,6648
1685602938,0,1,1,0,1324,3163,7759,10948,20226,65535,6642,31978,44356,57057,33667,65535,6648
1685602944,0,1,1,0,1324,3163,7760,10949,20225,65535,6642,31979,44369,57060,33667,65535,6650
1685602950,0,1,1,0,1324,3164,7765,10949,20221,65535,6644,31986,44362,57096,33667,65535,6652
1685602956,0,1,1,0,1324,3163,7758,10951,20222,65535,6642,31982,44369,57074,33668,65535,6650
1685602962,0,1,1,0,1324,3162,7759,10949,20226,65535,6638,31981,44365,57074,33667,65535,6648
1685602968,0,1,1,0,1324,3164,7765,10955,20224,65535,6642,31985,44375,57072,33667,65535,6652
1685602974,0,1,1,0,1324,3164,7765,10955,20227,65535,6646,31979,44368,57070,33666,65535,6650
1685602980,0,1,1,0,1325,3166,7767,10959,20225,65535,6644,31972,44376,57075,33668,65535,6652
1685602986,0,1,1,0,1325,3165,7765,10955,20219,65535,6644,31967,44368,57103,33667,65535,6652
1685602992,0,1,1,0,1325,3164,7769,10965,20224,65535,6646,31986,44392,57049,33668,65535,6656
1685602998,0,1,1,0,1325,3163,7769,10959,20232,65535,6646,31990,44384,57088,33668,65535,6654
1685603004,0,1,1,0,1325,3164,7766,10957,20228,65535,6648,31983,44388,57075,33667,65535,6652
1685603010,0,1,1,0,1325,3166,7767,10963,20232,65535,6648,31989,44394,57080,33666,65535,6652
1685603016,0,1,1,0,1325,3166,7768,10958,20221,65535,6646,31994,44396,57088,33667,65535,6660
1685603022,0,1,1,0,1325,3165,7768,10968,20235,65535,6648,31994,44388,57097,33670,65535,6656
1685603028,0,1,1,0,1325,3163,7768,10965,20227,65535,6644,31979,44386,57094,33668,65535,6656
1685603034,0,1,1,0,1325,3165,7767,10964,20233,65535,6649,31999,44401,57117,33672,65535,6658
1685603040,0,1,1,0,1325,3166,7771,10958,20235,65535,6646,31993,44374,57108,33669,65535,6656
1685603046,0,1,1,0,1325,3166,7764,10959,20234,65535,6646,31997,44377,57121,33667,65535,6654
1685603052,0,1,1,0,1325,3165,7768,10966,20224,65535,6650,31975,44387,57087,33671,65535,6653
1685603058,0,1,1,0,1325,3165,7767,10953,20232,65535,6646,31974,44390,57096,33667,65535,6654
1685603064,0,1,1,0,1325,3166,7764,10961,20235,65535,6644,31988,44365,57093,33668,65535,6660
1685603070,0,1,1,0,1325,3162,7762,10954,20225,65535,6644,31984,44359,57073,33668,65535,6652
1685603076,0,1,1,0,1325,3164,7765,10954,20227,65535,6644,31981,44383,57097,33667,65535,6650
1685603082,0,1,1,0,1325,3165,7765,10955,20229,65535,6648,31985,44376,57071,33669,65535,6656
1685603088,0,1,1,0,1324,3164,7766,10959,20223,65535,6644,31975,44370,57067,33667,65535,6650
1685603094,0,1,1,0,1324,3162,7766,10952,20215,65535,6642,31979,44364,57097,33667,65535,6650
1685603100,0,1,1,0,1324,3163,7759,10954,20222,65535,6641,31956,44346,57096,33666,65535,6652
1685603106,0,1,1,0,1324,3162,7762,10954,20224,65535,6642,31971,44379,57072,33667,65535,6652
1685603112,0,1,1,0,1324,3165,7764,10958,20229,65535,6646,31981,44376,57078,33668,65535,6654
1685603118,0,1,1,0,1324,3163,7759,10952,20212,65535,6644,31978,44354,57068,33667,65535,6650
1685603124,0,1,1,0,1324,3163,7764,10953,20224,65535,6646,31973,44368,57069,33668,65535,6654
1685603130,0,1,1,0,1324,3163,7764,10952,20227,65535,6648,31977,44356,57068,33666,65535,6648
1685603136,0,1,1,0,1324,3163,7764,10952,20218,65535,6644,31979,44371,57086,33668,65535,6654
1685603142,0,1,1,0,1324,3164,7762,10950,20223,65535,6642,31976,44371,57065,33667,65535,6652
1685603148,0,1,1,0,1324,3163,7759,10953,20225,65535,6640,31978,44350,57072,33667,65535,6650
1685603154,0,1,1,0,1324,3160,7758,10947,20211,65535,6642,31970,44346,57058,33666,65535,6646
1685603160,0,1,1,0,1324,3162,7760,10947,20218,65535,6642,31952,44338,57057,33666,65535,6648
1685603166,0,1,1,0,1324,3160,7756,10939,20212,65535,6638,31959,44332,57019,33666,65535,6646
1685603172,0,1,1,0,1324,3161,7759,10949,20215,65535,6637,31960,44341,57038,33666,65535,6646
1685603178,0,1,1,0,1324,3158,7753,10943,20214,65535,6642,31960,44315,57038,33666,65535,6648
1685603184,0,1,1,0,1324,3158,7754,10933,20213,65535,6636,31965,44333,57039,33667,65535,6644
1685603190,0,1,1,0,1324,3159,7755,10942,20217,65535,6636,31944,44336,57030,33667,65535,6644
1685603196,0,1,1,0,1324,3161,7755,10939,20213,65535,6638,31952,44336,57038,33667,65535,6644
1685603202,0,1,1,0,1324,3159,7755,10938,20211,65535,6638,31954,44324,57030,33666,65535,6644
1685603208,0,1,1,0,1324,3159,7755,10940,20211,65535,6636,31952,44333,57026,33665,65535,6644
1685603214,0,1,1,0,1324,3158,7752,10933,20208,65535,6634,31950,44324,57013,33665,65535,6644
1685603220,0,1,1,0,1324,3159,7756,10938,20211,65535,6634,31932,44327,57023,33667,65535,6642
1685603226,0,1,1,0,1324,3157,7751,10930,20202,65535,6632,31935,44283,57003,33662,65535,6640
1685603232,0,1,1,0,1324,3157,7749,10937,20204,65535,6630,31942,44300,57008,33662,65535,6640
1685603238,0,1,1,0,1324,3158,7754,10931,20209,65535,6634,31946,44308,57016,33667,65535,6642
1685603244,0,1,1,0,1324,3159,7752,10937,20207,65535,6634,31944,44315,57018,33663,65535,6642
1685603250,0,1,1,0,1324,3157,7752,10936,20205,65535,6634,31926,44295,56981,33664,65535,6642
1685603256,0,1,1,0,1324,3159,7750,10934,20209,65535,6632,31948,44314,57004,33666,65535,6644
1685603262,0,1,1,0,1324,3159,7752,10935,20207,65535,6634,31937,44313,57049,33667,65535,6644
1685603268,0,1,1,0,1324,3160,7751,10931,20209,65535,6632,31947,44282,57028,33666,65535,6642
1685603274,0,1,1,0,1324,3159,7750,10932,20205,65535,6632,31940,44297,56996,33659,65535,6640
1685603280,0,1,1,0,1324,3157,7748,10926,20201,65535,6630,31926,44283,57015,33662,65535,6638
1685603286,0,1,1,0,1324,3157,7747,10926,20202,65535,6628,31924,44279,56979,33663,65535,6634
1685603292,0,1,1,0,1324,3155,7748,10928,20203,65535,6632,31940,44280,56971,33665,65535,6636
1685603298,0,1,1,0,1324,3157,7743,10927,20198,65535,6629,31925,44279,56974,33657,65535,6638
1685603304,0,1,1,0,1324,3157,7745,10926,20202,65535,6628,31932,44288,56981,33649,65535,6638
1685603310,0,1,1,0,1324,3156,7740,10921,20199,65535,6626,31915,44249,56987,33653,65535,6634
1685603316,0,1,1,0,1324,3154,7743,10919,20201,65535,6626,31923,44244,56949,33655,65535,6634
1685603322,0,1,1,0,1324,3155,7738,10928,20199,65535,6628,31929,44273,56979,33660,65535,6636
1685603328,0,1,1,0,1324,3155,7739,10919,20196,65535,6626,31907,44246,56968,33655,65535,6634
1685603334,0,1,1,0,1324,3157,7743,10925,20199,65535,6626,31927,44246,56973,33653,65535,6638
1685603340,0,1,1,0,1324,3154,7741,10921,20200,65535,6632,31928,44246,56963,33656,65535,6634
1685603346,0,1,1,0,1324,3155,7744,10924,20201,65535,6626,31927,44268,56969,33655,65535,6634
1685603352,0,1,1,0,1324,3157,7739,10923,20199,65535,6632,31903,44238,56932,33643,65535,6636
1685603358,0,1,1,0,1324,3156,7742,10922,20200,65535,6628,31926,44271,57001,33664,65535,6634
1685603364,0,1,1,0,1324,3155,7739,10921,20200,65535,6626,31929,44287,56977,33662,65535,6636
1685603370,0,1,1,0,1324,3156,7744,10922,20201,65535,6630,31910,44272,56966,33659,65535,6638
1685603376,0,1,1,0,1324,3156,7744,10917,20203,65535,6628,31912,44265,56976,33657,65535,6634
1685603382,0,1,1,0,1324,3156,7744,10923,20201,65535,6626,31923,44266,56949,33657,65535,6636
1685603388,0,1,1,0,1324,3156,7745,10923,20202,65535,6628,31917,44285,56975,33661,65535,6634
1685603394,0,1,1,0,1324,3156,7745,10922,20198,65535,6628,31898,44243,56946,33652,65535,6634
1685603400,0,1,1,0,1324,3155,7742,10915,20199,65535,6626,31901,44258,56961,33634,65535,6638
1685603406,0,1,1,0,1324,3155,7741,10918,20197,65535,6626,31917,44251,56954,33629,65535,6634
1685603412,0,1,1,0,1324,3155,7739,10920,20196,65535,6630,31917,44255,56958,33657,65535,6632
1685603418,0,1,1,0,1324,3156,7744,10920,20201,65535,6628,31927,44270,56965,33659,65535,6634
1685603424,0,1,1,0,1324,3156,7744,10916,20200,65535,6628,31910,44267,56976,33654,65535,6636
1685603430,0,1,1,0,1324,3153,7740,10919,20197,65535,6628,31897,44259,56967,33647,65535,6636
1685603436,0,1,1,0,1324,3155,7742,10923,20201,65535,6628,31903,44257,56974,33651,65535,6634
1685603442,0,1,1,0,1324,3155,7744,10924,20200,65535,6626,31923,44273,56976,33649,65535,6634
1685603448,0,1,1,0,1324,3156,7745,10923,20197,65535,6626,31923,44248,56969,33651,65535,6634
1685603454,0,1,1,0,1324,3154,7741,10922,20201,65535,6626,31909,44276,56969,33656,65535,6634
1685603460,0,1,1,0,1324,3155,7741,10920,20198,65535,6626,31923,44260,56983,33652,65535,6634
1685603466,0,1,1,0,1324,3155,7741,10920,20200,65535,6627,31925,44274,56970,33658,65535,6632
1685603472,0,1,1,0,1324,3157,7741,10927,20198,65535,6626,31914,44260,56938,33633,65535,6635
1685603478,0,1,1,0,1324,3153,7743,10921,20201,65535,6628,31918,44270,56971,33658,65535,6636
1685603484,0,1,1,0,1324,3156,7749,10925,20199,65535,6628,31915,44261,56978,33647,65535,6636
1685603490,0,1,1,0,1324,3154,7744,10926,20205,65535,6628,31929,44248,56976,33656,65535,6638
1685603496,0,1,1,0,1324,3157,7747,10926,20199,65535,6630,31930,44276,56977,33660,65535,6636
1685603502,0,1,1,0,1324,3156,7745,10923,20203,65535,6628,31917,44292,56974,33663,65535,6636
1685603508,0,1,1,0,1324,3154,7744,10921,20201,65535,6628,31919,44248,56961,33658,65535,6636
1685603514,0,1,1,0,1324,3155,7748,10918,20203,65535,6632,31915,44266,56965,33663,65535,6630
1685603520,0,1,1,0,1324,3155,7739,10916,20201,65535,6628,31928,44266,56936,33658,65535,6634
1685603526,0,1,1,0,1324,3158,7746,10924,20200,65535,6628,31904,44267,56936,33657,65535,6636
1685603532,0,1,1,0,1324,3156,7744,10920,20202,65535,6630,31929,44267,56981,33660,65535,6636
1685603538,0,1,1,0,1324,3157,7747,10928,20205,65535,6628,31930,44275,56986,33662,65535,6636
1685603544,0,1,1,0,1324,3156,7744,10922,20202,65535,6628,31924,44256,56949,33652,65535,6634
1685603550,0,1,1,0,1324,3157,7743,10924,20203,65535,6628,31927,44265,56947,33658,65535,6636
1685603556,0,1,1,0,1324,3153,7741,10916,20200,65535,6628,31917,44267,56954,33658,65535,6636
1685603562,0,1,1,0,1324,3156,7745,10920,20203,65535,6628,31930,44272,56961,33653,65535,6634
1685603568,0,1,1,0,1324,3154,7741,10916,20196,65535,6630,31900,44254,56949,33650,65535,6634
1685603574,0,1,1,0,1324,3156,7744,10919,20203,65535,6627,31932,44275,57002,33660,65535,6636
1685603580,0,1,1,0,1324,3155,7739,10923,20202,65535,6630,31912,44264,56968,33655,65535,6638
1685603586,0,1,1,0,1324,3155,7744,10917,20199,65535,6626,31907,44271,56994,33657,65535,6634
1685603592,0,1,1,0,1324,3157,7745,10925,20205,65535,6632,31930,44274,56979,33656,65535,6634
1685603598,0,1,1,0,1324,3155,7744,10926,20198,65535,6628,31915,44277,56996,33664,65535,6638
1685603604,0,1,1,0,1324,3154,7743,10928,20203,65535,6630,31934,44284,56990,33652,65535,6638
1685603610,0,1,1,0,1324,3157,7745,10927,20204,65535,6632,31914,44270,56983,33649,65535,6638
1685603616,0,1,1,0,1324,3155,7746,10927,20199,65535,6634,31933,44262,56970,33655,65535,6636
1685603622,0,1,1,0,1324,3157,7744,10928,20200,65535,6630,31933,44243,56992,33660,65535,6636
1685603628,0,1,1,0,1324,3156,7744,10923,20201,65535,6634,31934,44272,56978,33661,65535,6640
1685603634,0,1,1,0,1324,3157,7747,10928,20203,65535,6628,31916,44280,56989,33663,65535,6638
1685603640,0,1,1,0,1324,3157,7745,10927,20201,65535,6632,31917,44282,57002,33662,65535,6636
1685603646,0,1,1,0,1324,3156,7744,10930,20202,65535,6634,31927,44279,57003,33645,65535,6636
1685603652,0,1,1,0,1324,3157,7747,10925,20203,65535,6632,31938,44287,56981,33661,65535,6640
1685603658,0,1,1,0,1324,3158,7748,10935,20206,65535,6632,31944,44295,57025,33665,65535,6644
1685603664,0,1,1,0,1324,3158,7746,10925,20204,65535,6629,31919,44287,57005,33662,65535,6638
1685603670,0,1,1,0,1324,3158,7748,10927,20206,65535,6632,31941,44296,56990,33657,65535,6639
1685603676,0,1,1,0,1324,3157,7747,10929,20204,65535,6632,31943,44298,57004,33661,65535,6638
1685603682,0,1,1,0,1324,3159,7750,10937,20203,65535,6630,31944,44272,56982,33661,65535,6638
1685603688,0,1,1,0,1324,3158,7749,10934,20202,65535,6638,31942,44291,56998,33661,65535,6640
1685603694,0,1,1,0,1324,3157,7749,10931,20204,65535,6632,31924,44278,56959,33665,65535,6642
1685603700,0,1,1,0,1324,3158,7749,10932,20206,65535,6632,31942,44299,56964,33665,65535,6640
1685603706,0,1,1,0,1324,3159,7748,10930,20204,65535,6634,31943,44278,56998,33664,65535,6642
1685603712,0,1,1,0,1324,3159,7749,10932,20206,65535,6634,31947,44305,57030,33665,65535,6638
1685603718,0,1,1,0,1324,3158,7749,10929,20205,65535,6636,31947,44299,56994,33664,65535,6644
1685603724,0,1,1,0,1324,3158,7748,10934,20202,65535,6634,31926,44297,57014,33664,65535,6640
1685603730,0,1,1,0,1324,3158,7749,10929,20204,65535,6632,31937,44286,56979,33663,65535,6638
1685603736,0,1,1,0,1324,3158,7750,10931,20205,65535,6634,31949,44302,56989,33666,65535,6642
1685603742,0,1,1,0,1324,3159,7750,10930,20204,65535,6632,31928,44285,56984,33667,65535,6640
1685603748,0,1,1,0,1324,3159,7748,10929,20206,65535,6637,31930,44308,56990,33665,65535,6640
1685603754,0,1,1,0,1324,3158,7748,10931,20204,65535,6632,31943,44282,56985,33664,65535,6640
1685603760,0,1,1,0,1324,3159,7751,10932,20209,65535,6634,31953,44289,56991,33661,65535,6640
1685603766,0,1,1,0,1324,3159,7749,10933,20202,65535,6634,31946,44306,57011,33665,65535,6640
1685603772,0,1,1,0,1324,3159,7750,10932,20199,65535,6634,31946,44281,56987,33666,65535,6642
1685603778,0,1,1,0,1324,3159,7753,10932,20204,65535,6634,31953,44301,56993,33666,65535,6642
1685603784,0,1,1,0,1324,3159,7753,10939,20209,65535,6638,31959,44314,57005,33666,65535,6644
1685603790,0,1,1,0,1324,3160,7751,10931,20202,65535,6634,31954,44311,57040,33666,65535,6644
1685603796,0,1,1,0,1324,3160,7752,10932,20204,65535,6633,31945,44280,56998,33666,65535,6642
1685603802,0,1,1,0,1324,3160,7749,10934,20207,65535,6634,31946,44299,57002,33665,65535,6642
1685603808,0,1,1,0,1324,3159,7749,10937,20206,65535,6636,31958,44299,57022,33665,65535,6644
1685603814,0,1,1,0,1324,3160,7752,10939,20208,65535,6636,31952,44293,57023,33665,65535,6642
1685603820,0,1,1,0,1324,3159,7748,10933,20203,65535,6636,31932,44297,57008,33666,65535,6641
1685603826,0,1,1,0,1324,3159,7751,10933,20209,65535,6634,31953,44303,57010,33666,65535,6642
1685603832,0,1,1,0,1324,3160,7752,10931,20207,65535,6634,31938,44306,57000,33662,65535,6642
1685603838,0,1,1,0,1324,3159,7749,10930,20205,65535,6634,31931,44297,56998,33665,65535,6640
1685603844,0,1,1,0,1324,3160,7746,10925,20200,65535,6634,31956,44313,57002,33664,65535,6642
1685603850,0,1,1,0,1324,3160,7751,10933,20206,65535,6636,31954,44311,57002,33666,65535,6644
1685603856,0,1,1,0,1324,3160,7747,10939,20209,65535,6634,31943,44314,56990,33666,65535,6642
1685603862,0,1,1,0,1324,3157,7752,10933,20208,65535,6638,31954,44288,56987,33665,65535,6642
1685603868,0,1,1,0,1324,3157,7751,10932,20209,65535,6634,31959,44317,57036,33664,65535,6644
1685603874,0,1,1,0,1324,3161,7753,10936,20206,65535,6634,31953,44290,57006,33664,65535,6642
1685603880,0,1,1,0,1324,3158,7751,10936,20201,65535,6636,31940,44313,57004,33665,65535,6644
1685603886,0,1,1,0,1324,3160,7749,10934,20203,65535,6636,31942,44324,57027,33664,65535,6644
1685603892,0,1,1,0,1324,3160,7754,10936,20212,65535,6636,31937,44325,57006,33666,65535,6648
1685603898,0,1,1,0,1324,3160,7751,10940,20209,65535,6638,31954,44320,57022,33666,65535,6644
1685603904,0,1,1,0,1324,3159,7752,10939,20209,65535,6638,31955,44320,57033,33666,65535,6644
1685603910,0,1,1,0,1324,3159,7750,10942,20204,65535,6636,31955,44302,56998,33665,65535,6644
1685603916,0,1,1,0,1324,3161,7752,10940,20209,65535,6636,31963,44304,57044,33666,65535,6642
1685603922,0,1,1,0,1324,3159,7746,10937,20209,65535,6636,31947,44307,57020,33666,65535,6642
1685603928,0,1,1,0,1324,3158,7751,10935,20206,65535,6638,31955,44306,57013,33666,65535,6644
1685603934,0,1,1,0,1324,3159,7750,10936,20204,65535,6638,31942,44298,56981,33667,65535,6642
1685603940,0,1,1,0,1324,3160,7754,10935,20211,65535,6634,31961,44325,57018,33666,65535,6646
1685603946,0,1,1,0,1324,3160,7749,10938,20208,65535,6638,31957,44310,57026,33666,65535,6644
1685603952,0,1,1,0,1324,3159,7753,10939,20213,65535,6640,31961,44305,57058,33666,65535,6646
1685603958,0,1,1,0,1324,3160,7752,10943,20212,65535,6638,31967,44331,57036,33667,65535,6648
1685603964,0,1,1,0,1324,3160,7757,10951,20209,65535,6640,31966,44343,57040,33667,65535,6644
1685603970,0,1,1,0,1324,3159,7758,10942,20213,65535,6640,31949,44340,57042,33666,65535,6646
1685603976,0,1,1,0,1324,3162,7753,10946,20216,65535,6638,31964,44325,57066,33666,65535,6648
1685603982,0,1,1,0,1324,3161,7757,10945,20216,65535,6639,31971,44347,57054,33666,65535,6648
1685603988,0,1,1,0,1324,3159,7754,10944,20205,65535,6638,31960,44340,57037,33667,65535,6646
1685603994,0,1,1,0,1324,3160,7751,10944,20211,65535,6638,31961,44325,57028,33666,65535,6648
1685604000,0,1,1,0,1324,3161,7755,10942,20213,65535,6638,31958,44341,57040,33667,65535,6646
1685604006,0,1,1,0,1324,3162,7752,10944,20214,65535,6640,31961,44337,57031,33667,65535,6644
1685604012,0,1,1,0,1324,3162,7754,10947,20213,65535,6640,31951,44320,57040,33666,65535,6646
1685604018,0,1,1,0,1324,3163,7756,10950,20215,65535,6642,31970,44346,57028,33666,65535,6648
1685604024,0,1,1,0,1324,3162,7755,10948,20209,65535,6640,31970,44345,57053,33666,65535,6646
1685604030,0,1,1,0,1324,3163,7757,10951,20216,65535,6640,31964,44341,57017,33666,65535,6652
1685604036,0,1,1,0,1324,3162,7758,10943,20216,65535,6642,31972,44345,57061,33667,65535,6648
1685604042,0,1,1,0,1324,3162,7758,10945,20211,65535,6640,31955,44343,57056,33667,65535,6648
1685604048,0,1,1,0,1324,3163,7759,10947,20209,65535,6640,31969,44343,57052,33666,65535,6648
1685604054,0,1,1,0,1324,3163,7760,10949,20209,65535,6642,31963,44319,57047,33666,65535,6648
1685604060,0,1,1,0,1324,3162,7762,10949,20221,65535,6640,31976,44346,57091,33667,65535,6652
1685604066,0,1,1,0,1324,3160,7756,10955,20216,65535,6642,31949,44350,57042,33667,65535,6646
1685604072,0,1,1,0,1324,3163,7757,10947,20219,65535,6642,31971,44340,57044,33666,65535,6650
1685604078,0,1,1,0,1324,3162,7760,10949,20216,65535,6642,31960,44343,57057,33666,65535,6650
1685604084,0,1,1,0,1324,3161,7759,10948,20221,65535,6642,31955,44342,57050,33667,65535,6650
1685604090,0,1,1,0,1324,3161,7759,10948,20217,65535,6640,31971,44335,57042,33667,65535,6649
1685604096,0,1,1,0,1324,3162,7758,10942,20214,65535,6642,31971,44351,57063,33666,65535,6650
1685604102,0,1,1,0,1324,3161,7760,10947,20219,65535,6640,31970,44348,57070,33668,65535,6648
1685604108,0,1,1,0,1324,3162,7757,10949,20219,65535,6642,31969,44329,57045,33668,65535,6650
1685604114,0,1,1,0,1324,3163,7759,10952,20217,65535,6638,31969,44323,57056,33666,65535,6648
1685604120,0,1,1,0,1324,3161,7757,10950,20218,65535,6642,31964,44343,57054,33667,65535,6648
1685604126,0,1,1,0,1324,3162,7760,10956,20221,65535,6642,31975,44334,57057,33666,65535,6650
1685604132,0,1,1,0,1324,3164,7762,10958,20217,65535,6644,31960,44339,57064,33667,65535,6650
1685604138,0,1,1,0,1324,3161,7757,10952,20221,65535,6642,31978,44366,57054,33667,65535,6650
1685604144,0,1,1,0,1324,3164,7759,10953,20224,65535,6644,31962,44340,57064,33667,65535,6654
1685604150,0,1,1,0,1325,3162,7762,10959,20225,65535,6642,31986,44365,57073,33667,65535,6654
1685604156,0,1,1,0,1324,3164,7762,10957,20225,65535,6644,31965,44367,57067,33668,65535,6652
1685604162,0,1,1,0,1324,3163,7758,10956,20221,65535,6644,31980,44328,57060,33668,65535,6652
1685604168,0,1,1,0,1324,3164,7760,10948,20213,65535,6642,31984,44330,57080,33667,65535,6649
1685604174,0,1,1,0,1324,3161,7760,10950,20209,65535,6642,31969,44350,57046,33667,65535,6650
1685604180,0,1,1,0,1324,3163,7757,10950,20220,65535,6644,31968,44333,57053,33667,65535,6648
1685604186,0,1,1,0,1324,3163,7758,10951,20218,65535,6642,31977,44360,57037,33667,65535,6650
1685604192,0,1,1,0,1324,3162,7758,10947,20215,65535,6640,31977,44333,57057,33667,65535,6650
1685604198,0,1,1,0,1324,3160,7759,10950,20218,65535,6644,31961,44355,57040,33667,65535,6650
1685604204,0,1,1,0,1324,3162,7758,10952,20218,65535,6642,31980,44355,57041,33667,65535,6652
1685604210,0,1,1,0,1324,3162,7760,10954,20220,65535,6642,31986,44370,57079,33666,65535,6652
1685604216,0,1,1,0,1324,3163,7763,10947,20217,65535,6642,31967,44368,57044,33666,65535,6652
1685604222,0,1,1,0,1324,3164,7759,10954,20223,65535,6642,31977,44358,57066,33667,65535,6654
1685604228,0,1,1,0,1325,3162,7759,10955,20221,65535,6645,31967,44356,57074,33667,65535,6650
1685604234,0,1,1,0,1325,3165,7765,10959,20227,65535,6646,31978,44364,57094,33667,65535,6654
1685604240,0,1,1,0,1325,3167,7764,10959,20230,65535,6648,31990,44372,57079,33668,65535,6654
1685604246,0,1,1,0,1325,3166,7765,10959,20218,65535,6648,31990,44370,57085,33668,65535,6654
1685604252,0,1,1,0,1324,3164,7762,10957,20223,65535,6644,31991,44385,57079,33668,65535,6654
1685604258,0,1,1,0,1325,3166,7765,10965,20232,65535,6648,31994,44380,57081,33668,65535,6650
1685604264,0,1,1,0,1325,3168,7768,10969,20233,65535,6648,31988,44396,57070,33670,65535,6654
1685604270,0,1,1,0,1325,3165,7766,10960,20228,65535,6648,31999,44388,57096,33669,65535,6654
1685604276,0,1,1,0,1325,3166,7763,10960,20232,65535,6648,31985,44380,57079,33667,65535,6656
1685604282,0,1,1,0,1325,3165,7767,10960,20229,65535,6646,31986,44382,57081,33670,65535,6656
1685604288,0,1,1,0,1325,3166,7765,10961,20232,65535,6646,32000,44373,57093,33669,65535,6654
1685604294,0,1,1,0,1324,3166,7768,10961,20231,65535,6647,31993,44357,57087,33667,65535,6654
1685604300,0,1,1,0,1325,3167,7765,10961,20221,65535,6644,32001,44381,57092,33667,65535,6654
1685604306,0,1,1,0,1325,3164,7766,10957,20228,65535,6646,31993,44360,57081,33668,65535,6652
1685604312,0,1,1,0,1324,3166,7763,10956,20226,65535,6646,31993,44373,57073,33667,65535,6654
1685604318,0,1,1,0,1325,3166,7762,10960,20230,65535,6648,32001,44371,57090,33671,65535,6660
1685604324,0,1,1,0,1325,3164,7768,10960,20230,65535,6652,31986,44369,57085,33670,65535,6656
1685604330,0,1,1,0,1325,3165,7766,10959,20229,65535,6646,31992,44368,57085,33667,65535,6654
1685604336,0,1,1,0,1325,3166,7768,10954,20227,65535,6646,31982,44387,57082,33668,65535,6654
1685604342,0,1,1,0,1325,3164,7768,10960,20231,65535,6648,31993,44375,57077,33670,65535,6656
1685604348,0,1,1,0,1325,3166,7763,10965,20225,65535,6646,31990,44374,57084,33666,65535,6656
1685604354,0,1,1,0,1325,3167,7768,10958,20232,65535,6648,31996,44388,57087,33668,65535,6658
1685604360,0,1,1,0,1325,3166,7767,10962,20230,65535,6650,32005,44396,57100,33669,65535,6652
1685604366,0,1,1,0,1325,3166,7767,10961,20229,65535,6650,31996,44360,57095,33666,65535,6656
1685604372,0,1,1,0,1325,3166,7767,10961,20230,65535,6648,31999,44389,57114,33668,65535,6656
1685604378,0,1,1,0,1325,3165,7764,10963,20222,65535,6651,31995,44393,57098,33673,65535,6656
1685604384,0,1,1,0,1325,3167,7768,10963,20233,65535,6650,31989,44380,57094,33668,65535,6658
1685604390,0,1,1,0,1325,3167,7769,10966,20236,65535,6650,31986,44405,57068,33679,65535,6658
1685604396,0,1,1,0,1325,3167,7766,10969,20234,65535,6650,32005,44385,57117,33675,65535,6658
1685604402,0,1,1,0,1325,3166,7770,10962,20238,65535,6652,32001,44412,57120,33675,65535,6660
1685604408,0,1,1,0,1325,3166,7771,10967,20240,65535,6652,32011,44418,57134,33679,65535,6659
1685604414,0,1,1,0,1325,3168,7771,10968,20242,65535,6653,32014,44416,57136,33683,65535,6660
1685604420,0,1,1,0,1325,3169,7771,10971,20249,65535,6652,31998,44411,57093,33676,65535,6660
1685604426,0,1,1,0,1325,3170,7776,10977,20245,65535,6654,32022,44432,57118,33687,65535,6663
1685604432,0,1,1,0,1325,3169,7769,10976,20245,65535,6656,32025,44431,57132,33672,65535,6660
1685604438,0,1,1,0,1325,3171,7773,10976,20252,65535,6654,32010,44413,57143,33674,65535,6662
1685604444,0,1,1,0,1325,3170,7776,10977,20240,65535,6656,32017,44421,57127,33681,65535,6662
1685604450,0,1,1,0,1325,3169,7770,10978,20240,65535,6654,32021,44428,57129,33679,65535,6666
1685604456,0,1,1,0,1325,3168,7774,10979,20244,65535,6656,32025,44431,57128,33690,65535,6662
1685604462,0,1,1,0,1325,3170,7774,10978,20243,65535,6656,32015,44433,57178,33715,65535,6664
1685604468,0,1,1,0,1325,3171,7779,10979,20234,65535,6658,32012,44420,57168,33695,65535,6664
1685604474,0,1,1,0,1325,3170,7778,10989,20254,65535,6658,32015,44450,57157,33685,65535,6667
1685604480,0,1,1,0,1325,3172,7779,10987,20242,65535,6658,32039,44452,57167,33685,65535,6668
1685604486,0,1,1,0,1325,3172,7780,10986,20247,65535,6660,32019,44447,57171,33693,65535,6666
1685604492,0,1,1,0,1325,3172,7777,10985,20253,65535,6660,32045,44452,57178,33710,65535,6662
1685604498,0,1,1,0,1325,3172,7777,10982,20251,65535,6660,32060,44471,57200,33702,65535,6666
1685604504,0,1,1,0,1325,3173,7778,10990,20248,65535,6660,32049,44468,57186,33699,65535,6670
1685604510,0,1,1,0,1325,3172,7781,10985,20256,65535,6662,32049,44466,57160,33694,65535,6666
1685604516,0,1,1,0,1325,3169,7777,10986,20258,65535,6660,32047,44469,57199,33718,65535,6668
1685604522,0,1,1,0,1325,3174,7781,10987,20259,65535,6660,32051,44453,57175,33723,65535,6670
1685604528,0,1,1,0,1325,3171,7780,10986,20254,65535,6660,32035,44473,57187,33696,65535,6668
1685604534,0,1,1,0,1325,3173,7782,10985,20256,65535,6658,32044,44471,57185,33713,65535,6666
1685604540,0,1,1,0,1325,3173,7784,10991,20258,65535,6658,32048,44470,57165,33714,65535,6666
1685604546,0,1,1,0,1325,3170,7780,10986,20251,65535,6658,32046,44475,57189,33691,65535,6668
1685604552,0,1,1,0,1325,3174,7778,10992,20255,65535,6660,32052,44476,57227,33725,65535,6670
1685604558,0,1,1,0,1325,3173,7779,10992,20262,65535,6662,32046,44458,57201,33699,65535,6672
1685604564,0,1,1,0,1325,3173,7780,10993,20254,65535,6662,32055,44484,57202,33727,65535,6668
1685604570,0,1,1,0,1325,3172,7779,10991,20257,65535,6660,32051,44481,57193,33703,65535,6668
1685604576,0,1,1,0,1330,3174,7780,10996,20263,65535,6664,32037,44468,57185,33707,65535,6670
1685604582,0,1,1,0,1325,3174,7782,10995,20261,65535,6662,32056,44466,57211,33736,65535,6672
1685604588,0,1,1,0,1325,3175,7786,10997,20263,65535,6662,32061,44492,57223,33742,65535,6672
1685604594,0,1,1,0,1325,3175,7782,10995,20256,65535,6664,32058,44485,57204,33730,65535,6670
1685604600,0,1,1,0,1325,3175,7783,10993,20262,65535,6664,32055,44503,57202,33734,65535,6668
1685604606,0,1,1,0,1325,3174,7786,10996,20255,65535,6664,32062,44495,57212,33742,65535,6670
1685604612,0,1,1,0,1330,3174,7785,10996,20264,65535,6666,32065,44500,57222,33744,65535,6672
1685604618,0,1,1,0,1330,3176,7788,10998,20271,65535,6666,32062,44501,57217,33724,65535,6670
1685604624,0,1,1,0,1330,3175,7789,10994,20255,65535,6664,32072,44487,57231,33753,65535,6672
1685604630,0,1,1,0,1330,3173,7787,10995,20266,65535,6664,32071,44504,57221,33740,65535,6674
1685604636,0,1,1,0,1330,3175,7786,10996,20269,65535,6662,32061,44491,57215,33732,65535,6670
1685604642,0,1,1,0,1325,3171,7777,10992,20257,65535,6662,32047,44473,57205,33704,65535,6668
1685604648,0,1,1,0,1325,3173,7780,10990,20258,65535,6664,32058,44487,57208,33729,65535,6670
1685604654,0,1,1,0,1325,3172,7784,10992,20259,65535,6662,32050,44479,57204,33727,65535,6670
1685604660,0,1,1,0,1325,3173,7784,10987,20248,65535,6662,32048,44475,57209,33724,65535,6674
1685604666,0,1,1,0,1325,3174,7780,10991,20249,65535,6660,32037,44480,57201,33730,65535,6672
1685604672,0,1,1,0,1325,3173,7782,10996,20259,65535,6664,32055,44493,57225,33716,65535,6670
1685604678,0,1,1,0,1325,3173,7788,10996,20259,65535,6664,32059,44501,57217,33733,65535,6672
1685604684,0,1,1,0,1325,3173,7785,10993,20261,65535,6664,32044,44480,57204,33727,65535,6670
1685604690,0,1,1,0,1325,3174,7788,10998,20267,65535,6664,32058,44495,57220,33737,65535,6676
1685604696,0,1,1,0,1325,3175,7788,10998,20270,65535,6664,32060,44501,57224,33716,65535,6674
1685604702,0,1,1,0,1330,3174,7787,10993,20264,65535,6664,32054,44477,57206,33740,65535,6670
1685604708,0,1,1,0,1325,3173,7784,10996,20265,65535,6664,32051,44477,57226,33745,65535,6672
1685604714,0,1,1,0,1325,3174,7785,10994,20258,65535,6664,32036,44488,57234,33725,65535,6672
1685604720,0,1,1,0,1325,3173,7783,10997,20267,65535,6664,32054,44478,57211,33733,65535,6672
1685604726,0,1,1,0,1325,3174,7785,10998,20270,65535,6666,32061,44496,57229,33744,65535,6674
1685604732,0,1,1,0,1325,3174,7788,10993,20270,65535,6666,32068,44483,57255,33741,65535,6674
1685604738,0,1,1,0,1325,3175,7786,10995,20271,65535,6666,32069,44504,57217,33757,65535,6672
1685604744,0,1,1,0,1325,3174,7787,10994,20259,65535,6662,32073,44507,57248,33755,65535,6674
1685604750,0,1,1,0,1325,3176,7785,11001,20277,65535,6668,32071,44491,57240,33759,65535,6676
1685604756,0,1,1,0,1325,3175,7786,11001,20263,65535,6666,32075,44515,57262,33762,65535,6676
1685604762,0,1,1,0,1325,3176,7791,11004,20278,65535,6666,32079,44512,57249,33762,65535,6678
1685604768,0,1,1,0,1330,3176,7791,11003,20271,65535,6668,32074,44502,57246,33763,65535,6674
1685604774,0,1,1,0,1330,3178,7791,11007,20279,65535,6668,32077,44525,57230,33764,65535,6676
1685604780,0,1,1,0,1325,3176,7792,11000,20268,65535,6668,32075,44525,57246,33750,65535,6674
1685604786,0,1,1,0,1330,3176,7791,11005,20269,65535,6666,32069,44483,57221,33755,65535,6674
1685604792,0,1,1,0,1325,3174,7790,10995,20277,65535,6668,32076,44501,57239,33763,65535,6676
1685604798,0,1,1,0,1325,3175,7789,10999,20261,65535,6666,32070,44510,57207,33757,65535,6674
1685604804,0,1,1,0,1325,3160,7751,10946,20185,65535,6636,32074,44526,57244,33750,65535,6676
1685604810,0,1,1,0,1330,3176,7792,11002,20273,65535,6666,32067,44494,57230,33752,65535,6674
1685604816,0,1,1,0,1330,3176,7790,10995,20265,65535,6664,32071,44519,57229,33738,65535,6672
1685604822,0,1,1,0,1330,3175,7786,11000,20269,65535,6668,32071,44502,57229,33753,65535,6672
1685604828,0,1,1,0,1325,3176,7786,10997,20270,65535,6668,32071,44516,57255,33755,65535,6674
1685604834,0,1,1,0,1330,3172,7789,10998,20274,65535,6666,32066,44512,57247,33755,65535,6674
1685604840,0,1,1,0,1330,3175,7791,10998,20272,65535,6664,32065,44506,57218,33746,65535,6670
1685604846,0,1,1,0,1325,3175,7787,10998,20271,65535,6664,32067,44497,57202,33757,65535,6672
1685604852,0,1,1,0,1330,3175,7785,10996,20263,65535,6668,32059,44493,57208,33737,65535,6672
1685604858,0,1,1,0,1330,3174,7785,10999,20256,65535,6664,32061,44504,57234,33750,65535,6672
1685604864,0,1,1,0,1330,3174,7783,10992,20266,65535,6666,32056,44486,57217,33725,65535,6672
1685604870,0,1,1,0,1330,3173,7788,10999,20271,65535,6664,32064,44497,57224,33748,65535,6672
1685604876,0,1,1,0,1330,3174,7785,10995,20257,65535,6664,32053,44493,57196,33728,65535,6672
1685604882,0,1,1,0,1330,3174,7786,10999,20265,65535,6668,32053,44476,57197,33716,65535,6672
1685604888,0,1,1,0,1325,3173,7785,11000,20267,65535,6664,32049,44473,57222,33738,65535,6668
1685604894,0,1,1,0,1325,3174,7784,10994,20267,65535,6663,32061,44488,57238,33752,65535,6670
1685604900,0,1,1,0,1325,3172,7783,10997,20266,65535,6664,32060,44480,57225,33739,65535,6672
1685604906,0,1,1,0,1325,3174,7784,10999,20266,65535,6666,32049,44482,57214,33716,65535,6672
1685604912,0,1,1,0,1325,3174,7783,10996,20252,65535,6662,32040,44479,57219,33733,65535,6670
1685604918,0,1,1,0,1330,3174,7783,10997,20264,65535,6664,32060,44484,57221,33732,65535,6672
1685604924,0,1,1,0,1325,3172,7785,10992,20261,65535,6662,32053,44487,57188,33740,65535,6670
1685604930,0,1,1,0,1325,3173,7780,10987,20265,65535,6664,32052,44490,57184,33713,65535,6670
1685604936,0,1,1,0,1325,3172,7782,10996,20252,65535,6662,32052,44492,57223,33716,65535,6670
1685604942,0,1,1,0,1325,3171,7785,10993,20252,65535,6662,32051,44492,57176,33737,65535,6669
1685604948,0,1,1,0,1325,3172,7784,10994,20246,65535,6660,32030,44469,57203,33721,65535,6668
1685604954,0,1,1,0,1325,3170,7785,10988,20261,65535,6662,32049,44479,57173,33722,65535,6668
1685604960,0,1,1,0,1325,3172,7785,10986,20261,65535,6662,32043,44489,57207,33735,65535,6669
1685604966,0,1,1,0,1325,3173,7781,10991,20258,65535,6662,32039,44452,57168,33728,65535,6668
1685604972,0,1,1,0,1325,3169,7779,10995,20256,65535,6658,32041,44456,57205,33701,65535,6668
1685604978,0,1,1,0,1325,3174,7783,10988,20261,65535,6660,32044,44476,57171,33710,65535,6670
1685604984,0,1,1,0,1330,3173,7785,10994,20264,65535,6662,32052,44476,57221,33742,65535,6670
1685604990,0,1,1,0,1325,3172,7781,10998,20261,65535,6662,32044,44486,57206,33733,65535,6668
1685604996,0,1,1,0,1325,3172,7784,10998,20252,65535,6662,32042,44465,57221,33738,65535,6670
1685605002,0,1,1,0,1330,3175,7785,10996,20267,65535,6662,32048,44487,57177,33713,65535,6670
1685605008,0,1,1,0,1330,3174,7780,10997,20257,65535,6662,32051,44504,57232,33750,65535,6672
1685605014,0,1,1,0,1330,3174,7786,10994,20259,65535,6664,32050,44469,57172,33736,65535,6668
1685605020,0,1,1,0,1330,3172,7785,10993,20254,65535,6664,32049,44477,57239,33720,65535,6670
1685605026,0,1,1,0,1325,3170,7786,10992,20251,65535,6664,32047,44494,57223,33743,65535,6670
1685605032,0,1,1,0,1325,3174,7787,11003,20259,65535,6666,32036,44493,57197,33729,65535,6672
1685605038,0,1,1,0,1325,3173,7786,10997,20257,65535,6664,32064,44477,57233,33745,65535,6672
1685605044,0,1,1,0,1325,3175,7785,10992,20269,65535,6664,32050,44499,57227,33748,65535,6672
1685605050,0,1,1,0,1325,3174,7785,10997,20255,65535,6664,32048,44492,57196,33720,65535,6672
1685605056,0,1,1,0,1325,3174,7781,10998,20254,65535,6662,32048,44473,57217,33741,65535,6670
1685605062,0,1,1,0,1325,3173,7782,10990,20259,65535,6660,32042,44474,57199,33718,65535,6668
1685605068,0,1,1,0,1325,3173,7785,10992,20266,65535,6662,32046,44491,57225,33736,65535,6670
1685605074,0,1,1,0,1325,3172,7781,10985,20254,65535,6662,32032,44470,57163,33702,65535,6668
1685605080,0,1,1,0,1325,3172,7783,10987,20257,65535,6662,32038,44480,57176,33729,65535,6669
1685605086,0,1,1,0,1325,3172,7783,10987,20258,65535,6660,32043,44477,57196,33724,65535,6670
1685605092,0,1,1,0,1325,3172,7777,10988,20255,65535,6662,32035,44475,57209,33722,65535,6666
1685605098,0,1,1,0,1325,3170,7782,10991,20260,65535,6662,32038,44468,57192,33699,65535,6668
1685605104,0,1,1,0,1325,3173,7783,10989,20259,65535,6662,32039,44458,57182,33719,65535,6668
1685605110,0,1,1,0,1325,3171,7782,10991,20249,65535,6662,32043,44456,57167,33727,65535,6670
1685605116,0,1,1,0,1325,3172,7783,10990,20261,65535,6662,32041,44482,57206,33731,65535,6668
1685605122,0,1,1,0,1325,3172,7779,10990,20260,65535,6662,32047,44482,57199,33734,65535,6670
1685605128,0,1,1,0,1325,3173,7784,10995,20249,65535,6664,32049,44472,57220,33730,65535,6670
1685605134,0,1,1,0,1325,3173,7786,10995,20265,65535,6660,32047,44469,57211,33737,65535,6670
1685605140,0,1,1,0,1325,3173,7785,10994,20267,65535,6664,32046,44466,57202,33738,65535,6672
1685605146,0,1,1,0,1325,3172,7782,10990,20260,65535,6662,32045,44479,57202,33729,65535,6668
1685605152,0,1,1,0,1325,3172,7785,10994,20265,65535,6664,32045,44491,57206,33738,65535,6673
1685605158,0,1,1,0,1325,3171,7783,10989,20251,65535,6664,32036,44481,57190,33725,65535,6670
1685605164,0,1,1,0,1325,3171,7782,10991,20259,65535,6662,32042,44481,57207,33726,65535,6668
1685605170,0,1,1,0,1325,3172,7781,10996,20250,65535,6660,32040,44466,57196,33721,65535,6668
1685605176,0,1,1,0,1325,3173,7783,10997,20256,65535,6663,32041,44452,57190,33703,65535,6670
1685605182,0,1,1,0,1325,3172,7782,10989,20266,65535,6664,32047,44475,57196,33734,65535,6670
1685605188,0,1,1,0,1325,3170,7781,10986,20245,65535,6660,32040,44459,57185,33697,65535,6668
1685605194,0,1,1,0,1325,3171,7782,10991,20257,65535,6658,32042,44477,57198,33715,65535,6668
1685605200,0,1,1,0,1325,3171,7779,10985,20256,65535,6658,32037,44471,57182,33696,65535,6668
1685605206,0,1,1,0,1325,3171,7778,10995,20248,65535,6660,32036,44454,57198,33705,65535,6670
1685605212,0,1,1,0,1325,3171,7781,10985,20243,65535,6662,32036,44464,57218,33714,65535,6666
1685605218,0,1,1,0,1325,3171,7781,10986,20243,65535,6660,32029,44473,57183,33722,65535,6668
1685605224,0,1,1,0,1325,3172,7781,10985,20259,65535,6662,32036,44468,57218,33725,65535,6668
1685605230,0,1,1,0,1325,3173,7783,10996,20257,65535,6664,32043,44480,57194,33712,65535,6672
1685605236,0,1,1,0,1325,3171,7782,10985,20259,65535,6660,32036,44450,57175,33703,65535,6668
1685605242,0,1,1,0,1325,3171,7780,10983,20247,65535,6662,32035,44468,57216,33696,65535,6668
1685605248,0,1,1,0,1325,3171,7778,10985,20249,65535,6660,32033,44454,57169,33700,65535,6668
1685605254,0,1,1,0,1325,3172,7779,10982,20256,65535,6660,32037,44461,57200,33691,65535,6666
1685605260,0,1,1,0,1325,3170,7779,10985,20246,65535,6660,32035,44468,57184,33716,65535,6666
1685605266,0,1,1,0,1325,3171,7775,10984,20248,65535,6658,32033,44450,57180,33707,65535,6666
1685605272,0,1,1,0,1325,3170,7775,10985,20245,65535,6660,32025,44460,57203,33718,65535,6668
1685605278,0,1,1,0,1325,3171,7778,10990,20260,65535,6660,32038,44465,57215,33730,65535,6666
1685605284,0,1,1,0,1325,3171,7780,10987,20250,65535,6658,32037,44472,57179,33701,65535,6668
1685605290,0,1,1,0,1325,3172,7782,10989,20260,65535,6660,32047,44485,57205,33738,65535,6670
1685605296,0,1,1,0,1325,3172,7781,10989,20258,65535,6660,32047,44479,57227,33732,65535,6670
1685605302,0,1,1,0,1325,3172,7778,10988,20259,65535,6662,32044,44469,57200,33721,65535,6670
1685605308,0,1,1,0,1325,3173,7785,10990,20257,65535,6660,32037,44462,57197,33724,65535,6670
1685605314,0,1,1,0,1325,3173,7785,10999,20259,65535,6662,32045,44483,57212,33705,65535,6670
1685605320,0,1,1,0,1325,3172,7784,10994,20259,65535,6662,32050,44493,57212,33735,65535,6670
1685605326,0,1,1,0,1325,3174,7789,10996,20276,65535,6668,32049,44480,57218,33736,65535,6672
1685605332,0,1,1,0,1325,3173,7784,10995,20260,65535,6666,32057,44484,57220,33742,65535,6670
1685605338,0,1,1,0,1325,3173,7784,10994,20267,65535,6662,32045,44472,57201,33735,65535,6670
1685605344,0,1,1,0,1325,3173,7785,10987,20260,65535,6662,32037,44461,57206,33708,65535,6668
1685605350,0,1,1,0,1330,3173,7782,10991,20264,65535,6664,32046,44473,57187,33729,65535,6670
1685605356,0,1,1,0,1325,3172,7784,10993,20262,65535,6664,32044,44487,57203,33728,65535,6670
1685605362,0,1,1,0,1325,3172,7785,10990,20252,65535,6660,32035,44460,57182,33722,65535,6668
1685605368,0,1,1,0,1325,3173,7785,10990,20260,65535,6662,32045,44488,57224,33716,65535,6670
1685605374,0,1,1,0,1325,3171,7778,10987,20252,65535,6658,32032,44445,57140,33685,65535,6666
1685605380,0,1,1,0,1325,3171,7781,10989,20244,65535,6660,32034,44461,57188,33719,65535,6666
1685605386,0,1,1,0,1325,3171,7785,10987,20257,65535,6662,32036,44451,57181,33725,65535,6668
1685605392,0,1,1,0,1325,3172,7778,10990,20256,65535,6662,32046,44476,57197,33718,65535,6670
1685605398,0,1,1,0,1325,3172,7782,10993,20258,65535,6660,32041,44476,57180,33726,65535,6670
1685605404,0,1,1,0,1325,3170,7781,10987,20257,65535,6660,32039,44469,57181,33725,65535,6668
1685605410,0,1,1,0,1325,3172,7778,10987,20262,65535,6662,32037,44467,57178,33727,65535,6668
1685605416,0,1,1,0,1325,3172,7779,10984,20242,65535,6662,32031,44458,57188,33710,65535,6666
1685605422,0,1,1,0,1325,3170,7774,10984,20254,65535,6658,32031,44450,57167,33701,65535,6668
1685605428,0,1,1,0,1325,3172,7781,10987,20244,65535,6658,32036,44444,57195,33718,65535,6668
1685605434,0,1,1,0,1325,3171,7780,10987,20255,65535,6662,32034,44458,57174,33718,65535,6666
1685605440,0,1,1,0,1325,3171,7783,10987,20257,65535,6660,32030,44465,57211,33693,65535,6670
1685605446,0,1,1,0,1325,3171,7782,10989,20247,65535,6662,32036,44469,57193,33697,65535,6668
1685605452,0,1,1,0,1325,3172,7778,10992,20263,65535,6662,32036,44445,57207,33725,65535,6668
1685605458,0,1,1,0,1325,3171,7778,10989,20260,65535,6662,32020,44441,57164,33721,65535,6668
1685605464,0,1,1,0,1325,3172,7780,10992,20260,65535,6662,32043,44458,57210,33729,65535,6672
1685605470,0,1,1,0,1325,3172,7781,10986,20249,65535,6664,32041,44481,57198,33729,65535,6668
1685605476,0,1,1,0,1325,3170,7778,10986,20256,65535,6664,32048,44451,57188,33718,65535,6666
1685605482,0,1,1,0,1325,3172,7781,10990,20247,65535,6662,32038,44452,57194,33698,65535,6668
1685605488,0,1,1,0,1325,3171,7781,10988,20246,65535,6658,32040,44456,57199,33722,65535,6668
1685605494,0,1,1,0,1325,3172,7784,10992,20261,65535,6662,32045,44469,57207,33733,65535,6668
1685605500,0,1,1,0,1325,3171,7783,10992,20250,65535,6662,32032,44456,57160,33702,65535,6672
1685605506,0,1,1,0,1325,3172,7783,10992,20259,65535,6662,32036,44473,57184,33718,65535,6668
1685605512,0,1,1,0,1325,3171,7779,10989,20263,65535,6660,32040,44476,57184,33712,65535,6668
1685605518,0,1,1,0,1325,3173,7782,10988,20260,65535,6662,32043,44456,57175,33724,65535,6672
1685605524,0,1,1,0,1325,3172,7783,10998,20261,65535,6664,32041,44481,57206,33729,65535,6668
1685605530,0,1,1,0,1325,3172,7778,10991,20262,65535,6666,32039,44475,57174,33726,65535,6670
1685605536,0,1,1,0,1325,3173,7781,10990,20263,65535,6660,32032,44452,57176,33698,65535,6668
1685605542,0,1,1,0,1325,3174,7784,10988,20259,65535,6662,32045,44483,57227,33736,65535,6670
1685605548,0,1,1,0,1325,3172,7783,10991,20262,65535,6662,32042,44471,57186,33733,65535,6670
1685605554,0,1,1,0,1325,3173,7779,10997,20249,65535,6664,32052,44474,57206,33745,65535,6674
1685605560,0,1,1,0,1325,3173,7785,10997,20265,65535,6664,32041,44487,57200,33735,65535,6670
1685605566,0,1,1,0,1325,3174,7783,10993,20257,65535,6664,32061,44494,57217,33740,65535,6670
1685605572,0,1,1,0,1325,3174,7784,10996,20268,65535,6666,32061,44520,57214,33756,65535,6672
1685605578,0,1,1,0,1325,3175,7787,10997,20269,65535,6664,32057,44503,57208,33751,65535,6674
1685605584,0,1,1,0,1325,3175,7790,10998,20266,65535,6668,32056,44507,57224,33739,65535,6672
1685605590,0,1,1,0,1330,3174,7786,10997,20268,65535,6666,32062,44524,57253,33732,65535,6674
1685605596,0,1,1,0,1325,3175,7790,10999,20275,65535,6668,32067,44518,57223,33761,65535,6674
1685605602,0,1,1,0,1330,3176,7788,11010,20272,65535,6666,32063,44505,57250,33760,65535,6676
1685605608,0,1,1,0,1330,3176,7791,11000,20276,65535,6668,32071,44508,57252,33743,65535,6674
1685605614,0,1,1,0,1325,3176,7790,11006,20275,65535,6668,32072,44530,57254,33770,65535,6676
1685605620,0,1,1,0,1325,3176,7792,11005,20270,65535,6668,32067,44503,57221,33741,65535,6676
1685605626,0,1,1,0,1330,3176,7786,11001,20274,65535,6668,32076,44521,57255,33770,65535,6676
1685605632,0,1,1,0,1325,3176,7785,10998,20274,65535,6668,32060,44493,57246,33737,65535,6674
1685605638,0,1,1,0,1330,3175,7788,11005,20270,65535,6666,32065,44513,57222,33732,65535,6674
1685605644,0,1,1,0,1325,3175,7788,10999,20274,65535,6668,32050,44512,57230,33757,65535,6674
1685605650,0,1,1,0,1330,3175,7788,10997,20261,65535,6666,32060,44501,57208,33747,65535,6672
1685605656,0,1,1,0,1325,3174,7784,11001,20267,65535,6666,32059,44500,57209,33755,65535,6678
1685605662,0,1,1,0,1325,3174,7786,10992,20265,65535,6664,32051,44480,57229,33748,65535,6672
1685605668,0,1,1,0,1325,3174,7788,11003,20261,65535,6666,32066,44507,57242,33747,65535,6674
1685605674,0,1,1,0,1325,3175,7782,10998,20256,65535,6664,32052,44490,57220,33746,65535,6672
1685605680,0,1,1,0,1325,3173,7784,10996,20260,65535,6664,32054,44499,57217,33739,65535,6670
1685605686,0,1,1,0,1330,3172,7784,11000,20256,65535,6664,32047,44471,57196,33718,65535,6670
1685605692,0,1,1,0,1325,3172,7781,10999,20271,65535,6666,32060,44491,57247,33751,65535,6674
1685605698,0,1,1,0,1325,3174,7784,10995,20256,65535,6664,32061,44487,57254,33753,65535,6674
1685605704,0,1,1,0,1325,3174,7790,10996,20269,65535,6667,32060,44492,57213,33756,65535,6676
1685605710,0,1,1,0,1330,3175,7786,10998,20268,65535,6664,32044,44517,57225,33754,65535,6674
1685605716,0,1,1,0,1330,3176,7787,10999,20276,65535,6666,32073,44534,57241,33764,65535,6674
1685605722,0,1,1,0,1330,3176,7792,11008,20263,65535,6668,32078,44532,57258,33776,65535,6680
1685605728,0,1,1,0,1330,3176,7793,11008,20279,65535,6668,32073,44534,57274,33757,65535,6676
1685605734,0,1,1,0,1330,3176,7793,11002,20280,65535,6668,32071,44505,57226,33755,65535,6676
1685605740,0,1,1,0,1330,3176,7788,11009,20277,65535,6670,32078,44538,57287,33784,65535,6678
1685605746,0,1,1,0,1330,3177,7794,11011,20273,65535,6672,32078,44529,57270,33760,65535,6678
1685605752,0,1,1,0,1330,3177,7794,11009,20280,65535,6670,32082,44551,57272,33780,65535,6678
1685605758,0,1,1,0,1330,3177,7792,11007,20272,65535,6670,32088,44527,57286,33786,65535,6678
1685605764,0,1,1,0,1330,3177,7792,11014,20282,65535,6672,32088,44542,57295,33795,65535,6680
1685605770,0,1,1,0,1330,3179,7792,11010,20282,65535,6672,32098,44560,57302,33790,65535,6680
1685605776,0,1,1,0,1330,3178,7792,11015,20273,65535,6670,32074,44536,57299,33804,65535,6680
1685605782,0,1,1,0,1330,3179,7795,11019,20290,65535,6674,32090,44532,57302,33776,65535,6678
1685605788,0,1,1,0,1330,3179,7798,11021,20279,65535,6678,32104,44571,57317,33782,65535,6680
1685605794,0,1,1,0,1330,3179,7795,11020,20281,65535,6678,32106,44562,57318,33814,65535,6680
1685605800,0,1,1,0,1330,3178,7798,11019,20287,65535,6676,32106,44552,57309,33789,65535,6682
1685605806,0,1,1,0,1330,3179,7797,11015,20292,65535,6674,32100,44569,57310,33787,65535,6684
1685605812,0,1,1,0,1330,3180,7802,11021,20285,65535,6680,32113,44585,57330,33829,65535,6686
1685605818,0,1,1,0,1330,3180,7800,11014,20285,65535,6674,32104,44569,57316,33798,65535,6684
1685605824,0,1,1,0,1330,3180,7797,11020,20282,65535,6675,32101,44569,57312,33789,65535,6684
1685605830,0,1,1,0,1330,3179,7800,11018,20278,65535,6678,32097,44545,57302,33804,65535,6682
1685605836,0,1,1,0,1330,3179,7795,11018,20279,65535,6674,32103,44565,57316,33803,65535,6682
1685605842,0,1,1,0,1330,3178,7795,11022,20285,65535,6674,32097,44552,57290,33802,65535,6680
1685605848,0,1,1,0,1330,3180,7803,11021,20297,65535,6674,32105,44563,57349,33817,65535,6686
1685605854,0,1,1,0,1330,3180,7797,11022,20283,65535,6674,32107,44572,57334,33792,65535,6682
1685605860,0,1,1,0,1330,3179,7796,11018,20287,65535,6674,32103,44584,57303,33790,65535,6682
1685605866,0,1,1,0,1330,3181,7799,11026,20295,65535,6676,32094,44568,57332,33807,65535,6686
1685605872,0,1,1,0,1330,3180,7800,11025,20293,65535,6680,32114,44599,57333,33801,65535,6686
1685605878,0,1,1,0,1330,3181,7799,11024,20301,65535,6680,32126,44608,57337,33829,65535,6686
1685605884,0,1,1,0,1330,3181,7802,11028,20291,65535,6678,32118,44594,57337,33811,65535,6688
1685605890,0,1,1,0,1330,3181,7807,11019,20290,65535,6680,32122,44604,57342,33811,65535,6684
1685605896,0,1,1,0,1330,3180,7801,11029,20302,65535,6682,32125,44599,57341,33829,65535,6686
1685605902,0,1,1,0,1330,3181,7806,11032,20296,65535,6680,32133,44602,57363,33822,65535,6686
1685605908,0,1,1,0,1330,3182,7801,11033,20297,65535,6680,32132,44618,57368,33828,65535,6688
1685605914,0,1,1,0,1330,3182,7806,11037,20304,65535,6678,32114,44586,57339,33814,65535,6688
1685605920,0,1,1,0,1330,3182,7806,11034,20306,65535,6678,32127,44614,57358,33838,65535,6688
1685605926,0,1,1,0,1330,3183,7808,11028,20301,65535,6680,32131,44631,57364,33836,65535,6690
1685605932,0,1,1,0,1330,3183,7808,11039,20302,65535,6682,32138,44627,57385,33836,65535,6690
1685605938,0,1,1,0,1330,3184,7808,11036,20300,65535,6684,32146,44645,57385,33838,65535,6690
1685605944,0,1,1,0,1330,3183,7814,11037,20302,65535,6684,32147,44633,57400,33844,65535,6694
1685605950,0,1,1,0,1330,3184,7807,11041,20312,65535,6688,32145,44642,57422,33846,65535,6692
1685605956,0,1,1,0,1330,3185,7812,11045,20304,65535,6686,32148,44646,57407,33862,65535,6692
1685605962,0,1,1,0,1330,3186,7809,11042,20314,65535,6684,32149,44638,57403,33849,65535,6696
1685605968,0,1,1,0,1330,3185,7807,11041,20314,65535,6686,32154,44640,57401,33862,65535,6694
1685605974,0,1,1,0,1330,3185,7811,11039,20312,65535,6684,32143,44653,57381,33860,65535,6693
1685605980,0,1,1,0,1330,3187,7813,11047,20320,65535,6688,32163,44652,57435,33857,65535,6694
1685605986,0,1,1,0,1330,3185,7812,11053,20321,65535,6688,32169,44651,57422,33858,65535,6696
1685605992,0,1,1,0,1330,3185,7816,11048,20320,65535,6688,32162,44651,57419,33879,65535,6696
1685605998,0,1,1,0,1330,3186,7814,11049,20321,65535,6688,32168,44656,57429,33864,65535,6700
1685606004,0,1,1,0,1330,3186,7810,11046,20317,65535,6686,32150,44648,57421,33871,65535,6698
1685606010,0,1,1,0,1331,3187,7814,11049,20319,65535,6688,32172,44672,57412,33885,65535,6696
1685606016,0,1,1,0,1331,3188,7820,11052,20317,65535,6693,32175,44667,57415,33889,65535,6700
1685606022,0,1,1,0,1331,3187,7815,11054,20324,65535,6690,32172,44679,57447,33890,65535,6698
1685606028,0,1,1,0,1331,3187,7811,11051,20323,65535,6688,32172,44688,57437,33871,65535,6698
1685606034,0,1,1,0,1331,3188,7815,11052,20323,65535,6694,32172,44668,57404,33892,65535,6698
1685606040,0,1,1,0,1331,3186,7817,11047,20312,65535,6692,32159,44686,57444,33876,65535,6696
1685606046,0,1,1,0,1331,3188,7814,11053,20313,65535,6690,32178,44693,57425,33898,65535,6696
1685606052,0,1,1,0,1331,3189,7815,11055,20312,65535,6692,32170,44673,57444,33874,65535,6700
1685606058,0,1,1,0,1331,3188,7820,11055,20321,65535,6690,32157,44688,57408,33874,65535,6696
1685606064,0,1,1,0,1331,3188,7815,11056,20317,65535,6696,32175,44667,57443,33895,65535,6698
1685606070,0,1,1,0,1330,3189,7813,11054,20326,65535,6690,32181,44691,57444,33897,65535,6698
1685606076,0,1,1,0,1331,3188,7816,11054,20321,65535,6690,32184,44698,57454,33884,65535,6698
1685606082,0,1,1,0,1331,3189,7817,11053,20330,65535,6690,32184,44702,57453,33879,65535,6700
1685606088,0,1,1,0,1331,3188,7820,11056,20332,65535,6694,32185,44705,57460,33883,65535,6700
1685606094,0,1,1,0,1331,3188,7816,11053,20326,65535,6692,32176,44676,57446,33902,65535,6700
1685606100,0,1,1,0,1331,3188,7817,11054,20326,65535,6694,32187,44708,57463,33911,65535,6700
1685606106,0,1,1,0,1331,3188,7820,11057,20324,65535,6692,32164,44686,57463,33891,65535,6704
1685606112,0,1,1,0,1331,3189,7822,11055,20334,65535,6696,32186,44702,57467,33913,65535,6702
1685606118,0,1,1,0,1331,3188,7818,11060,20334,65535,6692,32189,44691,57469,33909,65535,6702
1685606124,0,1,1,0,1331,3190,7824,11062,20335,65535,6694,32182,44729,57477,33904,65535,6703
1685606130,0,1,1,0,1331,3191,7820,11062,20338,65535,6696,32194,44724,57481,33898,65535,6704
1685606136,0,1,1,0,1331,3191,7824,11061,20330,65535,6694,32189,44718,57457,33899,65535,6702
1685606142,0,1,1,0,1331,3190,7822,11058,20328,65535,6694,32195,44688,57461,33909,65535,6704
1685606148,0,1,1,0,1331,3189,7817,11061,20334,65535,6694,32193,44716,57478,33898,65535,6700
1685606154,0,1,1,0,1331,3190,7820,11060,20334,65535,6694,32197,44697,57478,33916,65535,6700
1685606160,0,1,1,0,1331,3190,7824,11062,20342,65535,6698,32189,44687,57471,33899,65535,6702
1685606166,0,1,1,0,1331,3191,7820,11069,20331,65535,6696,32194,44713,57472,33914,65535,6702
1685606172,0,1,1,0,1331,3190,7820,11055,20334,65535,6694,32190,44699,57476,33916,65535,6700
1685606178,0,1,1,0,1331,3190,7820,11064,20328,65535,6698,32191,44690,57477,33889,65535,6704
1685606184,0,1,1,0,1331,3190,7818,11064,20338,65535,6698,32201,44717,57469,33917,65535,6702
1685606190,0,1,1,0,1331,3189,7816,11062,20330,65535,6698,32189,44690,57461,33904,65535,6702
1685606196,0,1,1,0,1331,3190,7820,11061,20336,65535,6695,32190,44691,57464,33890,65535,6702
1685606202,0,1,1,0,1331,3191,7822,11061,20337,65535,6696,32192,44698,57475,33912,65535,6704
1685606208,0,1,1,0,1331,3191,7825,11056,20330,65535,6694,32202,44727,57491,33895,65535,6704
1685606214,0,1,1,0,1331,3189,7819,11061,20340,65535,6696,32188,44695,57470,33905,65535,6702
1685606220,0,1,1,0,1331,3190,7820,11060,20337,65535,6698,32187,44712,57461,33883,65535,6704
1685606226,0,1,1,0,1331,3190,7823,11062,20335,65535,6696,32196,44697,57478,33909,65535,6702
1685606232,0,1,1,0,1331,3190,7822,11062,20335,65535,6696,32187,44717,57476,33896,65535,6702
1685606238,0,1,1,0,1331,3190,7820,11060,20339,65535,6696,32192,44719,57477,33915,65535,6702
1685606244,0,1,1,0,1331,3190,7825,11066,20327,65535,6696,32197,44704,57493,33914,65535,6700
1685606250,0,1,1,0,1331,3191,7820,11057,20328,65535,6696,32195,44704,57489,33901,65535,6702
1685606256,0,1,1,0,1331,3188,7818,11058,20325,65535,6694,32186,44682,57452,33916,65535,6702
1685606262,0,1,1,0,1331,3190,7821,11057,20335,65535,6694,32186,44706,57464,33893,65535,6702
1685606268,0,1,1,0,1331,3189,7817,11058,20322,65535,6694,32191,44688,57468,33904,65535,6700
1685606274,0,1,1,0,1331,3188,7816,11053,20328,65535,6692,32180,44684,57453,33884,65535,6700
1685606280,0,1,1,0,1330,3189,7819,11053,20327,65535,6692,32174,44677,57446,33893,65535,6698
1685606286,0,1,1,0,1330,3189,7822,11057,20326,65535,6696,32183,44698,57481,33885,65535,6700
1685606292,0,1,1,0,1331,3189,7817,11054,20329,65535,6694,32186,44685,57477,33900,65535,6700
1685606298,0,1,1,0,1331,3189,7821,11050,20330,65535,6693,32181,44683,57467,33908,65535,6698
1685606304,0,1,1,0,1331,3188,7816,11056,20321,65535,6692,32178,44705,57460,33898,65535,6700
1685606310,0,1,1,0,1331,3187,7818,11050,20316,65535,6690,32176,44695,57440,33896,65535,6699
1685606316,0,1,1,0,1331,3188,7816,11051,20318,65535,6692,32177,44671,57434,33904,65535,6700
1685606322,0,1,1,0,1330,3187,7814,11049,20321,65535,6688,32168,44663,57423,33883,65535,6698
1685606328,0,1,1,0,1330,3184,7813,11046,20318,65535,6690,32167,44654,57420,33861,65535,6696
1685606334,0,1,1,0,1330,3188,7816,11045,20318,65535,6690,32178,44683,57451,33896,65535,6697
1685606340,0,1,1,0,1330,3189,7817,11051,20332,65535,6692,32172,44683,57436,33868,65535,6698
1685606346,0,1,1,0,1330,3188,7819,11051,20325,65535,6690,32169,44658,57402,33865,65535,6698
1685606352,0,1,1,0,1330,3189,7816,11050,20318,65535,6690,32169,44684,57440,33887,65535,6698
1685606358,0,1,1,0,1330,3187,7817,11048,20315,65535,6690,32144,44661,57421,33884,65535,6696
1685606364,0,1,1,0,1331,3186,7811,11049,20311,65535,6690,32165,44649,57425,33884,65535,6696
1685606370,0,1,1,0,1330,3187,7815,11049,20323,65535,6688,32165,44644,57425,33859,65535,6694
1685606376,0,1,1,0,1330,3184,7813,11050,20321,65535,6688,32156,44657,57426,33877,65535,6696
1685606382,0,1,1,0,1330,3186,7811,11042,20321,65535,6688,32150,44653,57422,33857,65535,6696
1685606388,0,1,1,0,1330,3188,7815,11051,20326,65535,6688,32165,44655,57425,33883,65535,6696
1685606394,0,1,1,0,1330,3186,7815,11051,20312,65535,6688,32169,44654,57429,33859,65535,6694
