Timestamp,Amber,White,On,Override,Intensity,AS00,AS01,AS02,AS03,AS04,AS05,AS06,AS07,AS08,AS09,AS10,AS11
1685660400,0,1,0,0,10052,48019,65535,65535,65535,65535,65535,65535,65535,65535,65535,65535,65535
1685660406,0,1,0,0,10051,48027,65535,65535,65535,65535,65535,65535,65535,65535,65535,65535,65535
1685660412,0,1,0,0,10051,47974,65535,65535,65535,65535,65535,65535,65535,65535,65535,65535,65535
1685660418,0,1,0,0,10050,47969,65535,65535,65535,65535,65535,65535,65535,65535,65535,65535,65535
1685660424,0,1,0,0,10050,47921,65535,65535,65535,65535,65535,65535,65535,65535,65535,65535,65535
1685660430,0,1,0,0,10045,47939,65535,65535,65535,65535,65535,65535,65535,65535,65535,65535,65535
1685660436,0,1,0,0,10045,47899,65535,65535,65535,65535,65535,65535,65535,65535,65535,65535,65535
1685660442,0,1,0,0,10044,47863,65535,65535,65535,65535,65535,65535,65535,65535,65535,65535,65535
1685660448,0,1,0,0,10044,47873,65535,65535,65535,65535,65535,65535,65535,65535,65535,65535,65535
1685660454,0,1,0,0,10043,47823,65535,65535,65535,65535,65535,65535,65535,65535,65535,65535,65535
1685660460,0,1,0,0,10042,47824,65535,65535,65535,65535,65535,65535,65535,65535,65535,65535,65535
1685660466,0,1,0,0,10041,47824,65535,65535,65535,65535,65535,65535,65535,65535,65535,65535,65535
1685660472,0,1,0,0,10040,47704,65535,65535,65535,65535,65535,65535,65535,65535,65535,65535,65535
1685660478,0,1,0,0,10040,47773,65535,65535,65535,65535,65535,65535,65535,65535,65535,65535,65535
1685660484,0,1,0,0,10035,47742,65535,65535,65535,65535,65535,65535,65535,65535,65535,65535,65535
1685660490,0,1,0,0,10034,47702,65535,65535,65535,65535,65535,65535,65535,65535,65535,65535,65535
1685660496,0,1,0,0,10033,47664,65535,65535,65535,65535,65535,65535,65535,65535,65535,65535,65535
1685660502,0,1,0,0,10033,47698,65535,65535,65535,65535,65535,65535,65535,65535,65535,65535,65535
1685660508,0,1,0,0,10033,47624,65535,65535,65535,65535,65535,65535,65535,65535,65535,65535,65535
1685660514,0,1,0,0,10032,47627,65535,65535,65535,65535,65535,65535,65535,65535,65535,65535,65535
1685660520,0,1,0,0,10032,47572,65535,65535,65535,65535,65535,65535,65535,65535,65535,65535,65535
1685660526,0,1,0,0,10032,47586,65535,65535,65535,65535,65535,65535,65535,65535,65535,65535,65535
1685660532,0,1,0,0,10031,47563,65535,65535,65535,65535,65535,65535,65535,65535,65535,65535,65535
1685660538,0,1,0,0,10030,47551,65535,65535,65535,65535,65535,65535,65535,65535,65535,65535,65535
1685660544,0,1,0,0,10025,47529,65535,65535,65535,65535,65535,65535,65535,65535,65535,65535,65535
1685660550,0,1,0,0,10024,47510,65535,65535,65535,65535,65535,65535,65535,65535,65535,65535,65535
1685660556,0,1,0,0,10024,47511,65535,65535,65535,65535,65535,65535,65535,65535,65535,65535,65535
1685660562,0,1,0,0,10024,47492,65535,65535,65535,65535,65535,65535,65535,65535,65535,65535,65535
1685660568,0,1,0,0,10023,47436,65535,65535,65535,65535,65535,65535,65535,65535,65535,65535,65535
1685660574,0,1,0,0,10023,47423,65535,65535,65535,65535,65535,65535,65535,65535,65535,65535,65535
1685660580,0,1,0,0,10022,47322,65535,65535,65535,65535,65535,65535,65535,65535,65535,65535,65535
1685660586,0,1,0,0,10020,47360,65535,65535,65535,65535,65535,65535,65535,65535,65535,65535,65535
1685660592,0,1,0,0,10020,47308,65535,65535,65535,65535,65535,65535,65535,65535,65535,65535,65535
1685660598,0,1,0,0,10020,47314,65535,65535,65535,65535,65535,65535,65535,65535,65535,65535,65535
1685660604,0,1,0,0,10015,47290,65535,65535,65535,65535,65535,65535,65535,65535,65535,65535,65535
1685660610,0,1,0,0,10014,47206,65535,65535,65535,65535,65535,65535,65535,65535,65535,65535,65535
1685660616,0,1,0,0,10014,47243,65535,65535,65535,65535,65535,65535,65535,65535,65535,65535,65535
1685660622,0,1,0,0,10014,47203,65535,65535,65535,65535,65535,65535,65535,65535,65535,65535,65535
1685660628,0,1,0,0,10013,47215,65535,65535,65535,65535,65535,65535,65535,65535,65535,65535,65535
1685660634,0,1,0,0,10012,47219,65535,65535,65535,65535,65535,65535,65535,65535,65535,65535,65535
1685660640,0,1,0,0,10012,47177,65535,65535,65535,65535,65535,65535,65535,65535,65535,65535,65535
1685660646,0,1,0,0,10011,47111,65535,65535,65535,65535,65535,65535,65535,65535,65535,65535,65535
1685660652,0,1,0,0,10011,47078,65535,65535,65535,65535,65535,65535,65535,65535,65535,65535,65535
1685660658,0,1,0,0,10011,47124,65535,65535,65535,65535,65535,65535,65535,65535,65535,65535,65535
1685660664,0,1,0,0,10011,47125,65535,65535,65535,65535,65535,65535,65535,65535,65535,65535,65535
1685660670,0,1,0,0,10005,47094,65535,65535,65535,65535,65535,65535,65535,65535,65535,65535,65535
1685660676,0,1,0,0,10005,47053,65535,65535,65535,65535,65535,65535,65535,65535,65535,65535,65535
1685660682,0,1,0,0,10004,47039,65535,65535,65535,65535,65535,65535,65535,65535,65535,65535,65535
1685660688,0,1,0,0,10003,46991,65535,65535,65535,65535,65535,65535,65535,65535,65535,65535,65535
1685660694,0,1,0,0,10003,46993,65535,65535,65535,65535,65535,65535,65535,65535,65535,65535,65535
1685660700,0,1,0,0,10002,46945,65535,65535,65535,65535,65535,65535,65535,65535,65535,65535,65535
1685660706,0,1,0,0,10001,46936,65535,65535,65535,65535,65535,65535,65535,65535,65535,65535,65535
1685660712,0,1,0,0,10001,46894,65535,65535,65535,65535,65535,65535,65535,65535,65535,65535,65535
1685660718,0,1,0,0,10000,46857,65535,65535,65535,65535,65535,65535,65535,65535,65535,65535,65535
1685660724,0,1,0,0,5554,46816,65535,65535,65535,65535,65535,65535,65535,65535,65535,65535,65535
1685660730,0,1,0,0,5554,46807,65535,65535,65535,65535,65535,65535,65535,65535,65535,65535,65535
1685660736,0,1,0,0,5553,46782,65535,65535,65535,65535,65535,65535,65535,65535,65535,65535,65535
1685660742,0,1,0,0,5551,46734,65535,65535,65535,65535,65535,65535,65535,65535,65535,65535,65535
1685660748,0,1,0,0,5551,46731,65535,65535,65535,65535,65535,65535,65535,65535,65535,65535,65535
1685660754,0,1,0,0,5551,46696,65535,65535,65535,65535,65535,65535,65535,65535,65535,65535,65535
1685660760,0,1,0,0,5550,46670,65535,65535,65535,65535,65535,65535,65535,65535,65535,65535,65535
1685660766,0,1,0,0,5545,46636,65535,65535,65535,65535,65535,65535,65535,65535,65535,65535,65535
1685660772,0,1,0,0,5545,46634,65535,65535,65535,65535,65535,65535,65535,65535,65535,65535,65535
1685660778,0,1,0,0,5545,46640,65535,65535,65535,65535,65535,65535,65535,65535,65535,65535,65535
1685660784,0,1,0,0,5544,46609,65535,65535,65535,65535,65535,65535,65535,65535,65535,65535,65535
1685660790,0,1,0,0,5543,46561,65535,65535,65535,65535,65535,65535,65535,65535,65535,65535,65535
1685660796,0,1,0,0,5543,46517,65535,65535,65535,65535,65535,65535,65535,65535,65535,65535,65535
1685660802,0,1,0,0,5542,46573,65535,65535,65535,65535,65535,65535,65535,65535,65535,65535,65535
1685660808,0,1,0,0,5541,46521,65535,65535,65535,65535,65535,65535,65535,65535,65535,65535,65535
1685660814,0,1,0,0,5541,46532,65535,65535,65535,65535,65535,65535,65535,65535,65535,65535,65535
1685660820,0,1,0,0,5542,46524,65535,65535,65535,65535,65535,65535,65535,65535,65535,65535,65535
1685660826,0,1,0,0,5541,46487,65535,65535,65535,65535,65535,65535,65535,65535,65535,65535,65535
1685660832,0,1,0,0,5540,46496,65535,65535,65535,65535,65535,65535,65535,65535,65535,65535,65535
1685660838,0,1,0,0,5540,46490,65535,65535,65535,65535,65535,65535,65535,65535,65535,65535,65535
1685660844,0,1,0,0,5540,46504,65535,65535,65535,65535,65535,65535,65535,65535,65535,65535,65535
1685660850,0,1,0,0,5535,46427,65535,65535,65535,65535,65535,65535,65535,65535,65535,65535,65535
1685660856,0,1,0,0,5535,46446,65535,65535,65535,65535,65535,65535,65535,65535,65535,65535,65535
1685660862,0,1,0,0,5535,46410,65535,65535,65535,65535,65535,65535,65535,65535,65535,65535,65535
1685660868,0,1,0,0,5535,46456,65535,65535,65535,65535,65535,65535,65535,65535,65535,65535,65535
1685660874,0,1,0,0,5534,46446,65535,65535,65535,65535,65535,65535,65535,65535,65535,65535,65535
1685660880,0,1,0,0,5534,46434,65535,65535,65535,65535,65535,65535,65535,65535,65535,65535,65535
1685660886,0,1,0,0,5534,46431,65535,65535,65535,65535,65535,65535,65535,65535,65535,65535,65535
1685660892,0,1,0,0,5534,46405,65535,65535,65535,65535,65535,65535,65535,65535,65535,65535,65535
1685660898,0,1,0,0,5533,46409,65535,65535,65535,65535,65535,65535,65535,65535,65535,65535,65535
1685660904,0,1,0,0,5533,46413,65535,65535,65535,65535,65535,65535,65535,65535,65535,65535,65535
1685660910,0,1,0,0,5533,46378,65535,65535,65535,65535,65535,65535,65535,65535,65535,65535,65535
1685660916,0,1,0,0,5533,46386,65535,65535,65535,65535,65535,65535,65535,65535,65535,65535,65535
1685660922,0,1,0,0,5533,46360,65535,65535,65535,65535,65535,65535,65535,65535,65535,65535,65535
1685660928,0,1,0,0,5533,46337,65535,65535,65535,65535,65535,65535,65535,65535,65535,65535,65535
1685660934,0,1,0,0,5533,46359,65535,65535,65535,65535,65535,65535,65535,65535,65535,65535,65535
1685660940,0,1,0,0,5533,46361,65535,65535,65535,65535,65535,65535,65535,65535,65535,65535,65535
1685660946,0,1,0,0,5533,46344,65535,65535,65535,65535,65535,65535,65535,65535,65535,65535,65535
1685660952,0,1,0,0,5533,46343,65535,65535,65535,65535,65535,65535,65535,65535,65535,65535,65535
1685660958,0,1,0,0,5533,46321,65535,65535,65535,65535,65535,65535,65535,65535,65535,65535,65535
1685660964,0,1,0,0,5533,46323,65535,65535,65535,65535,65535,65535,65535,65535,65535,65535,65535
1685660970,0,1,0,0,5533,46320,65535,65535,65535,65535,65535,65535,65535,65535,65535,65535,65535
1685660976,0,1,0,0,5534,46292,65535,65535,65535,65535,65535,65535,65535,65535,65535,65535,65535
1685660982,0,1,0,0,5534,46341,65535,65535,65535,65535,65535,65535,65535,65535,65535,65535,65535
1685660988,0,1,0,0,5533,46327,65535,65535,65535,65535,65535,65535,65535,65535,65535,65535,65535
1685660994,0,1,0,0,5534,46336,65535,65535,65535,65535,65535,65535,65535,65535,65535,65535,65535
1685661000,0,1,0,0,5533,46303,65535,65535,65535,65535,65535,65535,65535,65535,65535,65535,65535
1685661006,0,1,0,0,5534,46316,65535,65535,65535,65535,65535,65535,65535,65535,65535,65535,65535
1685661012,0,1,0,0,5534,46324,65535,65535,65535,65535,65535,65535,65535,65535,65535,65535,65535
1685661018,0,1,0,0,5534,46302,65535,65535,65535,65535,65535,65535,65535,65535,65535,65535,65535
1685661024,0,1,0,0,5534,46283,65535,65535,65535,65535,65535,65535,65535,65535,65535,65535,65535
1685661030,0,1,0,0,5534,46266,65535,65535,65535,65535,65535,65535,65535,65535,65535,65535,65535
1685661036,0,1,0,0,5534,46246,65535,65535,65535,65535,65535,65535,65535,65535,65535,65535,65535
1685661042,0,1,0,0,5534,46240,65535,65535,65535,65535,65535,65535,65535,65535,65535,65535,65535
1685661048,0,1,0,0,5534,46177,65535,65535,65535,65535,65535,65535,65535,65535,65535,65535,65535
1685661054,0,1,0,0,5533,46249,65535,65535,65535,65535,65535,65535,65535,65535,65535,65535,65535
1685661060,0,1,0,0,5533,46239,65535,65535,65535,65535,65535,65535,65535,65535,65535,65535,65535
1685661066,0,1,0,0,5533,46177,65535,65535,65535,65535,65535,65535,65535,65535,65535,65535,65535
1685661072,0,1,0,0,5533,46193,65535,65535,65535,65535,65535,65535,65535,65535,65535,65535,65535
1685661078,0,1,0,0,5533,46195,65535,65535,65535,65535,65535,65535,65535,65535,65535,65535,65535
1685661084,0,1,0,0,5532,46197,65535,65535,65535,65535,65535,65535,65535,65535,65535,65535,65535
1685661090,0,1,0,0,5532,46166,65535,65535,65535,65535,65535,65535,65535,65535,65535,65535,65535
1685661096,0,1,0,0,5532,46145,65535,65535,65535,65535,65535,65535,65535,65535,65535,65535,65535
1685661102,0,1,0,0,5531,46139,65535,65535,65535,65535,65535,65535,65535,65535,65535,65535,65535
1685661108,0,1,0,0,5531,46092,65535,65535,65535,65535,65535,65535,65535,65535,65535,65535,65535
1685661114,0,1,0,0,5530,46087,65535,65535,65535,65535,65535,65535,65535,65535,65535,65535,65535
1685661120,0,1,0,0,5525,46062,65535,65535,65535,65535,65535,65535,65535,65535,65535,65535,65535
1685661126,0,1,0,0,5525,46021,65535,65535,65535,65535,65535,65535,65535,65535,65535,65535,65535
1685661132,0,1,0,0,5524,45964,65535,65535,65535,65535,65535,65535,65535,65535,65535,65535,65535
1685661138,0,1,0,0,5524,45974,65535,65535,65535,65535,65535,65535,65535,65535,65535,65535,65535
1685661144,0,1,0,0,5523,45975,65535,65535,65535,65535,65535,65535,65535,65535,65535,65535,65535
1685661150,0,1,0,0,5523,45930,65535,65535,65535,65535,65535,65535,65535,65535,65535,65535,65535
1685661156,0,1,0,0,5522,45919,65535,65535,65535,65535,65535,65535,65535,65535,65535,65535,65535
1685661162,0,1,0,0,5522,45921,65535,65535,65535,65535,65535,65535,65535,65535,65535,65535,65535
1685661168,0,1,0,0,5522,45881,65535,65535,65535,65535,65535,65535,65535,65535,65535,65535,65535
1685661174,0,1,0,0,5521,45851,65535,65535,65535,65535,65535,65535,65535,65535,65535,65535,65535
1685661180,0,1,0,0,5520,45789,65535,65535,65535,65535,65535,65535,65535,65535,65535,65535,65535
1685661186,0,1,0,0,5520,45781,65535,65535,65535,65535,65535,65535,65535,65535,65535,65535,65535
1685661192,0,1,0,0,5515,45778,65535,65535,65535,65535,65535,65535,65535,65535,65535,65535,65535
1685661198,0,1,0,0,5515,45776,65535,65535,65535,65535,65535,65535,65535,65535,65535,65535,65535
1685661204,0,1,0,0,5514,45745,65535,65535,65535,65535,65535,65535,65535,65535,65535,65535,65535
1685661210,0,1,0,0,5513,45723,65535,65535,65535,65535,65535,65535,65535,65535,65535,65535,65535
1685661216,0,1,0,0,5512,45698,65535,65535,65535,65535,65535,65535,65535,65535,65535,65535,65535
1685661222,0,1,0,0,5511,45673,65535,65535,65535,65535,65535,65535,65535,65535,65535,65535,65535
1685661228,0,1,0,0,5511,45640,65535,65535,65535,65535,65535,65535,65535,65535,65535,65535,65535
1685661234,0,1,0,0,5505,45595,65535,65535,65535,65535,65535,65535,65535,65535,65535,65535,65535
1685661240,0,1,0,0,5505,45605,65535,65535,65535,65535,65535,65535,65535,65535,65535,65535,65535
1685661246,0,1,0,0,5504,45579,65535,65535,65535,65535,65535,65535,65535,65535,65535,65535,65535
1685661252,0,1,0,0,5504,45552,65535,65535,65535,65535,65535,65535,65535,65535,65535,65535,65535
1685661258,0,1,0,0,5503,45541,65535,65535,65535,65535,65535,65535,65535,65535,65535,65535,65535
1685661264,0,1,0,0,5503,45505,65535,65535,65535,65535,65535,65535,65535,65535,65535,65535,65535
1685661270,0,1,0,0,5501,45457,65535,65535,65535,65535,65535,65535,65535,65535,65535,65535,65535
1685661276,0,1,0,0,5501,45457,65535,65535,65535,65535,65535,65535,65535,65535,65535,65535,65535
1685661282,0,1,0,0,5500,45464,65535,65535,65535,65535,65535,65535,65535,65535,65535,65535,65535
1685661288,0,1,0,0,5500,45443,65535,65535,65535,65535,65535,65535,65535,65535,65535,65535,65535
1685661294,0,1,0,0,5455,45460,65535,65535,65535,65535,65535,65535,65535,65535,65535,65535,65535
1685661300,0,1,0,0,5454,45387,65535,65535,65535,65535,65535,65535,65535,65535,65535,65535,65535
1685661306,0,1,0,0,5454,45389,65535,65535,65535,65535,65535,65535,65535,65535,65535,65535,65535
1685661312,0,1,0,0,5453,45305,65535,65535,65535,65535,65535,65535,65535,65535,65535,65535,65535
1685661318,0,1,0,0,5453,45339,65535,65535,65535,65535,65535,65535,65535,65535,65535,65535,65535
1685661324,0,1,0,0,5454,45338,65535,65535,65535,65535,65535,65535,65535,65535,65535,65535,65535
1685661330,0,1,0,0,5452,45298,65535,65535,65535,65535,65535,65535,65535,65535,65535,65535,65535
1685661336,0,1,0,0,5452,45306,65535,65535,65535,65535,65535,65535,65535,65535,65535,65535,65535
1685661342,0,1,0,0,5451,45267,65517,65535,65535,65535,65535,65535,65535,65535,65535,65535,65535
1685661348,0,1,0,0,5452,45282,65535,65535,65535,65535,65535,65535,65535,65535,65535,65535,65535
1685661354,0,1,0,0,5451,45250,65476,65535,65535,65535,65535,65535,65535,65535,65535,65535,65535
1685661360,0,1,0,0,5451,45236,65452,65535,65535,65535,65535,65535,65535,65535,65535,65535,65535
1685661366,0,1,0,0,5450,45231,65468,65535,65535,65535,65535,65535,65535,65535,65535,65535,65535
1685661372,0,1,0,0,5450,45220,65430,65535,65535,65535,65535,65535,65535,65535,65535,65535,65535
1685661378,0,1,0,0,5450,45200,65412,65535,65535,65535,65535,65535,65535,65535,65535,65535,65535
1685661384,0,1,0,0,5445,45182,65399,65535,65535,65535,65535,65535,65535,65535,65535,65535,65535
1685661390,0,1,0,0,5445,45148,65335,65535,65535,65535,65535,65535,65535,65535,65535,65535,65535
1685661396,0,1,0,0,5444,45136,65305,65535,65535,65535,65535,65535,65535,65535,65535,65535,65535
1685661402,0,1,0,0,5444,45122,65330,65535,65535,65535,65535,65535,65535,65535,65535,65535,65535
1685661408,0,1,0,0,5443,45121,65311,65535,65535,65535,65535,65535,65535,65535,65535,65535,65535
1685661414,0,1,0,0,5443,45095,65277,65535,65535,65535,65535,65535,65535,65535,65535,65535,65535
1685661420,0,1,0,0,5443,45057,65203,65535,65535,65535,65535,65535,65535,65535,65535,65535,65535
1685661426,0,1,0,0,5443,45071,65213,65535,65535,65535,65535,65535,65535,65535,65535,65535,65535
1685661432,0,1,0,0,5442,45054,65204,65535,65535,65535,65535,65535,65535,65535,65535,65535,65535
1685661438,0,1,0,0,5442,45020,65169,65535,65535,65535,65535,65535,65535,65535,65535,65535,65535
1685661444,0,1,0,0,5441,45002,65097,65535,65535,65535,65535,65535,65535,65535,65535,65535,65535
1685661450,0,1,0,0,5440,44967,65049,65535,65535,65535,65535,65535,65535,65535,65535,65535,65535
1685661456,0,1,0,0,5440,44976,65080,65535,65535,65535,65535,65535,65535,65535,65535,65535,65535
1685661462,0,1,0,0,5440,44962,65071,65535,65535,65535,65535,65535,65535,65535,65535,65535,65535
1685661468,0,1,0,0,5435,44944,65006,65535,65535,65535,65535,65535,65535,65535,65535,65535,65535
1685661474,0,1,0,0,5435,44912,64965,65535,65535,65535,65535,65535,65535,65535,65535,65535,65535
1685661480,0,1,0,0,5435,44902,64970,65535,65535,65535,65535,65535,65535,65535,65535,65535,65535
1685661486,0,1,0,0,5434,44905,64930,65535,65535,65535,65535,65535,65535,65535,65535,65535,65535
1685661492,0,1,0,0,5434,44880,64949,65535,65535,65535,65535,65535,65535,65535,65535,65535,65535
1685661498,0,1,0,0,5433,44851,64874,65535,65535,65535,65535,65535,65535,65535,65535,65535,65535
1685661504,0,1,0,0,5432,44836,64843,65535,65535,65535,65535,65535,65535,65535,65535,65535,65535
1685661510,0,1,0,0,5432,44780,64794,65535,65535,65535,65535,65535,65535,65535,65535,65535,65535
1685661516,0,1,0,0,5432,44825,64845,65535,65535,65535,65535,65535,65535,65535,65535,65535,65535
1685661522,0,1,0,0,5431,44771,64764,65535,65535,65535,65535,65535,65535,65535,65535,65535,65535
1685661528,0,1,0,0,5431,44777,64757,65535,65535,65535,65535,65535,65535,65535,65535,65535,65535
1685661534,0,1,0,0,5431,44751,64706,65535,65535,65535,65535,65535,65535,65535,65535,65535,65535
1685661540,0,1,0,0,5430,44739,64672,65535,65535,65535,65535,65535,65535,65535,65535,65535,65535
1685661546,0,1,0,0,5425,44710,64640,65535,65535,65535,65535,65535,65535,65535,65535,65535,65535
1685661552,0,1,0,0,5425,44695,64623,65535,65535,65535,65535,65535,65535,65535,65535,65535,65535
1685661558,0,1,0,0,5425,44686,64592,65535,65535,65535,65535,65535,65535,65535,65535,65535,65535
1685661564,0,1,0,0,5424,44667,64585,65535,65535,65535,65535,65535,65535,65535,65535,65535,65535
1685661570,0,1,0,0,5424,44664,64590,65535,65535,65535,65535,65535,65535,65535,65535,65535,65535
1685661576,0,1,0,0,5423,44639,64558,65535,65535,65535,65535,65535,65535,65535,65535,65535,65535
1685661582,0,1,0,0,5423,44649,64531,65535,65535,65535,65535,65535,65535,65535,65535,65535,65535
1685661588,0,1,0,0,5422,44632,64480,65535,65535,65535,65535,65535,65535,65535,65535,65535,65535
1685661594,0,1,0,0,5422,44603,64439,65535,65535,65535,65535,65535,65535,65535,65535,65535,65535
1685661600,0,1,0,0,5422,44579,64447,65535,65535,65535,65535,65535,65535,65535,65535,65535,65535
1685661606,0,1,0,0,5422,44578,64407,65535,65535,65535,65535,65535,65535,65535,65535,65535,65535
1685661612,0,1,0,0,5421,44507,64377,65535,65535,65535,65535,65535,65535,65535,65535,65535,65535
1685661618,0,1,0,0,5421,44524,64379,65535,65535,65535,65535,65535,65535,65535,65535,65535,65535
1685661624,0,1,0,0,5421,44526,64355,65535,65535,65535,65535,65535,65535,65535,65535,65535,65535
1685661630,0,1,0,0,5420,44504,64350,65535,65535,65535,65535,65535,65535,65535,65535,65535,65535
1685661636,0,1,0,0,5420,44496,64313,65535,65535,65535,65535,65535,65535,65535,65535,65535,65535
1685661642,0,1,0,0,5420,44469,64287,65535,65535,65535,65535,65535,65535,65535,65535,65535,65535
1685661648,0,1,0,0,5415,44435,64243,65535,65535,65535,65535,65535,65535,65535,65535,65535,65535
1685661654,0,1,0,0,5415,44430,64245,65535,65535,65535,65535,65535,65535,65535,65535,65535,65535
1685661660,0,1,0,0,5414,44393,64213,65535,65535,65535,65535,65535,65535,65535,65535,65535,65535
1685661666,0,1,0,0,5414,44424,64237,65535,65535,65535,65535,65535,65535,65535,65535,65535,65535
1685661672,0,1,0,0,5414,44403,64199,65535,65535,65535,65535,65535,65535,65535,65535,65535,65535
1685661678,0,1,0,0,5414,44399,64193,65535,65535,65535,65535,65535,65535,65535,65535,65535,65535
1685661684,0,1,0,0,5413,44382,64139,65535,65535,65535,65535,65535,65535,65535,65535,65535,65535
1685661690,0,1,0,0,5413,44392,64126,65535,65535,65535,65535,65535,65535,65535,65535,65535,65535
1685661696,0,1,0,0,5413,44361,64114,65535,65535,65535,65535,65535,65535,65535,65535,65535,65535
1685661702,0,1,0,0,5413,44358,64118,65535,65535,65535,65535,65535,65535,65535,65535,65535,65535
1685661708,0,1,0,0,5412,44347,64109,65535,65535,65535,65535,65535,65535,65535,65535,65535,65535
1685661714,0,1,0,0,5412,44296,64024,65535,65535,65535,65535,65535,65535,65535,65535,65535,65535
1685661720,0,1,0,0,5411,44293,64066,65535,65535,65535,65535,65535,65535,65535,65535,65535,65535
1685661726,0,1,0,0,5411,44290,64023,65535,65535,65535,65535,65535,65535,65535,65535,65535,65535
1685661732,0,1,0,0,5411,44273,64019,65535,65535,65535,65535,65535,65535,65535,65535,65535,65535
1685661738,0,1,0,0,5411,44261,63963,65535,65535,65535,65535,65535,65535,65535,65535,65535,65535
1685661744,0,1,0,0,5410,44252,63947,65535,65535,65535,65535,65535,65535,65535,65535,65535,65535
1685661750,0,1,0,0,5410,44233,63960,65535,65535,65535,65535,65535,65535,65535,65535,65535,65535
1685661756,0,1,0,0,5410,44234,63939,65535,65535,65535,65535,65535,65535,65535,65535,65535,65535
1685661762,0,1,0,0,5405,44195,63869,65535,65535,65535,65535,65535,65535,65535,65535,65535,65535
1685661768,0,1,0,0,5404,44156,63820,65535,65535,65535,65535,65535,65535,65535,65535,65535,65535
1685661774,0,1,0,0,5404,44164,63833,65535,65535,65535,65535,65535,65535,65535,65535,65535,65535
1685661780,0,1,0,0,5403,44127,63813,65535,65535,65535,65535,65535,65535,65535,65535,65535,65535
1685661786,0,1,0,0,5403,44096,63732,65535,65535,65535,65535,65535,65535,65535,65535,65535,65535
1685661792,0,1,0,0,5402,44095,63740,65535,65535,65535,65535,65535,65535,65535,65535,65535,65535
1685661798,0,1,0,0,5402,44096,63720,65535,65535,65535,65535,65535,65535,65535,65535,65535,65535
1685661804,0,1,0,0,5401,44082,63692,65535,65535,65535,65535,65535,65535,65535,65535,65535,65535
1685661810,0,1,0,0,5401,44044,63643,65535,65535,65535,65535,65535,65535,65535,65535,65535,65535
1685661816,0,1,0,0,5400,44021,63642,65535,65535,65535,65535,65535,65535,65535,65535,65535,65535
1685661822,0,1,0,0,5355,44007,63609,65535,65535,65535,65535,65535,65535,65535,65535,65535,65535
1685661828,0,1,0,0,5355,43955,63539,65535,65535,65535,65535,65535,65535,65535,65535,65535,65535
1685661834,0,1,0,0,5355,43978,63576,65535,65535,65535,65535,65535,65535,65535,65535,65535,65535
1685661840,0,1,0,0,5354,43970,63558,65535,65535,65535,65535,65535,65535,65535,65535,65535,65535
1685661846,0,1,0,0,5354,43949,63531,65535,65535,65535,65535,65535,65535,65535,65535,65535,65535
1685661852,0,1,0,0,5354,43928,63499,65535,65535,65535,65535,65535,65535,65535,65535,65535,65535
1685661858,0,1,0,0,5353,43933,63506,65535,65535,65535,65535,65535,65535,65535,65535,65535,65535
1685661864,0,1,0,0,5353,43909,63466,65535,65535,65535,65535,65535,65535,65535,65535,65535,65535
1685661870,0,1,0,0,5353,43899,63448,65535,65535,65535,65535,65535,65535,65535,65535,65535,65535
1685661876,0,1,0,0,5353,43877,63415,65535,65535,65535,65535,65535,65535,65535,65535,65535,65535
1685661882,0,1,0,0,5352,43833,63364,65535,65535,65535,65535,65535,65535,65535,65535,65535,65535
1685661888,0,1,0,0,5352,43852,63361,65535,65535,65535,65535,65535,65535,65535,65535,65535,65535
1685661894,0,1,0,0,5351,43821,63360,65535,65535,65535,65535,65535,65535,65535,65535,65535,65535
1685661900,0,1,0,0,5351,43802,63306,65535,65535,65535,65535,65535,65535,65535,65535,65535,65535
1685661906,0,1,0,0,5351,43818,63331,65535,65535,65535,65535,65535,65535,65535,65535,65535,65535
1685661912,0,1,0,0,5350,43795,63297,65535,65535,65535,65535,65535,65535,65535,65535,65535,65535
1685661918,0,1,0,0,5345,43761,63246,65535,65535,65535,65535,65535,65535,65535,65535,65535,65535
1685661924,0,1,0,0,5345,43755,63247,65535,65535,65535,65535,65535,65535,65535,65535,65535,65535
1685661930,0,1,0,0,5345,43736,63208,65535,65535,65535,65535,65535,65535,65535,65535,65535,65535
1685661936,0,1,0,0,5345,43719,63181,65535,65535,65535,65535,65535,65535,65535,65535,65535,65535
1685661942,0,1,0,0,5344,43690,63162,65535,65535,65535,65535,65535,65535,65535,65535,65535,65535
1685661948,0,1,0,0,5344,43700,63111,65535,65535,65535,65535,65535,65535,65535,65535,65535,65535
1685661954,0,1,0,0,5343,43686,63147,65535,65535,65535,65535,65535,65535,65535,65535,65535,65535
1685661960,0,1,0,0,5343,43662,63112,65535,65535,65535,65535,65535,65535,65535,65535,65535,65535
1685661966,0,1,0,0,5342,43657,63094,65535,65535,65535,65535,65535,65535,65535,65535,65535,65535
1685661972,0,1,0,0,5343,43653,63088,65535,65535,65535,65535,65535,65535,65535,65535,65535,65535
1685661978,0,1,0,0,5342,43642,63092,65535,65535,65535,65535,65535,65535,65535,65535,65535,65535
1685661984,0,1,0,0,5342,43618,63050,65535,65535,65535,65535,65535,65535,65535,65535,65535,65535
1685661990,0,1,0,0,5341,43607,63043,65535,65535,65535,65535,65535,65535,65535,65535,65535,65535
1685661996,0,1,0,0,5341,43579,62976,65535,65535,65535,65535,65535,65535,65535,65535,65535,65535
1685662002,0,1,0,0,5341,43575,62977,65535,65535,65535,65535,65535,65535,65535,65535,65535,65535
1685662008,0,1,0,0,5341,43562,62994,65535,65535,65535,65535,65535,65535,65535,65535,65535,65535
1685662014,0,1,0,0,5340,43555,62963,65535,65535,65535,65535,65535,65535,65535,65535,65535,65535
1685662020,0,1,0,0,5340,43529,62924,65535,65535,65535,65535,65535,65535,65535,65535,65535,65535
1685662026,0,1,0,0,5341,43528,62918,65535,65535,65535,65535,65535,65535,65535,65535,65535,65535
1685662032,0,1,0,0,5340,43520,62889,65535,65535,65535,65535,65535,65535,65535,65535,65535,65535
1685662038,0,1,0,0,5335,43505,62895,65535,65535,65535,65535,65535,65535,65535,65535,65535,65535
1685662044,0,1,0,0,5335,43497,62876,65535,65535,65535,65535,65535,65535,65535,65535,65535,65535
1685662050,0,1,0,0,5335,43496,62875,65535,65535,65535,65535,65535,65535,65535,65535,65535,65535
1685662056,0,1,0,0,5335,43476,62854,65535,65535,65535,65535,65535,65535,65535,65535,65535,65535
1685662062,0,1,0,0,5334,43456,62821,65535,65535,65535,65535,65535,65535,65535,65535,65535,65535
1685662068,0,1,0,0,5334,43439,62798,65535,65535,65535,65535,65535,65535,65535,65535,65535,65535
1685662074,0,1,0,0,5333,43443,62772,65535,65535,65535,65535,65535,65535,65535,65535,65535,65535
1685662080,0,1,0,0,5333,43435,62789,65535,65535,65535,65535,65535,65535,65535,65535,65535,65535
1685662086,0,1,0,0,5332,43395,62740,65535,65535,65535,65535,65535,65535,65535,65535,65535,65535
1685662092,0,1,0,0,5332,43392,62727,65535,65535,65535,65535,65535,65535,65535,65535,65535,65535
1685662098,0,1,0,0,5332,43396,62700,65535,65535,65535,65535,65535,65535,65535,65535,65535,65535
1685662104,0,1,0,0,5331,43355,62663,65535,65535,65535,65535,65535,65535,65535,65535,65535,65535
1685662110,0,1,0,0,5331,43362,62665,65535,65535,65535,65535,65535,65535,65535,65535,65535,65535
1685662116,0,1,0,0,5330,43364,62657,65535,65535,65535,65535,65535,65535,65535,65535,65535,65535
1685662122,0,1,0,0,5330,43365,62639,65535,65535,65535,65535,65535,65535,65535,65535,65535,65535
1685662128,0,1,0,0,5330,43322,62625,65535,65535,65535,65535,65535,65535,65535,65535,65535,65535
1685662134,0,1,0,0,5325,43296,62561,65535,65535,65535,65535,65535,65535,65535,65535,65535,65535
1685662140,0,1,0,0,5325,43286,62558,65535,65535,65535,65535,65535,65535,65535,65535,65535,65535
1685662146,0,1,0,0,5324,43285,62532,65535,65535,65535,65535,65535,65535,65535,65535,65535,65535
1685662152,0,1,0,0,5324,43249,62502,65535,65535,65535,65535,65535,65535,65535,65535,65535,65535
1685662158,0,1,0,0,5323,43229,62463,65535,65535,65535,65535,65535,65535,65535,65535,65535,65535
1685662164,0,1,0,0,5323,43248,62458,65535,65535,65535,65535,65535,65535,65535,65535,65535,65535
1685662170,0,1,0,0,5323,43205,62458,65535,65535,65535,65535,65535,65535,65535,65535,65535,65535
1685662176,0,1,0,0,5323,43200,62442,65535,65535,65535,65535,65535,65535,65535,65535,65535,65535
1685662182,0,1,0,0,5322,43199,62385,65535,65535,65535,65535,65535,65535,65535,65535,65535,65535
1685662188,0,1,0,0,5321,43160,62367,65535,65535,65535,65535,65535,65535,65535,65535,65535,65535
1685662194,0,1,0,0,5321,43134,62339,65535,65535,65535,65535,65535,65535,65535,65535,65535,65535
1685662200,0,1,0,0,5321,43108,62291,65535,65535,65535,65535,65535,65535,65535,65535,65535,65535
1685662206,0,1,0,0,5320,43120,62307,65535,65535,65535,65535,65535,65535,65535,65535,65535,65535
1685662212,0,1,0,0,5320,43120,62270,65535,65535,65535,65535,65535,65535,65535,65535,65535,65535
1685662218,0,1,0,0,5320,43074,62251,65535,65535,65535,65535,65535,65535,65535,65535,65535,65535
1685662224,0,1,0,0,5315,43039,62191,65535,65535,65535,65535,65535,65535,65535,65535,65535,65535
1685662230,0,1,0,0,5315,43022,62191,65535,65535,65535,65535,65535,65535,65535,65535,65535,65535
1685662236,0,1,0,0,5315,43033,62161,65535,65535,65535,65535,65535,65535,65535,65535,65535,65535
1685662242,0,1,0,0,5315,43023,62154,65535,65535,65535,65535,65535,65535,65535,65535,65535,65535
1685662248,0,1,0,0,5314,43016,62157,65535,65535,65535,65535,65535,65535,65535,65535,65535,65535
1685662254,0,1,0,0,5314,42981,62115,65535,65535,65535,65535,65535,65535,65535,65535,65535,65535
1685662260,0,1,0,0,5313,42993,62081,65535,65535,65535,65535,65535,65535,65535,65535,65535,65535
1685662266,0,1,0,0,5312,42985,62055,65535,65535,65535,65535,65535,65535,65535,65535,65535,65535
1685662272,0,1,0,0,5312,42974,62052,65535,65535,65535,65535,65535,65535,65535,65535,65535,65535
1685662278,0,1,0,0,5311,42925,62038,65535,65535,65535,65535,65535,65535,65535,65535,65535,65535
1685662284,0,1,0,0,5311,42929,62047,65535,65535,65535,65535,65535,65535,65535,65535,65535,65535
1685662290,0,1,0,0,5311,42906,61972,65535,65535,65535,65535,65535,65535,65535,65535,65535,65535
1685662296,0,1,0,0,5310,42896,61993,65535,65535,65535,65535,65535,65535,65535,65535,65535,65535
1685662302,0,1,0,0,5310,42898,61955,65535,65535,65535,65535,65535,65535,65535,65535,65535,65535
1685662308,0,1,0,0,5305,42885,61917,65535,65535,65535,65535,65535,65535,65535,65535,65535,65535
1685662314,0,1,0,0,5305,42843,61910,65535,65535,65535,65535,65535,65535,65535,65535,65535,65535
1685662320,0,1,0,0,5304,42849,61869,65535,65535,65535,65535,65535,65535,65535,65535,65535,65535
1685662326,0,1,0,0,5304,42819,61851,65535,65535,65535,65535,65535,65535,65535,65535,65535,65535
1685662332,0,1,0,0,5304,42802,61824,65535,65535,65535,65535,65535,65535,65535,65535,65535,65535
1685662338,0,1,0,0,5303,42802,61797,65535,65535,65535,65535,65535,65535,65535,65535,65535,65535
1685662344,0,1,0,0,5302,42735,61730,65535,65535,65535,65535,65535,65535,65535,65535,65535,65535
1685662350,0,1,0,0,5302,42772,61760,65535,65535,65535,65535,65535,65535,65535,65535,65535,65535
1685662356,0,1,0,0,5302,42727,61706,65535,65535,65535,65535,65535,65535,65535,65535,65535,65535
1685662362,0,1,0,0,5301,42664,61642,65535,65535,65535,65535,65535,65535,65535,65535,65535,65535
1685662368,0,1,0,0,5300,42672,61632,65535,65535,65535,65535,65535,65535,65535,65535,65535,65535
1685662374,0,1,0,0,5254,42621,61583,65535,65535,65535,65535,65535,65535,65535,65535,65535,65535
1685662380,0,1,0,0,5255,42655,61574,65535,65535,65535,65535,65535,65535,65535,65535,65535,65535
1685662386,0,1,0,0,5254,42649,61560,65535,65535,65535,65535,65535,65535,65535,65535,65535,65535
1685662392,0,1,0,0,5253,42606,61509,65535,65535,65535,65535,65535,65535,65535,65535,65535,65535
1685662398,0,1,0,0,5253,42563,61476,65535,65535,65535,65535,65535,65535,65535,65535,65535,65535
1685662404,0,1,0,0,5252,42568,61463,65535,65535,65535,65535,65535,65535,65535,65535,65535,65535
1685662410,0,1,0,0,5252,42536,61436,65535,65535,65535,65535,65535,65535,65535,65535,65535,65535
1685662416,0,1,0,0,5252,42489,61364,65535,65535,65535,65535,65535,65535,65535,65535,65535,65535
1685662422,0,1,0,0,5251,42530,61408,65535,65535,65535,65535,65535,65535,65535,65535,65535,65535
1685662428,0,1,0,0,5251,42517,61353,65535,65535,65535,65535,65535,65535,65535,65535,65535,65535
1685662434,0,1,0,0,5250,42475,61365,65535,65535,65535,65535,65535,65535,65535,65535,65535,65535
1685662440,0,1,0,0,5250,42426,61252,65535,65535,65535,65535,65535,65535,65535,65535,65535,65535
1685662446,0,1,0,0,5245,42415,61270,65535,65535,65535,65535,65535,65535,65535,65535,65535,65535
1685662452,0,1,0,0,5245,42443,61287,65535,65535,65535,65535,65535,65535,65535,65535,65535,65535
1685662458,0,1,0,0,5245,42416,61246,65535,65535,65535,65535,65535,65535,65535,65535,65535,65535
1685662464,0,1,0,0,5243,42351,61136,65535,65535,65535,65535,65535,65535,65535,65535,65535,65535
1685662470,0,1,0,0,5243,42385,61170,65535,65535,65535,65535,65535,65535,65535,65535,65535,65535
1685662476,0,1,0,0,5243,42370,61155,65535,65535,65535,65535,65535,65535,65535,65535,65535,65535
1685662482,0,1,0,0,5242,42301,61077,65535,65535,65535,65535,65535,65535,65535,65535,65535,65535
1685662488,0,1,0,0,5242,42347,61121,65535,65535,65535,65535,65535,65535,65535,65535,65535,65535
1685662494,0,1,0,0,5242,42318,61103,65535,65535,65535,65535,65535,65535,65535,65535,65535,65535
1685662500,0,1,0,0,5241,42286,61041,65535,65535,65535,65535,65535,65535,65535,65535,65535,65535
1685662506,0,1,0,0,5241,42263,61011,65535,65535,65535,65535,65535,65535,65535,65535,65535,65535
1685662512,0,1,0,0,5241,42275,61021,65535,65535,65535,65535,65535,65535,65535,65535,65535,65535
1685662518,0,1,0,0,5240,42236,60985,65535,65535,65535,65535,65535,65535,65535,65535,65535,65535
1685662524,0,1,0,0,5240,42224,60943,65535,65535,65535,65535,65535,65535,65535,65535,65535,65535
1685662530,0,1,0,0,5235,42205,60938,65535,65535,65535,65535,65535,65535,65535,65535,65535,65535
1685662536,0,1,0,0,5235,42208,60929,65535,65535,65535,65535,65535,65535,65535,65535,65535,65535
1685662542,0,1,0,0,5234,42178,60874,65535,65535,65535,65535,65535,65535,65535,65535,65535,65535
1685662548,0,1,0,0,5234,42166,60858,65535,65535,65535,65535,65535,65535,65535,65535,65535,65535
1685662554,0,1,0,0,5233,42150,60861,65535,65535,65535,65535,65535,65535,65535,65535,65535,65535
1685662560,0,1,0,0,5233,42139,60834,65535,65535,65535,65535,65535,65535,65535,65535,65535,65535
1685662566,0,1,0,0,5233,42128,60825,65535,65535,65535,65535,65535,65535,65535,65535,65535,65535
1685662572,0,1,0,0,5233,42114,60774,65535,65535,65535,65535,65535,65535,65535,65535,65535,65535
1685662578,0,1,0,0,5232,42102,60782,65535,65535,65535,65535,65535,65535,65535,65535,65535,65535
1685662584,0,1,0,0,5232,42094,60762,65535,65535,65535,65535,65535,65535,65535,65535,65535,65535
1685662590,0,1,0,0,5232,42076,60706,65535,65535,65535,65535,65535,65535,65535,65535,65535,65535
1685662596,0,1,0,0,5231,42044,60688,65535,65535,65535,65535,65535,65535,65535,65535,65535,65535
1685662602,0,1,0,0,5231,42051,60672,65535,65535,65535,65535,65535,65535,65535,65535,65535,65535
1685662608,0,1,0,0,5230,41974,60604,65535,65535,65535,65535,65535,65535,65535,65535,65535,65535
1685662614,0,1,0,0,5230,42008,60628,65535,65535,65535,65535,65535,65535,65535,65535,65535,65535
1685662620,0,1,0,0,5230,41972,60589,65535,65535,65535,65535,65535,65535,65535,65535,65535,65535
1685662626,0,1,0,0,5225,41976,60606,65535,65535,65535,65535,65535,65535,65535,65535,65535,65535
1685662632,0,1,0,0,5225,41946,60557,65535,65535,65535,65535,65535,65535,65535,65535,65535,65535
1685662638,0,1,0,0,5225,41918,60501,65535,65535,65535,65535,65535,65535,65535,65535,65535,65535
1685662644,0,1,0,0,5224,41921,60535,65535,65535,65535,65535,65535,65535,65535,65535,65535,65535
1685662650,0,1,0,0,5224,41928,60512,65535,65535,65535,65535,65535,65535,65535,65535,65535,65535
1685662656,0,1,0,0,5223,41886,60474,65535,65535,65535,65535,65535,65535,65535,65535,65535,65535
1685662662,0,1,0,0,5222,41882,60455,65535,65535,65535,65535,65535,65535,65535,65535,65535,65535
1685662668,0,1,0,0,5222,41867,60438,65535,65535,65535,65535,65535,65535,65535,65535,65535,65535
1685662674,0,1,0,0,5222,41842,60404,65535,65535,65535,65535,65535,65535,65535,65535,65535,65535
1685662680,0,1,0,0,5222,41862,60394,65535,65535,65535,65535,65535,65535,65535,65535,65535,65535
1685662686,0,1,0,0,5221,41820,60374,65535,65535,65535,65535,65535,65535,65535,65535,65535,65535
1685662692,0,1,0,0,5221,41802,60315,65535,65535,65535,65535,65535,65535,65535,65535,65535,65535
1685662698,0,1,0,0,5221,41794,60307,65535,65535,65535,65535,65535,65535,65535,65535,65535,65535
1685662704,0,1,0,0,5220,41795,60315,65535,65535,65535,65535,65535,65535,65535,65535,65535,65535
1685662710,0,1,0,0,5220,41802,60310,65535,65535,65535,65535,65535,65535,65535,65535,65535,65535
1685662716,0,1,0,0,5215,41771,60257,65535,65535,65535,65535,65535,65535,65535,65535,65535,65535
1685662722,0,1,0,0,5215,41737,60250,65535,65535,65535,65535,65535,65535,65535,65535,65535,65535
1685662728,0,1,0,0,5215,41731,60232,65535,65535,65535,65535,65535,65535,65535,65535,65535,65535
1685662734,0,1,0,0,5214,41712,60168,65535,65535,65535,65535,65535,65535,65535,65535,65535,65535
1685662740,0,1,0,0,5214,41703,60184,65535,65535,65535,65535,65535,65535,65535,65535,65535,65535
1685662746,0,1,0,0,5213,41667,60137,65535,65535,65535,65535,65535,65535,65535,65535,65535,65535
1685662752,0,1,0,0,5213,41661,60157,65535,65535,65535,65535,65535,65535,65535,65535,65535,65535
1685662758,0,1,0,0,5213,41638,60100,65535,65535,65535,65535,65535,65535,65535,65535,65535,65535
1685662764,0,1,0,0,5213,41625,60095,65535,65535,65535,65535,65535,65535,65535,65535,65535,65535
1685662770,0,1,0,0,5212,41612,60062,65535,65535,65535,65535,65535,65535,65535,65535,65535,65535
1685662776,0,1,0,0,5212,41591,60019,65535,65535,65535,65535,65535,65535,65535,65535,65535,65535
1685662782,0,1,0,0,5211,41592,60003,65535,65535,65535,65535,65535,65535,65535,65535,65535,65535
1685662788,0,1,0,0,5211,41568,59990,65535,65535,65535,65535,65535,65535,65535,65535,65535,65535
1685662794,0,1,0,0,5211,41550,59978,65535,65535,65535,65535,65535,65535,65535,65535,65535,65535
1685662800,0,1,0,0,5210,41545,59946,65535,65535,65535,65535,65535,65535,65535,65535,65535,65535
1685662806,0,1,0,0,5210,41490,59892,65535,65535,65535,65535,65535,65535,65535,65535,65535,65535
1685662812,0,1,0,0,5210,41515,59905,65535,65535,65535,65535,65535,65535,65535,65535,65535,65535
1685662818,0,1,0,0,5205,41519,59894,65535,65535,65535,65535,65535,65535,65535,65535,65535,65535
1685662824,0,1,0,0,5205,41490,59843,65535,65535,65535,65535,65535,65535,65535,65535,65535,65535
1685662830,0,1,0,0,5204,41468,59811,65535,65535,65535,65535,65535,65535,65535,65535,65535,65535
1685662836,0,1,0,0,5205,41449,59834,65535,65535,65535,65535,65535,65535,65535,65535,65535,65535
1685662842,0,1,0,0,5204,41426,59778,65535,65535,65535,65535,65535,65535,65535,65535,65535,65535
1685662848,0,1,0,0,5204,41426,59782,65535,65535,65535,65535,65535,65535,65535,65535,65535,65535
1685662854,0,1,0,0,5204,41418,59774,65535,65535,65535,65535,65535,65535,65535,65535,65535,65535
1685662860,0,1,0,0,5204,41402,59760,65535,65535,65535,65535,65535,65535,65535,65535,65535,65535
1685662866,0,1,0,0,5203,41407,59726,65535,65535,65535,65535,65535,65535,65535,65535,65535,65535
1685662872,0,1,0,0,5203,41386,59698,65535,65535,65535,65535,65535,65535,65535,65535,65535,65535
1685662878,0,1,0,0,5203,41366,59658,65535,65535,65535,65535,65535,65535,65535,65535,65535,65535
1685662884,0,1,0,0,5203,41369,59672,65535,65535,65535,65535,65535,65535,65535,65535,65535,65535
1685662890,0,1,0,0,5202,41329,59635,65535,65535,65535,65535,65535,65535,65535,65535,65535,65535
1685662896,0,1,0,0,5202,41332,59607,65535,65535,65535,65535,65535,65535,65535,65535,65535,65535
1685662902,0,1,0,0,5201,41325,59594,65535,65535,65535,65535,65535,65535,65535,65535,65535,65535
1685662908,0,1,0,0,5201,41316,59596,65535,65535,65535,65535,65535,65535,65535,65535,65535,65535
1685662914,0,1,0,0,5201,41255,59517,65535,65535,65535,65535,65535,65535,65535,65535,65535,65535
1685662920,0,1,0,0,5200,41277,59560,65535,65535,65535,65535,65535,65535,65535,65535,65535,65535
1685662926,0,1,0,0,5200,41272,59523,65535,65535,65535,65535,65535,65535,65535,65535,65535,65535
1685662932,0,1,0,0,5200,41257,59527,65535,65535,65535,65535,65535,65535,65535,65535,65535,65535
1685662938,0,1,0,0,5155,41211,59442,65535,65535,65535,65535,65535,65535,65535,65535,65535,65535
1685662944,0,1,0,0,5155,41226,59464,65535,65535,65535,65535,65535,65535,65535,65535,65535,65535
1685662950,0,1,0,0,5155,41230,59456,65535,65535,65535,65535,65535,65535,65535,65535,65535,65535
1685662956,0,1,0,0,5155,41208,59427,65535,65535,65535,65535,65535,65535,65535,65535,65535,65535
1685662962,0,1,0,0,5154,41188,59401,65535,65535,65535,65535,65535,65535,65535,65535,65535,65535
1685662968,0,1,0,0,5154,41163,59358,65535,65535,65535,65535,65535,65535,65535,65535,65535,65535
1685662974,0,1,0,0,5154,41167,59365,65535,65535,65535,65535,65535,65535,65535,65535,65535,65535
1685662980,0,1,0,0,5153,41156,59343,65535,65535,65535,65535,65535,65535,65535,65535,65535,65535
1685662986,0,1,0,0,5153,41141,59333,65535,65535,65535,65535,65535,65535,65535,65535,65535,65535
1685662992,0,1,0,0,5153,41124,59299,65535,65535,65535,65535,65535,65535,65535,65535,65535,65535
1685662998,0,1,0,0,5153,41091,59272,65535,65535,65535,65535,65535,65535,65535,65535,65535,65535
1685663004,0,1,0,0,5153,41102,59284,65535,65535,65535,65535,65535,65535,65535,65535,65535,65535
1685663010,0,1,0,0,5152,41068,59231,65535,65535,65535,65535,65535,65535,65535,65535,65535,65535
1685663016,0,1,0,0,5152,41088,59246,65535,65535,65535,65535,65535,65535,65535,65535,65535,65535
1685663022,0,1,0,0,5152,41071,59224,65535,65535,65535,65535,65535,65535,65535,65535,65535,65535
1685663028,0,1,0,0,5152,41068,59211,65535,65535,65535,65535,65535,65535,65535,65535,65535,65535
1685663034,0,1,0,0,5151,41048,59231,65535,65535,65535,65535,65535,65535,65535,65535,65535,65535
1685663040,0,1,0,0,5151,41044,59193,65535,65535,65535,65535,65535,65535,65535,65535,65535,65535
1685663046,0,1,0,0,5151,41033,59192,65535,65535,65535,65535,65535,65535,65535,65535,65535,65535
1685663052,0,1,0,0,5151,40999,59174,65535,65535,65535,65535,65535,65535,65535,65535,65535,65535
1685663058,0,1,0,0,5150,40990,59154,65535,65535,65535,65535,65535,65535,65535,65535,65535,65535
1685663064,0,1,0,0,5150,40992,59122,65535,65535,65535,65535,65535,65535,65535,65535,65535,65535
1685663070,0,1,0,0,5150,40990,59130,65535,65535,65535,65535,65535,65535,65535,65535,65535,65535
1685663076,0,1,0,0,5150,41017,59180,65535,65535,65535,65535,65535,65535,65535,65535,65535,65535
1685663082,0,1,0,0,5150,40980,59104,65535,65535,65535,65535,65535,65535,65535,65535,65535,65535
1685663088,0,1,0,0,5150,40965,59091,65535,65535,65535,65535,65535,65535,65535,65535,65535,65535
1685663094,0,1,0,0,5145,40984,59088,65535,65535,65535,65535,65535,65535,65535,65535,65535,65535
1685663100,0,1,0,0,5145,40964,59085,65535,65535,65535,65535,65535,65535,65535,65535,65535,65535
1685663106,0,1,0,0,5145,40938,59028,65535,65535,65535,65535,65535,65535,65535,65535,65535,65535
1685663112,0,1,0,0,5145,40964,59069,65535,65535,65535,65535,65535,65535,65535,65535,65535,65535
1685663118,0,1,0,0,5145,40927,59051,65535,65535,65535,65535,65535,65535,65535,65535,65535,65535
1685663124,0,1,0,0,5144,40916,59000,65535,65535,65535,65535,65535,65535,65535,65535,65535,65535
1685663130,0,1,0,0,5145,40914,59020,65535,65535,65535,65535,65535,65535,65535,65535,65535,65535
1685663136,0,1,0,0,5145,40892,58972,65535,65535,65535,65535,65535,65535,65535,65535,65535,65535
1685663142,0,1,0,0,5143,40877,58971,65535,65535,65535,65535,65535,65535,65535,65535,65535,65535
1685663148,0,1,0,0,5142,40852,58934,65535,65535,65535,65535,65535,65535,65535,65535,65535,65535
1685663154,0,1,0,0,5142,40818,58896,65535,65535,65535,65535,65535,65535,65535,65535,65535,65535
1685663160,0,1,0,0,5141,40814,58875,65535,65535,65535,65535,65535,65535,65535,65535,65535,65535
1685663166,0,1,0,0,5142,40811,58836,65535,65535,65535,65535,65535,65535,65535,65535,65535,65535
1685663172,0,1,0,0,5140,40780,58815,65535,65535,65535,65535,65535,65535,65535,65535,65535,65535
1685663178,0,1,0,0,5140,40762,58770,65535,65535,65535,65535,65535,65535,65535,65535,65535,65535
1685663184,0,1,0,0,5140,40745,58746,65535,65535,65535,65535,65535,65535,65535,65535,65535,65535
1685663190,0,1,0,0,5135,40722,58721,65535,65535,65535,65535,65535,65535,65535,65535,65535,65535
1685663196,0,1,0,0,5135,40713,58685,65535,65535,65535,65535,65535,65535,65535,65535,65535,65535
1685663202,0,1,0,0,5140,40735,58742,65535,65535,65535,65535,65535,65535,65535,65535,65535,65535
1685663208,0,1,0,0,5135,40683,58691,65535,65535,65535,65535,65535,65535,65535,65535,65535,65535
1685663214,0,1,0,0,5135,40671,58662,65535,65535,65535,65535,65535,65535,65535,65535,65535,65535
1685663220,0,1,0,0,5134,40635,58567,65535,65535,65535,65535,65535,65535,65535,65535,65535,65535
1685663226,0,1,0,0,5133,40612,58570,65535,65535,65535,65535,65535,65535,65535,65535,65535,65535
1685663232,0,1,0,0,5133,40602,58541,65535,65535,65535,65535,65535,65535,65535,65535,65535,65535
1685663238,0,1,0,0,5132,40583,58507,65535,65535,65535,65535,65535,65535,65535,65535,65535,65535
1685663244,0,1,0,0,5132,40570,58489,65535,65535,65535,65535,65535,65535,65535,65535,65535,65535
1685663250,0,1,0,0,5131,40546,58456,65535,65535,65535,65535,65535,65535,65535,65535,65535,65535
1685663256,0,1,0,0,5132,40540,58465,65535,65535,65535,65535,65535,65535,65535,65535,65535,65535
1685663262,0,1,0,0,5131,40539,58464,65535,65535,65535,65535,65535,65535,65535,65535,65535,65535
1685663268,0,1,0,0,5131,40512,58378,65535,65535,65535,65535,65535,65535,65535,65535,65535,65535
1685663274,0,1,0,0,5125,40500,58344,65535,65535,65535,65535,65535,65535,65535,65535,65535,65535
1685663280,0,1,0,0,5125,40492,58322,65535,65535,65535,65535,65535,65535,65535,65535,65535,65535
1685663286,0,1,0,0,5124,40481,58314,65535,65535,65535,65535,65535,65535,65535,65535,65535,65535
1685663292,0,1,0,0,5123,40462,58276,65535,65535,65535,65535,65535,65535,65535,65535,65535,65535
1685663298,0,1,0,0,5123,40425,58219,65535,65535,65535,65535,65535,65535,65535,65535,65535,65535
1685663304,0,1,0,0,5122,40422,58225,65535,65535,65535,65535,65535,65535,65535,65535,65535,65535
1685663310,0,1,0,0,5123,40454,58265,65535,65535,65535,65535,65535,65535,65535,65535,65535,65535
1685663316,0,1,0,0,5121,40360,58145,65535,65535,65535,65535,65535,65535,65535,65535,65535,65535
1685663322,0,1,0,0,5123,40378,58184,65535,65535,65535,65535,65535,65535,65535,65535,65535,65535
1685663328,0,1,0,0,5120,40359,58124,65535,65535,65535,65535,65535,65535,65535,65535,65535,65535
1685663334,0,1,0,0,5120,40351,58089,65535,65535,65535,65535,65535,65535,65535,65535,65535,65535
1685663340,0,1,0,0,5120,40326,58069,65535,65535,65535,65535,65535,65535,65535,65535,65535,65535
1685663346,0,1,0,0,5120,40319,58044,65535,65535,65535,65535,65535,65535,65535,65535,65535,65535
1685663352,0,1,0,0,5120,40333,58087,65535,65535,65535,65535,65535,65535,65535,65535,65535,65535
1685663358,0,1,0,0,5115,40294,58018,65535,65535,65535,65535,65535,65535,65535,65535,65535,65535
1685663364,0,1,0,0,5114,40256,57979,65535,65535,65535,65535,65535,65535,65535,65535,65535,65535
1685663370,0,1,0,0,5114,40266,57996,65535,65535,65535,65535,65535,65535,65535,65535,65535,65535
1685663376,0,1,0,0,5113,40237,57937,65535,65535,65535,65535,65535,65535,65535,65535,65535,65535
1685663382,0,1,0,0,5113,40211,57941,65535,65535,65535,65535,65535,65535,65535,65535,65535,65535
1685663388,0,1,0,0,5112,40213,57879,65535,65535,65535,65535,65535,65535,65535,65535,65535,65535
1685663394,0,1,0,0,5112,40165,57869,65535,65535,65535,65535,65535,65535,65535,65535,65535,65535
1685663400,0,1,0,0,5111,40168,57836,65535,65535,65535,65535,65535,65535,65535,65535,65535,65535
1685663406,0,1,0,0,5111,40140,57818,65535,65535,65535,65535,65535,65535,65535,65535,65535,65535
1685663412,0,1,0,0,5105,40116,57771,65535,65535,65535,65535,65535,65535,65535,65535,65535,65535
1685663418,0,1,0,0,5105,40086,57710,65535,65535,65535,65535,65535,65535,65535,65535,65535,65535
1685663424,0,1,0,0,5105,40099,57708,65535,65535,65535,65535,65535,65535,65535,65535,65535,65535
1685663430,0,1,0,0,5105,40084,57683,65535,65535,65535,65535,65535,65535,65535,65535,65535,65535
1685663436,0,1,0,0,5105,40065,57704,65535,65535,65535,65535,65535,65535,65535,65535,65535,65535
1685663442,0,1,0,0,5103,40033,57663,65535,65535,65535,65535,65535,65535,65535,65535,65535,65535
1685663448,0,1,0,0,5104,40055,57682,65535,65535,65535,65535,65535,65535,65535,65535,65535,65535
1685663454,0,1,0,0,5103,40003,57601,65535,65535,65535,65535,65535,65535,65535,65535,65535,65535
1685663460,0,1,0,0,5102,39970,57556,65535,65535,65535,65535,65535,65535,65535,65535,65535,65535
1685663466,0,1,0,0,5102,39968,57541,65535,65535,65535,65535,65535,65535,65535,65535,65535,65535
1685663472,0,1,0,0,5102,39974,57531,65535,65535,65535,65535,65535,65535,65535,65535,65535,65535
1685663478,0,1,0,0,5101,39923,57479,65535,65535,65535,65535,65535,65535,65535,65535,65535,65535
1685663484,0,1,0,0,5100,39918,57484,65535,65535,65535,65535,65535,65535,65535,65535,65535,65535
1685663490,0,1,0,0,5100,39921,57484,65535,65535,65535,65535,65535,65535,65535,65535,65535,65535
1685663496,0,1,0,0,5100,39905,57471,65535,65535,65535,65535,65535,65535,65535,65535,65535,65535
1685663502,0,1,0,0,5100,39890,57413,65535,65535,65535,65535,65535,65535,65535,65535,65535,65535
1685663508,0,1,0,0,5100,39869,57403,65535,65535,65535,65535,65535,65535,65535,65535,65535,65535
1685663514,0,1,0,0,5055,39820,57376,65535,65535,65535,65535,65535,65535,65535,65535,65535,65535
1685663520,0,1,0,0,5055,39855,57354,65535,65535,65535,65535,65535,65535,65535,65535,65535,65535
1685663526,0,1,0,0,5054,39838,57357,65535,65535,65535,65535,65535,65535,65535,65535,65535,65535
1685663532,0,1,0,0,5054,39827,57316,65535,65535,65535,65535,65535,65535,65535,65535,65535,65535
1685663538,0,1,0,0,5054,39804,57292,65535,65535,65535,65535,65535,65535,65535,65535,65535,65535
1685663544,0,1,0,0,5053,39770,57271,65535,65535,65535,65535,65535,65535,65535,65535,65535,65535
1685663550,0,1,0,0,5053,39756,57247,65535,65535,65535,65535,65535,65535,65535,65535,65535,65535
1685663556,0,1,0,0,5053,39765,57237,65535,65535,65535,65535,65535,65535,65535,65535,65535,65535
1685663562,0,1,0,0,5052,39760,57227,65535,65535,65535,65535,65535,65535,65535,65535,65535,65535
1685663568,0,1,0,0,5052,39734,57196,65535,65535,65535,65535,65535,65535,65535,65535,65535,65535
1685663574,0,1,0,0,5052,39728,57184,65535,65535,65535,65535,65535,65535,65535,65535,65535,65535
1685663580,0,1,0,0,5052,39705,57140,65535,65535,65535,65535,65535,65535,65535,65535,65535,65535
1685663586,0,1,0,0,5051,39701,57172,65535,65535,65535,65535,65535,65535,65535,65535,65535,65535
1685663592,0,1,0,0,5051,39685,57110,65535,65535,65535,65535,65535,65535,65535,65535,65535,65535
1685663598,0,1,0,0,5051,39676,57138,65535,65535,65535,65535,65535,65535,65535,65535,65535,65535
1685663604,0,1,0,0,5050,39638,57107,65535,65535,65535,65535,65535,65535,65535,65535,65535,65535
1685663610,0,1,0,0,5050,39646,57063,65535,65535,65535,65535,65535,65535,65535,65535,65535,65535
1685663616,0,1,0,0,5050,39609,57043,65535,65535,65535,65535,65535,65535,65535,65535,65535,65535
1685663622,0,1,0,0,5045,39603,57050,65535,65535,65535,65535,65535,65535,65535,65535,65535,65535
1685663628,0,1,0,0,5045,39596,57002,65535,65535,65535,65535,65535,65535,65535,65535,65535,65535
1685663634,0,1,0,0,5045,39574,57001,65535,65535,65535,65535,65535,65535,65535,65535,65535,65535
1685663640,0,1,0,0,5045,39572,56962,65535,65535,65535,65535,65535,65535,65535,65535,65535,65535
1685663646,0,1,0,0,5044,39570,56965,65535,65535,65535,65535,65535,65535,65535,65535,65535,65535
1685663652,0,1,0,0,5044,39558,56958,65535,65535,65535,65535,65535,65535,65535,65535,65535,65535
1685663658,0,1,0,0,5044,39550,56947,65535,65535,65535,65535,65535,65535,65535,65535,65535,65535
1685663664,0,1,0,0,5043,39471,56838,65535,65535,65535,65535,65535,65535,65535,65535,65535,65535
1685663670,0,1,0,0,5042,39456,56803,65535,65535,65535,65535,65535,65535,65535,65535,65535,65535
1685663676,0,1,0,0,5043,39490,56866,65535,65535,65535,65535,65535,65535,65535,65535,65535,65535
1685663682,0,1,0,0,5043,39488,56871,65535,65535,65535,65535,65535,65535,65535,65535,65535,65535
1685663688,0,1,0,0,5043,39467,56817,65535,65535,65535,65535,65535,65535,65535,65535,65535,65535
1685663694,0,1,0,0,5043,39463,56831,65535,65535,65535,65535,65535,65535,65535,65535,65535,65535
1685663700,0,1,0,0,5043,39437,56770,65535,65535,65535,65535,65535,65535,65535,65535,65535,65535
1685663706,0,1,0,0,5042,39404,56799,65535,65535,65535,65535,65535,65535,65535,65535,65535,65535
1685663712,0,1,0,0,5042,39424,56773,65535,65535,65535,65535,65535,65535,65535,65535,65535,65535
1685663718,0,1,0,0,5041,39402,56732,65535,65535,65535,65535,65535,65535,65535,65535,65535,65535
1685663724,0,1,0,0,5041,39392,56739,65535,65535,65535,65535,65535,65535,65535,65535,65535,65535
1685663730,0,1,0,0,5041,39393,56755,65535,65535,65535,65535,65535,65535,65535,65535,65535,65535
1685663736,0,1,0,0,5041,39379,56707,65535,65535,65535,65535,65535,65535,65535,65535,65535,65535
1685663742,0,1,0,0,5040,39358,56674,65535,65535,65535,65535,65535,65535,65535,65535,65535,65535
1685663748,0,1,0,0,5040,39372,56710,65535,65535,65535,65535,65535,65535,65535,65535,65535,65535
1685663754,0,1,0,0,5040,39349,56692,65535,65535,65535,65535,65535,65535,65535,65535,65535,65535
1685663760,0,1,0,0,5040,39345,56664,65535,65535,65535,65535,65535,65535,65535,65535,65535,65535
1685663766,0,1,0,0,5040,39334,56642,65535,65535,65535,65535,65535,65535,65535,65535,65535,65535
1685663772,0,1,0,0,5035,39323,56626,65535,65535,65535,65535,65535,65535,65535,65535,65535,65535
1685663778,0,1,0,0,5035,39324,56624,65535,65535,65535,65535,65535,65535,65535,65535,65535,65535
1685663784,0,1,0,0,5035,39299,56640,65535,65535,65535,65535,65535,65535,65535,65535,65535,65535
1685663790,0,1,0,0,5034,39301,56622,65535,65535,65535,65535,65535,65535,65535,65535,65535,65535
1685663796,0,1,0,0,5034,39281,56577,65535,65535,65535,65535,65535,65535,65535,65535,65535,65535
1685663802,0,1,0,0,5034,39272,56533,65535,65535,65535,65535,65535,65535,65535,65535,65535,65535
1685663808,0,1,0,0,5034,39267,56553,65535,65535,65535,65535,65535,65535,65535,65535,65535,65535
1685663814,0,1,0,0,5033,39244,56555,65535,65535,65535,65535,65535,65535,65535,65535,65535,65535
1685663820,0,1,0,0,5033,39251,56511,65535,65535,65535,65535,65535,65535,65535,65535,65535,65535
1685663826,0,1,0,0,5033,39229,56493,65535,65535,65535,65535,65535,65535,65535,65535,65535,65535
1685663832,0,1,0,0,5033,39228,56490,65535,65535,65535,65535,65535,65535,65535,65535,65535,65535
1685663838,0,1,0,0,5032,39216,56504,65535,65535,65535,65535,65535,65535,65535,65535,65535,65535
1685663844,0,1,0,0,5033,39226,56496,65535,65535,65535,65535,65535,65535,65535,65535,65535,65535
1685663850,0,1,0,0,5032,39195,56497,65535,65535,65535,65535,65535,65535,65535,65535,65535,65535
1685663856,0,1,0,0,5032,39202,56447,65535,65535,65535,65535,65535,65535,65535,65535,65535,65535
1685663862,0,1,0,0,5032,39174,56424,65535,65535,65535,65535,65535,65535,65535,65535,65535,65535
1685663868,0,1,0,0,5032,39162,56434,65535,65535,65535,65535,65535,65535,65535,65535,65535,65535
1685663874,0,1,0,0,5031,39152,56389,65535,65535,65535,65535,65535,65535,65535,65535,65535,65535
1685663880,0,1,0,0,5031,39155,56424,65535,65535,65535,65535,65535,65535,65535,65535,65535,65535
1685663886,0,1,0,0,5031,39122,56316,65535,65535,65535,65535,65535,65535,65535,65535,65535,65535
1685663892,0,1,0,0,5031,39130,56356,65535,65535,65535,65535,65535,65535,65535,65535,65535,65535
1685663898,0,1,0,0,5031,39100,56321,65535,65535,65535,65535,65535,65535,65535,65535,65535,65535
1685663904,0,1,0,0,5030,39125,56330,65535,65535,65535,65535,65535,65535,65535,65535,65535,65535
1685663910,0,1,0,0,5030,39074,56295,65535,65535,65535,65535,65535,65535,65535,65535,65535,65535
1685663916,0,1,0,0,5030,39092,56282,65535,65535,65535,65535,65535,65535,65535,65535,65535,65535
1685663922,0,1,0,0,5030,39059,56298,65535,65535,65535,65535,65535,65535,65535,65535,65535,65535
1685663928,0,1,0,0,5030,39046,56265,65535,65535,65535,65535,65535,65535,65535,65535,65535,65535
1685663934,0,1,0,0,5025,39034,56219,65535,65535,65535,65535,65535,65535,65535,65535,65535,65535
1685663940,0,1,0,0,5025,39039,56228,65535,65535,65535,65535,65535,65535,65535,65535,65535,65535
1685663946,0,1,0,0,5025,39032,56233,65535,65535,65535,65535,65535,65535,65535,65535,65535,65535
1685663952,0,1,0,0,5025,38996,56194,65535,65535,65535,65535,65535,65535,65535,65535,65535,65535
1685663958,0,1,0,0,5025,39025,56199,65535,65535,65535,65535,65535,65535,65535,65535,65535,65535
1685663964,0,1,0,0,5025,39012,56177,65535,65535,65535,65535,65535,65535,65535,65535,65535,65535
1685663970,0,1,0,0,5024,38991,56151,65535,65535,65535,65535,65535,65535,65535,65535,65535,65535
1685663976,0,1,0,0,5024,38981,56166,65535,65535,65535,65535,65535,65535,65535,65535,65535,65535
1685663982,0,1,0,0,5024,38961,56139,65535,65535,65535,65535,65535,65535,65535,65535,65535,65535
1685663988,0,1,0,0,5024,38958,56103,65535,65535,65535,65535,65535,65535,65535,65535,65535,65535
1685663994,0,1,0,0,5024,38929,56093,65535,65535,65535,65535,65535,65535,65535,65535,65535,65535
