Timestamp,Amber,White,On,Override,Intensity,AS00,AS01,AS02,AS03,AS04,AS05,AS06,AS07,AS08,AS09,AS10,AS11
1686373205,0,1,0,0,0,0,0,0,0,0,0,0,0,0,0,0,0
1686373211,0,1,0,0,0,0,0,0,0,0,0,0,0,0,0,0,0
1686373217,0,1,0,0,0,0,0,0,0,0,0,0,0,0,0,0,0
1686373223,0,1,0,0,0,0,0,0,0,0,0,0,0,0,0,0,0
1686373229,0,1,0,0,0,0,0,0,0,0,0,0,0,0,0,0,0
1686373235,0,1,0,0,0,0,0,0,0,0,0,0,0,0,0,0,0
1686373241,0,1,0,0,0,0,0,0,0,0,0,0,0,0,0,0,0
1686373247,0,1,0,0,0,0,0,0,0,0,0,0,0,0,0,0,0
1686373253,0,1,0,0,0,0,0,0,0,0,0,0,0,0,0,0,0
1686373259,0,1,0,0,0,0,0,0,0,0,0,0,0,0,0,0,0
1686373265,0,1,0,0,0,0,0,0,0,0,0,0,0,0,0,0,0
1686373271,0,1,0,0,0,0,0,0,0,0,0,0,0,0,0,0,0
1686373277,0,1,0,0,0,0,0,0,0,0,0,0,0,0,0,0,0
1686373283,0,1,0,0,0,0,0,0,0,0,0,0,0,0,0,0,0
1686373289,0,1,0,0,0,0,0,0,0,0,0,0,0,0,0,0,0
1686373295,0,1,0,0,0,0,0,0,0,0,0,0,0,0,0,0,0
1686373301,0,1,0,0,0,0,0,0,0,0,0,0,0,0,0,0,0
1686373307,0,1,0,0,0,0,0,0,0,0,0,0,0,0,0,0,0
1686373313,0,1,0,0,0,0,0,0,0,0,0,0,0,0,0,0,0
1686373319,0,1,0,0,0,0,0,0,0,0,0,0,0,0,0,0,0
1686373325,0,1,0,0,0,0,0,0,0,0,0,0,0,0,0,0,0
1686373331,0,1,0,0,0,0,0,0,0,0,0,0,0,0,0,0,0
1686373337,0,1,0,0,0,0,0,0,0,0,0,0,0,0,0,0,0
1686373343,0,1,0,0,0,0,0,0,0,0,0,0,0,0,0,0,0
1686373349,0,1,0,0,0,0,0,0,0,0,0,0,0,0,0,0,0
1686373355,0,1,0,0,0,0,0,0,0,0,0,0,0,0,0,0,0
1686373361,0,1,0,0,0,0,0,0,0,0,0,0,0,0,0,0,0
1686373367,0,1,0,0,0,0,0,0,0,0,0,0,0,0,0,0,0
1686373373,0,1,0,0,0,0,0,0,0,0,0,0,0,0,0,0,0
1686373379,0,1,0,0,0,0,0,0,0,0,0,0,0,0,0,0,0
1686373385,0,1,0,0,0,0,0,0,0,0,0,0,0,0,0,0,0
1686373391,0,1,0,0,0,0,0,0,0,0,0,0,0,0,0,0,0
1686373397,0,1,0,0,0,0,0,0,0,0,0,0,0,0,0,0,0
1686373403,0,1,0,0,0,0,0,0,0,0,0,0,0,0,0,0,0
1686373409,0,1,0,0,0,0,0,0,0,0,0,0,0,0,0,0,0
1686373415,0,1,0,0,0,0,0,0,0,0,0,0,0,0,0,0,0
1686373421,0,1,0,0,0,0,0,0,0,0,0,0,0,0,0,0,0
1686373427,0,1,0,0,0,0,0,0,0,0,0,0,0,0,0,0,0
1686373433,0,1,0,0,0,0,0,0,0,0,0,0,0,0,0,0,0
1686373439,0,1,0,0,0,0,0,0,0,0,0,0,0,0,0,0,0
1686373445,0,1,0,0,0,0,0,0,0,0,0,0,0,0,0,0,0
1686373451,0,1,0,0,0,0,0,0,0,0,0,0,0,0,0,0,0
1686373457,0,1,0,0,0,0,0,0,0,0,0,0,0,0,0,0,0
1686373463,0,1,0,0,0,0,0,0,0,0,0,0,0,0,0,0,0
1686373469,0,1,0,0,0,0,0,0,0,0,0,0,0,0,0,0,0
1686373475,0,1,0,0,0,0,0,0,0,0,0,0,0,0,0,0,0
1686373481,0,1,0,0,0,0,0,0,0,0,0,0,0,0,0,0,0
1686373487,0,1,0,0,0,0,0,0,0,0,0,0,0,0,0,0,0
1686373493,0,1,0,0,0,0,0,0,0,0,0,0,0,0,0,0,0
1686373499,0,1,0,0,0,0,0,0,0,0,0,0,0,0,0,0,0
1686373505,0,1,0,0,0,0,0,0,0,0,0,0,0,0,0,0,0
1686373511,0,1,0,0,0,0,0,0,0,0,0,0,0,0,0,0,0
1686373517,0,1,0,0,0,0,0,0,0,0,0,0,0,0,0,0,0
1686373523,0,1,0,0,0,0,0,0,0,0,0,0,0,0,0,0,0
1686373529,0,1,0,0,0,0,0,0,0,0,0,0,0,0,0,0,0
1686373535,0,1,0,0,0,0,0,0,0,0,0,0,0,0,0,0,0
1686373541,0,1,0,0,0,0,0,0,0,0,0,0,0,0,0,0,0
1686373547,0,1,0,0,0,0,0,0,0,0,0,0,0,0,0,0,0
1686373553,0,1,0,0,0,0,0,0,0,0,0,0,0,0,0,0,0
1686373559,0,1,0,0,0,0,0,0,0,0,0,0,0,0,0,0,0
1686373565,0,1,0,0,0,0,0,0,0,0,0,0,0,0,0,0,0
1686373571,0,1,0,0,0,0,0,0,0,0,0,0,0,0,0,0,0
1686373577,0,1,0,0,0,0,0,0,0,0,0,0,0,0,0,0,0
1686373583,0,1,0,0,0,0,0,0,0,0,0,0,0,0,0,0,0
1686373589,0,1,0,0,0,0,0,0,0,0,0,0,0,0,0,0,0
1686373595,0,1,0,0,0,0,0,0,0,0,0,0,0,0,0,0,0
1686373601,0,1,0,0,0,0,0,0,0,0,0,0,0,0,0,0,0
1686373607,0,1,0,0,0,0,0,0,0,0,0,0,0,0,0,0,0
1686373613,0,1,0,0,0,0,0,0,0,0,0,0,0,0,0,0,0
1686373619,0,1,0,0,0,0,0,0,0,0,0,0,0,0,0,0,0
1686373625,0,1,0,0,0,0,0,0,0,0,0,0,0,0,0,0,0
1686373631,0,1,0,0,0,0,0,0,0,0,0,0,0,0,0,0,0
1686373637,0,1,0,0,0,0,0,0,0,0,0,0,0,0,0,0,0
1686373643,0,1,0,0,0,0,0,0,0,0,0,0,0,0,0,0,0
1686373649,0,1,0,0,0,0,0,0,0,0,0,0,0,0,0,0,0
1686373655,0,1,0,0,0,0,0,0,0,0,0,0,0,0,0,0,0
1686373661,0,1,0,0,0,0,0,0,0,0,0,0,0,0,0,0,0
1686373667,0,1,0,0,0,0,0,0,0,0,0,0,0,0,0,0,0
1686373673,0,1,0,0,0,0,0,0,0,0,0,0,0,0,0,0,0
1686373679,0,1,0,0,0,0,0,0,0,0,0,0,0,0,0,0,0
1686373685,0,1,0,0,0,0,0,0,0,0,0,0,0,0,0,0,0
1686373691,0,1,0,0,0,0,0,0,0,0,0,0,0,0,0,0,0
1686373697,0,1,0,0,0,0,0,0,0,0,0,0,0,0,0,0,0
1686373703,0,1,0,0,0,0,0,0,0,0,0,0,0,0,0,0,0
1686373709,0,1,0,0,0,0,0,0,0,0,0,0,0,0,0,0,0
1686373715,0,1,0,0,0,0,0,0,0,0,0,0,0,0,0,0,0
1686373721,0,1,0,0,0,0,0,0,0,0,0,0,0,0,0,0,0
1686373727,0,1,0,0,0,0,0,0,0,0,0,0,0,0,0,0,0
1686373733,0,1,0,0,0,0,0,0,0,0,0,0,0,0,0,0,0
1686373739,0,1,0,0,0,0,0,0,0,0,0,0,0,0,0,0,0
1686373745,0,1,0,0,0,0,0,0,0,0,0,0,0,0,0,0,0
1686373751,0,1,0,0,0,0,0,0,0,0,0,0,0,0,0,0,0
1686373757,0,1,0,0,0,0,0,0,0,0,0,0,0,0,0,0,0
1686373763,0,1,0,0,0,0,0,0,0,0,0,0,0,0,0,0,0
1686373769,0,1,0,0,0,0,0,0,0,0,0,0,0,0,0,0,0
1686373775,0,1,0,0,0,0,0,0,0,0,0,0,0,0,0,0,0
1686373781,0,1,0,0,0,0,0,0,0,0,0,0,0,0,0,0,0
1686373787,0,1,0,0,0,0,0,0,0,0,0,0,0,0,0,0,0
1686373793,0,1,0,0,0,0,0,0,0,0,0,0,0,0,0,0,0
1686373799,0,1,0,0,0,0,0,0,0,0,0,0,0,0,0,0,0
1686373805,0,1,0,0,0,0,0,0,0,0,0,0,0,0,0,0,0
1686373811,0,1,0,0,0,0,0,0,0,0,0,0,0,0,0,0,0
1686373817,0,1,0,0,0,0,0,0,0,0,0,0,0,0,0,0,0
1686373823,0,1,0,0,0,0,0,0,0,0,0,0,0,0,0,0,0
1686373829,0,1,0,0,0,0,0,0,0,0,0,0,0,0,0,0,0
1686373835,0,1,0,0,0,0,0,0,0,0,0,0,0,0,0,0,0
1686373841,0,1,0,0,0,0,0,0,0,0,0,0,0,0,0,0,0
1686373847,0,1,0,0,0,0,0,0,0,0,0,0,0,0,0,0,0
1686373853,0,1,0,0,0,0,0,0,0,0,0,0,0,0,0,0,0
1686373859,0,1,0,0,0,0,0,0,0,0,0,0,0,0,0,0,0
1686373865,0,1,0,0,0,0,0,0,0,0,0,0,0,0,0,0,0
1686373871,0,1,0,0,0,0,0,0,0,0,0,0,0,0,0,0,0
1686373877,0,1,0,0,0,0,0,0,0,0,0,0,0,0,0,0,0
1686373883,0,1,0,0,0,0,0,0,0,0,0,0,0,0,0,0,0
1686373889,0,1,0,0,0,0,0,0,0,0,0,0,0,0,0,0,0
1686373895,0,1,0,0,0,0,0,0,0,0,0,0,0,0,0,0,0
1686373901,0,1,0,0,0,0,0,0,0,0,0,0,0,0,0,0,0
1686373907,0,1,0,0,0,0,0,0,0,0,0,0,0,0,0,0,0
1686373913,0,1,0,0,0,0,0,0,0,0,0,0,0,0,0,0,0
1686373919,0,1,0,0,0,0,0,0,0,0,0,0,0,0,0,0,0
1686373925,0,1,0,0,0,0,0,0,0,0,0,0,0,0,0,0,0
1686373931,0,1,0,0,0,0,0,0,0,0,0,0,0,0,0,0,0
1686373937,0,1,0,0,0,0,0,0,0,0,0,0,0,0,0,0,0
1686373943,0,1,0,0,0,0,0,0,0,0,0,0,0,0,0,0,0
1686373949,0,1,0,0,0,0,0,0,0,0,0,0,0,0,0,0,0
1686373955,0,1,0,0,0,0,0,0,0,0,0,0,0,0,0,0,0
1686373961,0,1,0,0,0,0,0,0,0,0,0,0,0,0,0,0,0
1686373967,0,1,0,0,0,0,0,0,0,0,0,0,0,0,0,0,0
1686373973,0,1,0,0,0,0,0,0,0,0,0,0,0,0,0,0,0
1686373979,0,1,0,0,0,0,0,0,0,0,0,0,0,0,0,0,0
1686373985,0,1,0,0,0,0,0,0,0,0,0,0,0,0,0,0,0
1686373991,0,1,0,0,0,0,0,0,0,0,0,0,0,0,0,0,0
1686373997,0,1,0,0,0,0,0,0,0,0,0,0,0,0,0,0,0
1686374003,0,1,0,0,0,0,0,0,0,0,0,0,0,0,0,0,0
1686374009,0,1,0,0,0,0,0,0,0,0,0,0,0,0,0,0,0
1686374015,0,1,0,0,0,0,0,0,0,0,0,0,0,0,0,0,0
1686374021,0,1,0,0,0,0,0,0,0,0,0,0,0,0,0,0,0
1686374027,0,1,0,0,0,0,0,0,0,0,0,0,0,0,0,0,0
1686374033,0,1,0,0,0,0,0,0,0,0,0,0,0,0,0,0,0
1686374039,0,1,0,0,0,0,0,0,0,0,0,0,0,0,0,0,0
1686374045,0,1,0,0,0,0,0,0,0,0,0,0,0,0,0,0,0
1686374051,0,1,0,0,0,0,0,0,0,0,0,0,0,0,0,0,0
1686374057,0,1,0,0,0,0,0,0,0,0,0,0,0,0,0,0,0
1686374063,0,1,0,0,0,0,0,0,0,0,0,0,0,0,0,0,0
1686374069,0,1,0,0,0,0,0,0,0,0,0,0,0,0,0,0,0
1686374075,0,1,0,0,0,0,0,0,0,0,0,0,0,0,0,0,0
1686374081,0,1,0,0,0,0,0,0,0,0,0,0,0,0,0,0,0
1686374087,0,1,0,0,0,0,0,0,0,0,0,0,0,0,0,0,0
1686374093,0,1,0,0,0,0,0,0,0,0,0,0,0,0,0,0,0
1686374099,0,1,0,0,0,0,0,0,0,0,0,0,0,0,0,0,0
1686374105,0,1,0,0,0,0,0,0,0,0,0,0,0,0,0,0,0
1686374111,0,1,0,0,0,0,0,0,0,0,0,0,0,0,0,0,0
1686374117,0,1,0,0,0,0,0,0,0,0,0,0,0,0,0,0,0
1686374123,0,1,0,0,0,0,0,0,0,0,0,0,0,0,0,0,0
1686374129,0,1,0,0,0,0,0,0,0,0,0,0,0,0,0,0,0
1686374135,0,1,0,0,0,0,0,0,0,0,0,0,0,0,0,0,0
1686374141,0,1,0,0,0,0,0,0,0,0,0,0,0,0,0,0,0
1686374147,0,1,0,0,0,0,0,0,0,0,0,0,0,0,0,0,0
1686374153,0,1,0,0,0,0,0,0,0,0,0,0,0,0,0,0,0
1686374159,0,1,0,0,0,0,0,0,0,0,0,0,0,0,0,0,0
1686374165,0,1,0,0,0,0,0,0,0,0,0,0,0,0,0,0,0
1686374171,0,1,0,0,0,0,0,0,0,0,0,0,0,0,0,0,0
1686374177,0,1,0,0,0,0,0,0,0,0,0,0,0,0,0,0,0
1686374183,0,1,0,0,0,0,0,0,0,0,0,0,0,0,0,0,0
1686374189,0,1,0,0,0,0,0,0,0,0,0,0,0,0,0,0,0
1686374195,0,1,0,0,0,0,0,0,0,0,0,0,0,0,0,0,0
1686374201,0,1,0,0,0,0,0,0,0,0,0,0,0,0,0,0,0
1686374207,0,1,0,0,0,0,0,0,0,0,0,0,0,0,0,0,0
1686374213,0,1,0,0,0,0,0,0,0,0,0,0,0,0,0,0,0
1686374219,0,1,0,0,0,0,0,0,0,0,0,0,0,0,0,0,0
1686374225,0,1,0,0,0,0,0,0,0,0,0,0,0,0,0,0,0
1686374231,0,1,0,0,0,0,0,0,0,0,0,0,0,0,0,0,0
1686374237,0,1,0,0,0,0,0,0,0,0,0,0,0,0,0,0,0
1686374243,0,1,0,0,0,0,0,0,0,0,0,0,0,0,0,0,0
1686374249,0,1,0,0,0,0,0,0,0,0,0,0,0,0,0,0,0
1686374255,0,1,0,0,0,0,0,0,0,0,0,0,0,0,0,0,0
1686374261,0,1,0,0,0,0,0,0,0,0,0,0,0,0,0,0,0
1686374267,0,1,0,0,0,0,0,0,0,0,0,0,0,0,0,0,0
1686374273,0,1,0,0,0,0,0,0,0,0,0,0,0,0,0,0,0
1686374279,0,1,0,0,0,0,0,0,0,0,0,0,0,0,0,0,0
1686374285,0,1,0,0,0,0,0,0,0,0,0,0,0,0,0,0,0
1686374291,0,1,0,0,0,0,0,0,0,0,0,0,0,0,0,0,0
1686374297,0,1,0,0,0,0,0,0,0,0,0,0,0,0,0,0,0
1686374303,0,1,0,0,0,0,0,0,0,0,0,0,0,0,0,0,0
1686374309,0,1,0,0,0,0,0,0,0,0,0,0,0,0,0,0,0
1686374315,0,1,0,0,0,0,0,0,0,0,0,0,0,0,0,0,0
1686374321,0,1,0,0,0,0,0,0,0,0,0,0,0,0,0,0,0
1686374327,0,1,0,0,0,0,0,0,0,0,0,0,0,0,0,0,0
1686374333,0,1,0,0,0,0,0,0,0,0,0,0,0,0,0,0,0
1686374339,0,1,0,0,0,0,0,0,0,0,0,0,0,0,0,0,0
1686374345,0,1,0,0,0,0,0,0,0,0,0,0,0,0,0,0,0
1686374351,0,1,0,0,0,0,0,0,0,0,0,0,0,0,0,0,0
1686374357,0,1,0,0,0,0,0,0,0,0,0,0,0,0,0,0,0
1686374363,0,1,0,0,0,0,0,0,0,0,0,0,0,0,0,0,0
1686374369,0,1,0,0,0,0,0,0,0,0,0,0,0,0,0,0,0
1686374375,0,1,0,0,0,0,0,0,0,0,0,0,0,0,0,0,0
1686374381,0,1,0,0,0,0,0,0,0,0,0,0,0,0,0,0,0
1686374387,0,1,0,0,0,0,0,0,0,0,0,0,0,0,0,0,0
1686374393,0,1,0,0,0,0,0,0,0,0,0,0,0,0,0,0,0
1686374399,0,1,0,0,0,0,0,0,0,0,0,0,0,0,0,0,0
1686374405,0,1,0,0,0,0,0,0,0,0,0,0,0,0,0,0,0
1686374411,0,1,0,0,0,0,0,0,0,0,0,0,0,0,0,0,0
1686374417,0,1,0,0,0,0,0,0,0,0,0,0,0,0,0,0,0
1686374423,0,1,0,0,0,0,0,0,0,0,0,0,0,0,0,0,0
1686374429,0,1,0,0,0,0,0,0,0,0,0,0,0,0,0,0,0
1686374435,0,1,0,0,0,0,0,0,0,0,0,0,0,0,0,0,0
1686374441,0,1,0,0,0,0,0,0,0,0,0,0,0,0,0,0,0
1686374447,0,1,0,0,0,0,0,0,0,0,0,0,0,0,0,0,0
1686374453,0,1,0,0,0,0,0,0,0,0,0,0,0,0,0,0,0
1686374459,0,1,0,0,0,0,0,0,0,0,0,0,0,0,0,0,0
1686374465,0,1,0,0,0,0,0,0,0,0,0,0,0,0,0,0,0
1686374471,0,1,0,0,0,0,0,0,0,0,0,0,0,0,0,0,0
1686374477,0,1,0,0,0,0,0,0,0,0,0,0,0,0,0,0,0
1686374483,0,1,0,0,0,0,0,0,0,0,0,0,0,0,0,0,0
1686374489,0,1,0,0,0,0,0,0,0,0,0,0,0,0,0,0,0
1686374495,0,1,0,0,0,0,0,0,0,0,0,0,0,0,0,0,0
1686374501,0,1,0,0,0,0,0,0,0,0,0,0,0,0,0,0,0
1686374507,0,1,0,0,0,0,0,0,0,0,0,0,0,0,0,0,0
1686374513,0,1,0,0,0,0,0,0,0,0,0,0,0,0,0,0,0
1686374519,0,1,0,0,0,0,0,0,0,0,0,0,0,0,0,0,0
1686374525,0,1,0,0,0,0,0,0,0,0,0,0,0,0,0,0,0
1686374531,0,1,0,0,0,0,0,0,0,0,0,0,0,0,0,0,0
1686374537,0,1,0,0,0,0,0,0,0,0,0,0,0,0,0,0,0
1686374543,0,1,0,0,0,0,0,0,0,0,0,0,0,0,0,0,0
1686374549,0,1,0,0,0,0,0,0,0,0,0,0,0,0,0,0,0
1686374555,0,1,0,0,0,0,0,0,0,0,0,0,0,0,0,0,0
1686374561,0,1,0,0,0,0,0,0,0,0,0,0,0,0,0,0,0
1686374567,0,1,0,0,0,0,0,0,0,0,0,0,0,0,0,0,0
1686374573,0,1,0,0,0,0,0,0,0,0,0,0,0,0,0,0,0
1686374579,0,1,0,0,0,0,0,0,0,0,0,0,0,0,0,0,0
1686374585,0,1,0,0,0,0,0,0,0,0,0,0,0,0,0,0,0
1686374591,0,1,0,0,0,0,0,0,0,0,0,0,0,0,0,0,0
1686374597,0,1,0,0,0,0,0,0,0,0,0,0,0,0,0,0,0
1686374603,0,1,0,0,0,0,0,0,0,0,0,0,0,0,0,0,0
1686374609,0,1,0,0,0,0,0,0,0,0,0,0,0,0,0,0,0
1686374615,0,1,0,0,0,0,0,0,0,0,0,0,0,0,0,0,0
1686374621,0,1,0,0,0,0,0,0,0,0,0,0,0,0,0,0,0
1686374627,0,1,0,0,0,0,0,0,0,0,0,0,0,0,0,0,0
1686374633,0,1,0,0,0,0,0,0,0,0,0,0,0,0,0,0,0
1686374639,0,1,0,0,0,0,0,0,0,0,0,0,0,0,0,0,0
1686374645,0,1,0,0,0,0,0,0,0,0,0,0,0,0,0,0,0
1686374651,0,1,0,0,0,0,0,0,0,0,0,0,0,0,0,0,0
1686374657,0,1,0,0,0,0,0,0,0,0,0,0,0,0,0,0,0
1686374663,0,1,0,0,0,0,0,0,0,0,0,0,0,0,0,0,0
1686374669,0,1,0,0,0,0,0,0,0,0,0,0,0,0,0,0,0
1686374675,0,1,0,0,0,0,0,0,0,0,0,0,0,0,0,0,0
1686374681,0,1,0,0,0,0,0,0,0,0,0,0,0,0,0,0,0
1686374687,0,1,0,0,0,0,0,0,0,0,0,0,0,0,0,0,0
1686374693,0,1,0,0,0,0,0,0,0,0,0,0,0,0,0,0,0
1686374699,0,1,0,0,0,0,0,0,0,0,0,0,0,0,0,0,0
1686374705,0,1,0,0,0,0,0,0,0,0,0,0,0,0,0,0,0
1686374711,0,1,0,0,0,0,0,0,0,0,0,0,0,0,0,0,0
1686374717,0,1,0,0,0,0,0,0,0,0,0,0,0,0,0,0,0
1686374723,0,1,0,0,0,0,0,0,0,0,0,0,0,0,0,0,0
1686374729,0,1,0,0,0,0,0,0,0,0,0,0,0,0,0,0,0
1686374735,0,1,0,0,0,0,0,0,0,0,0,0,0,0,0,0,0
1686374741,0,1,0,0,0,0,0,0,0,0,0,0,0,0,0,0,0
1686374747,0,1,0,0,0,0,0,0,0,0,0,0,0,0,0,0,0
1686374753,0,1,0,0,0,0,0,0,0,0,0,0,0,0,0,0,0
1686374759,0,1,0,0,0,0,0,0,0,0,0,0,0,0,0,0,0
1686374765,0,1,0,0,0,0,0,0,0,0,0,0,0,0,0,0,0
1686374771,0,1,0,0,0,0,0,0,0,0,0,0,0,0,0,0,0
1686374777,0,1,0,0,0,0,0,0,0,0,0,0,0,0,0,0,0
1686374783,0,1,0,0,0,0,0,0,0,0,0,0,0,0,0,0,0
1686374789,0,1,0,0,0,0,0,0,0,0,0,0,0,0,0,0,0
1686374795,0,1,0,0,0,0,0,0,0,0,0,0,0,0,0,0,0
1686374801,0,1,0,0,0,0,0,0,0,0,0,0,0,0,0,0,0
1686374807,0,1,0,0,0,0,0,0,0,0,0,0,0,0,0,0,0
1686374813,0,1,0,0,0,0,0,0,0,0,0,0,0,0,0,0,0
1686374819,0,1,0,0,0,0,0,0,0,0,0,0,0,0,0,0,0
1686374825,0,1,0,0,0,0,0,0,0,0,0,0,0,0,0,0,0
1686374831,0,1,0,0,0,0,0,0,0,0,0,0,0,0,0,0,0
1686374837,0,1,0,0,0,0,0,0,0,0,0,0,0,0,0,0,0
1686374843,0,1,0,0,0,0,0,0,0,0,0,0,0,0,0,0,0
1686374849,0,1,0,0,0,0,0,0,0,0,0,0,0,0,0,0,0
1686374855,0,1,0,0,0,0,0,0,0,0,0,0,0,0,0,0,0
1686374861,0,1,0,0,0,0,0,0,0,0,0,0,0,0,0,0,0
1686374867,0,1,0,0,0,0,0,0,0,0,0,0,0,0,0,0,0
1686374873,0,1,0,0,0,0,0,0,0,0,0,0,0,0,0,0,0
1686374879,0,1,0,0,0,0,0,0,0,0,0,0,0,0,0,0,0
1686374885,0,1,0,0,0,0,0,0,0,0,0,0,0,0,0,0,0
1686374891,0,1,0,0,0,0,0,0,0,0,0,0,0,0,0,0,0
1686374897,0,1,0,0,0,0,0,0,0,0,0,0,0,0,0,0,0
1686374903,0,1,0,0,0,0,0,0,0,0,0,0,0,0,0,0,0
1686374909,0,1,0,0,0,0,0,0,0,0,0,0,0,0,0,0,0
1686374915,0,1,0,0,0,0,0,0,0,0,0,0,0,0,0,0,0
1686374921,0,1,0,0,0,0,0,0,0,0,0,0,0,0,0,0,0
1686374927,0,1,0,0,0,0,0,0,0,0,0,0,0,0,0,0,0
1686374933,0,1,0,0,0,0,0,0,0,0,0,0,0,0,0,0,0
1686374939,0,1,0,0,0,0,0,0,0,0,0,0,0,0,0,0,0
1686374945,0,1,0,0,0,0,0,0,0,0,0,0,0,0,0,0,0
1686374951,0,1,0,0,0,0,0,0,0,0,0,0,0,0,0,0,0
1686374957,0,1,0,0,0,0,0,0,0,0,0,0,0,0,0,0,0
1686374963,0,1,0,0,0,0,0,0,0,0,0,0,0,0,0,0,0
1686374969,0,1,0,0,0,0,0,0,0,0,0,0,0,0,0,0,0
1686374975,0,1,0,0,0,0,0,0,0,0,0,0,0,0,0,0,0
1686374981,0,1,0,0,0,0,0,0,0,0,0,0,0,0,0,0,0
1686374987,0,1,0,0,0,0,0,0,0,0,0,0,0,0,0,0,0
1686374993,0,1,0,0,0,0,0,0,0,0,0,0,0,0,0,0,0
1686374999,0,1,0,0,0,0,0,0,0,0,0,0,0,0,0,0,0
1686375005,0,1,0,0,0,0,0,0,0,0,0,0,0,0,0,0,0
1686375011,0,1,0,0,0,0,0,0,0,0,0,0,0,0,0,0,0
1686375017,0,1,0,0,0,0,0,0,0,0,0,0,0,0,0,0,0
1686375023,0,1,0,0,0,0,0,0,0,0,0,0,0,0,0,0,0
1686375029,0,1,0,0,0,0,0,0,0,0,0,0,0,0,0,0,0
1686375035,0,1,0,0,0,0,0,0,0,0,0,0,0,0,0,0,0
1686375041,0,1,0,0,0,0,0,0,0,0,0,0,0,0,0,0,0
1686375047,0,1,0,0,0,0,0,0,0,0,0,0,0,0,0,0,0
1686375053,0,1,0,0,0,0,0,0,0,0,0,0,0,0,0,0,0
1686375059,0,1,0,0,0,0,0,0,0,0,0,0,0,0,0,0,0
1686375065,0,1,0,0,0,0,0,0,0,0,0,0,0,0,0,0,0
1686375071,0,1,0,0,0,0,0,0,0,0,0,0,0,0,0,0,0
1686375077,0,1,0,0,0,0,0,0,0,0,0,0,0,0,0,0,0
1686375083,0,1,0,0,0,0,0,0,0,0,0,0,0,0,0,0,0
1686375089,0,1,0,0,0,0,0,0,0,0,0,0,0,0,0,0,0
1686375095,0,1,0,0,0,0,0,0,0,0,0,0,0,0,0,0,0
1686375101,0,1,0,0,0,0,0,0,0,0,0,0,0,0,0,0,0
1686375107,0,1,0,0,0,0,0,0,0,0,0,0,0,0,0,0,0
1686375113,0,1,0,0,0,0,0,0,0,0,0,0,0,0,0,0,0
1686375119,0,1,0,0,0,0,0,0,0,0,0,0,0,0,0,0,0
1686375125,0,1,0,0,0,0,0,0,0,0,0,0,0,0,0,0,0
1686375131,0,1,0,0,0,0,0,0,0,0,0,0,0,0,0,0,0
1686375137,0,1,0,0,0,0,0,0,0,0,0,0,0,0,0,0,0
1686375143,0,1,0,0,0,0,0,0,0,0,0,0,0,0,0,0,0
1686375149,0,1,0,0,0,0,0,0,0,0,0,0,0,0,0,0,0
1686375155,0,1,0,0,0,0,0,0,0,0,0,0,0,0,0,0,0
1686375161,0,1,0,0,0,0,0,0,0,0,0,0,0,0,0,0,0
1686375167,0,1,0,0,0,0,0,0,0,0,0,0,0,0,0,0,0
1686375173,0,1,0,0,0,0,0,0,0,0,0,0,0,0,0,0,0
1686375179,0,1,0,0,0,0,0,0,0,0,0,0,0,0,0,0,0
1686375185,0,1,0,0,0,0,0,0,0,0,0,0,0,0,0,0,0
1686375191,0,1,0,0,0,0,0,0,0,0,0,0,0,0,0,0,0
1686375197,0,1,0,0,0,0,0,0,0,0,0,0,0,0,0,0,0
1686375203,0,1,0,0,0,0,0,0,0,0,0,0,0,0,0,0,0
1686375209,0,1,0,0,0,0,0,0,0,0,0,0,0,0,0,0,0
1686375215,0,1,0,0,0,0,0,0,0,0,0,0,0,0,0,0,0
1686375221,0,1,0,0,0,0,0,0,0,0,0,0,0,0,0,0,0
1686375227,0,1,0,0,0,0,0,0,0,0,0,0,0,0,0,0,0
1686375233,0,1,0,0,0,0,0,0,0,0,0,0,0,0,0,0,0
1686375239,0,1,0,0,0,0,0,0,0,0,0,0,0,0,0,0,0
1686375245,0,1,0,0,0,0,0,0,0,0,0,0,0,0,0,0,0
1686375251,0,1,0,0,0,0,0,0,0,0,0,0,0,0,0,0,0
1686375257,0,1,0,0,0,0,0,0,0,0,0,0,0,0,0,0,0
1686375263,0,1,0,0,0,0,0,0,0,0,0,0,0,0,0,0,0
1686375269,0,1,0,0,0,0,0,0,0,0,0,0,0,0,0,0,0
1686375275,0,1,0,0,0,0,0,0,0,0,0,0,0,0,0,0,0
1686375281,0,1,0,0,0,0,0,0,0,0,0,0,0,0,0,0,0
1686375287,0,1,0,0,0,0,0,0,0,0,0,0,0,0,0,0,0
1686375293,0,1,0,0,0,0,0,0,0,0,0,0,0,0,0,0,0
1686375299,0,1,0,0,0,0,0,0,0,0,0,0,0,0,0,0,0
1686375305,0,1,0,0,0,0,0,0,0,0,0,0,0,0,0,0,0
1686375311,0,1,0,0,0,0,0,0,0,0,0,0,0,0,0,0,0
1686375317,0,1,0,0,0,0,0,0,0,0,0,0,0,0,0,0,0
1686375323,0,1,0,0,0,0,0,0,0,0,0,0,0,0,0,0,0
1686375329,0,1,0,0,0,0,0,0,0,0,0,0,0,0,0,0,0
1686375335,0,1,0,0,0,0,0,0,0,0,0,0,0,0,0,0,0
1686375341,0,1,0,0,0,0,0,0,0,0,0,0,0,0,0,0,0
1686375347,0,1,0,0,0,0,0,0,0,0,0,0,0,0,0,0,0
1686375353,0,1,0,0,0,0,0,0,0,0,0,0,0,0,0,0,0
1686375359,0,1,0,0,0,0,0,0,0,0,0,0,0,0,0,0,0
1686375365,0,1,0,0,0,0,0,0,0,0,0,0,0,0,0,0,0
1686375371,0,1,0,0,0,0,0,0,0,0,0,0,0,0,0,0,0
1686375377,0,1,0,0,0,0,0,0,0,0,0,0,0,0,0,0,0
1686375383,0,1,0,0,0,0,0,0,0,0,0,0,0,0,0,0,0
1686375389,0,1,0,0,0,0,0,0,0,0,0,0,0,0,0,0,0
1686375395,0,1,0,0,0,0,0,0,0,0,0,0,0,0,0,0,0
1686375401,0,1,0,0,0,0,0,0,0,0,0,0,0,0,0,0,0
1686375407,0,1,0,0,0,0,0,0,0,0,0,0,0,0,0,0,0
1686375413,0,1,0,0,0,0,0,0,0,0,0,0,0,0,0,0,0
1686375419,0,1,0,0,0,0,0,0,0,0,0,0,0,0,0,0,0
1686375425,0,1,0,0,0,0,0,0,0,0,0,0,0,0,0,0,0
1686375431,0,1,0,0,0,0,0,0,0,0,0,0,0,0,0,0,0
1686375437,0,1,0,0,0,0,0,0,0,0,0,0,0,0,0,0,0
1686375443,0,1,0,0,0,0,0,0,0,0,0,0,0,0,0,0,0
1686375449,0,1,0,0,0,0,0,0,0,0,0,0,0,0,0,0,0
1686375455,0,1,0,0,0,0,0,0,0,0,0,0,0,0,0,0,0
1686375461,0,1,0,0,0,0,0,0,0,0,0,0,0,0,0,0,0
1686375467,0,1,0,0,0,0,0,0,0,0,0,0,0,0,0,0,0
1686375473,0,1,0,0,0,0,0,0,0,0,0,0,0,0,0,0,0
1686375479,0,1,0,0,0,0,0,0,0,0,0,0,0,0,0,0,0
1686375485,0,1,0,0,0,0,0,0,0,0,0,0,0,0,0,0,0
1686375491,0,1,0,0,0,0,0,0,0,0,0,0,0,0,0,0,0
1686375497,0,1,0,0,0,0,0,0,0,0,0,0,0,0,0,0,0
1686375503,0,1,0,0,0,0,0,0,0,0,0,0,0,0,0,0,0
1686375509,0,1,0,0,0,0,0,0,0,0,0,0,0,0,0,0,0
1686375515,0,1,0,0,0,0,0,0,0,0,0,0,0,0,0,0,0
1686375521,0,1,0,0,0,0,0,0,0,0,0,0,0,0,0,0,0
1686375527,0,1,0,0,0,0,0,0,0,0,0,0,0,0,0,0,0
1686375533,0,1,0,0,0,0,0,0,0,0,0,0,0,0,0,0,0
1686375539,0,1,0,0,0,0,0,0,0,0,0,0,0,0,0,0,0
1686375545,0,1,0,0,0,0,0,0,0,0,0,0,0,0,0,0,0
1686375551,0,1,0,0,0,0,0,0,0,0,0,0,0,0,0,0,0
1686375557,0,1,0,0,0,0,0,0,0,0,0,0,0,0,0,0,0
1686375563,0,1,0,0,0,0,0,0,0,0,0,0,0,0,0,0,0
1686375569,0,1,0,0,0,0,0,0,0,0,0,0,0,0,0,0,0
1686375575,0,1,0,0,0,0,0,0,0,0,0,0,0,0,0,0,0
1686375581,0,1,0,0,0,0,0,0,0,0,0,0,0,0,0,0,0
1686375587,0,1,0,0,0,0,0,0,0,0,0,0,0,0,0,0,0
1686375593,0,1,0,0,0,0,0,0,0,0,0,0,0,0,0,0,0
1686375599,0,1,0,0,0,0,0,0,0,0,0,0,0,0,0,0,0
1686375605,0,1,0,0,0,0,0,0,0,0,0,0,0,0,0,0,0
1686375611,0,1,0,0,0,0,0,0,0,0,0,0,0,0,0,0,0
1686375617,0,1,0,0,0,0,0,0,0,0,0,0,0,0,0,0,0
1686375623,0,1,0,0,0,0,0,0,0,0,0,0,0,0,0,0,0
1686375629,0,1,0,0,0,0,0,0,0,0,0,0,0,0,0,0,0
1686375635,0,1,0,0,0,0,0,0,0,0,0,0,0,0,0,0,0
1686375641,0,1,0,0,0,0,0,0,0,0,0,0,0,0,0,0,0
1686375647,0,1,0,0,0,0,0,0,0,0,0,0,0,0,0,0,0
1686375653,0,1,0,0,0,0,0,0,0,0,0,0,0,0,0,0,0
1686375659,0,1,0,0,0,0,0,0,0,0,0,0,0,0,0,0,0
1686375665,0,1,0,0,0,0,0,0,0,0,0,0,0,0,0,0,0
1686375671,0,1,0,0,0,0,0,0,0,0,0,0,0,0,0,0,0
1686375677,0,1,0,0,0,0,0,0,0,0,0,0,0,0,0,0,0
1686375683,0,1,0,0,0,0,0,0,0,0,0,0,0,0,0,0,0
1686375689,0,1,0,0,0,0,0,0,0,0,0,0,0,0,0,0,0
1686375695,0,1,0,0,0,0,0,0,0,0,0,0,0,0,0,0,0
1686375701,0,1,0,0,0,0,0,0,0,0,0,0,0,0,0,0,0
1686375707,0,1,0,0,0,0,0,0,0,0,0,0,0,0,0,0,0
1686375713,0,1,0,0,0,0,0,0,0,0,0,0,0,0,0,0,0
1686375719,0,1,0,0,0,0,0,0,0,0,0,0,0,0,0,0,0
1686375725,0,1,0,0,0,0,0,0,0,0,0,0,0,0,0,0,0
1686375731,0,1,0,0,0,0,0,0,0,0,0,0,0,0,0,0,0
1686375737,0,1,0,0,0,0,0,0,0,0,0,0,0,0,0,0,0
1686375743,0,1,0,0,0,0,0,0,0,0,0,0,0,0,0,0,0
1686375749,0,1,0,0,0,0,0,0,0,0,0,0,0,0,0,0,0
1686375755,0,1,0,0,0,0,0,0,0,0,0,0,0,0,0,0,0
1686375761,0,1,0,0,0,0,0,0,0,0,0,0,0,0,0,0,0
1686375767,0,1,0,0,0,0,0,0,0,0,0,0,0,0,0,0,0
1686375773,0,1,0,0,0,0,0,0,0,0,0,0,0,0,0,0,0
1686375779,0,1,0,0,0,0,0,0,0,0,0,0,0,0,0,0,0
1686375785,0,1,0,0,0,0,0,0,0,0,0,0,0,0,0,0,0
1686375791,0,1,0,0,0,0,0,0,0,0,0,0,0,0,0,0,0
1686375797,0,1,0,0,0,0,0,0,0,0,0,0,0,0,0,0,0
1686375803,0,1,0,0,0,0,0,0,0,0,0,0,0,0,0,0,0
1686375809,0,1,0,0,0,0,0,0,0,0,0,0,0,0,0,0,0
1686375815,0,1,0,0,0,0,0,0,0,0,0,0,0,0,0,0,0
1686375821,0,1,0,0,0,0,0,0,0,0,0,0,0,0,0,0,0
1686375827,0,1,0,0,0,0,0,0,0,0,0,0,0,0,0,0,0
1686375833,0,1,0,0,0,0,0,0,0,0,0,0,0,0,0,0,0
1686375839,0,1,0,0,0,0,0,0,0,0,0,0,0,0,0,0,0
1686375845,0,1,0,0,0,0,0,0,0,0,0,0,0,0,0,0,0
1686375851,0,1,0,0,0,0,0,0,0,0,0,0,0,0,0,0,0
1686375857,0,1,0,0,0,0,0,0,0,0,0,0,0,0,0,0,0
1686375863,0,1,0,0,0,0,0,0,0,0,0,0,0,0,0,0,0
1686375869,0,1,0,0,0,0,0,0,0,0,0,0,0,0,0,0,0
1686375875,0,1,0,0,0,0,0,0,0,0,0,0,0,0,0,0,0
1686375881,0,1,0,0,0,0,0,0,0,0,0,0,0,0,0,0,0
1686375887,0,1,0,0,0,0,0,0,0,0,0,0,0,0,0,0,0
1686375893,0,1,0,0,0,0,0,0,0,0,0,0,0,0,0,0,0
1686375899,0,1,0,0,0,0,0,0,0,0,0,0,0,0,0,0,0
1686375905,0,1,0,0,0,0,0,0,0,0,0,0,0,0,0,0,0
1686375911,0,1,0,0,0,0,0,0,0,0,0,0,0,0,0,0,0
1686375917,0,1,0,0,0,0,0,0,0,0,0,0,0,0,0,0,0
1686375923,0,1,0,0,0,0,0,0,0,0,0,0,0,0,0,0,0
1686375929,0,1,0,0,0,0,0,0,0,0,0,0,0,0,0,0,0
1686375935,0,1,0,0,0,0,0,0,0,0,0,0,0,0,0,0,0
1686375941,0,1,0,0,0,0,0,0,0,0,0,0,0,0,0,0,0
1686375947,0,1,0,0,0,0,0,0,0,0,0,0,0,0,0,0,0
1686375953,0,1,0,0,0,0,0,0,0,0,0,0,0,0,0,0,0
1686375959,0,1,0,0,0,0,0,0,0,0,0,0,0,0,0,0,0
1686375965,0,1,0,0,0,0,0,0,0,0,0,0,0,0,0,0,0
1686375971,0,1,0,0,0,0,0,0,0,0,0,0,0,0,0,0,0
1686375977,0,1,0,0,0,0,0,0,0,0,0,0,0,0,0,0,0
1686375983,0,1,0,0,0,0,0,0,0,0,0,0,0,0,0,0,0
1686375989,0,1,0,0,0,0,0,0,0,0,0,0,0,0,0,0,0
1686375995,0,1,0,0,0,0,0,0,0,0,0,0,0,0,0,0,0
1686376001,0,1,0,0,0,0,0,0,0,0,0,0,0,0,0,0,0
1686376007,0,1,0,0,0,0,0,0,0,0,0,0,0,0,0,0,0
1686376013,0,1,0,0,0,0,0,0,0,0,0,0,0,0,0,0,0
1686376019,0,1,0,0,0,0,0,0,0,0,0,0,0,0,0,0,0
1686376025,0,1,0,0,0,0,0,0,0,0,0,0,0,0,0,0,0
1686376031,0,1,0,0,0,0,0,0,0,0,0,0,0,0,0,0,0
1686376037,0,1,0,0,0,0,0,0,0,0,0,0,0,0,0,0,0
1686376043,0,1,0,0,0,0,0,0,0,0,0,0,0,0,0,0,0
1686376049,0,1,0,0,0,0,0,0,0,0,0,0,0,0,0,0,0
1686376055,0,1,0,0,0,0,0,0,0,0,0,0,0,0,0,0,0
1686376061,0,1,0,0,0,0,0,0,0,0,0,0,0,0,0,0,0
1686376067,0,1,0,0,0,0,0,0,0,0,0,0,0,0,0,0,0
1686376073,0,1,0,0,0,0,0,0,0,0,0,0,0,0,0,0,0
1686376079,0,1,0,0,0,0,0,0,0,0,0,0,0,0,0,0,0
1686376085,0,1,0,0,0,0,0,0,0,0,0,0,0,0,0,0,0
1686376091,0,1,0,0,0,0,0,0,0,0,0,0,0,0,0,0,0
1686376097,0,1,0,0,0,0,0,0,0,0,0,0,0,0,0,0,0
1686376103,0,1,0,0,0,0,0,0,0,0,0,0,0,0,0,0,0
1686376109,0,1,0,0,0,0,0,0,0,0,0,0,0,0,0,0,0
1686376115,0,1,0,0,0,0,0,0,0,0,0,0,0,0,0,0,0
1686376121,0,1,0,0,0,0,0,0,0,0,0,0,0,0,0,0,0
1686376127,0,1,0,0,0,0,0,0,0,0,0,0,0,0,0,0,0
1686376133,0,1,0,0,0,0,0,0,0,0,0,0,0,0,0,0,0
1686376139,0,1,0,0,0,0,0,0,0,0,0,0,0,0,0,0,0
1686376145,0,1,0,0,0,0,0,0,0,0,0,0,0,0,0,0,0
1686376151,0,1,0,0,0,0,0,0,0,0,0,0,0,0,0,0,0
1686376157,0,1,0,0,0,0,0,0,0,0,0,0,0,0,0,0,0
1686376163,0,1,0,0,0,0,0,0,0,0,0,0,0,0,0,0,0
1686376169,0,1,0,0,0,0,0,0,0,0,0,0,0,0,0,0,0
1686376175,0,1,0,0,0,0,0,0,0,0,0,0,0,0,0,0,0
1686376181,0,1,0,0,0,0,0,0,0,0,0,0,0,0,0,0,0
1686376187,0,1,0,0,0,0,0,0,0,0,0,0,0,0,0,0,0
1686376193,0,1,0,0,0,0,0,0,0,0,0,0,0,0,0,0,0
1686376199,0,1,0,0,0,0,0,0,0,0,0,0,0,0,0,0,0
1686376205,0,1,0,0,0,0,0,0,0,0,0,0,0,0,0,0,0
1686376211,0,1,0,0,0,0,0,0,0,0,0,0,0,0,0,0,0
1686376217,0,1,0,0,0,0,0,0,0,0,0,0,0,0,0,0,0
1686376223,0,1,0,0,0,0,0,0,0,0,0,0,0,0,0,0,0
1686376229,0,1,0,0,0,0,0,0,0,0,0,0,0,0,0,0,0
1686376235,0,1,0,0,0,0,0,0,0,0,0,0,0,0,0,0,0
1686376241,0,1,0,0,0,0,0,0,0,0,0,0,0,0,0,0,0
1686376247,0,1,0,0,0,0,0,0,0,0,0,0,0,0,0,0,0
1686376253,0,1,0,0,0,0,0,0,0,0,0,0,0,0,0,0,0
1686376259,0,1,0,0,0,0,0,0,0,0,0,0,0,0,0,0,0
1686376265,0,1,0,0,0,0,0,0,0,0,0,0,0,0,0,0,0
1686376271,0,1,0,0,0,0,0,0,0,0,0,0,0,0,0,0,0
1686376277,0,1,0,0,0,0,0,0,0,0,0,0,0,0,0,0,0
1686376283,0,1,0,0,0,0,0,0,0,0,0,0,0,0,0,0,0
1686376289,0,1,0,0,0,0,0,0,0,0,0,0,0,0,0,0,0
1686376295,0,1,0,0,0,0,0,0,0,0,0,0,0,0,0,0,0
1686376301,0,1,0,0,0,0,0,0,0,0,0,0,0,0,0,0,0
1686376307,0,1,0,0,0,0,0,0,0,0,0,0,0,0,0,0,0
1686376313,0,1,0,0,0,0,0,0,0,0,0,0,0,0,0,0,0
1686376319,0,1,0,0,0,0,0,0,0,0,0,0,0,0,0,0,0
1686376325,0,1,0,0,0,0,0,0,0,0,0,0,0,0,0,0,0
1686376331,0,1,0,0,0,0,0,0,0,0,0,0,0,0,0,0,0
1686376337,0,1,0,0,0,0,0,0,0,0,0,0,0,0,0,0,0
1686376343,0,1,0,0,0,0,0,0,0,0,0,0,0,0,0,0,0
1686376349,0,1,0,0,0,0,0,0,0,0,0,0,0,0,0,0,0
1686376355,0,1,0,0,0,0,0,0,0,0,0,0,0,0,0,0,0
1686376361,0,1,0,0,0,0,0,0,0,0,0,0,0,0,0,0,0
1686376367,0,1,0,0,0,0,0,0,0,0,0,0,0,0,0,0,0
1686376373,0,1,0,0,0,0,0,0,0,0,0,0,0,0,0,0,0
1686376379,0,1,0,0,0,0,0,0,0,0,0,0,0,0,0,0,0
1686376385,0,1,0,0,0,0,0,0,0,0,0,0,0,0,0,0,0
1686376391,0,1,0,0,0,0,0,0,0,0,0,0,0,0,0,0,0
1686376397,0,1,0,0,0,0,0,0,0,0,0,0,0,0,0,0,0
1686376403,0,1,0,0,0,0,0,0,0,0,0,0,0,0,0,0,0
1686376409,0,1,0,0,0,0,0,0,0,0,0,0,0,0,0,0,0
1686376415,0,1,0,0,0,0,0,0,0,0,0,0,0,0,0,0,0
1686376421,0,1,0,0,0,0,0,0,0,0,0,0,0,0,0,0,0
1686376427,0,1,0,0,0,0,0,0,0,0,0,0,0,0,0,0,0
1686376433,0,1,0,0,0,0,0,0,0,0,0,0,0,0,0,0,0
1686376439,0,1,0,0,0,0,0,0,0,0,0,0,0,0,0,0,0
1686376445,0,1,0,0,0,0,0,0,0,0,0,0,0,0,0,0,0
1686376451,0,1,0,0,0,0,0,0,0,0,0,0,0,0,0,0,0
1686376457,0,1,0,0,0,0,0,0,0,0,0,0,0,0,0,0,0
1686376463,0,1,0,0,0,0,0,0,0,0,0,0,0,0,0,0,0
1686376469,0,1,0,0,0,0,0,0,0,0,0,0,0,0,0,0,0
1686376475,0,1,0,0,0,0,0,0,0,0,0,0,0,0,0,0,0
1686376481,0,1,0,0,0,0,0,0,0,0,0,0,0,0,0,0,0
1686376487,0,1,0,0,0,0,0,0,0,0,0,0,0,0,0,0,0
1686376493,0,1,0,0,0,0,0,0,0,0,0,0,0,0,0,0,0
1686376499,0,1,0,0,0,0,0,0,0,0,0,0,0,0,0,0,0
1686376505,0,1,0,0,0,0,0,0,0,0,0,0,0,0,0,0,0
1686376511,0,1,0,0,0,0,0,0,0,0,0,0,0,0,0,0,0
1686376517,0,1,0,0,0,0,0,0,0,0,0,0,0,0,0,0,0
1686376523,0,1,0,0,0,0,0,0,0,0,0,0,0,0,0,0,0
1686376529,0,1,0,0,0,0,0,0,0,0,0,0,0,0,0,0,0
1686376535,0,1,0,0,0,0,0,0,0,0,0,0,0,0,0,0,0
1686376541,0,1,0,0,0,0,0,0,0,0,0,0,0,0,0,0,0
1686376547,0,1,0,0,0,0,0,0,0,0,0,0,0,0,0,0,0
1686376553,0,1,0,0,0,0,0,0,0,0,0,0,0,0,0,0,0
1686376559,0,1,0,0,0,0,0,0,0,0,0,0,0,0,0,0,0
1686376565,0,1,0,0,0,0,0,0,0,0,0,0,0,0,0,0,0
1686376571,0,1,0,0,0,0,0,0,0,0,0,0,0,0,0,0,0
1686376577,0,1,0,0,0,0,0,0,0,0,0,0,0,0,0,0,0
1686376583,0,1,0,0,0,0,0,0,0,0,0,0,0,0,0,0,0
1686376589,0,1,0,0,0,0,0,0,0,0,0,0,0,0,0,0,0
1686376595,0,1,0,0,0,0,0,0,0,0,0,0,0,0,0,0,0
1686376601,0,1,0,0,0,0,0,0,0,0,0,0,0,0,0,0,0
1686376607,0,1,0,0,0,0,0,0,0,0,0,0,0,0,0,0,0
1686376613,0,1,0,0,0,0,0,0,0,0,0,0,0,0,0,0,0
1686376619,0,1,0,0,0,0,0,0,0,0,0,0,0,0,0,0,0
1686376625,0,1,0,0,0,0,0,0,0,0,0,0,0,0,0,0,0
1686376631,0,1,0,0,0,0,0,0,0,0,0,0,0,0,0,0,0
1686376637,0,1,0,0,0,0,0,0,0,0,0,0,0,0,0,0,0
1686376643,0,1,0,0,0,0,0,0,0,0,0,0,0,0,0,0,0
1686376649,0,1,0,0,0,0,0,0,0,0,0,0,0,0,0,0,0
1686376655,0,1,0,0,0,0,0,0,0,0,0,0,0,0,0,0,0
1686376661,0,1,0,0,0,0,0,0,0,0,0,0,0,0,0,0,0
1686376667,0,1,0,0,0,0,0,0,0,0,0,0,0,0,0,0,0
1686376673,0,1,0,0,0,0,0,0,0,0,0,0,0,0,0,0,0
1686376679,0,1,0,0,0,0,0,0,0,0,0,0,0,0,0,0,0
1686376685,0,1,0,0,0,0,0,0,0,0,0,0,0,0,0,0,0
1686376691,0,1,0,0,0,0,0,0,0,0,0,0,0,0,0,0,0
1686376697,0,1,0,0,0,0,0,0,0,0,0,0,0,0,0,0,0
1686376703,0,1,0,0,0,0,0,0,0,0,0,0,0,0,0,0,0
1686376709,0,1,0,0,0,0,0,0,0,0,0,0,0,0,0,0,0
1686376715,0,1,0,0,0,0,0,0,0,0,0,0,0,0,0,0,0
1686376721,0,1,0,0,0,0,0,0,0,0,0,0,0,0,0,0,0
1686376727,0,1,0,0,0,0,0,0,0,0,0,0,0,0,0,0,0
1686376733,0,1,0,0,0,0,0,0,0,0,0,0,0,0,0,0,0
1686376739,0,1,0,0,0,0,0,0,0,0,0,0,0,0,0,0,0
1686376745,0,1,0,0,0,0,0,0,0,0,0,0,0,0,0,0,0
1686376751,0,1,0,0,0,0,0,0,0,0,0,0,0,0,0,0,0
1686376757,0,1,0,0,0,0,0,0,0,0,0,0,0,0,0,0,0
1686376763,0,1,0,0,0,0,0,0,0,0,0,0,0,0,0,0,0
1686376769,0,1,0,0,0,0,0,0,0,0,0,0,0,0,0,0,0
1686376775,0,1,0,0,0,0,0,0,0,0,0,0,0,0,0,0,0
1686376781,0,1,0,0,0,0,0,0,0,0,0,0,0,0,0,0,0
1686376787,0,1,0,0,0,0,0,0,0,0,0,0,0,0,0,0,0
1686376793,0,1,0,0,0,0,0,0,0,0,0,0,0,0,0,0,0
1686376799,0,1,0,0,0,0,0,0,0,0,0,0,0,0,0,0,0
