Timestamp,Amber,White,On,Override,Intensity,AS00,AS01,AS02,AS03,AS04,AS05,AS06,AS07,AS08,AS09,AS10,AS11
1686434405,0,1,0,0,0,5,7,11,16,170,124,20,19,25,26,171,124
1686434411,0,1,0,0,0,5,6,11,15,171,124,20,20,24,27,170,124
1686434417,0,1,0,0,0,5,7,10,16,171,124,21,20,25,26,171,126
1686434423,0,1,0,0,0,5,7,10,15,171,124,20,20,25,27,171,124
1686434429,0,1,0,0,0,5,6,10,15,171,124,20,19,24,26,171,126
1686434435,0,1,0,0,0,5,7,10,15,171,126,21,20,25,27,171,124
1686434441,0,1,0,0,0,5,7,11,16,171,126,21,20,25,27,171,126
1686434447,0,1,0,0,0,5,6,11,16,171,126,20,19,24,26,172,126
1686434453,0,1,0,0,0,5,7,11,15,172,126,21,19,25,27,172,126
1686434459,0,1,0,0,0,5,6,11,16,172,126,20,20,25,26,171,126
1686434465,0,1,0,0,0,5,6,10,15,172,126,21,19,25,26,172,126
1686434471,0,1,0,0,0,5,7,11,16,172,126,21,20,25,26,172,126
1686434477,0,1,0,0,0,5,6,11,16,172,126,21,20,25,27,172,126
1686434483,0,1,0,0,0,5,7,11,16,172,126,21,20,25,27,172,126
1686434489,0,1,0,0,0,5,7,11,16,172,126,21,20,26,27,172,126
1686434495,0,1,0,0,0,5,7,11,16,172,126,21,20,25,27,172,126
1686434501,0,1,0,0,0,5,7,11,16,173,126,21,20,25,27,172,126
1686434507,0,1,0,0,0,5,6,11,16,173,126,21,20,25,27,173,126
1686434513,0,1,0,0,0,6,7,11,16,173,126,21,20,25,27,172,126
1686434519,0,1,0,0,0,5,7,11,15,173,126,21,20,26,27,172,126
1686434525,0,1,0,0,0,5,7,11,16,172,126,20,20,25,27,173,126
1686434531,0,1,0,0,0,5,6,11,16,173,126,21,20,25,27,173,126
1686434537,0,1,0,0,0,6,7,11,16,172,126,21,20,25,27,173,128
1686434543,0,1,0,0,0,6,6,10,16,172,126,20,20,25,27,173,126
1686434549,0,1,0,0,0,6,6,11,16,172,126,21,19,24,27,173,126
1686434555,0,1,0,0,0,5,7,11,16,173,126,21,20,25,27,173,126
1686434561,0,1,0,0,0,5,6,11,16,173,128,20,20,25,27,173,126
1686434567,0,1,0,0,0,5,7,11,16,173,128,21,20,24,27,173,126
1686434573,0,1,0,0,0,5,6,11,15,173,126,21,20,25,27,173,126
1686434579,0,1,0,0,0,5,6,11,16,173,128,21,20,25,27,173,128
1686434585,0,1,0,0,0,5,6,11,15,173,128,21,20,25,27,173,126
1686434591,0,1,0,0,0,5,7,11,16,173,128,21,21,25,27,173,126
1686434597,0,1,0,0,0,6,6,11,16,173,128,21,20,25,27,173,128
1686434603,0,1,0,0,0,5,7,11,16,173,128,21,20,24,27,173,128
1686434609,0,1,0,0,0,6,6,11,16,173,128,21,19,25,26,173,128
1686434615,0,1,0,0,0,5,6,11,15,173,128,21,20,24,27,173,128
1686434621,0,1,0,0,0,5,7,11,16,173,128,20,20,25,26,173,128
1686434627,0,1,0,0,0,6,7,11,16,173,126,20,20,25,27,173,128
1686434633,0,1,0,0,0,5,6,11,16,173,128,21,20,25,26,173,128
1686434639,0,1,0,0,0,5,6,11,15,173,128,20,20,25,27,173,128
1686434645,0,1,0,0,0,5,7,10,16,173,128,20,20,24,27,173,128
1686434651,0,1,0,0,0,5,6,11,16,173,130,20,20,25,26,173,128
1686434657,0,1,0,0,0,6,6,11,16,174,130,20,19,25,26,173,130
1686434663,0,1,0,0,0,5,6,11,15,174,128,20,20,25,27,174,130
1686434669,0,1,0,0,0,5,6,10,16,174,130,21,20,25,26,174,130
1686434675,0,1,0,0,0,5,7,11,15,174,130,21,19,25,26,174,130
1686434681,0,1,0,0,0,6,6,11,15,174,130,21,21,25,26,174,130
1686434687,0,1,0,0,0,5,6,11,16,174,130,21,19,24,26,174,130
1686434693,0,1,0,0,0,6,7,11,16,174,130,20,21,25,26,174,132
1686434699,0,1,0,0,0,5,6,10,16,174,130,21,20,24,26,174,130
1686434705,0,1,0,0,0,5,7,10,16,174,130,20,19,24,26,173,130
1686434711,0,1,0,0,0,5,7,10,16,174,130,21,20,24,26,174,130
1686434717,0,1,0,0,0,6,7,11,15,174,130,20,20,25,27,174,132
1686434723,0,1,0,0,0,5,7,10,16,174,132,21,19,25,26,174,132
1686434729,0,1,0,0,0,6,7,11,15,174,132,21,19,25,26,174,132
1686434735,0,1,0,0,0,5,7,11,16,174,132,20,19,25,26,174,132
1686434741,0,1,0,0,0,5,7,11,16,174,132,20,19,25,26,174,132
1686434747,0,1,0,0,0,6,7,11,15,174,132,20,19,25,26,174,132
1686434753,0,1,0,0,0,5,7,10,16,175,132,20,20,25,27,174,132
1686434759,0,1,0,0,0,6,7,10,16,174,132,20,20,25,26,175,132
1686434765,0,1,0,0,0,5,6,11,15,175,132,21,19,25,26,174,132
1686434771,0,1,0,0,0,5,7,11,16,175,132,20,20,24,27,175,132
1686434777,0,1,0,0,0,6,7,11,16,175,132,20,19,24,26,174,132
1686434783,0,1,0,0,0,6,7,10,15,175,132,21,19,24,26,174,132
1686434789,0,1,0,0,0,5,7,11,16,175,134,20,19,24,26,174,132
1686434795,0,1,0,0,0,5,7,10,15,174,132,20,20,24,27,174,132
1686434801,0,1,0,0,0,5,7,10,15,174,132,20,19,24,26,174,132
1686434807,0,1,0,0,0,6,6,10,16,173,132,20,19,24,26,174,132
1686434813,0,1,0,0,0,6,7,11,15,174,132,20,19,25,26,174,132
1686434819,0,1,0,0,0,6,6,10,16,174,132,20,19,24,26,174,132
1686434825,0,1,0,0,0,5,6,10,15,174,134,20,19,24,26,174,132
1686434831,0,1,0,0,0,6,6,11,16,174,134,20,19,25,26,174,132
1686434837,0,1,0,0,0,5,7,10,15,174,134,20,19,24,26,174,132
1686434843,0,1,0,0,0,5,7,11,16,174,134,20,19,24,26,174,132
1686434849,0,1,0,0,0,5,7,11,15,174,134,20,19,24,26,174,134
1686434855,0,1,0,0,0,6,6,11,15,174,134,20,19,24,26,174,134
1686434861,0,1,0,0,0,5,6,10,15,175,134,20,19,24,26,174,134
1686434867,0,1,0,0,0,6,7,12,15,175,132,20,20,24,26,175,134
1686434873,0,1,0,0,0,6,6,11,15,175,134,20,19,24,26,175,134
1686434879,0,1,0,0,0,5,6,10,15,174,134,20,19,24,26,175,134
1686434885,0,1,0,0,0,6,6,10,15,175,134,20,20,24,26,175,134
1686434891,0,1,0,0,0,6,7,10,16,175,134,20,20,24,26,175,134
1686434897,0,1,0,0,0,5,7,10,15,175,134,20,19,24,25,175,134
1686434903,0,1,0,0,0,5,7,11,15,175,134,20,19,24,26,175,134
1686434909,0,1,0,0,0,5,7,11,15,175,134,20,19,25,26,175,134
1686434915,0,1,0,0,0,5,7,11,16,175,136,20,20,25,26,175,136
1686434921,0,1,0,0,0,5,6,10,16,176,134,20,20,24,26,175,134
1686434927,0,1,0,0,0,6,6,11,15,175,134,20,19,24,26,176,134
1686434933,0,1,0,0,0,5,7,10,16,176,136,20,20,24,26,176,134
1686434939,0,1,0,0,0,5,7,11,16,176,136,20,19,24,26,176,136
1686434945,0,1,0,0,0,5,7,10,15,176,136,20,19,24,26,176,136
1686434951,0,1,0,0,0,5,7,11,16,177,136,20,19,25,26,177,136
1686434957,0,1,0,0,0,5,6,11,16,177,136,21,20,25,26,177,136
1686434963,0,1,0,0,0,5,6,10,16,177,134,21,20,25,26,177,136
1686434969,0,1,0,0,0,6,6,11,15,177,136,21,20,24,27,178,134
1686434975,0,1,0,0,0,5,7,11,16,177,136,21,20,24,27,177,136
1686434981,0,1,0,0,0,6,6,11,16,177,136,20,20,25,27,177,136
1686434987,0,1,0,0,0,6,7,11,16,178,136,21,20,25,26,178,136
1686434993,0,1,0,0,0,6,7,11,16,178,136,20,20,25,27,177,136
1686434999,0,1,0,0,0,5,7,10,16,178,136,20,20,25,26,177,136
1686435005,0,1,0,0,0,6,7,11,16,178,136,21,20,24,27,178,136
1686435011,0,1,0,0,0,6,6,11,16,178,136,21,19,25,27,178,136
1686435017,0,1,0,0,0,5,7,11,16,178,136,21,20,25,27,178,136
1686435023,0,1,0,0,0,5,6,11,16,178,136,21,20,25,27,178,134
1686435029,0,1,0,0,0,5,7,11,16,178,136,20,20,25,26,178,134
1686435035,0,1,0,0,0,6,6,11,16,178,136,20,20,25,27,178,136
1686435041,0,1,0,0,0,6,7,11,15,178,134,21,20,25,27,177,136
1686435047,0,1,0,0,0,5,7,11,16,178,134,21,20,25,27,178,136
1686435053,0,1,0,0,0,6,6,11,16,178,136,20,20,25,27,178,136
1686435059,0,1,0,0,0,5,7,11,16,178,134,21,19,25,26,178,136
1686435065,0,1,0,0,0,6,7,11,16,178,136,21,20,25,27,178,136
1686435071,0,1,0,0,0,5,7,11,15,178,136,20,20,25,27,179,134
1686435077,0,1,0,0,0,6,7,11,16,178,136,21,20,25,27,179,134
1686435083,0,1,0,0,0,6,7,11,15,179,136,21,20,26,27,179,134
1686435089,0,1,0,0,0,5,7,11,16,178,134,20,20,25,27,178,134
1686435095,0,1,0,0,0,5,7,11,16,178,134,21,20,25,27,178,134
1686435101,0,1,0,0,0,5,7,11,16,178,134,21,20,25,27,178,134
1686435107,0,1,0,0,0,5,7,11,16,178,134,21,20,25,27,179,136
1686435113,0,1,0,0,0,6,7,11,16,178,134,20,20,25,26,178,134
1686435119,0,1,0,0,0,6,7,11,16,178,134,21,20,26,27,178,134
1686435125,0,1,0,0,0,5,7,11,16,178,134,21,19,25,27,178,134
1686435131,0,1,0,0,0,6,7,11,16,178,134,21,20,25,27,178,134
1686435137,0,1,0,0,0,5,8,12,16,178,134,21,20,25,27,178,134
1686435143,0,1,0,0,0,5,7,11,16,178,134,21,20,25,27,178,134
1686435149,0,1,0,0,0,5,7,12,16,179,134,21,20,25,27,179,136
1686435155,0,1,0,0,0,5,6,11,16,179,134,21,20,25,27,178,136
1686435161,0,1,0,0,0,5,7,11,16,179,136,21,20,25,27,179,136
1686435167,0,1,0,0,0,5,7,11,16,178,134,21,20,25,27,179,136
1686435173,0,1,0,0,0,5,6,11,16,179,134,21,20,25,27,179,136
1686435179,0,1,0,0,0,5,7,11,16,178,134,20,20,25,27,179,136
1686435185,0,1,0,0,0,6,6,11,16,179,136,21,20,25,27,179,134
1686435191,0,1,0,0,0,6,7,11,16,179,136,21,20,25,27,179,134
1686435197,0,1,0,0,0,6,7,11,16,179,134,21,21,25,28,179,134
1686435203,0,1,0,0,0,5,7,11,16,178,136,21,20,25,27,178,134
1686435209,0,1,0,0,0,5,7,11,16,178,134,21,20,25,27,179,136
1686435215,0,1,0,0,0,6,7,11,16,178,134,21,20,25,27,178,134
1686435221,0,1,0,0,0,5,7,11,16,179,134,21,20,25,27,178,134
1686435227,0,1,0,0,0,5,6,12,16,178,134,21,20,26,27,179,134
1686435233,0,1,0,0,0,5,7,11,16,179,134,21,20,25,27,178,134
1686435239,0,1,0,0,0,6,7,11,16,178,134,20,20,25,27,178,134
1686435245,0,1,0,0,0,5,7,11,16,178,134,21,20,25,27,177,134
1686435251,0,1,0,0,0,6,6,11,16,177,132,20,20,26,27,177,132
1686435257,0,1,0,0,0,5,7,11,16,177,132,20,20,25,27,177,134
1686435263,0,1,0,0,0,6,7,11,16,176,132,20,20,25,27,176,132
1686435269,0,1,0,0,0,6,7,11,16,176,132,21,20,25,27,176,132
1686435275,0,1,0,0,0,6,7,11,16,176,132,21,20,25,27,176,132
1686435281,0,1,0,0,0,5,6,11,16,176,132,20,21,25,27,176,132
1686435287,0,1,0,0,0,5,7,11,16,175,130,21,20,25,26,175,130
1686435293,0,1,0,0,0,5,7,11,16,174,130,20,19,25,27,174,130
1686435299,0,1,0,0,0,5,6,11,15,174,130,20,20,25,26,173,130
1686435305,0,1,0,0,0,5,7,11,16,173,130,20,19,24,27,173,130
1686435311,0,1,0,0,0,5,7,11,16,173,128,20,19,24,26,173,128
1686435317,0,1,0,0,0,5,7,11,16,172,128,20,20,25,26,172,130
1686435323,0,1,0,0,0,5,6,10,16,172,128,20,20,24,26,172,128
1686435329,0,1,0,0,0,6,7,11,15,172,128,20,20,25,26,172,128
1686435335,0,1,0,0,0,5,6,10,16,171,126,20,19,25,26,172,128
1686435341,0,1,0,0,0,5,7,10,16,171,126,20,19,25,27,171,128
1686435347,0,1,0,0,0,5,7,11,15,171,126,20,20,24,26,171,126
1686435353,0,1,0,0,0,5,7,11,15,170,126,21,19,25,27,170,126
1686435359,0,1,0,0,0,5,6,11,16,170,124,20,19,25,26,170,124
1686435365,0,1,0,0,0,5,6,10,15,169,124,20,19,25,27,169,124
1686435371,0,1,0,0,0,5,7,11,16,168,124,20,19,24,26,169,124
1686435377,0,1,0,0,0,5,7,10,15,168,124,20,19,24,26,168,124
1686435383,0,1,0,0,0,5,6,11,16,167,122,20,19,24,26,167,122
1686435389,0,1,0,0,0,5,6,11,15,167,120,20,19,24,26,167,122
1686435395,0,1,0,0,0,5,6,10,15,166,120,20,19,24,26,166,120
1686435401,0,1,0,0,0,5,6,10,15,166,120,19,20,24,26,166,120
1686435407,0,1,0,0,0,5,6,10,15,165,120,20,20,24,25,164,120
1686435413,0,1,0,0,0,5,6,10,15,163,118,19,18,24,25,163,118
1686435419,0,1,0,0,0,5,6,10,15,162,118,19,18,23,25,162,118
1686435425,0,1,0,0,0,5,6,10,15,162,118,19,18,23,25,161,116
1686435431,0,1,0,0,0,5,6,10,15,159,116,19,18,23,25,160,116
1686435437,0,1,0,0,0,5,6,10,14,159,114,19,18,23,24,159,114
1686435443,0,1,0,0,0,5,6,10,14,157,114,19,18,23,24,157,112
1686435449,0,1,0,0,0,5,6,9,14,156,112,18,18,23,24,156,112
1686435455,0,1,0,0,0,5,5,9,14,155,110,18,17,22,24,154,112
1686435461,0,1,0,0,0,4,6,10,14,153,110,18,18,22,25,153,110
1686435467,0,1,0,0,0,5,5,9,14,152,108,18,17,23,24,151,108
1686435473,0,1,0,0,0,4,6,9,14,150,106,18,17,22,23,150,106
1686435479,0,1,0,0,0,4,5,9,14,149,106,18,17,22,23,148,106
1686435485,0,1,0,0,0,4,6,9,13,147,104,18,17,22,23,147,102
1686435491,0,1,0,0,0,4,5,9,13,145,104,17,17,21,23,145,102
1686435497,0,1,0,0,0,4,5,9,13,143,100,17,17,20,23,143,100
1686435503,0,1,0,0,0,4,5,9,13,141,100,17,16,21,23,141,100
1686435509,0,1,0,0,0,4,5,9,13,139,98,17,16,20,22,139,98
1686435515,0,1,0,0,0,4,5,8,13,137,96,17,15,20,22,136,96
1686435521,0,1,0,0,0,3,4,9,12,135,94,16,16,21,21,134,94
1686435527,0,1,0,0,0,4,5,8,12,132,94,16,15,19,21,133,94
1686435533,0,1,0,0,0,4,4,8,12,131,92,16,14,19,21,130,92
1686435539,0,1,0,0,0,4,4,8,12,129,90,15,14,18,20,129,92
1686435545,0,1,0,0,0,3,5,7,11,127,90,15,14,18,20,126,88
1686435551,0,1,0,0,0,3,4,7,11,124,88,15,14,17,19,124,88
1686435557,0,1,0,0,0,3,4,7,11,123,88,14,13,17,19,122,88
1686435563,0,1,0,0,0,3,4,6,11,121,86,14,13,17,19,121,86
1686435569,0,1,0,0,0,2,4,7,10,120,86,14,13,17,18,120,86
1686435575,0,1,0,0,0,3,4,7,11,119,86,13,12,17,18,118,86
1686435581,0,1,0,0,0,3,3,6,11,117,84,14,12,16,18,117,86
1686435587,0,1,0,0,0,3,3,6,10,116,84,13,13,16,17,116,84
1686435593,0,1,0,0,0,2,4,6,10,116,84,13,12,16,17,116,84
1686435599,0,1,0,0,0,3,3,6,10,115,84,13,12,16,18,115,84
1686435605,0,1,0,0,0,3,3,6,10,115,82,13,13,16,17,114,82
1686435611,0,1,0,0,0,3,4,6,10,113,82,12,12,16,17,113,82
1686435617,0,1,0,0,0,3,3,6,10,112,80,13,12,15,16,112,80
1686435623,0,1,0,0,0,3,3,6,9,111,80,13,11,15,16,111,80
1686435629,0,1,0,0,0,3,3,6,9,110,80,12,11,15,16,110,78
1686435635,0,1,0,0,0,2,3,6,9,108,78,12,10,14,15,108,78
1686435641,0,1,0,0,0,2,3,6,9,107,78,12,11,14,15,108,78
1686435647,0,1,0,0,0,2,4,6,9,107,78,12,11,14,15,106,78
1686435653,0,1,0,0,0,2,2,5,9,106,76,11,10,14,15,106,78
1686435659,0,1,0,0,0,2,3,6,8,106,76,11,10,14,15,106,76
1686435665,0,1,0,0,0,3,3,6,9,105,78,12,11,14,15,105,76
1686435671,0,1,0,0,0,2,3,6,9,105,76,11,11,14,16,105,76
1686435677,0,1,0,0,0,2,3,6,9,104,76,12,11,13,15,104,74
1686435683,0,1,0,0,0,2,3,5,9,103,74,11,10,14,15,103,74
1686435689,0,1,0,0,0,3,2,5,9,102,72,11,10,14,15,102,74
1686435695,0,1,0,0,0,2,3,5,9,102,72,11,10,13,15,101,72
1686435701,0,1,0,0,0,2,3,5,8,99,70,11,10,13,14,99,70
1686435707,0,1,0,0,0,2,2,5,7,97,68,11,10,13,14,97,68
1686435713,0,1,0,0,0,1,2,5,7,94,66,10,10,13,14,94,66
1686435719,0,1,0,0,0,2,2,5,7,93,64,10,9,12,13,93,64
1686435725,0,1,0,0,0,2,2,4,7,91,64,10,9,12,13,91,64
1686435731,0,1,0,0,0,2,1,4,7,89,62,10,9,12,13,89,62
1686435737,0,1,0,0,0,1,2,4,7,88,62,10,9,11,13,88,62
1686435743,0,1,0,0,0,2,1,4,6,87,60,9,9,11,13,86,60
1686435749,0,1,0,0,0,2,2,3,7,86,60,9,8,11,12,86,60
1686435755,0,1,0,0,0,2,1,4,7,84,58,9,8,10,11,84,58
1686435761,0,1,0,0,0,1,2,4,6,84,60,8,8,11,12,84,58
1686435767,0,1,0,0,0,1,1,4,6,83,60,8,8,11,11,83,58
1686435773,0,1,0,0,0,1,2,4,6,83,60,9,8,10,12,83,60
1686435779,0,1,0,0,0,1,1,4,6,83,58,9,8,10,11,83,60
1686435785,0,1,0,0,0,1,1,3,6,83,60,8,8,10,12,83,58
1686435791,0,1,0,0,0,1,2,3,6,83,58,8,8,10,11,83,60
1686435797,0,1,0,0,0,2,1,4,6,83,60,8,8,10,11,83,60
1686435803,0,1,0,0,0,2,2,4,6,83,58,8,9,10,11,83,60
1686435809,0,1,0,0,0,1,1,4,6,84,60,9,8,10,12,83,60
1686435815,0,1,0,0,0,2,1,4,6,84,60,9,8,10,11,84,60
1686435821,0,1,0,0,0,1,2,4,7,85,62,8,8,10,11,85,62
1686435827,0,1,0,0,0,1,2,3,6,86,62,9,8,10,12,85,62
1686435833,0,1,0,0,0,1,2,4,7,86,62,9,8,10,12,86,62
1686435839,0,1,0,0,0,2,2,4,7,87,64,9,8,11,12,87,64
1686435845,0,1,0,0,0,1,2,4,7,87,64,9,8,11,12,87,64
1686435851,0,1,0,0,0,1,1,4,7,88,64,9,8,12,12,88,64
1686435857,0,1,0,0,0,2,2,4,7,89,66,9,9,11,12,89,64
1686435863,0,1,0,0,0,2,2,4,7,91,66,9,8,11,12,90,66
1686435869,0,1,0,0,0,1,2,4,7,92,66,9,10,12,13,91,66
1686435875,0,1,0,0,0,1,2,4,7,92,68,9,8,12,13,93,68
1686435881,0,1,0,0,0,2,2,4,7,94,68,10,9,12,13,93,68
1686435887,0,1,0,0,0,2,2,5,7,94,68,10,9,12,13,94,68
1686435893,0,1,0,0,0,1,2,4,8,95,70,10,9,12,13,95,68
1686435899,0,1,0,0,0,2,2,5,8,95,70,10,9,12,14,96,70
1686435905,0,1,0,0,0,2,3,4,8,96,70,10,9,12,13,96,68
1686435911,0,1,0,0,0,2,2,5,8,96,70,10,10,12,14,96,70
1686435917,0,1,0,0,0,2,2,5,8,97,70,10,9,13,14,97,70
1686435923,0,1,0,0,0,2,2,5,7,97,70,10,10,12,13,97,70
1686435929,0,1,0,0,0,2,2,5,8,98,70,10,9,13,14,97,70
1686435935,0,1,0,0,0,2,2,4,8,98,70,10,10,13,14,97,70
1686435941,0,1,0,0,0,2,3,5,8,98,70,11,9,13,14,98,70
1686435947,0,1,0,0,0,2,3,5,8,98,70,11,10,13,14,99,70
1686435953,0,1,0,0,0,2,2,4,8,98,70,10,10,12,14,99,70
1686435959,0,1,0,0,0,1,3,5,8,99,70,10,10,13,14,99,70
1686435965,0,1,0,0,0,2,2,5,8,99,72,10,10,13,14,99,72
1686435971,0,1,0,0,0,2,2,5,8,100,72,11,10,13,14,100,72
1686435977,0,1,0,0,0,2,3,5,8,100,72,11,10,13,14,100,72
1686435983,0,1,0,0,0,2,3,5,8,101,74,11,10,14,14,101,72
1686435989,0,1,0,0,0,2,3,5,8,101,74,11,10,13,14,101,74
1686435995,0,1,0,0,0,2,3,5,8,102,74,10,10,13,15,103,74
1686436001,0,1,0,0,0,2,3,5,8,103,76,11,11,13,15,103,76
1686436007,0,1,0,0,0,2,4,5,8,104,76,11,10,14,15,104,76
1686436013,0,1,0,0,0,3,2,5,9,105,78,12,10,14,15,105,78
1686436019,0,1,0,0,0,2,2,5,8,106,78,12,11,13,15,106,78
1686436025,0,1,0,0,0,3,3,5,8,107,80,12,11,14,15,107,80
1686436031,0,1,0,0,0,3,3,5,8,108,80,12,11,14,15,108,80
1686436037,0,1,0,0,0,2,4,5,8,109,80,12,11,14,15,109,80
1686436043,0,1,0,0,0,2,3,5,9,110,82,12,11,14,16,110,80
1686436049,0,1,0,0,0,3,3,6,9,110,82,12,11,14,16,111,82
1686436055,0,1,0,0,0,3,3,6,9,112,82,12,11,15,16,111,82
1686436061,0,1,0,0,0,3,3,6,9,112,82,12,11,15,16,112,82
1686436067,0,1,0,0,0,3,4,6,9,113,84,12,12,15,16,113,84
1686436073,0,1,0,0,0,3,4,6,9,114,84,12,12,15,16,114,84
1686436079,0,1,0,0,0,3,3,6,10,115,84,13,12,16,17,115,86
1686436085,0,1,0,0,0,2,3,6,9,116,86,13,12,15,17,116,86
1686436091,0,1,0,0,0,2,4,6,10,117,88,13,12,16,17,118,86
1686436097,0,1,0,0,0,3,3,7,10,119,88,13,12,16,18,119,88
1686436103,0,1,0,0,0,3,4,6,10,120,90,14,12,16,18,120,88
1686436109,0,1,0,0,0,3,4,6,10,122,90,13,13,16,17,121,90
1686436115,0,1,0,0,0,3,3,6,10,123,92,14,13,16,18,123,92
1686436121,0,1,0,0,0,3,4,7,10,124,92,14,13,16,18,124,92
1686436127,0,1,0,0,0,3,4,7,11,125,92,14,13,16,18,125,92
1686436133,0,1,0,0,0,3,3,7,11,127,94,14,13,17,19,127,94
1686436139,0,1,0,0,0,3,5,7,11,128,96,15,13,17,18,129,96
1686436145,0,1,0,0,0,3,4,7,11,130,96,15,13,18,19,130,98
1686436151,0,1,0,0,0,3,4,7,11,131,100,14,14,18,19,132,98
1686436157,0,1,0,0,0,4,4,8,12,133,100,15,15,18,20,133,100
1686436163,0,1,0,0,0,3,5,7,11,135,100,15,14,18,20,134,100
1686436169,0,1,0,0,0,4,5,8,11,135,102,15,14,18,20,136,102
1686436175,0,1,0,0,0,3,5,8,12,137,102,16,15,19,20,136,102
1686436181,0,1,0,0,0,4,4,7,12,137,102,15,15,18,21,137,102
1686436187,0,1,0,0,0,4,5,8,12,138,102,16,15,19,20,138,102
1686436193,0,1,0,0,0,4,4,9,12,139,102,16,15,19,21,139,102
1686436199,0,1,0,0,0,4,5,8,12,139,102,16,15,19,21,139,102
1686436205,0,1,0,0,0,4,4,8,12,139,102,16,15,19,21,139,102
1686436211,0,1,0,0,0,4,5,8,12,139,102,16,15,19,21,139,102
1686436217,0,1,0,0,0,4,6,8,12,139,100,16,15,20,21,139,100
1686436223,0,1,0,0,0,4,4,8,13,138,100,16,15,20,21,139,100
1686436229,0,1,0,0,0,4,5,8,13,139,100,16,15,19,22,138,98
1686436235,0,1,0,0,0,4,5,8,12,138,100,16,15,20,21,137,98
1686436241,0,1,0,0,0,4,5,9,12,138,98,16,15,19,21,137,98
1686436247,0,1,0,0,0,3,4,8,12,137,96,16,15,20,22,137,96
1686436253,0,1,0,0,0,4,5,8,12,136,96,16,16,20,21,136,94
1686436259,0,1,0,0,0,4,5,8,12,135,94,16,15,20,21,134,94
1686436265,0,1,0,0,0,4,5,8,12,133,94,16,15,19,21,133,94
1686436271,0,1,0,0,0,4,5,8,12,132,92,15,15,20,21,132,92
1686436277,0,1,0,0,0,3,5,8,12,129,90,15,15,19,21,130,90
1686436283,0,1,0,0,0,3,4,8,12,128,88,16,14,19,20,128,88
1686436289,0,1,0,0,0,3,4,8,11,126,88,15,14,18,20,126,86
1686436295,0,1,0,0,0,3,5,7,11,124,86,15,14,18,20,124,86
1686436301,0,1,0,0,0,3,4,8,11,122,84,15,14,18,20,122,84
1686436307,0,1,0,0,0,3,4,7,11,120,82,14,13,18,19,120,82
1686436313,0,1,0,0,0,3,3,7,10,118,82,14,13,17,18,118,80
1686436319,0,1,0,0,0,3,3,6,11,116,80,13,13,17,18,115,80
1686436325,0,1,0,0,0,3,3,7,10,114,78,14,13,16,18,114,78
1686436331,0,1,0,0,0,2,3,6,10,112,78,13,12,16,17,112,78
1686436337,0,1,0,0,0,2,3,6,10,110,76,12,13,15,17,109,76
1686436343,0,1,0,0,0,2,3,6,9,108,74,13,11,15,16,108,74
1686436349,0,1,0,0,0,3,3,6,9,106,74,12,11,15,16,107,74
1686436355,0,1,0,0,0,2,3,5,9,105,74,12,11,15,16,105,74
1686436361,0,1,0,0,0,2,3,6,9,104,72,12,11,15,16,104,72
1686436367,0,1,0,0,0,2,3,5,9,102,72,11,11,14,16,102,72
1686436373,0,1,0,0,0,2,3,5,9,101,70,12,10,13,15,101,72
1686436379,0,1,0,0,0,2,3,6,9,101,70,11,10,14,15,101,70
1686436385,0,1,0,0,0,2,3,5,9,100,72,11,10,13,15,100,72
1686436391,0,1,0,0,0,2,3,5,8,100,70,11,10,13,14,100,72
1686436397,0,1,0,0,0,2,2,5,8,99,70,10,10,13,14,99,70
1686436403,0,1,0,0,0,2,2,5,8,99,72,11,10,13,14,99,72
1686436409,0,1,0,0,0,2,3,5,8,99,70,11,10,13,14,99,72
1686436415,0,1,0,0,0,2,3,5,8,99,72,10,10,13,14,99,72
1686436421,0,1,0,0,0,2,2,5,8,99,72,10,10,13,14,98,72
1686436427,0,1,0,0,0,2,2,5,8,99,72,10,9,13,14,99,72
1686436433,0,1,0,0,0,2,3,5,8,98,72,10,10,12,14,99,72
1686436439,0,1,0,0,0,2,2,5,8,99,72,11,10,12,15,99,72
1686436445,0,1,0,0,0,2,2,5,8,99,72,10,10,13,14,100,72
1686436451,0,1,0,0,0,2,2,5,8,100,72,11,10,12,14,100,74
1686436457,0,1,0,0,0,2,2,5,8,100,74,11,10,13,14,100,72
1686436463,0,1,0,0,0,2,3,5,8,101,74,11,10,13,14,101,74
1686436469,0,1,0,0,0,2,2,4,8,101,74,11,10,13,14,101,74
1686436475,0,1,0,0,0,2,2,5,8,101,74,11,10,13,14,102,74
1686436481,0,1,0,0,0,2,2,5,8,102,74,11,11,13,14,102,74
1686436487,0,1,0,0,0,2,3,5,8,102,74,11,10,13,15,102,76
1686436493,0,1,0,0,0,2,3,5,8,103,74,11,10,13,15,103,76
1686436499,0,1,0,0,0,2,2,5,8,103,74,11,10,13,15,102,76
1686436505,0,1,0,0,0,2,3,5,8,103,76,11,10,13,15,103,76
1686436511,0,1,0,0,0,2,3,5,8,103,76,11,10,13,14,103,76
1686436517,0,1,0,0,0,2,3,5,8,104,76,11,10,13,15,103,76
1686436523,0,1,0,0,0,2,2,5,8,104,78,11,10,14,15,104,76
1686436529,0,1,0,0,0,2,3,6,8,105,76,11,10,14,15,105,76
1686436535,0,1,0,0,0,3,3,5,8,106,78,12,11,13,15,105,78
1686436541,0,1,0,0,0,3,3,5,8,106,78,11,11,14,15,106,78
1686436547,0,1,0,0,0,2,3,5,9,106,78,11,11,14,15,106,78
1686436553,0,1,0,0,0,2,3,6,8,106,80,11,11,13,15,107,78
1686436559,0,1,0,0,0,2,3,6,8,107,78,12,11,14,15,107,80
1686436565,0,1,0,0,0,2,3,6,9,107,80,12,11,14,15,108,80
1686436571,0,1,0,0,0,2,3,5,9,109,80,12,11,14,15,109,80
1686436577,0,1,0,0,0,2,3,6,8,110,82,12,11,14,16,110,80
1686436583,0,1,0,0,0,3,3,5,9,111,82,12,11,14,16,110,82
1686436589,0,1,0,0,0,3,4,6,9,111,82,12,11,14,16,111,84
1686436595,0,1,0,0,0,3,3,6,9,112,82,12,11,14,16,112,84
1686436601,0,1,0,0,0,2,3,6,10,113,84,12,11,15,16,113,84
1686436607,0,1,0,0,0,3,3,6,9,113,84,12,12,15,16,113,84
1686436613,0,1,0,0,0,3,3,6,10,113,84,13,11,15,17,113,84
1686436619,0,1,0,0,0,3,3,6,9,112,82,12,12,15,16,113,84
1686436625,0,1,0,0,0,3,3,6,10,112,82,12,12,15,16,113,84
1686436631,0,1,0,0,0,3,3,6,9,112,82,12,11,15,16,112,82
1686436637,0,1,0,0,0,2,3,6,9,112,82,12,11,14,16,111,84
1686436643,0,1,0,0,0,2,3,5,9,112,84,12,11,14,16,112,84
1686436649,0,1,0,0,0,3,3,6,9,112,84,12,11,15,16,113,84
1686436655,0,1,0,0,0,3,3,6,9,113,84,13,11,15,16,113,84
1686436661,0,1,0,0,0,3,3,6,9,114,84,12,12,15,16,114,86
1686436667,0,1,0,0,0,3,3,6,9,115,84,13,12,15,17,115,84
1686436673,0,1,0,0,0,2,4,6,9,116,86,13,12,15,17,116,86
1686436679,0,1,0,0,0,2,3,6,10,117,86,12,12,15,17,117,86
1686436685,0,1,0,0,0,3,3,6,10,117,86,13,12,15,17,117,88
1686436691,0,1,0,0,0,3,3,7,10,118,88,13,12,16,17,118,88
1686436697,0,1,0,0,0,3,3,6,10,119,88,13,12,16,18,119,88
1686436703,0,1,0,0,0,3,3,6,10,119,88,13,12,16,17,119,88
1686436709,0,1,0,0,0,3,4,6,10,121,88,13,13,16,18,120,88
1686436715,0,1,0,0,0,3,4,7,10,121,88,14,13,16,18,121,88
1686436721,0,1,0,0,0,3,4,7,10,121,88,14,13,16,18,121,88
1686436727,0,1,0,0,0,3,4,7,10,120,88,13,13,16,18,121,88
1686436733,0,1,0,0,0,3,4,7,10,120,86,14,13,16,18,121,88
1686436739,0,1,0,0,0,3,4,7,10,120,86,14,13,16,18,119,86
1686436745,0,1,0,0,0,3,4,7,10,119,86,13,13,16,18,119,86
1686436751,0,1,0,0,0,3,4,7,10,118,86,13,12,16,17,118,84
1686436757,0,1,0,0,0,3,4,6,10,118,84,13,13,16,17,117,84
1686436763,0,1,0,0,0,3,3,7,10,117,84,13,12,16,17,117,84
1686436769,0,1,0,0,0,3,3,6,10,116,82,13,12,16,17,116,82
1686436775,0,1,0,0,0,3,3,6,10,115,82,13,12,16,17,115,82
1686436781,0,1,0,0,0,3,4,6,10,114,82,13,12,16,17,115,80
1686436787,0,1,0,0,0,3,3,6,10,114,80,13,12,15,17,113,80
1686436793,0,1,0,0,0,2,3,6,9,113,80,12,12,15,16,113,82
1686436799,0,1,0,0,0,2,3,6,9,112,80,13,12,16,17,113,80
1686436805,0,1,0,0,0,3,3,6,10,113,80,13,12,15,17,113,80
1686436811,0,1,0,0,0,3,3,6,9,113,81,12,12,16,16,113,80
1686436817,0,1,0,0,0,3,3,6,9,113,82,13,12,15,17,113,82
1686436823,0,1,0,0,0,3,3,6,9,114,82,13,12,15,16,113,82
1686436829,0,1,0,0,0,3,3,6,9,114,84,13,12,15,16,115,84
1686436835,0,1,0,0,0,3,3,6,10,115,86,13,12,15,17,115,84
1686436841,0,1,0,0,0,3,3,6,10,116,84,13,12,15,17,116,86
1686436847,0,1,0,0,0,3,3,6,9,117,86,13,12,15,17,118,86
1686436853,0,1,0,0,0,3,3,6,10,119,88,13,12,16,17,119,86
1686436859,0,1,0,0,0,3,3,6,10,120,88,13,12,15,18,119,86
1686436865,0,1,0,0,0,3,4,7,10,121,88,14,13,16,17,121,88
1686436871,0,1,0,0,0,3,4,6,10,122,88,13,13,16,18,121,88
1686436877,0,1,0,0,0,3,4,7,10,122,88,14,13,16,18,122,88
1686436883,0,1,0,0,0,2,4,7,10,123,88,14,13,17,18,122,88
1686436889,0,1,0,0,0,3,4,7,10,123,88,14,13,17,18,123,88
1686436895,0,1,0,0,0,3,4,7,11,123,90,14,13,17,19,123,88
1686436901,0,1,0,0,0,3,4,6,11,123,88,14,13,17,18,123,90
1686436907,0,1,0,0,0,3,4,6,11,122,88,14,13,17,18,122,88
1686436913,0,1,0,0,0,3,4,7,11,123,88,14,13,17,18,123,88
1686436919,0,1,0,0,0,3,3,7,11,123,90,14,13,16,18,123,90
1686436925,0,1,0,0,0,3,4,7,11,124,90,14,13,17,18,124,90
1686436931,0,1,0,0,0,3,4,8,10,125,90,14,14,17,18,125,90
1686436937,0,1,0,0,0,3,4,6,11,126,92,14,13,17,19,126,92
1686436943,0,1,0,0,0,3,4,7,11,127,92,14,15,18,18,126,92
1686436949,0,1,0,0,0,4,4,7,11,128,94,14,13,17,19,128,94
1686436955,0,1,0,0,0,3,4,7,11,129,96,14,14,18,19,130,96
1686436961,0,1,0,0,0,3,4,7,11,131,96,15,15,18,19,131,96
1686436967,0,1,0,0,0,3,4,7,12,132,98,15,14,18,19,132,98
1686436973,0,1,0,0,0,3,4,8,12,134,98,15,14,18,19,134,98
1686436979,0,1,0,0,0,4,4,8,12,135,98,15,15,18,20,135,100
1686436985,0,1,0,0,0,3,4,8,12,135,100,15,14,19,20,135,98
1686436991,0,1,0,0,0,4,5,8,12,135,100,15,15,19,20,135,100
1686436997,0,1,0,0,0,3,4,8,12,135,98,16,15,19,20,135,98
1686437003,0,1,0,0,0,4,5,8,12,135,98,15,15,19,20,134,98
1686437009,0,1,0,0,0,3,4,8,12,135,98,16,15,19,20,134,98
1686437015,0,1,0,0,0,3,5,8,12,134,96,15,15,19,20,134,98
1686437021,0,1,0,0,0,4,4,8,11,134,98,15,14,19,20,134,98
1686437027,0,1,0,0,0,4,4,8,11,135,98,15,14,18,20,134,98
1686437033,0,1,0,0,0,4,4,8,12,135,98,15,15,19,20,134,98
1686437039,0,1,0,0,0,3,4,8,12,136,98,15,15,19,21,135,98
1686437045,0,1,0,0,0,3,5,8,12,136,100,16,15,19,21,137,100
1686437051,0,1,0,0,0,4,5,8,12,137,100,16,15,19,21,137,100
1686437057,0,1,0,0,0,3,5,8,12,138,102,16,15,19,21,138,100
1686437063,0,1,0,0,0,4,5,8,12,139,102,16,15,20,21,139,102
1686437069,0,1,0,0,0,4,4,8,13,140,102,17,16,20,21,140,102
1686437075,0,1,0,0,0,4,5,8,12,141,104,16,15,20,21,141,104
1686437081,0,1,0,0,0,4,5,8,13,142,104,16,16,20,21,142,104
1686437087,0,1,0,0,0,4,5,8,12,143,104,17,16,20,22,143,104
1686437093,0,1,0,0,0,4,5,9,13,144,106,17,16,20,22,143,106
1686437099,0,1,0,0,0,4,5,8,13,144,106,17,16,20,23,144,106
1686437105,0,1,0,0,0,4,5,9,13,144,106,17,16,21,22,145,106
1686437111,0,1,0,0,0,4,5,9,13,146,106,17,16,21,23,146,106
1686437117,0,1,0,0,0,4,5,9,13,146,106,17,16,21,23,146,106
1686437123,0,1,0,0,0,4,5,9,13,146,106,17,16,20,22,147,106
1686437129,0,1,0,0,0,4,5,9,13,147,106,17,16,21,23,147,106
1686437135,0,1,0,0,0,4,5,9,14,147,108,18,17,21,22,147,108
1686437141,0,1,0,0,0,4,5,9,13,147,108,18,17,21,23,148,108
1686437147,0,1,0,0,0,4,6,9,14,148,108,17,17,21,23,148,108
1686437153,0,1,0,0,0,5,5,9,14,149,108,17,17,21,23,149,108
1686437159,0,1,0,0,0,4,5,9,14,149,110,18,16,21,23,149,108
1686437165,0,1,0,0,0,4,6,9,14,150,110,17,17,21,23,150,110
1686437171,0,1,0,0,0,4,6,9,14,150,110,18,17,21,23,150,110
1686437177,0,1,0,0,0,4,6,9,14,151,110,17,16,21,23,150,110
1686437183,0,1,0,0,0,4,6,9,13,150,110,18,17,22,23,150,112
1686437189,0,1,0,0,0,5,6,9,14,151,110,18,17,21,24,151,112
1686437195,0,1,0,0,0,4,5,9,13,151,110,18,17,21,23,150,110
1686437201,0,1,0,0,0,4,6,9,14,151,110,18,17,21,23,151,110
1686437207,0,1,0,0,0,5,6,9,13,151,110,18,17,21,23,151,112
1686437213,0,1,0,0,0,4,5,10,14,151,112,17,17,21,23,150,110
1686437219,0,1,0,0,0,4,6,9,14,151,112,17,17,21,24,151,110
1686437225,0,1,0,0,0,4,6,9,14,151,110,18,17,22,23,151,112
1686437231,0,1,0,0,0,4,5,9,14,151,110,17,17,21,23,151,110
1686437237,0,1,0,0,0,4,5,9,14,150,110,17,18,21,23,150,110
1686437243,0,1,0,0,0,5,6,9,13,151,112,18,17,21,23,150,110
1686437249,0,1,0,0,0,4,6,9,14,150,110,18,17,21,23,151,110
1686437255,0,1,0,0,0,4,6,9,14,151,112,17,17,22,23,151,110
1686437261,0,1,0,0,0,4,5,9,13,150,112,17,17,21,23,151,110
1686437267,0,1,0,0,0,4,6,9,14,151,112,17,17,21,23,151,110
1686437273,0,1,0,0,0,5,5,9,13,150,112,17,17,21,23,151,110
1686437279,0,1,0,0,0,5,6,9,14,151,112,18,17,21,23,151,112
1686437285,0,1,0,0,0,5,5,9,13,151,112,17,17,21,23,152,112
1686437291,0,1,0,0,0,5,5,9,13,152,112,18,17,22,23,152,112
1686437297,0,1,0,0,0,4,6,10,14,152,110,18,17,21,23,152,112
1686437303,0,1,0,0,0,4,5,9,14,152,112,18,17,22,23,153,112
1686437309,0,1,0,0,0,5,6,9,14,153,112,18,17,22,24,153,112
1686437315,0,1,0,0,0,4,6,9,14,152,112,18,17,21,24,152,110
1686437321,0,1,0,0,0,5,5,10,14,151,110,18,17,22,24,152,110
1686437327,0,1,0,0,0,5,6,9,14,151,108,18,17,22,24,151,110
1686437333,0,1,0,0,0,4,5,9,13,151,108,18,17,21,24,151,108
1686437339,0,1,0,0,0,4,6,10,13,149,108,18,17,21,23,149,106
1686437345,0,1,0,0,0,4,5,10,14,148,106,18,17,21,24,149,106
1686437351,0,1,0,0,0,4,5,10,14,148,106,17,17,21,23,148,106
1686437357,0,1,0,0,0,4,6,9,13,147,106,17,17,23,23,147,106
1686437363,0,1,0,0,0,4,5,9,14,147,104,18,17,21,23,146,104
1686437369,0,1,0,0,0,4,5,9,14,145,104,17,16,21,23,145,102
1686437375,0,1,0,0,0,4,5,9,13,144,102,17,17,21,23,143,102
1686437381,0,1,0,0,0,4,6,9,13,142,102,17,16,21,23,143,102
1686437387,0,1,0,0,0,4,5,8,13,142,100,17,16,21,22,141,100
1686437393,0,1,0,0,0,4,5,9,13,140,98,17,16,21,23,140,98
1686437399,0,1,0,0,0,4,5,9,12,139,98,16,16,20,22,139,98
1686437405,0,1,0,0,0,4,5,8,13,138,96,17,15,20,22,138,96
1686437411,0,1,0,0,0,4,4,9,12,137,96,17,15,20,22,136,96
1686437417,0,1,0,0,0,4,5,8,13,135,96,16,15,20,21,135,96
1686437423,0,1,0,0,0,4,4,8,12,134,94,16,15,20,21,134,92
1686437429,0,1,0,0,0,4,5,9,12,132,92,16,15,19,21,133,92
1686437435,0,1,0,0,0,4,5,8,12,132,92,16,15,19,21,131,92
1686437441,0,1,0,0,0,3,5,8,12,131,92,16,15,19,20,130,90
1686437447,0,1,0,0,0,4,4,8,12,130,90,15,15,19,20,130,90
1686437453,0,1,0,0,0,3,5,8,12,129,90,16,15,19,20,130,90
1686437459,0,1,0,0,0,3,4,8,12,129,90,16,14,19,20,129,90
1686437465,0,1,0,0,0,3,4,8,11,128,90,16,15,19,20,128,90
1686437471,0,1,0,0,0,3,4,8,11,127,88,15,14,18,20,127,88
1686437477,0,1,0,0,0,4,4,8,11,127,88,15,14,18,19,127,88
1686437483,0,1,0,0,0,3,4,7,11,125,88,15,14,18,19,125,88
1686437489,0,1,0,0,0,3,4,7,11,125,88,15,14,18,20,124,88
1686437495,0,1,0,0,0,3,4,7,12,124,88,15,13,18,19,124,88
1686437501,0,1,0,0,0,3,4,7,11,124,88,15,14,18,19,124,88
1686437507,0,1,0,0,0,3,4,7,11,123,88,14,13,18,19,124,88
1686437513,0,1,0,0,0,3,4,7,11,124,88,14,13,17,19,123,88
1686437519,0,1,0,0,0,3,4,7,11,123,88,14,13,17,19,123,88
1686437525,0,1,0,0,0,3,4,7,11,123,88,14,13,17,19,123,90
1686437531,0,1,0,0,0,3,5,7,10,123,90,14,14,17,19,123,90
1686437537,0,1,0,0,0,3,4,7,10,123,90,14,13,17,19,124,90
1686437543,0,1,0,0,0,3,5,7,11,123,90,14,13,17,19,124,90
1686437549,0,1,0,0,0,3,5,6,11,124,90,14,13,17,18,124,90
1686437555,0,1,0,0,0,3,4,7,11,124,90,14,14,17,19,124,90
1686437561,0,1,0,0,0,3,4,7,10,125,90,14,13,17,19,124,90
1686437567,0,1,0,0,0,3,4,7,11,124,90,14,13,17,19,124,90
1686437573,0,1,0,0,0,3,4,7,11,124,90,14,13,16,18,124,90
1686437579,0,1,0,0,0,3,4,7,10,124,90,14,13,17,18,123,90
1686437585,0,1,0,0,0,3,4,7,11,123,88,14,13,17,19,123,90
1686437591,0,1,0,0,0,3,4,7,11,123,88,14,13,17,18,123,88
1686437597,0,1,0,0,0,3,4,7,10,123,88,14,13,18,18,123,88
1686437603,0,1,0,0,0,3,3,7,11,122,88,14,13,17,19,122,88
1686437609,0,1,0,0,0,3,4,7,11,122,86,14,13,17,18,122,88
1686437615,0,1,0,0,0,3,3,7,10,121,86,14,13,17,19,122,88
1686437621,0,1,0,0,0,3,4,7,10,121,88,14,13,17,18,121,86
1686437627,0,1,0,0,0,3,4,7,11,121,88,14,13,17,18,121,86
1686437633,0,1,0,0,0,3,3,7,11,121,86,14,13,17,18,120,86
1686437639,0,1,0,0,0,3,3,7,11,120,86,14,13,16,18,120,86
1686437645,0,1,0,0,0,3,3,6,10,120,86,14,13,17,18,120,86
1686437651,0,1,0,0,0,3,5,7,11,120,86,14,13,16,18,120,86
1686437657,0,1,0,0,0,2,3,7,10,120,86,13,13,16,18,120,86
1686437663,0,1,0,0,0,3,3,6,10,120,88,14,13,16,18,120,86
1686437669,0,1,0,0,0,3,4,7,10,121,88,13,13,16,18,120,88
1686437675,0,1,0,0,0,3,4,7,10,121,88,13,13,17,18,121,88
1686437681,0,1,0,0,0,4,4,6,11,122,90,14,13,17,18,122,90
1686437687,0,1,0,0,0,3,4,7,11,123,90,14,13,17,18,123,90
1686437693,0,1,0,0,0,3,4,7,11,124,90,14,13,17,18,124,90
1686437699,0,1,0,0,0,3,4,7,11,125,92,14,13,17,18,125,92
1686437705,0,1,0,0,0,3,4,8,11,126,94,14,13,17,19,126,92
1686437711,0,1,0,0,0,3,4,7,11,127,94,14,13,18,19,127,94
1686437717,0,1,0,0,0,3,4,7,11,128,94,15,13,17,19,129,94
1686437723,0,1,0,0,0,3,5,7,11,130,94,15,14,17,19,130,94
1686437729,0,1,0,0,0,4,4,8,11,130,96,15,14,18,19,130,96
1686437735,0,1,0,0,0,3,5,8,11,131,96,15,14,18,19,131,98
1686437741,0,1,0,0,0,3,4,7,11,132,96,15,14,19,20,132,98
1686437747,0,1,0,0,0,3,4,7,11,133,98,15,15,18,20,133,98
1686437753,0,1,0,0,0,3,4,7,11,133,98,15,14,18,20,134,98
1686437759,0,1,0,0,0,3,4,8,12,134,98,15,15,18,20,134,98
1686437765,0,1,0,0,0,3,5,8,12,135,100,15,14,19,21,135,98
1686437771,0,1,0,0,0,3,4,8,12,135,98,15,15,19,20,135,100
1686437777,0,1,0,0,0,3,4,8,12,135,100,15,14,20,20,135,98
1686437783,0,1,0,0,0,4,4,8,12,136,98,16,15,19,20,136,100
1686437789,0,1,0,0,0,3,4,9,12,136,100,15,15,19,21,136,100
1686437795,0,1,0,0,0,4,4,8,12,137,100,15,15,19,21,136,100
1686437801,0,1,0,0,0,4,5,8,12,138,100,16,14,20,20,138,100
1686437807,0,1,0,0,0,4,5,7,11,138,102,16,15,19,21,138,100
1686437813,0,1,0,0,0,4,5,8,12,139,102,16,15,19,21,139,102
1686437819,0,1,0,0,0,4,5,8,12,139,102,16,15,19,21,139,102
1686437825,0,1,0,0,0,4,5,8,13,140,104,16,15,20,21,140,104
1686437831,0,1,0,0,0,4,5,8,12,141,104,16,15,19,21,141,104
1686437837,0,1,0,0,0,4,5,8,12,142,104,16,16,20,22,142,106
1686437843,0,1,0,0,0,4,5,8,13,143,106,16,16,20,22,143,106
1686437849,0,1,0,0,0,4,5,8,13,144,106,17,15,20,22,144,108
1686437855,0,1,0,0,0,4,5,8,13,145,108,17,16,20,21,145,108
1686437861,0,1,0,0,0,4,5,8,13,146,110,17,16,20,22,146,110
1686437867,0,1,0,0,0,4,5,9,13,147,112,17,16,20,22,147,110
1686437873,0,1,0,0,0,4,5,8,13,148,112,17,16,21,23,149,112
1686437879,0,1,0,0,0,4,6,9,13,150,114,17,16,21,23,150,112
1686437885,0,1,0,0,0,4,5,9,13,151,114,17,16,21,23,152,114
1686437891,0,1,0,0,0,4,6,9,13,153,114,18,17,21,23,153,114
1686437897,0,1,0,0,0,5,6,10,13,154,116,18,17,22,24,154,116
1686437903,0,1,0,0,0,4,6,9,14,155,116,18,18,22,23,156,116
1686437909,0,1,0,0,0,4,6,9,14,157,116,18,17,22,24,157,118
1686437915,0,1,0,0,0,5,6,10,14,158,118,18,18,22,24,159,118
1686437921,0,1,0,0,0,4,6,10,14,160,120,19,18,23,24,160,120
1686437927,0,1,0,0,0,5,6,10,14,161,122,19,18,23,24,162,122
1686437933,0,1,0,0,0,4,6,10,15,163,122,19,18,23,25,163,124
1686437939,0,1,0,0,0,5,6,10,15,165,124,19,18,23,24,165,126
1686437945,0,1,0,0,0,5,6,10,15,167,126,19,19,23,25,167,126
1686437951,0,1,0,0,0,5,6,10,15,169,128,20,19,23,26,170,130
1686437957,0,1,0,0,0,5,6,10,15,172,132,20,19,24,26,172,132
1686437963,0,1,0,0,0,6,6,11,16,174,132,21,19,25,26,174,132
1686437969,0,1,0,0,0,5,7,11,16,177,134,21,20,25,27,176,134
1686437975,0,1,0,0,0,5,7,11,16,178,136,21,20,26,27,178,136
1686437981,0,1,0,0,0,5,7,11,16,180,136,21,20,26,28,180,136
1686437987,0,1,0,0,0,6,7,11,17,182,138,21,21,26,28,182,138
1686437993,0,1,0,0,0,6,7,11,17,184,140,21,21,26,28,184,140
1686437999,0,1,0,0,0,6,7,11,17,185,142,22,22,26,29,186,142
