Timestamp,Amber,White,On,Override,Intensity,AS00,AS01,AS02,AS03,AS04,AS05,AS06,AS07,AS08,AS09,AS10,AS11
1686380405,0,1,0,0,0,0,0,0,0,0,0,0,0,0,0,0,0
1686380411,0,1,0,0,0,0,0,0,0,0,0,0,0,0,0,0,0
1686380417,0,1,0,0,0,0,0,0,0,0,0,0,0,0,0,0,0
1686380423,0,1,0,0,0,0,0,0,0,0,0,0,0,0,0,0,0
1686380429,0,1,0,0,0,0,0,0,0,0,0,0,0,0,0,0,0
1686380435,0,1,0,0,0,0,0,0,0,0,0,0,0,0,0,0,0
1686380441,0,1,0,0,0,0,0,0,0,0,0,0,0,0,0,0,0
1686380447,0,1,0,0,0,0,0,0,0,0,0,0,0,0,0,0,0
1686380453,0,1,0,0,0,0,0,0,0,0,0,0,0,0,0,0,0
1686380459,0,1,0,0,0,0,0,0,0,0,0,0,0,0,0,0,0
1686380465,0,1,0,0,0,0,0,0,0,0,0,0,0,0,0,0,0
1686380471,0,1,0,0,0,0,0,0,0,0,0,0,0,0,0,0,0
1686380477,0,1,0,0,0,0,0,0,0,0,0,0,0,0,0,0,0
1686380483,0,1,0,0,0,0,0,0,0,0,0,0,0,0,0,0,0
1686380489,0,1,0,0,0,0,0,0,0,0,0,0,0,0,0,0,0
1686380495,0,1,0,0,0,0,0,0,0,0,0,0,0,0,0,0,0
1686380501,0,1,0,0,0,0,0,0,0,0,0,0,0,0,0,0,0
1686380507,0,1,0,0,0,0,0,0,0,0,0,0,0,0,0,0,0
1686380513,0,1,0,0,0,0,0,0,0,0,0,0,0,0,0,0,0
1686380519,0,1,0,0,0,0,0,0,0,0,0,0,0,0,0,0,0
1686380525,0,1,0,0,0,0,0,0,0,0,0,0,0,0,0,0,0
1686380531,0,1,0,0,0,0,0,0,0,0,0,0,0,0,0,0,0
1686380537,0,1,0,0,0,0,0,0,0,0,0,0,0,0,0,0,0
1686380543,0,1,0,0,0,0,0,0,0,0,0,0,0,0,0,0,0
1686380549,0,1,0,0,0,0,0,0,0,0,0,0,0,0,0,0,0
1686380555,0,1,0,0,0,0,0,0,0,0,0,0,0,0,0,0,0
1686380561,0,1,0,0,0,0,0,0,0,0,0,0,0,0,0,0,0
1686380567,0,1,0,0,0,0,0,0,0,0,0,0,0,0,0,0,0
1686380573,0,1,0,0,0,0,0,0,0,0,0,0,0,0,0,0,0
1686380579,0,1,0,0,0,0,0,0,0,0,0,0,0,0,0,0,0
1686380585,0,1,0,0,0,0,0,0,0,0,0,0,0,0,0,0,0
1686380591,0,1,0,0,0,0,0,0,0,0,0,0,0,0,0,0,0
1686380597,0,1,0,0,0,0,0,0,0,0,0,0,0,0,0,0,0
1686380603,0,1,0,0,0,0,0,0,0,0,0,0,0,0,0,0,0
1686380609,0,1,0,0,0,0,0,0,0,0,0,0,0,0,0,0,0
1686380615,0,1,0,0,0,0,0,0,0,0,0,0,0,0,0,0,0
1686380621,0,1,0,0,0,0,0,0,0,0,0,0,0,0,0,0,0
1686380627,0,1,0,0,0,0,0,0,0,0,0,0,0,0,0,0,0
1686380633,0,1,0,0,0,0,0,0,0,0,0,0,0,0,0,0,0
1686380639,0,1,0,0,0,0,0,0,0,0,0,0,0,0,0,0,0
1686380645,0,1,0,0,0,0,0,0,0,0,0,0,0,0,0,0,0
1686380651,0,1,0,0,0,0,0,0,0,0,0,0,0,0,0,0,0
1686380657,0,1,0,0,0,0,0,0,0,0,0,0,0,0,0,0,0
1686380663,0,1,0,0,0,0,0,0,0,0,0,0,0,0,0,0,0
1686380669,0,1,0,0,0,0,0,0,0,0,0,0,0,0,0,0,0
1686380675,0,1,0,0,0,0,0,0,0,0,0,0,0,0,0,0,0
1686380681,0,1,0,0,0,0,0,0,0,0,0,0,0,0,0,0,0
1686380687,0,1,0,0,0,0,0,0,0,0,0,0,0,0,0,0,0
1686380693,0,1,0,0,0,0,0,0,0,0,0,0,0,0,0,0,0
1686380699,0,1,0,0,0,0,0,0,0,0,0,0,0,0,0,0,0
1686380705,0,1,0,0,0,0,0,0,0,0,0,0,0,0,0,0,0
1686380711,0,1,0,0,0,0,0,0,0,0,0,0,0,0,0,0,0
1686380717,0,1,0,0,0,0,0,0,0,0,0,0,0,0,0,0,0
1686380723,0,1,0,0,0,0,0,0,0,0,0,0,0,0,0,0,0
1686380729,0,1,0,0,0,0,0,0,0,0,0,0,0,0,0,0,0
1686380735,0,1,0,0,0,0,0,0,0,0,0,0,0,0,0,0,0
1686380741,0,1,0,0,0,0,0,0,0,0,0,0,0,0,0,0,0
1686380747,0,1,0,0,0,0,0,0,0,0,0,0,0,0,0,0,0
1686380753,0,1,0,0,0,0,0,0,0,0,0,0,0,0,0,0,0
1686380759,0,1,0,0,0,0,0,0,0,0,0,0,0,0,0,0,0
1686380765,0,1,0,0,0,0,0,0,0,0,0,0,0,0,0,0,0
1686380771,0,1,0,0,0,0,0,0,0,0,0,0,0,0,0,0,0
1686380777,0,1,0,0,0,0,0,0,0,0,0,0,0,0,0,0,0
1686380783,0,1,0,0,0,0,0,0,0,0,0,0,0,0,0,0,0
1686380789,0,1,0,0,0,0,0,0,0,0,0,0,0,0,0,0,0
1686380795,0,1,0,0,0,0,0,0,0,0,0,0,0,0,0,0,0
1686380801,0,1,0,0,0,0,0,0,0,0,0,0,0,0,0,0,0
1686380807,0,1,0,0,0,0,0,0,0,0,0,0,0,0,0,0,0
1686380813,0,1,0,0,0,0,0,0,0,0,0,0,0,0,0,0,0
1686380819,0,1,0,0,0,0,0,0,0,0,0,0,0,0,0,0,0
1686380825,0,1,0,0,0,0,0,0,0,0,0,0,0,0,0,0,0
1686380831,0,1,0,0,0,0,0,0,0,0,0,0,0,0,0,0,0
1686380837,0,1,0,0,0,0,0,0,0,0,0,0,0,0,0,0,0
1686380843,0,1,0,0,0,0,0,0,0,0,0,0,0,0,0,0,0
1686380849,0,1,0,0,0,0,0,0,0,0,0,0,0,0,0,0,0
1686380855,0,1,0,0,0,0,0,0,0,0,0,0,0,0,0,0,0
1686380861,0,1,0,0,0,0,0,0,0,0,0,0,0,0,0,0,0
1686380867,0,1,0,0,0,0,0,0,0,0,0,0,0,0,0,0,0
1686380873,0,1,0,0,0,0,0,0,0,0,0,0,0,0,0,0,0
1686380879,0,1,0,0,0,0,0,0,0,0,0,0,0,0,0,0,0
1686380885,0,1,0,0,0,0,0,0,0,0,0,0,0,0,0,0,0
1686380891,0,1,0,0,0,0,0,0,0,0,0,0,0,0,0,0,0
1686380897,0,1,0,0,0,0,0,0,0,0,0,0,0,0,0,0,0
1686380903,0,1,0,0,0,0,0,0,0,0,0,0,0,0,0,0,0
1686380909,0,1,0,0,0,0,0,0,0,0,0,0,0,0,0,0,0
1686380915,0,1,0,0,0,0,0,0,0,0,0,0,0,0,0,0,0
1686380921,0,1,0,0,0,0,0,0,0,0,0,0,0,0,0,0,0
1686380927,0,1,0,0,0,0,0,0,0,0,0,0,0,0,0,0,0
1686380933,0,1,0,0,0,0,0,0,0,0,0,0,0,0,0,0,0
1686380939,0,1,0,0,0,0,0,0,0,0,0,0,0,0,0,0,0
1686380945,0,1,0,0,0,0,0,0,0,0,0,0,0,0,0,0,0
1686380951,0,1,0,0,0,0,0,0,0,0,0,0,0,0,0,0,0
1686380957,0,1,0,0,0,0,0,0,0,0,0,0,0,0,0,0,0
1686380963,0,1,0,0,0,0,0,0,0,0,0,0,0,0,0,0,0
1686380969,0,1,0,0,0,0,0,0,0,0,0,0,0,0,0,0,0
1686380975,0,1,0,0,0,0,0,0,0,0,0,0,0,0,0,0,0
1686380981,0,1,0,0,0,0,0,0,0,0,0,0,0,0,0,0,0
1686380987,0,1,0,0,0,0,0,0,0,0,0,0,0,0,0,0,0
1686380993,0,1,0,0,0,0,0,0,0,0,0,0,0,0,0,0,0
1686380999,0,1,0,0,0,0,0,0,0,0,0,0,0,0,0,0,0
1686381005,0,1,0,0,0,0,0,0,0,0,0,0,0,0,0,0,0
1686381011,0,1,0,0,0,0,0,0,0,0,0,0,0,0,0,0,0
1686381017,0,1,0,0,0,0,0,0,0,0,0,0,0,0,0,0,0
1686381023,0,1,0,0,0,0,0,0,0,0,0,0,0,0,0,0,0
1686381029,0,1,0,0,0,0,0,0,0,0,0,0,0,0,0,0,0
1686381035,0,1,0,0,0,0,0,0,0,0,0,0,0,0,0,0,0
1686381041,0,1,0,0,0,0,0,0,0,0,0,0,0,0,0,0,0
1686381047,0,1,0,0,0,0,0,0,0,0,0,0,0,0,0,0,0
1686381053,0,1,0,0,0,0,0,0,0,0,0,0,0,0,0,0,0
1686381059,0,1,0,0,0,0,0,0,0,0,0,0,0,0,0,0,0
1686381065,0,1,0,0,0,0,0,0,0,0,0,0,0,0,0,0,0
1686381071,0,1,0,0,0,0,0,0,0,0,0,0,0,0,0,0,0
1686381077,0,1,0,0,0,0,0,0,0,0,0,0,0,0,0,0,0
1686381083,0,1,0,0,0,0,0,0,0,0,0,0,0,0,0,0,0
1686381089,0,1,0,0,0,0,0,0,0,0,0,0,0,0,0,0,0
1686381095,0,1,0,0,0,0,0,0,0,0,0,0,0,0,0,0,0
1686381101,0,1,0,0,0,0,0,0,0,0,0,0,0,0,0,0,0
1686381107,0,1,0,0,0,0,0,0,0,0,0,0,0,0,0,0,0
1686381113,0,1,0,0,0,0,0,0,0,0,0,0,0,0,0,0,0
1686381119,0,1,0,0,0,0,0,0,0,0,0,0,0,0,0,0,0
1686381125,0,1,0,0,0,0,0,0,0,0,0,0,0,0,0,0,0
1686381131,0,1,0,0,0,0,0,0,0,0,0,0,0,0,0,0,0
1686381137,0,1,0,0,0,0,0,0,0,0,0,0,0,0,0,0,0
1686381143,0,1,0,0,0,0,0,0,0,0,0,0,0,0,0,0,0
1686381149,0,1,0,0,0,0,0,0,0,0,0,0,0,0,0,0,0
1686381155,0,1,0,0,0,0,0,0,0,0,0,0,0,0,0,0,0
1686381161,0,1,0,0,0,0,0,0,0,0,0,0,0,0,0,0,0
1686381167,0,1,0,0,0,0,0,0,0,0,0,0,0,0,0,0,0
1686381173,0,1,0,0,0,0,0,0,0,0,0,0,0,0,0,0,0
1686381179,0,1,0,0,0,0,0,0,0,0,0,0,0,0,0,0,0
1686381185,0,1,0,0,0,0,0,0,0,0,0,0,0,0,0,0,0
1686381191,0,1,0,0,0,0,0,0,0,0,0,0,0,0,0,0,0
1686381197,0,1,0,0,0,0,0,0,0,0,0,0,0,0,0,0,0
1686381203,0,1,0,0,0,0,0,0,0,0,0,0,0,0,0,0,0
1686381209,0,1,0,0,0,0,0,0,0,0,0,0,0,0,0,0,0
1686381215,0,1,0,0,0,0,0,0,0,0,0,0,0,0,0,0,0
1686381221,0,1,0,0,0,0,0,0,0,0,0,0,0,0,0,0,0
1686381227,0,1,0,0,0,0,0,0,0,0,0,0,0,0,0,0,0
1686381233,0,1,0,0,0,0,0,0,0,0,0,0,0,0,0,0,0
1686381239,0,1,0,0,0,0,0,0,0,0,0,0,0,0,0,0,0
1686381245,0,1,0,0,0,0,0,0,0,0,0,0,0,0,0,0,0
1686381251,0,1,0,0,0,0,0,0,0,0,0,0,0,0,0,0,0
1686381257,0,1,0,0,0,0,0,0,0,0,0,0,0,0,0,0,0
1686381263,0,1,0,0,0,0,0,0,0,0,0,0,0,0,0,0,0
1686381269,0,1,0,0,0,0,0,0,0,0,0,0,0,0,0,0,0
1686381275,0,1,0,0,0,0,0,0,0,0,0,0,0,0,0,0,0
1686381281,0,1,0,0,0,0,0,0,0,0,0,0,0,0,0,0,0
1686381287,0,1,0,0,0,0,0,0,0,0,0,0,0,0,0,0,0
1686381293,0,1,0,0,0,0,0,0,0,0,0,0,0,0,0,0,0
1686381299,0,1,0,0,0,0,0,0,0,0,0,0,0,0,0,0,0
1686381305,0,1,0,0,0,0,0,0,0,0,0,0,0,0,0,0,0
1686381311,0,1,0,0,0,0,0,0,0,0,0,0,0,0,0,0,0
1686381317,0,1,0,0,0,0,0,0,0,0,0,0,0,0,0,0,0
1686381323,0,1,0,0,0,0,0,0,0,0,0,0,0,0,0,0,0
1686381329,0,1,0,0,0,0,0,0,0,0,0,0,0,0,0,0,0
1686381335,0,1,0,0,0,0,0,0,0,0,0,0,0,0,0,0,0
1686381341,0,1,0,0,0,0,0,0,0,0,0,0,0,0,0,0,0
1686381347,0,1,0,0,0,0,0,0,0,0,0,0,0,0,0,0,0
1686381353,0,1,0,0,0,0,0,0,0,0,0,0,0,0,0,0,0
1686381359,0,1,0,0,0,0,0,0,0,0,0,0,0,0,0,0,0
1686381365,0,1,0,0,0,0,0,0,0,0,0,0,0,0,0,0,0
1686381371,0,1,0,0,0,0,0,0,0,0,0,0,0,0,0,0,0
1686381377,0,1,0,0,0,0,0,0,0,0,0,0,0,0,0,0,0
1686381383,0,1,0,0,0,0,0,0,0,0,0,0,0,0,0,0,0
1686381389,0,1,0,0,0,0,0,0,0,0,0,0,0,0,0,0,0
1686381395,0,1,0,0,0,0,0,0,0,0,0,0,0,0,0,0,0
1686381401,0,1,0,0,0,0,0,0,0,0,0,0,0,0,0,0,0
1686381407,0,1,0,0,0,0,0,0,0,0,0,0,0,0,0,0,0
1686381413,0,1,0,0,0,0,0,0,0,0,0,0,0,0,0,0,0
1686381419,0,1,0,0,0,0,0,0,0,0,0,0,0,0,0,0,0
1686381425,0,1,0,0,0,0,0,0,0,0,0,0,0,0,0,0,0
1686381431,0,1,0,0,0,0,0,0,0,0,0,0,0,0,0,0,0
1686381437,0,1,0,0,0,0,0,0,0,0,0,0,0,0,0,0,0
1686381443,0,1,0,0,0,0,0,0,0,0,0,0,0,0,0,0,0
1686381449,0,1,0,0,0,0,0,0,0,0,0,0,0,0,0,0,0
1686381455,0,1,0,0,0,0,0,0,0,0,0,0,0,0,0,0,0
1686381461,0,1,0,0,0,0,0,0,0,0,0,0,0,0,0,0,0
1686381467,0,1,0,0,0,0,0,0,0,0,0,0,0,0,0,0,0
1686381473,0,1,0,0,0,0,0,0,0,0,0,0,0,0,0,0,0
1686381479,0,1,0,0,0,0,0,0,0,0,0,0,0,0,0,0,0
1686381485,0,1,0,0,0,0,0,0,0,0,0,0,0,0,0,0,0
1686381491,0,1,0,0,0,0,0,0,0,0,0,0,0,0,0,0,0
1686381497,0,1,0,0,0,0,0,0,0,0,0,0,0,0,0,0,0
1686381503,0,1,0,0,0,0,0,0,0,0,0,0,0,0,0,0,0
1686381509,0,1,0,0,0,0,0,0,0,0,0,0,0,0,0,0,0
1686381515,0,1,0,0,0,0,0,0,0,0,0,0,0,0,0,0,0
1686381521,0,1,0,0,0,0,0,0,0,0,0,0,0,0,0,0,0
1686381527,0,1,0,0,0,0,0,0,0,0,0,0,0,0,0,0,0
1686381533,0,1,0,0,0,0,0,0,0,0,0,0,0,0,0,0,0
1686381539,0,1,0,0,0,0,0,0,0,0,0,0,0,0,0,0,0
1686381545,0,1,0,0,0,0,0,0,0,0,0,0,0,0,0,0,0
1686381551,0,1,0,0,0,0,0,0,0,0,0,0,0,0,0,0,0
1686381557,0,1,0,0,0,0,0,0,0,0,0,0,0,0,0,0,0
1686381563,0,1,0,0,0,0,0,0,0,0,0,0,0,0,0,0,0
1686381569,0,1,0,0,0,0,0,0,0,0,0,0,0,0,0,0,0
1686381575,0,1,0,0,0,0,0,0,0,0,0,0,0,0,0,0,0
1686381581,0,1,0,0,0,0,0,0,0,0,0,0,0,0,0,0,0
1686381587,0,1,0,0,0,0,0,0,0,0,0,0,0,0,0,0,0
1686381593,0,1,0,0,0,0,0,0,0,0,0,0,0,0,0,0,0
1686381599,0,1,0,0,0,0,0,0,0,0,0,0,0,0,0,0,0
1686381605,0,1,0,0,0,0,0,0,0,0,0,0,0,0,0,0,0
1686381611,0,1,0,0,0,0,0,0,0,0,0,0,0,0,0,0,0
1686381617,0,1,0,0,0,0,0,0,0,0,0,0,0,0,0,0,0
1686381623,0,1,0,0,0,0,0,0,0,0,0,0,0,0,0,0,0
1686381629,0,1,0,0,0,0,0,0,0,0,0,0,0,0,0,0,0
1686381635,0,1,0,0,0,0,0,0,0,0,0,0,0,0,0,0,0
1686381641,0,1,0,0,0,0,0,0,0,0,0,0,0,0,0,0,0
1686381647,0,1,0,0,0,0,0,0,0,0,0,0,0,0,0,0,0
1686381653,0,1,0,0,0,0,0,0,0,0,0,0,0,0,0,0,0
1686381659,0,1,0,0,0,0,0,0,0,0,0,0,0,0,0,0,0
1686381665,0,1,0,0,0,0,0,0,0,0,0,0,0,0,0,0,0
1686381671,0,1,0,0,0,0,0,0,0,0,0,0,0,0,0,0,0
1686381677,0,1,0,0,0,0,0,0,0,0,0,0,0,0,0,0,0
1686381683,0,1,0,0,0,0,0,0,0,0,0,0,0,0,0,0,0
1686381689,0,1,0,0,0,0,0,0,0,0,0,0,0,0,0,0,0
1686381695,0,1,0,0,0,0,0,0,0,0,0,0,0,0,0,0,0
1686381701,0,1,0,0,0,0,0,0,0,0,0,0,0,0,0,0,0
1686381707,0,1,0,0,0,0,0,0,0,0,0,0,0,0,0,0,0
1686381713,0,1,0,0,0,0,0,0,0,0,0,0,0,0,0,0,0
1686381719,0,1,0,0,0,0,0,0,0,0,0,0,0,0,0,0,0
1686381725,0,1,0,0,0,0,0,0,0,0,0,0,0,0,0,0,0
1686381731,0,1,0,0,0,0,0,0,0,0,0,0,0,0,0,0,0
1686381737,0,1,0,0,0,0,0,0,0,0,0,0,0,0,0,0,0
1686381743,0,1,0,0,0,0,0,0,0,0,0,0,0,0,0,0,0
1686381749,0,1,0,0,0,0,0,0,0,0,0,0,0,0,0,0,0
1686381755,0,1,0,0,0,0,0,0,0,0,0,0,0,0,0,0,0
1686381761,0,1,0,0,0,0,0,0,0,0,0,0,0,0,0,0,0
1686381767,0,1,0,0,0,0,0,0,0,0,0,0,0,0,0,0,0
1686381773,0,1,0,0,0,0,0,0,0,0,0,0,0,0,0,0,0
1686381779,0,1,0,0,0,0,0,0,0,0,0,0,0,0,0,0,0
1686381785,0,1,0,0,0,0,0,0,0,0,0,0,0,0,0,0,0
1686381791,0,1,0,0,0,0,0,0,0,0,0,0,0,0,0,0,0
1686381797,0,1,0,0,0,0,0,0,0,0,0,0,0,0,0,0,0
1686381803,0,1,0,0,0,0,0,0,0,0,0,0,0,0,0,0,0
1686381809,0,1,0,0,0,0,0,0,0,0,0,0,0,0,0,0,0
1686381815,0,1,0,0,0,0,0,0,0,0,0,0,0,0,0,0,0
1686381821,0,1,0,0,0,0,0,0,0,0,0,0,0,0,0,0,0
1686381827,0,1,0,0,0,0,0,0,0,0,0,0,0,0,0,0,0
1686381833,0,1,0,0,0,0,0,0,0,0,0,0,0,0,0,0,0
1686381839,0,1,0,0,0,0,0,0,0,0,0,0,0,0,0,0,0
1686381845,0,1,0,0,0,0,0,0,0,0,0,0,0,0,0,0,0
1686381851,0,1,0,0,0,0,0,0,0,0,0,0,0,0,0,0,0
1686381857,0,1,0,0,0,0,0,0,0,0,0,0,0,0,0,0,0
1686381863,0,1,0,0,0,0,0,0,0,0,0,0,0,0,0,0,0
1686381869,0,1,0,0,0,0,0,0,0,0,0,0,0,0,0,0,0
1686381875,0,1,0,0,0,0,0,0,0,0,0,0,0,0,0,0,0
1686381881,0,1,0,0,0,0,0,0,0,0,0,0,0,0,0,0,0
1686381887,0,1,0,0,0,0,0,0,0,0,0,0,0,0,0,0,0
1686381893,0,1,0,0,0,0,0,0,0,0,0,0,0,0,0,0,0
1686381899,0,1,0,0,0,0,0,0,0,0,0,0,0,0,0,0,0
1686381905,0,1,0,0,0,0,0,0,0,0,0,0,0,0,0,0,0
1686381911,0,1,0,0,0,0,0,0,0,0,0,0,0,0,0,0,0
1686381917,0,1,0,0,0,0,0,0,0,0,0,0,0,0,0,0,0
1686381923,0,1,0,0,0,0,0,0,0,0,0,0,0,0,0,0,0
1686381929,0,1,0,0,0,0,0,0,0,0,0,0,0,0,0,0,0
1686381935,0,1,0,0,0,0,0,0,0,0,0,0,0,0,0,0,0
1686381941,0,1,0,0,0,0,0,0,0,0,0,0,0,0,0,0,0
1686381947,0,1,0,0,0,0,0,0,0,0,0,0,0,0,0,0,0
1686381953,0,1,0,0,0,0,0,0,0,0,0,0,0,0,0,0,0
1686381959,0,1,0,0,0,0,0,0,0,0,0,0,0,0,0,0,0
1686381965,0,1,0,0,0,0,0,0,0,0,0,0,0,0,0,0,0
1686381971,0,1,0,0,0,0,0,0,0,0,0,0,0,0,0,0,0
1686381977,0,1,0,0,0,0,0,0,0,0,0,0,0,0,0,0,0
1686381983,0,1,0,0,0,0,0,0,0,0,0,0,0,0,0,0,0
1686381989,0,1,0,0,0,0,0,0,0,0,0,0,0,0,0,0,0
1686381995,0,1,0,0,0,0,0,0,0,0,0,0,0,0,0,0,0
1686382001,0,1,0,0,0,0,0,0,0,0,0,0,0,0,0,0,0
1686382007,0,1,0,0,0,0,0,0,0,0,0,0,0,0,0,0,0
1686382013,0,1,0,0,0,0,0,0,0,0,0,0,0,0,0,0,0
1686382019,0,1,0,0,0,0,0,0,0,0,0,0,0,0,0,0,0
1686382025,0,1,0,0,0,0,0,0,0,0,0,0,0,0,0,0,0
1686382031,0,1,0,0,0,0,0,0,0,0,0,0,0,0,0,0,0
1686382037,0,1,0,0,0,0,0,0,0,0,0,0,0,0,0,0,0
1686382043,0,1,0,0,0,0,0,0,0,0,0,0,0,0,0,0,0
1686382049,0,1,0,0,0,0,0,0,0,0,0,0,0,0,0,0,0
1686382055,0,1,0,0,0,0,0,0,0,0,0,0,0,0,0,0,0
1686382061,0,1,0,0,0,0,0,0,0,0,0,0,0,0,0,0,0
1686382067,0,1,0,0,0,0,0,0,0,0,0,0,0,0,0,0,0
1686382073,0,1,0,0,0,0,0,0,0,0,0,0,0,0,0,0,0
1686382079,0,1,0,0,0,0,0,0,0,0,0,0,0,0,0,0,0
1686382085,0,1,0,0,0,0,0,0,0,0,0,0,0,0,0,0,0
1686382091,0,1,0,0,0,0,0,0,0,0,0,0,0,0,0,0,0
1686382097,0,1,0,0,0,0,0,0,0,0,0,0,0,0,0,0,0
1686382103,0,1,0,0,0,0,0,0,0,0,0,0,0,0,0,0,0
1686382109,0,1,0,0,0,0,0,0,0,0,0,0,0,0,0,0,0
1686382115,0,1,0,0,0,0,0,0,0,0,0,0,0,0,0,0,0
1686382121,0,1,0,0,0,0,0,0,0,0,0,0,0,0,0,0,0
1686382127,0,1,0,0,0,0,0,0,0,0,0,0,0,0,0,0,0
1686382133,0,1,0,0,0,0,0,0,0,0,0,0,0,0,0,0,0
1686382139,0,1,0,0,0,0,0,0,0,0,0,0,0,0,0,0,0
1686382145,0,1,0,0,0,0,0,0,0,0,0,0,0,0,0,0,0
1686382151,0,1,0,0,0,0,0,0,0,0,0,0,0,0,0,0,0
1686382157,0,1,0,0,0,0,0,0,0,0,0,0,0,0,0,0,0
1686382163,0,1,0,0,0,0,0,0,0,0,0,0,0,0,0,0,0
1686382169,0,1,0,0,0,0,0,0,0,0,0,0,0,0,0,0,0
1686382175,0,1,0,0,0,0,0,0,0,0,0,0,0,0,0,0,0
1686382181,0,1,0,0,0,0,0,0,0,0,0,0,0,0,0,0,0
1686382187,0,1,0,0,0,0,0,0,0,0,0,0,0,0,0,0,0
1686382193,0,1,0,0,0,0,0,0,0,0,0,0,0,0,0,0,0
1686382199,0,1,0,0,0,0,0,0,0,0,0,0,0,0,0,0,0
1686382205,0,1,0,0,0,0,0,0,0,0,0,0,0,0,0,0,0
1686382211,0,1,0,0,0,0,0,0,0,0,0,0,0,0,0,0,0
1686382217,0,1,0,0,0,0,0,0,0,0,0,0,0,0,0,0,0
1686382223,0,1,0,0,0,0,0,0,0,0,0,0,0,0,0,0,0
1686382229,0,1,0,0,0,0,0,0,0,0,0,0,0,0,0,0,0
1686382235,0,1,0,0,0,0,0,0,0,0,0,0,0,0,0,0,0
1686382241,0,1,0,0,0,0,0,0,0,0,0,0,0,0,0,0,0
1686382247,0,1,0,0,0,0,0,0,0,0,0,0,0,0,0,0,0
1686382253,0,1,0,0,0,0,0,0,0,0,0,0,0,0,0,0,0
1686382259,0,1,0,0,0,0,0,0,0,0,0,0,0,0,0,0,0
1686382265,0,1,0,0,0,0,0,0,0,0,0,0,0,0,0,0,0
1686382271,0,1,0,0,0,0,0,0,0,0,0,0,0,0,0,0,0
1686382277,0,1,0,0,0,0,0,0,0,0,0,0,0,0,0,0,0
1686382283,0,1,0,0,0,0,0,0,0,0,0,0,0,0,0,0,0
1686382289,0,1,0,0,0,0,0,0,0,0,0,0,0,0,0,0,0
1686382295,0,1,0,0,0,0,0,0,0,0,0,0,0,0,0,0,0
1686382301,0,1,0,0,0,0,0,0,0,0,0,0,0,0,0,0,0
1686382307,0,1,0,0,0,0,0,0,0,0,0,0,0,0,0,0,0
1686382313,0,1,0,0,0,0,0,0,0,0,0,0,0,0,0,0,0
1686382319,0,1,0,0,0,0,0,0,0,0,0,0,0,0,0,0,0
1686382325,0,1,0,0,0,0,0,0,0,0,0,0,0,0,0,0,0
1686382331,0,1,0,0,0,0,0,0,0,0,0,0,0,0,0,0,0
1686382337,0,1,0,0,0,0,0,0,0,0,0,0,0,0,0,0,0
1686382343,0,1,0,0,0,0,0,0,0,0,0,0,0,0,0,0,0
1686382349,0,1,0,0,0,0,0,0,0,0,0,0,0,0,0,0,0
1686382355,0,1,0,0,0,0,0,0,0,0,0,0,0,0,0,0,0
1686382361,0,1,0,0,0,0,0,0,0,0,0,0,0,0,0,0,0
1686382367,0,1,0,0,0,0,0,0,0,0,0,0,0,0,0,0,0
1686382373,0,1,0,0,0,0,0,0,0,0,0,0,0,0,0,0,0
1686382379,0,1,0,0,0,0,0,0,0,0,0,0,0,0,0,0,0
1686382385,0,1,0,0,0,0,0,0,0,0,0,0,0,0,0,0,0
1686382391,0,1,0,0,0,0,0,0,0,0,0,0,0,0,0,0,0
1686382397,0,1,0,0,0,0,0,0,0,0,0,0,0,0,0,0,0
1686382403,0,1,0,0,0,0,0,0,0,0,0,0,0,0,0,0,0
1686382409,0,1,0,0,0,0,0,0,0,0,0,0,0,0,0,0,0
1686382415,0,1,0,0,0,0,0,0,0,0,0,0,0,0,0,0,0
1686382421,0,1,0,0,0,0,0,0,0,0,0,0,0,0,0,0,0
1686382427,0,1,0,0,0,0,0,0,0,0,0,0,0,0,0,0,0
1686382433,0,1,0,0,0,0,0,0,0,0,0,0,0,0,0,0,0
1686382439,0,1,0,0,0,0,0,0,0,0,0,0,0,0,0,0,0
1686382445,0,1,0,0,0,0,0,0,0,0,0,0,0,0,0,0,0
1686382451,0,1,0,0,0,0,0,0,0,0,0,0,0,0,0,0,0
1686382457,0,1,0,0,0,0,0,0,0,0,0,0,0,0,0,0,0
1686382463,0,1,0,0,0,0,0,0,0,0,0,0,0,0,0,0,0
1686382469,0,1,0,0,0,0,0,0,0,0,0,0,0,0,0,0,0
1686382475,0,1,0,0,0,0,0,0,0,0,0,0,0,0,0,0,0
1686382481,0,1,0,0,0,0,0,0,0,0,0,0,0,0,0,0,0
1686382487,0,1,0,0,0,0,0,0,0,0,0,0,0,0,0,0,0
1686382493,0,1,0,0,0,0,0,0,0,0,0,0,0,0,0,0,0
1686382499,0,1,0,0,0,0,0,0,0,0,0,0,0,0,0,0,0
1686382505,0,1,0,0,0,0,0,0,0,0,0,0,0,0,0,0,0
1686382511,0,1,0,0,0,0,0,0,0,0,0,0,0,0,0,0,0
1686382517,0,1,0,0,0,0,0,0,0,0,0,0,0,0,0,0,0
1686382523,0,1,0,0,0,0,0,0,0,0,0,0,0,0,0,0,0
1686382529,0,1,0,0,0,0,0,0,0,0,0,0,0,0,0,0,0
1686382535,0,1,0,0,0,0,0,0,0,0,0,0,0,0,0,0,0
1686382541,0,1,0,0,0,0,0,0,0,0,0,0,0,0,0,0,0
1686382547,0,1,0,0,0,0,0,0,0,0,0,0,0,0,0,0,0
1686382553,0,1,0,0,0,0,0,0,0,0,0,0,0,0,0,0,0
1686382559,0,1,0,0,0,0,0,0,0,0,0,0,0,0,0,0,0
1686382565,0,1,0,0,0,0,0,0,0,0,0,0,0,0,0,0,0
1686382571,0,1,0,0,0,0,0,0,0,0,0,0,0,0,0,0,0
1686382577,0,1,0,0,0,0,0,0,0,0,0,0,0,0,0,0,0
1686382583,0,1,0,0,0,0,0,0,0,0,0,0,0,0,0,0,0
1686382589,0,1,0,0,0,0,0,0,0,0,0,0,0,0,0,0,0
1686382595,0,1,0,0,0,0,0,0,0,0,0,0,0,0,0,0,0
1686382601,0,1,0,0,0,0,0,0,0,0,0,0,0,0,0,0,0
1686382607,0,1,0,0,0,0,0,0,0,0,0,0,0,0,0,0,0
1686382613,0,1,0,0,0,0,0,0,0,0,0,0,0,0,0,0,0
1686382619,0,1,0,0,0,0,0,0,0,0,0,0,0,0,0,0,0
1686382625,0,1,0,0,0,0,0,0,0,0,0,0,0,0,0,0,0
1686382631,0,1,0,0,0,0,0,0,0,0,0,0,0,0,0,0,0
1686382637,0,1,0,0,0,0,0,0,0,0,0,0,0,0,0,0,0
1686382643,0,1,0,0,0,0,0,0,0,0,0,0,0,0,0,0,0
1686382649,0,1,0,0,0,0,0,0,0,0,0,0,0,0,0,0,0
1686382655,0,1,0,0,0,0,0,0,0,0,0,0,0,0,0,0,0
1686382661,0,1,0,0,0,0,0,0,0,0,0,0,0,0,0,0,0
1686382667,0,1,0,0,0,0,0,0,0,0,0,0,0,0,0,0,0
1686382673,0,1,0,0,0,0,0,0,0,0,0,0,0,0,0,0,0
1686382679,0,1,0,0,0,0,0,0,0,0,0,0,0,0,0,0,0
1686382685,0,1,0,0,0,0,0,0,0,0,0,0,0,0,0,0,0
1686382691,0,1,0,0,0,0,0,0,0,0,0,0,0,0,0,0,0
1686382697,0,1,0,0,0,0,0,0,0,0,0,0,0,0,0,0,0
1686382703,0,1,0,0,0,0,0,0,0,0,0,0,0,0,0,0,0
1686382709,0,1,0,0,0,0,0,0,0,0,0,0,0,0,0,0,0
1686382715,0,1,0,0,0,0,0,0,0,0,0,0,0,0,0,0,0
1686382721,0,1,0,0,0,0,0,0,0,0,0,0,0,0,0,0,0
1686382727,0,1,0,0,0,0,0,0,0,0,0,0,0,0,0,0,0
1686382733,0,1,0,0,0,0,0,0,0,0,0,0,0,0,0,0,0
1686382739,0,1,0,0,0,0,0,0,0,0,0,0,0,0,0,0,0
1686382745,0,1,0,0,0,0,0,0,0,0,0,0,0,0,0,0,0
1686382751,0,1,0,0,0,0,0,0,0,0,0,0,0,0,0,0,0
1686382757,0,1,0,0,0,0,0,0,0,0,0,0,0,0,0,0,0
1686382763,0,1,0,0,0,0,0,0,0,0,0,0,0,0,0,0,0
1686382769,0,1,0,0,0,0,0,0,0,0,0,0,0,0,0,0,0
1686382775,0,1,0,0,0,0,0,0,0,0,0,0,0,0,0,0,0
1686382781,0,1,0,0,0,0,0,0,0,0,0,0,0,0,0,0,0
1686382787,0,1,0,0,0,0,0,0,0,0,0,0,0,0,0,0,0
1686382793,0,1,0,0,0,0,0,0,0,0,0,0,0,0,0,0,0
1686382799,0,1,0,0,0,0,0,0,0,0,0,0,0,0,0,0,0
1686382805,0,1,0,0,0,0,0,0,0,0,0,0,0,0,0,0,0
1686382811,0,1,0,0,0,0,0,0,0,0,0,0,0,0,0,0,0
1686382817,0,1,0,0,0,0,0,0,0,0,0,0,0,0,0,0,0
1686382823,0,1,0,0,0,0,0,0,0,0,0,0,0,0,0,0,0
1686382829,0,1,0,0,0,0,0,0,0,0,0,0,0,0,0,0,0
1686382835,0,1,0,0,0,0,0,0,0,0,0,0,0,0,0,0,0
1686382841,0,1,0,0,0,0,0,0,0,0,0,0,0,0,0,0,0
1686382847,0,1,0,0,0,0,0,0,0,0,0,0,0,0,0,0,0
1686382853,0,1,0,0,0,0,0,0,0,0,0,0,0,0,0,0,0
1686382859,0,1,0,0,0,0,0,0,0,0,0,0,0,0,0,0,0
1686382865,0,1,0,0,0,0,0,0,0,0,0,0,0,0,0,0,0
1686382871,0,1,0,0,0,0,0,0,0,0,0,0,0,0,0,0,0
1686382877,0,1,0,0,0,0,0,0,0,0,0,0,0,0,0,0,0
1686382883,0,1,0,0,0,0,0,0,0,0,0,0,0,0,0,0,0
1686382889,0,1,0,0,0,0,0,0,0,0,0,0,0,0,0,0,0
1686382895,0,1,0,0,0,0,0,0,0,0,0,0,0,0,0,0,0
1686382901,0,1,0,0,0,0,0,0,0,0,0,0,0,0,0,0,0
1686382907,0,1,0,0,0,0,0,0,0,0,0,0,0,0,0,0,0
1686382913,0,1,0,0,0,0,0,0,0,0,0,0,0,0,0,0,0
1686382919,0,1,0,0,0,0,0,0,0,0,0,0,0,0,0,0,0
1686382925,0,1,0,0,0,0,0,0,0,0,0,0,0,0,0,0,0
1686382931,0,1,0,0,0,0,0,0,0,0,0,0,0,0,0,0,0
1686382937,0,1,0,0,0,0,0,0,0,0,0,0,0,0,0,0,0
1686382943,0,1,0,0,0,0,0,0,0,0,0,0,0,0,0,0,0
1686382949,0,1,0,0,0,0,0,0,0,0,0,0,0,0,0,0,0
1686382955,0,1,0,0,0,0,0,0,0,0,0,0,0,0,0,0,0
1686382961,0,1,0,0,0,0,0,0,0,0,0,0,0,0,0,0,0
1686382967,0,1,0,0,0,0,0,0,0,0,0,0,0,0,0,0,0
1686382973,0,1,0,0,0,0,0,0,0,0,0,0,0,0,0,0,0
1686382979,0,1,0,0,0,0,0,0,0,0,0,0,0,0,0,0,0
1686382985,0,1,0,0,0,0,0,0,0,0,0,0,0,0,0,0,0
1686382991,0,1,0,0,0,0,0,0,0,0,0,0,0,0,0,0,0
1686382997,0,1,0,0,0,0,0,0,0,0,0,0,0,0,0,0,0
1686383003,0,1,0,0,0,0,0,0,0,0,0,0,0,0,0,0,0
1686383009,0,1,0,0,0,0,0,0,0,0,0,0,0,0,0,0,0
1686383015,0,1,0,0,0,0,0,0,0,0,0,0,0,0,0,0,0
1686383021,0,1,0,0,0,0,0,0,0,0,0,0,0,0,0,0,0
1686383027,0,1,0,0,0,0,0,0,0,0,0,0,0,0,0,0,0
1686383033,0,1,0,0,0,0,0,0,0,0,0,0,0,0,0,0,0
1686383039,0,1,0,0,0,0,0,0,0,0,0,0,0,0,0,0,0
1686383045,0,1,0,0,0,0,0,0,0,0,0,0,0,0,0,0,0
1686383051,0,1,0,0,0,0,0,0,0,0,0,0,0,0,0,0,0
1686383057,0,1,0,0,0,0,0,0,0,0,0,0,0,0,0,0,0
1686383063,0,1,0,0,0,0,0,0,0,0,0,0,0,0,0,0,0
1686383069,0,1,0,0,0,0,0,0,0,0,0,0,0,0,0,0,0
1686383075,0,1,0,0,0,0,0,0,0,0,0,0,0,0,0,0,0
1686383081,0,1,0,0,0,0,0,0,0,0,0,0,0,0,0,0,0
1686383087,0,1,0,0,0,0,0,0,0,0,0,0,0,0,0,0,0
1686383093,0,1,0,0,0,0,0,0,0,0,0,0,0,0,0,0,0
1686383099,0,1,0,0,0,0,0,0,0,0,0,0,0,0,0,0,0
1686383105,0,1,0,0,0,0,0,0,0,0,0,0,0,0,0,0,0
1686383111,0,1,0,0,0,0,0,0,0,0,0,0,0,0,0,0,0
1686383117,0,1,0,0,0,0,0,0,0,0,0,0,0,0,0,0,0
1686383123,0,1,0,0,0,0,0,0,0,0,0,0,0,0,0,0,0
1686383129,0,1,0,0,0,0,0,0,0,0,0,0,0,0,0,0,0
1686383135,0,1,0,0,0,0,0,0,0,0,0,0,0,0,0,0,0
1686383141,0,1,0,0,0,0,0,0,0,0,0,0,0,0,0,0,0
1686383147,0,1,0,0,0,0,0,0,0,0,0,0,0,0,0,0,0
1686383153,0,1,0,0,0,0,0,0,0,0,0,0,0,0,0,0,0
1686383159,0,1,0,0,0,0,0,0,0,0,0,0,0,0,0,0,0
1686383165,0,1,0,0,0,0,0,0,0,0,0,0,0,0,0,0,0
1686383171,0,1,0,0,0,0,0,0,0,0,0,0,0,0,0,0,0
1686383177,0,1,0,0,0,0,0,0,0,0,0,0,0,0,0,0,0
1686383183,0,1,0,0,0,0,0,0,0,0,0,0,0,0,0,0,0
1686383189,0,1,0,0,0,0,0,0,0,0,0,0,0,0,0,0,0
1686383195,0,1,0,0,0,0,0,0,0,0,0,0,0,0,0,0,0
1686383201,0,1,0,0,0,0,0,0,0,0,0,0,0,0,0,0,0
1686383207,0,1,0,0,0,0,0,0,0,0,0,0,0,0,0,0,0
1686383213,0,1,0,0,0,0,0,0,0,0,0,0,0,0,0,0,0
1686383219,0,1,0,0,0,0,0,0,0,0,0,0,0,0,0,0,0
1686383225,0,1,0,0,0,0,0,0,0,0,0,0,0,0,0,0,0
1686383231,0,1,0,0,0,0,0,0,0,0,0,0,0,0,0,0,0
1686383237,0,1,0,0,0,0,0,0,0,0,0,0,0,0,0,0,0
1686383243,0,1,0,0,0,0,0,0,0,0,0,0,0,0,0,0,0
1686383249,0,1,0,0,0,0,0,0,0,0,0,0,0,0,0,0,0
1686383255,0,1,0,0,0,0,0,0,0,0,0,0,0,0,0,0,0
1686383261,0,1,0,0,0,0,0,0,0,0,0,0,0,0,0,0,0
1686383267,0,1,0,0,0,0,0,0,0,0,0,0,0,0,0,0,0
1686383273,0,1,0,0,0,0,0,0,0,0,0,0,0,0,0,0,0
1686383279,0,1,0,0,0,0,0,0,0,0,0,0,0,0,0,0,0
1686383285,0,1,0,0,0,0,0,0,0,0,0,0,0,0,0,0,0
1686383291,0,1,0,0,0,0,0,0,0,0,0,0,0,0,0,0,0
1686383297,0,1,0,0,0,0,0,0,0,0,0,0,0,0,0,0,0
1686383303,0,1,0,0,0,0,0,0,0,0,0,0,0,0,0,0,0
1686383309,0,1,0,0,0,0,0,0,0,0,0,0,0,0,0,0,0
1686383315,0,1,0,0,0,0,0,0,0,0,0,0,0,0,0,0,0
1686383321,0,1,0,0,0,0,0,0,0,0,0,0,0,0,0,0,0
1686383327,0,1,0,0,0,0,0,0,0,0,0,0,0,0,0,0,0
1686383333,0,1,0,0,0,0,0,0,0,0,0,0,0,0,0,0,0
1686383339,0,1,0,0,0,0,0,0,0,0,0,0,0,0,0,0,0
1686383345,0,1,0,0,0,0,0,0,0,0,0,0,0,0,0,0,0
1686383351,0,1,0,0,0,0,0,0,0,0,0,0,0,0,0,0,0
1686383357,0,1,0,0,0,0,0,0,0,0,0,0,0,0,0,0,0
1686383363,0,1,0,0,0,0,0,0,0,0,0,0,0,0,0,0,0
1686383369,0,1,0,0,0,0,0,0,0,0,0,0,0,0,0,0,0
1686383375,0,1,0,0,0,0,0,0,0,0,0,0,0,0,0,0,0
1686383381,0,1,0,0,0,0,0,0,0,0,0,0,0,0,0,0,0
1686383387,0,1,0,0,0,0,0,0,0,0,0,0,0,0,0,0,0
1686383393,0,1,0,0,0,0,0,0,0,0,0,0,0,0,0,0,0
1686383399,0,1,0,0,0,0,0,0,0,0,0,0,0,0,0,0,0
1686383405,0,1,0,0,0,0,0,0,0,0,0,0,0,0,0,0,0
1686383411,0,1,0,0,0,0,0,0,0,0,0,0,0,0,0,0,0
1686383417,0,1,0,0,0,0,0,0,0,0,0,0,0,0,0,0,0
1686383423,0,1,0,0,0,0,0,0,0,0,0,0,0,0,0,0,0
1686383429,0,1,0,0,0,0,0,0,0,0,0,0,0,0,0,0,0
1686383435,0,1,0,0,0,0,0,0,0,0,0,0,0,0,0,0,0
1686383441,0,1,0,0,0,0,0,0,0,0,0,0,0,0,0,0,0
1686383447,0,1,0,0,0,0,0,0,0,0,0,0,0,0,0,0,0
1686383453,0,1,0,0,0,0,0,0,0,0,0,0,0,0,0,0,0
1686383459,0,1,0,0,0,0,0,0,0,0,0,0,0,0,0,0,0
1686383465,0,1,0,0,0,0,0,0,0,0,0,0,0,0,0,0,0
1686383471,0,1,0,0,0,0,0,0,0,0,0,0,0,0,0,0,0
1686383477,0,1,0,0,0,0,0,0,0,0,0,0,0,0,0,0,0
1686383483,0,1,0,0,0,0,0,0,0,0,0,0,0,0,0,0,0
1686383489,0,1,0,0,0,0,0,0,0,0,0,0,0,0,0,0,0
1686383495,0,1,0,0,0,0,0,0,0,0,0,0,0,0,0,0,0
1686383501,0,1,0,0,0,0,0,0,0,0,0,0,0,0,0,0,0
1686383507,0,1,0,0,0,0,0,0,0,0,0,0,0,0,0,0,0
1686383513,0,1,0,0,0,0,0,0,0,0,0,0,0,0,0,0,0
1686383519,0,1,0,0,0,0,0,0,0,0,0,0,0,0,0,0,0
1686383525,0,1,0,0,0,0,0,0,0,0,0,0,0,0,0,0,0
1686383531,0,1,0,0,0,0,0,0,0,0,0,0,0,0,0,0,0
1686383537,0,1,0,0,0,0,0,0,0,0,0,0,0,0,0,0,0
1686383543,0,1,0,0,0,0,0,0,0,0,0,0,0,0,0,0,0
1686383549,0,1,0,0,0,0,0,0,0,0,0,0,0,0,0,0,0
1686383555,0,1,0,0,0,0,0,0,0,0,0,0,0,0,0,0,0
1686383561,0,1,0,0,0,0,0,0,0,0,0,0,0,0,0,0,0
1686383567,0,1,0,0,0,0,0,0,0,0,0,0,0,0,0,0,0
1686383573,0,1,0,0,0,0,0,0,0,0,0,0,0,0,0,0,0
1686383579,0,1,0,0,0,0,0,0,0,0,0,0,0,0,0,0,0
1686383585,0,1,0,0,0,0,0,0,0,0,0,0,0,0,0,0,0
1686383591,0,1,0,0,0,0,0,0,0,0,0,0,0,0,0,0,0
1686383597,0,1,0,0,0,0,0,0,0,0,0,0,0,0,0,0,0
1686383603,0,1,0,0,0,0,0,0,0,0,0,0,0,0,0,0,0
1686383609,0,1,0,0,0,0,0,0,0,0,0,0,0,0,0,0,0
1686383615,0,1,0,0,0,0,0,0,0,0,0,0,0,0,0,0,0
1686383621,0,1,0,0,0,0,0,0,0,0,0,0,0,0,0,0,0
1686383627,0,1,0,0,0,0,0,0,0,0,0,0,0,0,0,0,0
1686383633,0,1,0,0,0,0,0,0,0,0,0,0,0,0,0,0,0
1686383639,0,1,0,0,0,0,0,0,0,0,0,0,0,0,0,0,0
1686383645,0,1,0,0,0,0,0,0,0,0,0,0,0,0,0,0,0
1686383651,0,1,0,0,0,0,0,0,0,0,0,0,0,0,0,0,0
1686383657,0,1,0,0,0,0,0,0,0,0,0,0,0,0,0,0,0
1686383663,0,1,0,0,0,0,0,0,0,0,0,0,0,0,0,0,0
1686383669,0,1,0,0,0,0,0,0,0,0,0,0,0,0,0,0,0
1686383675,0,1,0,0,0,0,0,0,0,0,0,0,0,0,0,0,0
1686383681,0,1,0,0,0,0,0,0,0,0,0,0,0,0,0,0,0
1686383687,0,1,0,0,0,0,0,0,0,0,0,0,0,0,0,0,0
1686383693,0,1,0,0,0,0,0,0,0,0,0,0,0,0,0,0,0
1686383699,0,1,0,0,0,0,0,0,0,0,0,0,0,0,0,0,0
1686383705,0,1,0,0,0,0,0,0,0,0,0,0,0,0,0,0,0
1686383711,0,1,0,0,0,0,0,0,0,0,0,0,0,0,0,0,0
1686383717,0,1,0,0,0,0,0,0,0,0,0,0,0,0,0,0,0
1686383723,0,1,0,0,0,0,0,0,0,0,0,0,0,0,0,0,0
1686383729,0,1,0,0,0,0,0,0,0,0,0,0,0,0,0,0,0
1686383735,0,1,0,0,0,0,0,0,0,0,0,0,0,0,0,0,0
1686383741,0,1,0,0,0,0,0,0,0,0,0,0,0,0,0,0,0
1686383747,0,1,0,0,0,0,0,0,0,0,0,0,0,0,0,0,0
1686383753,0,1,0,0,0,0,0,0,0,0,0,0,0,0,0,0,0
1686383759,0,1,0,0,0,0,0,0,0,0,0,0,0,0,0,0,0
1686383765,0,1,0,0,0,0,0,0,0,0,0,0,0,0,0,0,0
1686383771,0,1,0,0,0,0,0,0,0,0,0,0,0,0,0,0,0
1686383777,0,1,0,0,0,0,0,0,0,0,0,0,0,0,0,0,0
1686383783,0,1,0,0,0,0,0,0,0,0,0,0,0,0,0,0,0
1686383789,0,1,0,0,0,0,0,0,0,0,0,0,0,0,0,0,0
1686383795,0,1,0,0,0,0,0,0,0,0,0,0,0,0,0,0,0
1686383801,0,1,0,0,0,0,0,0,0,0,0,0,0,0,0,0,0
1686383807,0,1,0,0,0,0,0,0,0,0,0,0,0,0,0,0,0
1686383813,0,1,0,0,0,0,0,0,0,0,0,0,0,0,0,0,0
1686383819,0,1,0,0,0,0,0,0,0,0,0,0,0,0,0,0,0
1686383825,0,1,0,0,0,0,0,0,0,0,0,0,0,0,0,0,0
1686383831,0,1,0,0,0,0,0,0,0,0,0,0,0,0,0,0,0
1686383837,0,1,0,0,0,0,0,0,0,0,0,0,0,0,0,0,0
1686383843,0,1,0,0,0,0,0,0,0,0,0,0,0,0,0,0,0
1686383849,0,1,0,0,0,0,0,0,0,0,0,0,0,0,0,0,0
1686383855,0,1,0,0,0,0,0,0,0,0,0,0,0,0,0,0,0
1686383861,0,1,0,0,0,0,0,0,0,0,0,0,0,0,0,0,0
1686383867,0,1,0,0,0,0,0,0,0,0,0,0,0,0,0,0,0
1686383873,0,1,0,0,0,0,0,0,0,0,0,0,0,0,0,0,0
1686383879,0,1,0,0,0,0,0,0,0,0,0,0,0,0,0,0,0
1686383885,0,1,0,0,0,0,0,0,0,0,0,0,0,0,0,0,0
1686383891,0,1,0,0,0,0,0,0,0,0,0,0,0,0,0,0,0
1686383897,0,1,0,0,0,0,0,0,0,0,0,0,0,0,0,0,0
1686383903,0,1,0,0,0,0,0,0,0,0,0,0,0,0,0,0,0
1686383909,0,1,0,0,0,0,0,0,0,0,0,0,0,0,0,0,0
1686383915,0,1,0,0,0,0,0,0,0,0,0,0,0,0,0,0,0
1686383921,0,1,0,0,0,0,0,0,0,0,0,0,0,0,0,0,0
1686383927,0,1,0,0,0,0,0,0,0,0,0,0,0,0,0,0,0
1686383933,0,1,0,0,0,0,0,0,0,0,0,0,0,0,0,0,0
1686383939,0,1,0,0,0,0,0,0,0,0,0,0,0,0,0,0,0
1686383945,0,1,0,0,0,0,0,0,0,0,0,0,0,0,0,0,0
1686383951,0,1,0,0,0,0,0,0,0,0,0,0,0,0,0,0,0
1686383957,0,1,0,0,0,0,0,0,0,0,0,0,0,0,0,0,0
1686383963,0,1,0,0,0,0,0,0,0,0,0,0,0,0,0,0,0
1686383969,0,1,0,0,0,0,0,0,0,0,0,0,0,0,0,0,0
1686383975,0,1,0,0,0,0,0,0,0,0,0,0,0,0,0,0,0
1686383981,0,1,0,0,0,0,0,0,0,0,0,0,0,0,0,0,0
1686383987,0,1,0,0,0,0,0,0,0,0,0,0,0,0,0,0,0
1686383993,0,1,0,0,0,0,0,0,0,0,0,0,0,0,0,0,0
1686383999,0,1,0,0,0,0,0,0,0,0,0,0,0,0,0,0,0
