Timestamp,Amber,White,On,Override,Intensity,AS00,AS01,AS02,AS03,AS04,AS05,AS06,AS07,AS08,AS09,AS10,AS11
1686376805,0,1,0,0,0,0,0,0,0,0,0,0,0,0,0,0,0
1686376811,0,1,0,0,0,0,0,0,0,0,0,0,0,0,0,0,0
1686376817,0,1,0,0,0,0,0,0,0,0,0,0,0,0,0,0,0
1686376823,0,1,0,0,0,0,0,0,0,0,0,0,0,0,0,0,0
1686376829,0,1,0,0,0,0,0,0,0,0,0,0,0,0,0,0,0
1686376835,0,1,0,0,0,0,0,0,0,0,0,0,0,0,0,0,0
1686376841,0,1,0,0,0,0,0,0,0,0,0,0,0,0,0,0,0
1686376847,0,1,0,0,0,0,0,0,0,0,0,0,0,0,0,0,0
1686376853,0,1,0,0,0,0,0,0,0,0,0,0,0,0,0,0,0
1686376859,0,1,0,0,0,0,0,0,0,0,0,0,0,0,0,0,0
1686376865,0,1,0,0,0,0,0,0,0,0,0,0,0,0,0,0,0
1686376871,0,1,0,0,0,0,0,0,0,0,0,0,0,0,0,0,0
1686376877,0,1,0,0,0,0,0,0,0,0,0,0,0,0,0,0,0
1686376883,0,1,0,0,0,0,0,0,0,0,0,0,0,0,0,0,0
1686376889,0,1,0,0,0,0,0,0,0,0,0,0,0,0,0,0,0
1686376895,0,1,0,0,0,0,0,0,0,0,0,0,0,0,0,0,0
1686376901,0,1,0,0,0,0,0,0,0,0,0,0,0,0,0,0,0
1686376907,0,1,0,0,0,0,0,0,0,0,0,0,0,0,0,0,0
1686376913,0,1,0,0,0,0,0,0,0,0,0,0,0,0,0,0,0
1686376919,0,1,0,0,0,0,0,0,0,0,0,0,0,0,0,0,0
1686376925,0,1,0,0,0,0,0,0,0,0,0,0,0,0,0,0,0
1686376931,0,1,0,0,0,0,0,0,0,0,0,0,0,0,0,0,0
1686376937,0,1,0,0,0,0,0,0,0,0,0,0,0,0,0,0,0
1686376943,0,1,0,0,0,0,0,0,0,0,0,0,0,0,0,0,0
1686376949,0,1,0,0,0,0,0,0,0,0,0,0,0,0,0,0,0
1686376955,0,1,0,0,0,0,0,0,0,0,0,0,0,0,0,0,0
1686376961,0,1,0,0,0,0,0,0,0,0,0,0,0,0,0,0,0
1686376967,0,1,0,0,0,0,0,0,0,0,0,0,0,0,0,0,0
1686376973,0,1,0,0,0,0,0,0,0,0,0,0,0,0,0,0,0
1686376979,0,1,0,0,0,0,0,0,0,0,0,0,0,0,0,0,0
1686376985,0,1,0,0,0,0,0,0,0,0,0,0,0,0,0,0,0
1686376991,0,1,0,0,0,0,0,0,0,0,0,0,0,0,0,0,0
1686376997,0,1,0,0,0,0,0,0,0,0,0,0,0,0,0,0,0
1686377003,0,1,0,0,0,0,0,0,0,0,0,0,0,0,0,0,0
1686377009,0,1,0,0,0,0,0,0,0,0,0,0,0,0,0,0,0
1686377015,0,1,0,0,0,0,0,0,0,0,0,0,0,0,0,0,0
1686377021,0,1,0,0,0,0,0,0,0,0,0,0,0,0,0,0,0
1686377027,0,1,0,0,0,0,0,0,0,0,0,0,0,0,0,0,0
1686377033,0,1,0,0,0,0,0,0,0,0,0,0,0,0,0,0,0
1686377039,0,1,0,0,0,0,0,0,0,0,0,0,0,0,0,0,0
1686377045,0,1,0,0,0,0,0,0,0,0,0,0,0,0,0,0,0
1686377051,0,1,0,0,0,0,0,0,0,0,0,0,0,0,0,0,0
1686377057,0,1,0,0,0,0,0,0,0,0,0,0,0,0,0,0,0
1686377063,0,1,0,0,0,0,0,0,0,0,0,0,0,0,0,0,0
1686377069,0,1,0,0,0,0,0,0,0,0,0,0,0,0,0,0,0
1686377075,0,1,0,0,0,0,0,0,0,0,0,0,0,0,0,0,0
1686377081,0,1,0,0,0,0,0,0,0,0,0,0,0,0,0,0,0
1686377087,0,1,0,0,0,0,0,0,0,0,0,0,0,0,0,0,0
1686377093,0,1,0,0,0,0,0,0,0,0,0,0,0,0,0,0,0
1686377099,0,1,0,0,0,0,0,0,0,0,0,0,0,0,0,0,0
1686377105,0,1,0,0,0,0,0,0,0,0,0,0,0,0,0,0,0
1686377111,0,1,0,0,0,0,0,0,0,0,0,0,0,0,0,0,0
1686377117,0,1,0,0,0,0,0,0,0,0,0,0,0,0,0,0,0
1686377123,0,1,0,0,0,0,0,0,0,0,0,0,0,0,0,0,0
1686377129,0,1,0,0,0,0,0,0,0,0,0,0,0,0,0,0,0
1686377135,0,1,0,0,0,0,0,0,0,0,0,0,0,0,0,0,0
1686377141,0,1,0,0,0,0,0,0,0,0,0,0,0,0,0,0,0
1686377147,0,1,0,0,0,0,0,0,0,0,0,0,0,0,0,0,0
1686377153,0,1,0,0,0,0,0,0,0,0,0,0,0,0,0,0,0
1686377159,0,1,0,0,0,0,0,0,0,0,0,0,0,0,0,0,0
1686377165,0,1,0,0,0,0,0,0,0,0,0,0,0,0,0,0,0
1686377171,0,1,0,0,0,0,0,0,0,0,0,0,0,0,0,0,0
1686377177,0,1,0,0,0,0,0,0,0,0,0,0,0,0,0,0,0
1686377183,0,1,0,0,0,0,0,0,0,0,0,0,0,0,0,0,0
1686377189,0,1,0,0,0,0,0,0,0,0,0,0,0,0,0,0,0
1686377195,0,1,0,0,0,0,0,0,0,0,0,0,0,0,0,0,0
1686377201,0,1,0,0,0,0,0,0,0,0,0,0,0,0,0,0,0
1686377207,0,1,0,0,0,0,0,0,0,0,0,0,0,0,0,0,0
1686377213,0,1,0,0,0,0,0,0,0,0,0,0,0,0,0,0,0
1686377219,0,1,0,0,0,0,0,0,0,0,0,0,0,0,0,0,0
1686377225,0,1,0,0,0,0,0,0,0,0,0,0,0,0,0,0,0
1686377231,0,1,0,0,0,0,0,0,0,0,0,0,0,0,0,0,0
1686377237,0,1,0,0,0,0,0,0,0,0,0,0,0,0,0,0,0
1686377243,0,1,0,0,0,0,0,0,0,0,0,0,0,0,0,0,0
1686377249,0,1,0,0,0,0,0,0,0,0,0,0,0,0,0,0,0
1686377255,0,1,0,0,0,0,0,0,0,0,0,0,0,0,0,0,0
1686377261,0,1,0,0,0,0,0,0,0,0,0,0,0,0,0,0,0
1686377267,0,1,0,0,0,0,0,0,0,0,0,0,0,0,0,0,0
1686377273,0,1,0,0,0,0,0,0,0,0,0,0,0,0,0,0,0
1686377279,0,1,0,0,0,0,0,0,0,0,0,0,0,0,0,0,0
1686377285,0,1,0,0,0,0,0,0,0,0,0,0,0,0,0,0,0
1686377291,0,1,0,0,0,0,0,0,0,0,0,0,0,0,0,0,0
1686377297,0,1,0,0,0,0,0,0,0,0,0,0,0,0,0,0,0
1686377303,0,1,0,0,0,0,0,0,0,0,0,0,0,0,0,0,0
1686377309,0,1,0,0,0,0,0,0,0,0,0,0,0,0,0,0,0
1686377315,0,1,0,0,0,0,0,0,0,0,0,0,0,0,0,0,0
1686377321,0,1,0,0,0,0,0,0,0,0,0,0,0,0,0,0,0
1686377327,0,1,0,0,0,0,0,0,0,0,0,0,0,0,0,0,0
1686377333,0,1,0,0,0,0,0,0,0,0,0,0,0,0,0,0,0
1686377339,0,1,0,0,0,0,0,0,0,0,0,0,0,0,0,0,0
1686377345,0,1,0,0,0,0,0,0,0,0,0,0,0,0,0,0,0
1686377351,0,1,0,0,0,0,0,0,0,0,0,0,0,0,0,0,0
1686377357,0,1,0,0,0,0,0,0,0,0,0,0,0,0,0,0,0
1686377363,0,1,0,0,0,0,0,0,0,0,0,0,0,0,0,0,0
1686377369,0,1,0,0,0,0,0,0,0,0,0,0,0,0,0,0,0
1686377375,0,1,0,0,0,0,0,0,0,0,0,0,0,0,0,0,0
1686377381,0,1,0,0,0,0,0,0,0,0,0,0,0,0,0,0,0
1686377387,0,1,0,0,0,0,0,0,0,0,0,0,0,0,0,0,0
1686377393,0,1,0,0,0,0,0,0,0,0,0,0,0,0,0,0,0
1686377399,0,1,0,0,0,0,0,0,0,0,0,0,0,0,0,0,0
1686377405,0,1,0,0,0,0,0,0,0,0,0,0,0,0,0,0,0
1686377411,0,1,0,0,0,0,0,0,0,0,0,0,0,0,0,0,0
1686377417,0,1,0,0,0,0,0,0,0,0,0,0,0,0,0,0,0
1686377423,0,1,0,0,0,0,0,0,0,0,0,0,0,0,0,0,0
1686377429,0,1,0,0,0,0,0,0,0,0,0,0,0,0,0,0,0
1686377435,0,1,0,0,0,0,0,0,0,0,0,0,0,0,0,0,0
1686377441,0,1,0,0,0,0,0,0,0,0,0,0,0,0,0,0,0
1686377447,0,1,0,0,0,0,0,0,0,0,0,0,0,0,0,0,0
1686377453,0,1,0,0,0,0,0,0,0,0,0,0,0,0,0,0,0
1686377459,0,1,0,0,0,0,0,0,0,0,0,0,0,0,0,0,0
1686377465,0,1,0,0,0,0,0,0,0,0,0,0,0,0,0,0,0
1686377471,0,1,0,0,0,0,0,0,0,0,0,0,0,0,0,0,0
1686377477,0,1,0,0,0,0,0,0,0,0,0,0,0,0,0,0,0
1686377483,0,1,0,0,0,0,0,0,0,0,0,0,0,0,0,0,0
1686377489,0,1,0,0,0,0,0,0,0,0,0,0,0,0,0,0,0
1686377495,0,1,0,0,0,0,0,0,0,0,0,0,0,0,0,0,0
1686377501,0,1,0,0,0,0,0,0,0,0,0,0,0,0,0,0,0
1686377507,0,1,0,0,0,0,0,0,0,0,0,0,0,0,0,0,0
1686377513,0,1,0,0,0,0,0,0,0,0,0,0,0,0,0,0,0
1686377519,0,1,0,0,0,0,0,0,0,0,0,0,0,0,0,0,0
1686377525,0,1,0,0,0,0,0,0,0,0,0,0,0,0,0,0,0
1686377531,0,1,0,0,0,0,0,0,0,0,0,0,0,0,0,0,0
1686377537,0,1,0,0,0,0,0,0,0,0,0,0,0,0,0,0,0
1686377543,0,1,0,0,0,0,0,0,0,0,0,0,0,0,0,0,0
1686377549,0,1,0,0,0,0,0,0,0,0,0,0,0,0,0,0,0
1686377555,0,1,0,0,0,0,0,0,0,0,0,0,0,0,0,0,0
1686377561,0,1,0,0,0,0,0,0,0,0,0,0,0,0,0,0,0
1686377567,0,1,0,0,0,0,0,0,0,0,0,0,0,0,0,0,0
1686377573,0,1,0,0,0,0,0,0,0,0,0,0,0,0,0,0,0
1686377579,0,1,0,0,0,0,0,0,0,0,0,0,0,0,0,0,0
1686377585,0,1,0,0,0,0,0,0,0,0,0,0,0,0,0,0,0
1686377591,0,1,0,0,0,0,0,0,0,0,0,0,0,0,0,0,0
1686377597,0,1,0,0,0,0,0,0,0,0,0,0,0,0,0,0,0
1686377603,0,1,0,0,0,0,0,0,0,0,0,0,0,0,0,0,0
1686377609,0,1,0,0,0,0,0,0,0,0,0,0,0,0,0,0,0
1686377615,0,1,0,0,0,0,0,0,0,0,0,0,0,0,0,0,0
1686377621,0,1,0,0,0,0,0,0,0,0,0,0,0,0,0,0,0
1686377627,0,1,0,0,0,0,0,0,0,0,0,0,0,0,0,0,0
1686377633,0,1,0,0,0,0,0,0,0,0,0,0,0,0,0,0,0
1686377639,0,1,0,0,0,0,0,0,0,0,0,0,0,0,0,0,0
1686377645,0,1,0,0,0,0,0,0,0,0,0,0,0,0,0,0,0
1686377651,0,1,0,0,0,0,0,0,0,0,0,0,0,0,0,0,0
1686377657,0,1,0,0,0,0,0,0,0,0,0,0,0,0,0,0,0
1686377663,0,1,0,0,0,0,0,0,0,0,0,0,0,0,0,0,0
1686377669,0,1,0,0,0,0,0,0,0,0,0,0,0,0,0,0,0
1686377675,0,1,0,0,0,0,0,0,0,0,0,0,0,0,0,0,0
1686377681,0,1,0,0,0,0,0,0,0,0,0,0,0,0,0,0,0
1686377687,0,1,0,0,0,0,0,0,0,0,0,0,0,0,0,0,0
1686377693,0,1,0,0,0,0,0,0,0,0,0,0,0,0,0,0,0
1686377699,0,1,0,0,0,0,0,0,0,0,0,0,0,0,0,0,0
1686377705,0,1,0,0,0,0,0,0,0,0,0,0,0,0,0,0,0
1686377711,0,1,0,0,0,0,0,0,0,0,0,0,0,0,0,0,0
1686377717,0,1,0,0,0,0,0,0,0,0,0,0,0,0,0,0,0
1686377723,0,1,0,0,0,0,0,0,0,0,0,0,0,0,0,0,0
1686377729,0,1,0,0,0,0,0,0,0,0,0,0,0,0,0,0,0
1686377735,0,1,0,0,0,0,0,0,0,0,0,0,0,0,0,0,0
1686377741,0,1,0,0,0,0,0,0,0,0,0,0,0,0,0,0,0
1686377747,0,1,0,0,0,0,0,0,0,0,0,0,0,0,0,0,0
1686377753,0,1,0,0,0,0,0,0,0,0,0,0,0,0,0,0,0
1686377759,0,1,0,0,0,0,0,0,0,0,0,0,0,0,0,0,0
1686377765,0,1,0,0,0,0,0,0,0,0,0,0,0,0,0,0,0
1686377771,0,1,0,0,0,0,0,0,0,0,0,0,0,0,0,0,0
1686377777,0,1,0,0,0,0,0,0,0,0,0,0,0,0,0,0,0
1686377783,0,1,0,0,0,0,0,0,0,0,0,0,0,0,0,0,0
1686377789,0,1,0,0,0,0,0,0,0,0,0,0,0,0,0,0,0
1686377795,0,1,0,0,0,0,0,0,0,0,0,0,0,0,0,0,0
1686377801,0,1,0,0,0,0,0,0,0,0,0,0,0,0,0,0,0
1686377807,0,1,0,0,0,0,0,0,0,0,0,0,0,0,0,0,0
1686377813,0,1,0,0,0,0,0,0,0,0,0,0,0,0,0,0,0
1686377819,0,1,0,0,0,0,0,0,0,0,0,0,0,0,0,0,0
1686377825,0,1,0,0,0,0,0,0,0,0,0,0,0,0,0,0,0
1686377831,0,1,0,0,0,0,0,0,0,0,0,0,0,0,0,0,0
1686377837,0,1,0,0,0,0,0,0,0,0,0,0,0,0,0,0,0
1686377843,0,1,0,0,0,0,0,0,0,0,0,0,0,0,0,0,0
1686377849,0,1,0,0,0,0,0,0,0,0,0,0,0,0,0,0,0
1686377855,0,1,0,0,0,0,0,0,0,0,0,0,0,0,0,0,0
1686377861,0,1,0,0,0,0,0,0,0,0,0,0,0,0,0,0,0
1686377867,0,1,0,0,0,0,0,0,0,0,0,0,0,0,0,0,0
1686377873,0,1,0,0,0,0,0,0,0,0,0,0,0,0,0,0,0
1686377879,0,1,0,0,0,0,0,0,0,0,0,0,0,0,0,0,0
1686377885,0,1,0,0,0,0,0,0,0,0,0,0,0,0,0,0,0
1686377891,0,1,0,0,0,0,0,0,0,0,0,0,0,0,0,0,0
1686377897,0,1,0,0,0,0,0,0,0,0,0,0,0,0,0,0,0
1686377903,0,1,0,0,0,0,0,0,0,0,0,0,0,0,0,0,0
1686377909,0,1,0,0,0,0,0,0,0,0,0,0,0,0,0,0,0
1686377915,0,1,0,0,0,0,0,0,0,0,0,0,0,0,0,0,0
1686377921,0,1,0,0,0,0,0,0,0,0,0,0,0,0,0,0,0
1686377927,0,1,0,0,0,0,0,0,0,0,0,0,0,0,0,0,0
1686377933,0,1,0,0,0,0,0,0,0,0,0,0,0,0,0,0,0
1686377939,0,1,0,0,0,0,0,0,0,0,0,0,0,0,0,0,0
1686377945,0,1,0,0,0,0,0,0,0,0,0,0,0,0,0,0,0
1686377951,0,1,0,0,0,0,0,0,0,0,0,0,0,0,0,0,0
1686377957,0,1,0,0,0,0,0,0,0,0,0,0,0,0,0,0,0
1686377963,0,1,0,0,0,0,0,0,0,0,0,0,0,0,0,0,0
1686377969,0,1,0,0,0,0,0,0,0,0,0,0,0,0,0,0,0
1686377975,0,1,0,0,0,0,0,0,0,0,0,0,0,0,0,0,0
1686377981,0,1,0,0,0,0,0,0,0,0,0,0,0,0,0,0,0
1686377987,0,1,0,0,0,0,0,0,0,0,0,0,0,0,0,0,0
1686377993,0,1,0,0,0,0,0,0,0,0,0,0,0,0,0,0,0
1686377999,0,1,0,0,0,0,0,0,0,0,0,0,0,0,0,0,0
1686378005,0,1,0,0,0,0,0,0,0,0,0,0,0,0,0,0,0
1686378011,0,1,0,0,0,0,0,0,0,0,0,0,0,0,0,0,0
1686378017,0,1,0,0,0,0,0,0,0,0,0,0,0,0,0,0,0
1686378023,0,1,0,0,0,0,0,0,0,0,0,0,0,0,0,0,0
1686378029,0,1,0,0,0,0,0,0,0,0,0,0,0,0,0,0,0
1686378035,0,1,0,0,0,0,0,0,0,0,0,0,0,0,0,0,0
1686378041,0,1,0,0,0,0,0,0,0,0,0,0,0,0,0,0,0
1686378047,0,1,0,0,0,0,0,0,0,0,0,0,0,0,0,0,0
1686378053,0,1,0,0,0,0,0,0,0,0,0,0,0,0,0,0,0
1686378059,0,1,0,0,0,0,0,0,0,0,0,0,0,0,0,0,0
1686378065,0,1,0,0,0,0,0,0,0,0,0,0,0,0,0,0,0
1686378071,0,1,0,0,0,0,0,0,0,0,0,0,0,0,0,0,0
1686378077,0,1,0,0,0,0,0,0,0,0,0,0,0,0,0,0,0
1686378083,0,1,0,0,0,0,0,0,0,0,0,0,0,0,0,0,0
1686378089,0,1,0,0,0,0,0,0,0,0,0,0,0,0,0,0,0
1686378095,0,1,0,0,0,0,0,0,0,0,0,0,0,0,0,0,0
1686378101,0,1,0,0,0,0,0,0,0,0,0,0,0,0,0,0,0
1686378107,0,1,0,0,0,0,0,0,0,0,0,0,0,0,0,0,0
1686378113,0,1,0,0,0,0,0,0,0,0,0,0,0,0,0,0,0
1686378119,0,1,0,0,0,0,0,0,0,0,0,0,0,0,0,0,0
1686378125,0,1,0,0,0,0,0,0,0,0,0,0,0,0,0,0,0
1686378131,0,1,0,0,0,0,0,0,0,0,0,0,0,0,0,0,0
1686378137,0,1,0,0,0,0,0,0,0,0,0,0,0,0,0,0,0
1686378143,0,1,0,0,0,0,0,0,0,0,0,0,0,0,0,0,0
1686378149,0,1,0,0,0,0,0,0,0,0,0,0,0,0,0,0,0
1686378155,0,1,0,0,0,0,0,0,0,0,0,0,0,0,0,0,0
1686378161,0,1,0,0,0,0,0,0,0,0,0,0,0,0,0,0,0
1686378167,0,1,0,0,0,0,0,0,0,0,0,0,0,0,0,0,0
1686378173,0,1,0,0,0,0,0,0,0,0,0,0,0,0,0,0,0
1686378179,0,1,0,0,0,0,0,0,0,0,0,0,0,0,0,0,0
1686378185,0,1,0,0,0,0,0,0,0,0,0,0,0,0,0,0,0
1686378191,0,1,0,0,0,0,0,0,0,0,0,0,0,0,0,0,0
1686378197,0,1,0,0,0,0,0,0,0,0,0,0,0,0,0,0,0
1686378203,0,1,0,0,0,0,0,0,0,0,0,0,0,0,0,0,0
1686378209,0,1,0,0,0,0,0,0,0,0,0,0,0,0,0,0,0
1686378215,0,1,0,0,0,0,0,0,0,0,0,0,0,0,0,0,0
1686378221,0,1,0,0,0,0,0,0,0,0,0,0,0,0,0,0,0
1686378227,0,1,0,0,0,0,0,0,0,0,0,0,0,0,0,0,0
1686378233,0,1,0,0,0,0,0,0,0,0,0,0,0,0,0,0,0
1686378239,0,1,0,0,0,0,0,0,0,0,0,0,0,0,0,0,0
1686378245,0,1,0,0,0,0,0,0,0,0,0,0,0,0,0,0,0
1686378251,0,1,0,0,0,0,0,0,0,0,0,0,0,0,0,0,0
1686378257,0,1,0,0,0,0,0,0,0,0,0,0,0,0,0,0,0
1686378263,0,1,0,0,0,0,0,0,0,0,0,0,0,0,0,0,0
1686378269,0,1,0,0,0,0,0,0,0,0,0,0,0,0,0,0,0
1686378275,0,1,0,0,0,0,0,0,0,0,0,0,0,0,0,0,0
1686378281,0,1,0,0,0,0,0,0,0,0,0,0,0,0,0,0,0
1686378287,0,1,0,0,0,0,0,0,0,0,0,0,0,0,0,0,0
1686378293,0,1,0,0,0,0,0,0,0,0,0,0,0,0,0,0,0
1686378299,0,1,0,0,0,0,0,0,0,0,0,0,0,0,0,0,0
1686378305,0,1,0,0,0,0,0,0,0,0,0,0,0,0,0,0,0
1686378311,0,1,0,0,0,0,0,0,0,0,0,0,0,0,0,0,0
1686378317,0,1,0,0,0,0,0,0,0,0,0,0,0,0,0,0,0
1686378323,0,1,0,0,0,0,0,0,0,0,0,0,0,0,0,0,0
1686378329,0,1,0,0,0,0,0,0,0,0,0,0,0,0,0,0,0
1686378335,0,1,0,0,0,0,0,0,0,0,0,0,0,0,0,0,0
1686378341,0,1,0,0,0,0,0,0,0,0,0,0,0,0,0,0,0
1686378347,0,1,0,0,0,0,0,0,0,0,0,0,0,0,0,0,0
1686378353,0,1,0,0,0,0,0,0,0,0,0,0,0,0,0,0,0
1686378359,0,1,0,0,0,0,0,0,0,0,0,0,0,0,0,0,0
1686378365,0,1,0,0,0,0,0,0,0,0,0,0,0,0,0,0,0
1686378371,0,1,0,0,0,0,0,0,0,0,0,0,0,0,0,0,0
1686378377,0,1,0,0,0,0,0,0,0,0,0,0,0,0,0,0,0
1686378383,0,1,0,0,0,0,0,0,0,0,0,0,0,0,0,0,0
1686378389,0,1,0,0,0,0,0,0,0,0,0,0,0,0,0,0,0
1686378395,0,1,0,0,0,0,0,0,0,0,0,0,0,0,0,0,0
1686378401,0,1,0,0,0,0,0,0,0,0,0,0,0,0,0,0,0
1686378407,0,1,0,0,0,0,0,0,0,0,0,0,0,0,0,0,0
1686378413,0,1,0,0,0,0,0,0,0,0,0,0,0,0,0,0,0
1686378419,0,1,0,0,0,0,0,0,0,0,0,0,0,0,0,0,0
1686378425,0,1,0,0,0,0,0,0,0,0,0,0,0,0,0,0,0
1686378431,0,1,0,0,0,0,0,0,0,0,0,0,0,0,0,0,0
1686378437,0,1,0,0,0,0,0,0,0,0,0,0,0,0,0,0,0
1686378443,0,1,0,0,0,0,0,0,0,0,0,0,0,0,0,0,0
1686378449,0,1,0,0,0,0,0,0,0,0,0,0,0,0,0,0,0
1686378455,0,1,0,0,0,0,0,0,0,0,0,0,0,0,0,0,0
1686378461,0,1,0,0,0,0,0,0,0,0,0,0,0,0,0,0,0
1686378467,0,1,0,0,0,0,0,0,0,0,0,0,0,0,0,0,0
1686378473,0,1,0,0,0,0,0,0,0,0,0,0,0,0,0,0,0
1686378479,0,1,0,0,0,0,0,0,0,0,0,0,0,0,0,0,0
1686378485,0,1,0,0,0,0,0,0,0,0,0,0,0,0,0,0,0
1686378491,0,1,0,0,0,0,0,0,0,0,0,0,0,0,0,0,0
1686378497,0,1,0,0,0,0,0,0,0,0,0,0,0,0,0,0,0
1686378503,0,1,0,0,0,0,0,0,0,0,0,0,0,0,0,0,0
1686378509,0,1,0,0,0,0,0,0,0,0,0,0,0,0,0,0,0
1686378515,0,1,0,0,0,0,0,0,0,0,0,0,0,0,0,0,0
1686378521,0,1,0,0,0,0,0,0,0,0,0,0,0,0,0,0,0
1686378527,0,1,0,0,0,0,0,0,0,0,0,0,0,0,0,0,0
1686378533,0,1,0,0,0,0,0,0,0,0,0,0,0,0,0,0,0
1686378539,0,1,0,0,0,0,0,0,0,0,0,0,0,0,0,0,0
1686378545,0,1,0,0,0,0,0,0,0,0,0,0,0,0,0,0,0
1686378551,0,1,0,0,0,0,0,0,0,0,0,0,0,0,0,0,0
1686378557,0,1,0,0,0,0,0,0,0,0,0,0,0,0,0,0,0
1686378563,0,1,0,0,0,0,0,0,0,0,0,0,0,0,0,0,0
1686378569,0,1,0,0,0,0,0,0,0,0,0,0,0,0,0,0,0
1686378575,0,1,0,0,0,0,0,0,0,0,0,0,0,0,0,0,0
1686378581,0,1,0,0,0,0,0,0,0,0,0,0,0,0,0,0,0
1686378587,0,1,0,0,0,0,0,0,0,0,0,0,0,0,0,0,0
1686378593,0,1,0,0,0,0,0,0,0,0,0,0,0,0,0,0,0
1686378599,0,1,0,0,0,0,0,0,0,0,0,0,0,0,0,0,0
1686378605,0,1,0,0,0,0,0,0,0,0,0,0,0,0,0,0,0
1686378611,0,1,0,0,0,0,0,0,0,0,0,0,0,0,0,0,0
1686378617,0,1,0,0,0,0,0,0,0,0,0,0,0,0,0,0,0
1686378623,0,1,0,0,0,0,0,0,0,0,0,0,0,0,0,0,0
1686378629,0,1,0,0,0,0,0,0,0,0,0,0,0,0,0,0,0
1686378635,0,1,0,0,0,0,0,0,0,0,0,0,0,0,0,0,0
1686378641,0,1,0,0,0,0,0,0,0,0,0,0,0,0,0,0,0
1686378647,0,1,0,0,0,0,0,0,0,0,0,0,0,0,0,0,0
1686378653,0,1,0,0,0,0,0,0,0,0,0,0,0,0,0,0,0
1686378659,0,1,0,0,0,0,0,0,0,0,0,0,0,0,0,0,0
1686378665,0,1,0,0,0,0,0,0,0,0,0,0,0,0,0,0,0
1686378671,0,1,0,0,0,0,0,0,0,0,0,0,0,0,0,0,0
1686378677,0,1,0,0,0,0,0,0,0,0,0,0,0,0,0,0,0
1686378683,0,1,0,0,0,0,0,0,0,0,0,0,0,0,0,0,0
1686378689,0,1,0,0,0,0,0,0,0,0,0,0,0,0,0,0,0
1686378695,0,1,0,0,0,0,0,0,0,0,0,0,0,0,0,0,0
1686378701,0,1,0,0,0,0,0,0,0,0,0,0,0,0,0,0,0
1686378707,0,1,0,0,0,0,0,0,0,0,0,0,0,0,0,0,0
1686378713,0,1,0,0,0,0,0,0,0,0,0,0,0,0,0,0,0
1686378719,0,1,0,0,0,0,0,0,0,0,0,0,0,0,0,0,0
1686378725,0,1,0,0,0,0,0,0,0,0,0,0,0,0,0,0,0
1686378731,0,1,0,0,0,0,0,0,0,0,0,0,0,0,0,0,0
1686378737,0,1,0,0,0,0,0,0,0,0,0,0,0,0,0,0,0
1686378743,0,1,0,0,0,0,0,0,0,0,0,0,0,0,0,0,0
1686378749,0,1,0,0,0,0,0,0,0,0,0,0,0,0,0,0,0
1686378755,0,1,0,0,0,0,0,0,0,0,0,0,0,0,0,0,0
1686378761,0,1,0,0,0,0,0,0,0,0,0,0,0,0,0,0,0
1686378767,0,1,0,0,0,0,0,0,0,0,0,0,0,0,0,0,0
1686378773,0,1,0,0,0,0,0,0,0,0,0,0,0,0,0,0,0
1686378779,0,1,0,0,0,0,0,0,0,0,0,0,0,0,0,0,0
1686378785,0,1,0,0,0,0,0,0,0,0,0,0,0,0,0,0,0
1686378791,0,1,0,0,0,0,0,0,0,0,0,0,0,0,0,0,0
1686378797,0,1,0,0,0,0,0,0,0,0,0,0,0,0,0,0,0
1686378803,0,1,0,0,0,0,0,0,0,0,0,0,0,0,0,0,0
1686378809,0,1,0,0,0,0,0,0,0,0,0,0,0,0,0,0,0
1686378815,0,1,0,0,0,0,0,0,0,0,0,0,0,0,0,0,0
1686378821,0,1,0,0,0,0,0,0,0,0,0,0,0,0,0,0,0
1686378827,0,1,0,0,0,0,0,0,0,0,0,0,0,0,0,0,0
1686378833,0,1,0,0,0,0,0,0,0,0,0,0,0,0,0,0,0
1686378839,0,1,0,0,0,0,0,0,0,0,0,0,0,0,0,0,0
1686378845,0,1,0,0,0,0,0,0,0,0,0,0,0,0,0,0,0
1686378851,0,1,0,0,0,0,0,0,0,0,0,0,0,0,0,0,0
1686378857,0,1,0,0,0,0,0,0,0,0,0,0,0,0,0,0,0
1686378863,0,1,0,0,0,0,0,0,0,0,0,0,0,0,0,0,0
1686378869,0,1,0,0,0,0,0,0,0,0,0,0,0,0,0,0,0
1686378875,0,1,0,0,0,0,0,0,0,0,0,0,0,0,0,0,0
1686378881,0,1,0,0,0,0,0,0,0,0,0,0,0,0,0,0,0
1686378887,0,1,0,0,0,0,0,0,0,0,0,0,0,0,0,0,0
1686378893,0,1,0,0,0,0,0,0,0,0,0,0,0,0,0,0,0
1686378899,0,1,0,0,0,0,0,0,0,0,0,0,0,0,0,0,0
1686378905,0,1,0,0,0,0,0,0,0,0,0,0,0,0,0,0,0
1686378911,0,1,0,0,0,0,0,0,0,0,0,0,0,0,0,0,0
1686378917,0,1,0,0,0,0,0,0,0,0,0,0,0,0,0,0,0
1686378923,0,1,0,0,0,0,0,0,0,0,0,0,0,0,0,0,0
1686378929,0,1,0,0,0,0,0,0,0,0,0,0,0,0,0,0,0
1686378935,0,1,0,0,0,0,0,0,0,0,0,0,0,0,0,0,0
1686378941,0,1,0,0,0,0,0,0,0,0,0,0,0,0,0,0,0
1686378947,0,1,0,0,0,0,0,0,0,0,0,0,0,0,0,0,0
1686378953,0,1,0,0,0,0,0,0,0,0,0,0,0,0,0,0,0
1686378959,0,1,0,0,0,0,0,0,0,0,0,0,0,0,0,0,0
1686378965,0,1,0,0,0,0,0,0,0,0,0,0,0,0,0,0,0
1686378971,0,1,0,0,0,0,0,0,0,0,0,0,0,0,0,0,0
1686378977,0,1,0,0,0,0,0,0,0,0,0,0,0,0,0,0,0
1686378983,0,1,0,0,0,0,0,0,0,0,0,0,0,0,0,0,0
1686378989,0,1,0,0,0,0,0,0,0,0,0,0,0,0,0,0,0
1686378995,0,1,0,0,0,0,0,0,0,0,0,0,0,0,0,0,0
1686379001,0,1,0,0,0,0,0,0,0,0,0,0,0,0,0,0,0
1686379007,0,1,0,0,0,0,0,0,0,0,0,0,0,0,0,0,0
1686379013,0,1,0,0,0,0,0,0,0,0,0,0,0,0,0,0,0
1686379019,0,1,0,0,0,0,0,0,0,0,0,0,0,0,0,0,0
1686379025,0,1,0,0,0,0,0,0,0,0,0,0,0,0,0,0,0
1686379031,0,1,0,0,0,0,0,0,0,0,0,0,0,0,0,0,0
1686379037,0,1,0,0,0,0,0,0,0,0,0,0,0,0,0,0,0
1686379043,0,1,0,0,0,0,0,0,0,0,0,0,0,0,0,0,0
1686379049,0,1,0,0,0,0,0,0,0,0,0,0,0,0,0,0,0
1686379055,0,1,0,0,0,0,0,0,0,0,0,0,0,0,0,0,0
1686379061,0,1,0,0,0,0,0,0,0,0,0,0,0,0,0,0,0
1686379067,0,1,0,0,0,0,0,0,0,0,0,0,0,0,0,0,0
1686379073,0,1,0,0,0,0,0,0,0,0,0,0,0,0,0,0,0
1686379079,0,1,0,0,0,0,0,0,0,0,0,0,0,0,0,0,0
1686379085,0,1,0,0,0,0,0,0,0,0,0,0,0,0,0,0,0
1686379091,0,1,0,0,0,0,0,0,0,0,0,0,0,0,0,0,0
1686379097,0,1,0,0,0,0,0,0,0,0,0,0,0,0,0,0,0
1686379103,0,1,0,0,0,0,0,0,0,0,0,0,0,0,0,0,0
1686379109,0,1,0,0,0,0,0,0,0,0,0,0,0,0,0,0,0
1686379115,0,1,0,0,0,0,0,0,0,0,0,0,0,0,0,0,0
1686379121,0,1,0,0,0,0,0,0,0,0,0,0,0,0,0,0,0
1686379127,0,1,0,0,0,0,0,0,0,0,0,0,0,0,0,0,0
1686379133,0,1,0,0,0,0,0,0,0,0,0,0,0,0,0,0,0
1686379139,0,1,0,0,0,0,0,0,0,0,0,0,0,0,0,0,0
1686379145,0,1,0,0,0,0,0,0,0,0,0,0,0,0,0,0,0
1686379151,0,1,0,0,0,0,0,0,0,0,0,0,0,0,0,0,0
1686379157,0,1,0,0,0,0,0,0,0,0,0,0,0,0,0,0,0
1686379163,0,1,0,0,0,0,0,0,0,0,0,0,0,0,0,0,0
1686379169,0,1,0,0,0,0,0,0,0,0,0,0,0,0,0,0,0
1686379175,0,1,0,0,0,0,0,0,0,0,0,0,0,0,0,0,0
1686379181,0,1,0,0,0,0,0,0,0,0,0,0,0,0,0,0,0
1686379187,0,1,0,0,0,0,0,0,0,0,0,0,0,0,0,0,0
1686379193,0,1,0,0,0,0,0,0,0,0,0,0,0,0,0,0,0
1686379199,0,1,0,0,0,0,0,0,0,0,0,0,0,0,0,0,0
1686379205,0,1,0,0,0,0,0,0,0,0,0,0,0,0,0,0,0
1686379211,0,1,0,0,0,0,0,0,0,0,0,0,0,0,0,0,0
1686379217,0,1,0,0,0,0,0,0,0,0,0,0,0,0,0,0,0
1686379223,0,1,0,0,0,0,0,0,0,0,0,0,0,0,0,0,0
1686379229,0,1,0,0,0,0,0,0,0,0,0,0,0,0,0,0,0
1686379235,0,1,0,0,0,0,0,0,0,0,0,0,0,0,0,0,0
1686379241,0,1,0,0,0,0,0,0,0,0,0,0,0,0,0,0,0
1686379247,0,1,0,0,0,0,0,0,0,0,0,0,0,0,0,0,0
1686379253,0,1,0,0,0,0,0,0,0,0,0,0,0,0,0,0,0
1686379259,0,1,0,0,0,0,0,0,0,0,0,0,0,0,0,0,0
1686379265,0,1,0,0,0,0,0,0,0,0,0,0,0,0,0,0,0
1686379271,0,1,0,0,0,0,0,0,0,0,0,0,0,0,0,0,0
1686379277,0,1,0,0,0,0,0,0,0,0,0,0,0,0,0,0,0
1686379283,0,1,0,0,0,0,0,0,0,0,0,0,0,0,0,0,0
1686379289,0,1,0,0,0,0,0,0,0,0,0,0,0,0,0,0,0
1686379295,0,1,0,0,0,0,0,0,0,0,0,0,0,0,0,0,0
1686379301,0,1,0,0,0,0,0,0,0,0,0,0,0,0,0,0,0
1686379307,0,1,0,0,0,0,0,0,0,0,0,0,0,0,0,0,0
1686379313,0,1,0,0,0,0,0,0,0,0,0,0,0,0,0,0,0
1686379319,0,1,0,0,0,0,0,0,0,0,0,0,0,0,0,0,0
1686379325,0,1,0,0,0,0,0,0,0,0,0,0,0,0,0,0,0
1686379331,0,1,0,0,0,0,0,0,0,0,0,0,0,0,0,0,0
1686379337,0,1,0,0,0,0,0,0,0,0,0,0,0,0,0,0,0
1686379343,0,1,0,0,0,0,0,0,0,0,0,0,0,0,0,0,0
1686379349,0,1,0,0,0,0,0,0,0,0,0,0,0,0,0,0,0
1686379355,0,1,0,0,0,0,0,0,0,0,0,0,0,0,0,0,0
1686379361,0,1,0,0,0,0,0,0,0,0,0,0,0,0,0,0,0
1686379367,0,1,0,0,0,0,0,0,0,0,0,0,0,0,0,0,0
1686379373,0,1,0,0,0,0,0,0,0,0,0,0,0,0,0,0,0
1686379379,0,1,0,0,0,0,0,0,0,0,0,0,0,0,0,0,0
1686379385,0,1,0,0,0,0,0,0,0,0,0,0,0,0,0,0,0
1686379391,0,1,0,0,0,0,0,0,0,0,0,0,0,0,0,0,0
1686379397,0,1,0,0,0,0,0,0,0,0,0,0,0,0,0,0,0
1686379403,0,1,0,0,0,0,0,0,0,0,0,0,0,0,0,0,0
1686379409,0,1,0,0,0,0,0,0,0,0,0,0,0,0,0,0,0
1686379415,0,1,0,0,0,0,0,0,0,0,0,0,0,0,0,0,0
1686379421,0,1,0,0,0,0,0,0,0,0,0,0,0,0,0,0,0
1686379427,0,1,0,0,0,0,0,0,0,0,0,0,0,0,0,0,0
1686379433,0,1,0,0,0,0,0,0,0,0,0,0,0,0,0,0,0
1686379439,0,1,0,0,0,0,0,0,0,0,0,0,0,0,0,0,0
1686379445,0,1,0,0,0,0,0,0,0,0,0,0,0,0,0,0,0
1686379451,0,1,0,0,0,0,0,0,0,0,0,0,0,0,0,0,0
1686379457,0,1,0,0,0,0,0,0,0,0,0,0,0,0,0,0,0
1686379463,0,1,0,0,0,0,0,0,0,0,0,0,0,0,0,0,0
1686379469,0,1,0,0,0,0,0,0,0,0,0,0,0,0,0,0,0
1686379475,0,1,0,0,0,0,0,0,0,0,0,0,0,0,0,0,0
1686379481,0,1,0,0,0,0,0,0,0,0,0,0,0,0,0,0,0
1686379487,0,1,0,0,0,0,0,0,0,0,0,0,0,0,0,0,0
1686379493,0,1,0,0,0,0,0,0,0,0,0,0,0,0,0,0,0
1686379499,0,1,0,0,0,0,0,0,0,0,0,0,0,0,0,0,0
1686379505,0,1,0,0,0,0,0,0,0,0,0,0,0,0,0,0,0
1686379511,0,1,0,0,0,0,0,0,0,0,0,0,0,0,0,0,0
1686379517,0,1,0,0,0,0,0,0,0,0,0,0,0,0,0,0,0
1686379523,0,1,0,0,0,0,0,0,0,0,0,0,0,0,0,0,0
1686379529,0,1,0,0,0,0,0,0,0,0,0,0,0,0,0,0,0
1686379535,0,1,0,0,0,0,0,0,0,0,0,0,0,0,0,0,0
1686379541,0,1,0,0,0,0,0,0,0,0,0,0,0,0,0,0,0
1686379547,0,1,0,0,0,0,0,0,0,0,0,0,0,0,0,0,0
1686379553,0,1,0,0,0,0,0,0,0,0,0,0,0,0,0,0,0
1686379559,0,1,0,0,0,0,0,0,0,0,0,0,0,0,0,0,0
1686379565,0,1,0,0,0,0,0,0,0,0,0,0,0,0,0,0,0
1686379571,0,1,0,0,0,0,0,0,0,0,0,0,0,0,0,0,0
1686379577,0,1,0,0,0,0,0,0,0,0,0,0,0,0,0,0,0
1686379583,0,1,0,0,0,0,0,0,0,0,0,0,0,0,0,0,0
1686379589,0,1,0,0,0,0,0,0,0,0,0,0,0,0,0,0,0
1686379595,0,1,0,0,0,0,0,0,0,0,0,0,0,0,0,0,0
1686379601,0,1,0,0,0,0,0,0,0,0,0,0,0,0,0,0,0
1686379607,0,1,0,0,0,0,0,0,0,0,0,0,0,0,0,0,0
1686379613,0,1,0,0,0,0,0,0,0,0,0,0,0,0,0,0,0
1686379619,0,1,0,0,0,0,0,0,0,0,0,0,0,0,0,0,0
1686379625,0,1,0,0,0,0,0,0,0,0,0,0,0,0,0,0,0
1686379631,0,1,0,0,0,0,0,0,0,0,0,0,0,0,0,0,0
1686379637,0,1,0,0,0,0,0,0,0,0,0,0,0,0,0,0,0
1686379643,0,1,0,0,0,0,0,0,0,0,0,0,0,0,0,0,0
1686379649,0,1,0,0,0,0,0,0,0,0,0,0,0,0,0,0,0
1686379655,0,1,0,0,0,0,0,0,0,0,0,0,0,0,0,0,0
1686379661,0,1,0,0,0,0,0,0,0,0,0,0,0,0,0,0,0
1686379667,0,1,0,0,0,0,0,0,0,0,0,0,0,0,0,0,0
1686379673,0,1,0,0,0,0,0,0,0,0,0,0,0,0,0,0,0
1686379679,0,1,0,0,0,0,0,0,0,0,0,0,0,0,0,0,0
1686379685,0,1,0,0,0,0,0,0,0,0,0,0,0,0,0,0,0
1686379691,0,1,0,0,0,0,0,0,0,0,0,0,0,0,0,0,0
1686379697,0,1,0,0,0,0,0,0,0,0,0,0,0,0,0,0,0
1686379703,0,1,0,0,0,0,0,0,0,0,0,0,0,0,0,0,0
1686379709,0,1,0,0,0,0,0,0,0,0,0,0,0,0,0,0,0
1686379715,0,1,0,0,0,0,0,0,0,0,0,0,0,0,0,0,0
1686379721,0,1,0,0,0,0,0,0,0,0,0,0,0,0,0,0,0
1686379727,0,1,0,0,0,0,0,0,0,0,0,0,0,0,0,0,0
1686379733,0,1,0,0,0,0,0,0,0,0,0,0,0,0,0,0,0
1686379739,0,1,0,0,0,0,0,0,0,0,0,0,0,0,0,0,0
1686379745,0,1,0,0,0,0,0,0,0,0,0,0,0,0,0,0,0
1686379751,0,1,0,0,0,0,0,0,0,0,0,0,0,0,0,0,0
1686379757,0,1,0,0,0,0,0,0,0,0,0,0,0,0,0,0,0
1686379763,0,1,0,0,0,0,0,0,0,0,0,0,0,0,0,0,0
1686379769,0,1,0,0,0,0,0,0,0,0,0,0,0,0,0,0,0
1686379775,0,1,0,0,0,0,0,0,0,0,0,0,0,0,0,0,0
1686379781,0,1,0,0,0,0,0,0,0,0,0,0,0,0,0,0,0
1686379787,0,1,0,0,0,0,0,0,0,0,0,0,0,0,0,0,0
1686379793,0,1,0,0,0,0,0,0,0,0,0,0,0,0,0,0,0
1686379799,0,1,0,0,0,0,0,0,0,0,0,0,0,0,0,0,0
1686379805,0,1,0,0,0,0,0,0,0,0,0,0,0,0,0,0,0
1686379811,0,1,0,0,0,0,0,0,0,0,0,0,0,0,0,0,0
1686379817,0,1,0,0,0,0,0,0,0,0,0,0,0,0,0,0,0
1686379823,0,1,0,0,0,0,0,0,0,0,0,0,0,0,0,0,0
1686379829,0,1,0,0,0,0,0,0,0,0,0,0,0,0,0,0,0
1686379835,0,1,0,0,0,0,0,0,0,0,0,0,0,0,0,0,0
1686379841,0,1,0,0,0,0,0,0,0,0,0,0,0,0,0,0,0
1686379847,0,1,0,0,0,0,0,0,0,0,0,0,0,0,0,0,0
1686379853,0,1,0,0,0,0,0,0,0,0,0,0,0,0,0,0,0
1686379859,0,1,0,0,0,0,0,0,0,0,0,0,0,0,0,0,0
1686379865,0,1,0,0,0,0,0,0,0,0,0,0,0,0,0,0,0
1686379871,0,1,0,0,0,0,0,0,0,0,0,0,0,0,0,0,0
1686379877,0,1,0,0,0,0,0,0,0,0,0,0,0,0,0,0,0
1686379883,0,1,0,0,0,0,0,0,0,0,0,0,0,0,0,0,0
1686379889,0,1,0,0,0,0,0,0,0,0,0,0,0,0,0,0,0
1686379895,0,1,0,0,0,0,0,0,0,0,0,0,0,0,0,0,0
1686379901,0,1,0,0,0,0,0,0,0,0,0,0,0,0,0,0,0
1686379907,0,1,0,0,0,0,0,0,0,0,0,0,0,0,0,0,0
1686379913,0,1,0,0,0,0,0,0,0,0,0,0,0,0,0,0,0
1686379919,0,1,0,0,0,0,0,0,0,0,0,0,0,0,0,0,0
1686379925,0,1,0,0,0,0,0,0,0,0,0,0,0,0,0,0,0
1686379931,0,1,0,0,0,0,0,0,0,0,0,0,0,0,0,0,0
1686379937,0,1,0,0,0,0,0,0,0,0,0,0,0,0,0,0,0
1686379943,0,1,0,0,0,0,0,0,0,0,0,0,0,0,0,0,0
1686379949,0,1,0,0,0,0,0,0,0,0,0,0,0,0,0,0,0
1686379955,0,1,0,0,0,0,0,0,0,0,0,0,0,0,0,0,0
1686379961,0,1,0,0,0,0,0,0,0,0,0,0,0,0,0,0,0
1686379967,0,1,0,0,0,0,0,0,0,0,0,0,0,0,0,0,0
1686379973,0,1,0,0,0,0,0,0,0,0,0,0,0,0,0,0,0
1686379979,0,1,0,0,0,0,0,0,0,0,0,0,0,0,0,0,0
1686379985,0,1,0,0,0,0,0,0,0,0,0,0,0,0,0,0,0
1686379991,0,1,0,0,0,0,0,0,0,0,0,0,0,0,0,0,0
1686379997,0,1,0,0,0,0,0,0,0,0,0,0,0,0,0,0,0
1686380003,0,1,0,0,0,0,0,0,0,0,0,0,0,0,0,0,0
1686380009,0,1,0,0,0,0,0,0,0,0,0,0,0,0,0,0,0
1686380015,0,1,0,0,0,0,0,0,0,0,0,0,0,0,0,0,0
1686380021,0,1,0,0,0,0,0,0,0,0,0,0,0,0,0,0,0
1686380027,0,1,0,0,0,0,0,0,0,0,0,0,0,0,0,0,0
1686380033,0,1,0,0,0,0,0,0,0,0,0,0,0,0,0,0,0
1686380039,0,1,0,0,0,0,0,0,0,0,0,0,0,0,0,0,0
1686380045,0,1,0,0,0,0,0,0,0,0,0,0,0,0,0,0,0
1686380051,0,1,0,0,0,0,0,0,0,0,0,0,0,0,0,0,0
1686380057,0,1,0,0,0,0,0,0,0,0,0,0,0,0,0,0,0
1686380063,0,1,0,0,0,0,0,0,0,0,0,0,0,0,0,0,0
1686380069,0,1,0,0,0,0,0,0,0,0,0,0,0,0,0,0,0
1686380075,0,1,0,0,0,0,0,0,0,0,0,0,0,0,0,0,0
1686380081,0,1,0,0,0,0,0,0,0,0,0,0,0,0,0,0,0
1686380087,0,1,0,0,0,0,0,0,0,0,0,0,0,0,0,0,0
1686380093,0,1,0,0,0,0,0,0,0,0,0,0,0,0,0,0,0
1686380099,0,1,0,0,0,0,0,0,0,0,0,0,0,0,0,0,0
1686380105,0,1,0,0,0,0,0,0,0,0,0,0,0,0,0,0,0
1686380111,0,1,0,0,0,0,0,0,0,0,0,0,0,0,0,0,0
1686380117,0,1,0,0,0,0,0,0,0,0,0,0,0,0,0,0,0
1686380123,0,1,0,0,0,0,0,0,0,0,0,0,0,0,0,0,0
1686380129,0,1,0,0,0,0,0,0,0,0,0,0,0,0,0,0,0
1686380135,0,1,0,0,0,0,0,0,0,0,0,0,0,0,0,0,0
1686380141,0,1,0,0,0,0,0,0,0,0,0,0,0,0,0,0,0
1686380147,0,1,0,0,0,0,0,0,0,0,0,0,0,0,0,0,0
1686380153,0,1,0,0,0,0,0,0,0,0,0,0,0,0,0,0,0
1686380159,0,1,0,0,0,0,0,0,0,0,0,0,0,0,0,0,0
1686380165,0,1,0,0,0,0,0,0,0,0,0,0,0,0,0,0,0
1686380171,0,1,0,0,0,0,0,0,0,0,0,0,0,0,0,0,0
1686380177,0,1,0,0,0,0,0,0,0,0,0,0,0,0,0,0,0
1686380183,0,1,0,0,0,0,0,0,0,0,0,0,0,0,0,0,0
1686380189,0,1,0,0,0,0,0,0,0,0,0,0,0,0,0,0,0
1686380195,0,1,0,0,0,0,0,0,0,0,0,0,0,0,0,0,0
1686380201,0,1,0,0,0,0,0,0,0,0,0,0,0,0,0,0,0
1686380207,0,1,0,0,0,0,0,0,0,0,0,0,0,0,0,0,0
1686380213,0,1,0,0,0,0,0,0,0,0,0,0,0,0,0,0,0
1686380219,0,1,0,0,0,0,0,0,0,0,0,0,0,0,0,0,0
1686380225,0,1,0,0,0,0,0,0,0,0,0,0,0,0,0,0,0
1686380231,0,1,0,0,0,0,0,0,0,0,0,0,0,0,0,0,0
1686380237,0,1,0,0,0,0,0,0,0,0,0,0,0,0,0,0,0
1686380243,0,1,0,0,0,0,0,0,0,0,0,0,0,0,0,0,0
1686380249,0,1,0,0,0,0,0,0,0,0,0,0,0,0,0,0,0
1686380255,0,1,0,0,0,0,0,0,0,0,0,0,0,0,0,0,0
1686380261,0,1,0,0,0,0,0,0,0,0,0,0,0,0,0,0,0
1686380267,0,1,0,0,0,0,0,0,0,0,0,0,0,0,0,0,0
1686380273,0,1,0,0,0,0,0,0,0,0,0,0,0,0,0,0,0
1686380279,0,1,0,0,0,0,0,0,0,0,0,0,0,0,0,0,0
1686380285,0,1,0,0,0,0,0,0,0,0,0,0,0,0,0,0,0
1686380291,0,1,0,0,0,0,0,0,0,0,0,0,0,0,0,0,0
1686380297,0,1,0,0,0,0,0,0,0,0,0,0,0,0,0,0,0
1686380303,0,1,0,0,0,0,0,0,0,0,0,0,0,0,0,0,0
1686380309,0,1,0,0,0,0,0,0,0,0,0,0,0,0,0,0,0
1686380315,0,1,0,0,0,0,0,0,0,0,0,0,0,0,0,0,0
1686380321,0,1,0,0,0,0,0,0,0,0,0,0,0,0,0,0,0
1686380327,0,1,0,0,0,0,0,0,0,0,0,0,0,0,0,0,0
1686380333,0,1,0,0,0,0,0,0,0,0,0,0,0,0,0,0,0
1686380339,0,1,0,0,0,0,0,0,0,0,0,0,0,0,0,0,0
1686380345,0,1,0,0,0,0,0,0,0,0,0,0,0,0,0,0,0
1686380351,0,1,0,0,0,0,0,0,0,0,0,0,0,0,0,0,0
1686380357,0,1,0,0,0,0,0,0,0,0,0,0,0,0,0,0,0
1686380363,0,1,0,0,0,0,0,0,0,0,0,0,0,0,0,0,0
1686380369,0,1,0,0,0,0,0,0,0,0,0,0,0,0,0,0,0
1686380375,0,1,0,0,0,0,0,0,0,0,0,0,0,0,0,0,0
1686380381,0,1,0,0,0,0,0,0,0,0,0,0,0,0,0,0,0
1686380387,0,1,0,0,0,0,0,0,0,0,0,0,0,0,0,0,0
1686380393,0,1,0,0,0,0,0,0,0,0,0,0,0,0,0,0,0
1686380399,0,1,0,0,0,0,0,0,0,0,0,0,0,0,0,0,0
