Timestamp,Amber,White,On,Override,Intensity,AS00,AS01,AS02,AS03,AS04,AS05,AS06,AS07,AS08,AS09,AS10,AS11
1686438005,0,1,0,0,0,6,7,12,17,188,144,22,22,27,29,188,144
1686438011,0,1,0,0,0,6,7,12,17,190,146,22,21,27,29,190,146
1686438017,0,1,0,0,0,7,7,12,17,192,146,22,22,27,30,192,148
1686438023,0,1,0,0,0,6,7,12,18,194,148,22,22,28,29,194,148
1686438029,0,1,0,0,0,6,8,13,18,196,148,23,22,28,30,196,150
1686438035,0,1,0,0,0,7,8,12,18,198,150,24,22,28,30,198,150
1686438041,0,1,0,0,0,6,8,13,18,199,150,23,23,29,31,199,150
1686438047,0,1,0,0,0,7,8,13,18,199,152,24,23,29,31,200,152
1686438053,0,1,0,0,0,6,8,13,18,201,152,24,23,29,31,201,152
1686438059,0,1,0,0,0,7,8,13,19,202,154,24,23,29,32,202,154
1686438065,0,1,0,0,0,7,8,13,19,203,154,24,23,29,32,204,154
1686438071,0,1,0,0,0,7,8,13,19,205,156,25,23,30,32,204,156
1686438077,0,1,0,0,0,7,8,13,19,205,156,25,23,29,32,205,156
1686438083,0,1,0,0,0,7,8,13,19,206,158,25,23,29,32,206,156
1686438089,0,1,0,0,0,6,8,13,19,206,158,24,23,29,32,206,158
1686438095,0,1,0,0,0,7,9,13,18,207,160,25,24,30,32,207,160
1686438101,0,1,0,0,0,7,8,13,19,208,160,24,24,29,32,209,162
1686438107,0,1,0,0,0,7,8,14,19,209,162,25,24,30,33,210,162
1686438113,0,1,0,0,0,7,9,14,19,211,164,24,25,30,33,211,164
1686438119,0,1,0,0,0,7,9,14,19,211,164,24,24,30,32,212,166
1686438125,0,1,0,0,0,7,9,14,19,213,166,26,24,30,32,212,166
1686438131,0,1,0,0,0,7,9,13,19,214,168,25,25,30,33,215,166
1686438137,0,1,0,0,0,8,9,14,20,215,170,25,25,31,33,216,170
1686438143,0,1,0,0,0,7,9,14,20,217,170,26,25,31,34,217,170
1686438149,0,1,0,0,0,7,8,14,20,218,170,26,25,31,33,219,170
1686438155,0,1,0,0,0,8,9,14,20,219,170,25,26,31,34,219,170
1686438161,0,1,0,0,0,8,9,14,20,219,170,26,25,31,34,219,170
1686438167,0,1,0,0,0,7,9,14,20,219,170,26,25,32,34,219,170
1686438173,0,1,0,0,0,7,9,14,20,220,170,26,25,31,34,220,170
1686438179,0,1,0,0,0,8,9,14,20,220,168,26,26,31,34,220,170
1686438185,0,1,0,0,0,8,9,14,20,219,168,26,25,32,35,219,168
1686438191,0,1,0,0,0,7,9,14,20,220,168,26,25,32,34,219,168
1686438197,0,1,0,0,0,8,9,14,21,220,168,26,26,32,35,220,168
1686438203,0,1,0,0,0,7,9,14,20,220,168,26,26,32,34,221,170
1686438209,0,1,0,0,0,8,9,15,21,220,168,26,26,32,34,220,168
1686438215,0,1,0,0,0,7,9,14,20,220,168,27,25,32,34,220,168
1686438221,0,1,0,0,0,8,10,14,20,220,168,26,26,32,34,220,168
1686438227,0,1,0,0,0,7,9,14,20,220,168,26,26,33,34,219,168
1686438233,0,1,0,0,0,7,9,14,20,220,166,26,26,32,35,220,168
1686438239,0,1,0,0,0,7,9,14,21,220,166,26,25,32,35,220,166
1686438245,0,1,0,0,0,7,9,14,20,220,166,26,26,32,34,220,166
1686438251,0,1,0,0,0,8,9,14,21,220,168,26,26,33,35,220,166
1686438257,0,1,0,0,0,8,10,15,21,221,168,27,26,32,35,221,168
1686438263,0,1,0,0,0,7,9,14,21,221,168,27,26,32,35,221,168
1686438269,0,1,0,0,0,7,9,14,21,222,168,26,26,33,35,222,168
1686438275,0,1,0,0,0,7,9,15,21,223,168,27,26,34,36,223,168
1686438281,0,1,0,0,0,8,9,15,21,223,168,27,26,33,35,223,166
1686438287,0,1,0,0,0,7,9,15,21,223,168,27,26,34,36,222,168
1686438293,0,1,0,0,0,8,9,15,21,222,166,27,28,34,36,223,166
1686438299,0,1,0,0,0,7,9,15,21,222,164,27,26,33,35,222,164
1686438305,0,1,0,0,0,8,9,15,21,221,164,27,27,33,35,221,164
1686438311,0,1,0,0,0,7,9,15,21,221,162,27,27,33,36,220,164
1686438317,0,1,0,0,0,8,9,15,21,219,162,27,26,33,36,219,162
1686438323,0,1,0,0,0,7,10,15,21,219,162,27,27,33,36,219,162
1686438329,0,1,0,0,0,7,9,15,21,218,160,27,26,33,35,218,160
1686438335,0,1,0,0,0,7,9,15,21,217,160,26,26,33,35,217,158
1686438341,0,1,0,0,0,7,9,15,21,216,158,26,26,33,35,215,158
1686438347,0,1,0,0,0,7,9,15,21,214,156,27,26,33,36,214,158
1686438353,0,1,0,0,0,7,9,14,20,212,156,26,26,32,35,212,156
1686438359,0,1,0,0,0,7,9,14,20,210,154,26,25,32,35,210,154
1686438365,0,1,0,0,0,7,9,14,20,209,154,26,25,32,34,209,154
1686438371,0,1,0,0,0,7,9,14,20,207,152,25,25,32,34,207,152
1686438377,0,1,0,0,0,7,8,13,19,206,152,25,26,31,33,205,152
1686438383,0,1,0,0,0,6,9,13,19,204,152,25,24,31,34,204,150
1686438389,0,1,0,0,0,7,8,14,19,203,152,25,24,31,32,203,152
1686438395,0,1,0,0,0,7,8,13,19,202,152,24,24,30,33,202,152
1686438401,0,1,0,0,0,7,9,13,19,202,152,25,24,31,32,202,152
1686438407,0,1,0,0,0,6,8,13,19,201,152,24,24,29,33,201,152
1686438413,0,1,0,0,0,7,8,13,19,202,152,25,24,30,32,202,152
1686438419,0,1,0,0,0,6,8,13,19,202,154,24,24,30,32,202,154
1686438425,0,1,0,0,0,7,8,13,19,203,154,24,24,29,32,202,154
1686438431,0,1,0,0,0,7,8,13,19,203,156,24,24,30,32,203,154
1686438437,0,1,0,0,0,6,9,13,19,204,156,24,23,30,32,204,156
1686438443,0,1,0,0,0,7,8,13,19,205,156,25,24,30,32,205,156
1686438449,0,1,0,0,0,7,9,13,19,207,158,25,25,29,32,206,158
1686438455,0,1,0,0,0,7,8,13,20,207,158,25,24,30,33,208,158
1686438461,0,1,0,0,0,7,8,13,19,208,160,25,24,30,33,208,158
1686438467,0,1,0,0,0,6,8,14,19,209,160,25,24,30,33,209,160
1686438473,0,1,0,0,0,7,9,14,20,210,160,25,24,31,33,210,160
1686438479,0,1,0,0,0,7,9,13,20,211,162,25,24,31,33,211,162
1686438485,0,1,0,0,0,7,9,14,19,212,162,25,25,31,33,211,162
1686438491,0,1,0,0,0,7,9,14,20,213,160,26,25,32,33,213,162
1686438497,0,1,0,0,0,7,8,13,19,213,162,25,25,31,34,212,160
1686438503,0,1,0,0,0,8,9,14,20,213,162,26,25,31,34,214,162
1686438509,0,1,0,0,0,7,9,14,20,213,162,26,25,31,34,213,162
1686438515,0,1,0,0,0,7,8,14,19,213,160,25,25,32,34,213,160
1686438521,0,1,0,0,0,7,9,14,20,213,160,26,25,31,34,213,160
1686438527,0,1,0,0,0,7,9,14,20,213,160,26,26,32,34,213,160
1686438533,0,1,0,0,0,7,8,14,20,212,160,26,25,31,35,213,160
1686438539,0,1,0,0,0,7,9,14,21,212,158,26,25,31,35,212,158
1686438545,0,1,0,0,0,7,10,14,20,212,156,26,25,32,34,212,158
1686438551,0,1,0,0,0,7,9,14,20,212,158,26,25,32,35,212,158
1686438557,0,1,0,0,0,8,9,14,20,212,158,26,25,32,34,211,156
1686438563,0,1,0,0,0,7,9,15,20,211,156,26,25,31,34,211,156
1686438569,0,1,0,0,0,7,9,14,20,210,156,26,25,32,34,210,156
1686438575,0,1,0,0,0,7,9,14,20,209,154,25,25,32,34,209,154
1686438581,0,1,0,0,0,7,9,14,20,208,152,26,25,31,33,208,152
1686438587,0,1,0,0,0,7,9,14,20,207,152,25,25,32,34,207,152
1686438593,0,1,0,0,0,7,9,14,20,205,150,25,24,31,33,205,150
1686438599,0,1,0,0,0,7,9,14,19,204,150,25,24,31,33,204,148
1686438605,0,1,0,0,0,7,9,14,19,202,148,24,24,31,33,203,146
1686438611,0,1,0,0,0,6,8,14,19,201,146,25,24,30,33,201,146
1686438617,0,1,0,0,0,6,8,13,19,199,144,25,24,31,33,198,146
1686438623,0,1,0,0,0,6,8,13,19,197,144,25,24,30,33,197,144
1686438629,0,1,0,0,0,6,9,12,19,195,142,24,23,30,32,195,142
1686438635,0,1,0,0,0,6,8,13,18,192,140,23,23,30,32,192,140
1686438641,0,1,0,0,0,6,8,12,18,190,138,24,23,29,31,191,138
1686438647,0,1,0,0,0,6,8,13,18,189,136,23,23,28,31,188,136
1686438653,0,1,0,0,0,6,8,13,18,186,134,23,22,28,30,186,136
1686438659,0,1,0,0,0,6,7,12,18,183,134,23,22,28,30,184,134
1686438665,0,1,0,0,0,6,7,12,17,182,132,22,21,27,30,182,132
1686438671,0,1,0,0,0,6,7,12,17,180,130,22,21,27,30,179,132
1686438677,0,1,0,0,0,6,8,12,17,177,130,22,21,27,29,178,128
1686438683,0,1,0,0,0,6,7,11,16,176,128,21,21,26,28,176,128
1686438689,0,1,0,0,0,6,7,11,16,174,128,21,21,26,28,174,128
1686438695,0,1,0,0,0,5,7,11,16,173,126,21,20,26,27,172,128
1686438701,0,1,0,0,0,6,6,11,16,171,126,20,20,25,27,171,126
1686438707,0,1,0,0,0,6,6,11,16,170,126,20,20,25,27,171,126
1686438713,0,1,0,0,0,5,7,11,16,170,126,20,20,24,27,170,126
1686438719,0,1,0,0,0,5,7,10,15,170,126,20,20,25,26,170,128
1686438725,0,1,0,0,0,5,7,11,16,170,128,20,20,24,26,170,128
1686438731,0,1,0,0,0,5,6,11,16,170,128,20,19,24,26,170,128
1686438737,0,1,0,0,0,5,6,11,15,170,130,20,19,24,26,170,128
1686438743,0,1,0,0,0,5,6,10,15,170,128,20,20,24,26,170,128
1686438749,0,1,0,0,0,5,6,11,15,171,130,20,20,24,26,171,130
1686438755,0,1,0,0,0,5,8,10,15,171,130,20,20,24,27,171,130
1686438761,0,1,0,0,0,5,6,11,16,171,130,20,19,24,27,171,130
1686438767,0,1,0,0,0,5,7,11,16,171,131,20,19,24,26,171,130
1686438773,0,1,0,0,0,5,7,11,15,172,132,20,20,24,26,172,132
1686438779,0,1,0,0,0,5,7,10,15,173,132,20,19,24,27,173,132
1686438785,0,1,0,0,0,5,6,11,15,174,134,20,19,24,27,174,134
1686438791,0,1,0,0,0,5,6,11,16,174,134,21,20,24,27,175,134
1686438797,0,1,0,0,0,5,7,11,15,175,134,20,20,25,27,176,134
1686438803,0,1,0,0,0,5,7,11,16,176,136,21,20,25,27,176,136
1686438809,0,1,0,0,0,5,7,11,16,176,136,21,20,25,27,177,136
1686438815,0,1,0,0,0,5,6,11,16,178,136,21,19,25,28,178,136
1686438821,0,1,0,0,0,6,7,11,16,179,138,21,20,25,27,179,138
1686438827,0,1,0,0,0,5,7,11,16,180,138,21,20,25,27,180,138
1686438833,0,1,0,0,0,6,7,11,16,180,138,21,21,25,27,181,138
1686438839,0,1,0,0,0,6,7,11,16,182,140,22,20,26,27,182,140
1686438845,0,1,0,0,0,6,8,12,16,182,140,21,21,26,28,182,140
1686438851,0,1,0,0,0,5,7,11,16,184,140,21,21,26,28,184,142
1686438857,0,1,0,0,0,6,7,11,16,185,144,22,21,26,28,185,142
1686438863,0,1,0,0,0,6,7,12,17,187,144,22,21,26,28,187,144
1686438869,0,1,0,0,0,6,7,12,17,188,146,22,21,26,29,188,146
1686438875,0,1,0,0,0,6,7,12,18,190,146,22,22,27,29,190,146
1686438881,0,1,0,0,0,6,8,12,17,191,146,22,22,27,29,192,148
1686438887,0,1,0,0,0,7,7,12,18,193,148,23,22,28,30,194,148
1686438893,0,1,0,0,0,7,8,13,18,195,148,23,22,28,30,195,148
1686438899,0,1,0,0,0,6,7,13,18,196,148,23,23,28,30,196,149
1686438905,0,1,0,0,0,6,8,12,18,197,150,23,23,28,30,197,150
1686438911,0,1,0,0,0,6,8,12,18,197,150,24,23,29,31,197,150
1686438917,0,1,0,0,0,6,8,12,18,197,150,23,23,29,31,198,150
1686438923,0,1,0,0,0,6,8,13,18,198,150,23,23,30,31,198,150
1686438929,0,1,0,0,0,7,7,13,18,199,150,23,23,29,32,198,148
1686438935,0,1,0,0,0,7,8,13,18,199,150,23,23,29,31,199,150
1686438941,0,1,0,0,0,6,8,13,18,200,150,24,23,29,32,200,150
1686438947,0,1,0,0,0,6,8,13,18,200,150,24,23,29,32,200,150
1686438953,0,1,0,0,0,6,8,13,18,200,150,24,23,29,32,200,150
1686438959,0,1,0,0,0,7,8,14,19,200,150,25,23,29,31,200,150
1686438965,0,1,0,0,0,6,8,13,18,201,150,24,24,29,32,201,152
1686438971,0,1,0,0,0,7,8,13,19,201,150,24,24,30,33,202,152
1686438977,0,1,0,0,0,6,8,13,19,203,152,24,23,29,32,202,154
1686438983,0,1,0,0,0,6,8,13,19,204,156,24,24,30,32,204,154
1686438989,0,1,0,0,0,7,8,13,19,205,156,24,25,29,32,205,156
1686438995,0,1,0,0,0,7,9,13,19,206,156,25,24,30,32,206,158
1686439001,0,1,0,0,0,7,8,13,19,207,160,25,24,30,32,207,160
1686439007,0,1,0,0,0,7,9,13,19,209,162,25,24,30,32,209,160
1686439013,0,1,0,0,0,7,9,13,19,210,162,25,24,30,33,210,162
1686439019,0,1,0,0,0,7,9,14,19,213,164,25,25,30,33,212,164
1686439025,0,1,0,0,0,7,9,14,20,214,166,26,25,30,33,213,166
1686439031,0,1,0,0,0,7,9,14,20,217,168,25,25,30,33,216,168
1686439037,0,1,0,0,0,8,9,13,20,219,168,26,25,31,33,218,170
1686439043,0,1,0,0,0,8,9,15,20,220,172,26,25,31,34,220,172
1686439049,0,1,0,0,0,8,9,15,20,223,172,26,26,32,35,223,172
1686439055,0,1,0,0,0,8,9,14,20,224,176,26,27,32,35,224,174
1686439061,0,1,0,0,0,8,10,14,21,226,176,27,26,33,35,226,176
1686439067,0,1,0,0,0,7,10,14,21,227,176,27,26,33,35,227,176
1686439073,0,1,0,0,0,8,9,15,21,228,178,27,26,33,35,228,176
1686439079,0,1,0,0,0,8,10,15,21,228,178,27,26,33,35,229,178
1686439085,0,1,0,0,0,8,10,15,21,229,178,28,26,33,35,229,178
1686439091,0,1,0,0,0,8,10,15,21,230,178,28,27,33,35,230,178
1686439097,0,1,0,0,0,8,10,15,22,230,176,27,27,33,36,229,178
1686439103,0,1,0,0,0,8,10,15,21,230,176,27,26,34,36,229,176
1686439109,0,1,0,0,0,8,10,15,21,229,176,27,27,33,37,229,174
1686439115,0,1,0,0,0,8,10,15,21,229,174,27,27,34,36,228,174
1686439121,0,1,0,0,0,8,10,15,21,228,174,28,27,34,36,228,172
1686439127,0,1,0,0,0,7,10,15,21,227,170,27,27,33,36,227,172
1686439133,0,1,0,0,0,8,10,15,22,225,170,28,27,33,36,226,170
1686439139,0,1,0,0,0,8,10,15,21,224,168,27,27,34,36,224,168
1686439145,0,1,0,0,0,8,9,15,21,223,166,27,26,34,36,222,166
1686439151,0,1,0,0,0,7,9,15,21,220,164,27,26,33,35,220,164
1686439157,0,1,0,0,0,7,9,15,20,218,162,27,26,33,36,218,160
1686439163,0,1,0,0,0,7,9,15,20,215,158,26,26,32,35,215,160
1686439169,0,1,0,0,0,7,9,14,20,213,158,26,25,32,35,213,156
1686439175,0,1,0,0,0,7,8,14,20,210,154,26,25,32,34,210,154
1686439181,0,1,0,0,0,7,9,14,20,208,152,26,25,31,34,208,153
1686439187,0,1,0,0,0,7,8,13,20,206,150,26,25,31,33,206,152
1686439193,0,1,0,0,0,6,9,13,19,203,148,24,24,31,33,203,148
1686439199,0,1,0,0,0,7,9,13,19,201,148,24,24,30,33,201,146
1686439205,0,1,0,0,0,6,8,13,19,199,146,25,24,30,33,199,144
1686439211,0,1,0,0,0,6,8,13,19,197,144,24,24,30,33,197,142
1686439217,0,1,0,0,0,6,8,13,18,195,142,24,23,30,33,195,140
1686439223,0,1,0,0,0,6,9,13,18,193,140,24,24,29,32,193,140
1686439229,0,1,0,0,0,6,8,12,18,191,138,24,23,29,31,191,138
1686439235,0,1,0,0,0,6,8,13,18,189,136,23,23,29,31,189,136
1686439241,0,1,0,0,0,6,8,12,18,186,134,23,22,29,31,187,134
1686439247,0,1,0,0,0,6,7,12,17,184,132,23,22,28,30,184,132
1686439253,0,1,0,0,0,6,8,12,17,182,130,22,22,28,30,181,130
1686439259,0,1,0,0,0,5,7,12,17,179,128,22,22,27,29,179,128
1686439265,0,1,0,0,0,5,7,12,17,177,126,21,21,28,29,176,126
1686439271,0,1,0,0,0,5,7,11,16,174,124,22,21,27,29,174,124
1686439277,0,1,0,0,0,5,6,11,16,171,122,21,20,26,28,171,122
1686439283,0,1,0,0,0,5,7,12,16,169,120,21,20,26,27,169,120
1686439289,0,1,0,0,0,5,6,11,16,166,118,21,19,25,27,166,120
1686439295,0,1,0,0,0,5,6,10,15,164,118,20,19,25,27,164,118
1686439301,0,1,0,0,0,5,6,11,15,162,116,20,19,25,26,162,116
1686439307,0,1,0,0,0,5,6,10,15,159,114,20,19,24,26,159,114
1686439313,0,1,0,0,0,5,6,10,15,157,112,19,18,24,26,158,112
1686439319,0,1,0,0,0,5,6,10,15,155,112,19,18,23,25,156,111
1686439325,0,1,0,0,0,4,5,10,14,154,110,18,18,23,25,154,110
1686439331,0,1,0,0,0,4,7,9,14,152,110,18,17,22,24,152,110
1686439337,0,1,0,0,0,4,5,10,14,150,108,18,17,22,24,150,108
1686439343,0,1,0,0,0,4,5,9,13,149,108,18,17,22,24,149,108
1686439349,0,1,0,0,0,4,6,9,14,148,106,18,17,22,23,147,106
1686439355,0,1,0,0,0,4,5,9,13,146,106,17,17,21,23,146,106
1686439361,0,1,0,0,0,4,6,9,13,145,106,17,16,21,23,145,106
1686439367,0,1,0,0,0,4,5,9,13,144,104,17,16,21,23,144,104
1686439373,0,1,0,0,0,4,5,9,13,143,104,17,17,21,22,143,104
1686439379,0,1,0,0,0,4,5,8,13,142,104,17,16,20,22,142,104
1686439385,0,1,0,0,0,4,5,8,13,142,104,17,16,20,22,142,104
1686439391,0,1,0,0,0,4,5,8,13,141,102,17,16,20,22,141,104
1686439397,0,1,0,0,0,4,5,8,13,140,102,16,16,20,22,140,102
1686439403,0,1,0,0,0,4,5,8,12,139,102,16,15,20,21,139,102
1686439409,0,1,0,0,0,4,4,8,13,138,102,16,15,20,22,138,102
1686439415,0,1,0,0,0,4,5,8,12,138,102,16,15,19,21,138,102
1686439421,0,1,0,0,0,4,5,8,12,138,102,16,15,19,21,138,102
1686439427,0,1,0,0,0,4,4,8,12,137,102,16,15,19,22,137,102
1686439433,0,1,0,0,0,4,5,8,12,137,102,16,15,19,21,137,102
1686439439,0,1,0,0,0,3,5,8,12,137,102,15,15,19,21,137,102
1686439445,0,1,0,0,0,4,4,8,12,137,102,15,15,19,21,137,102
1686439451,0,1,0,0,0,4,5,8,12,137,102,16,15,19,21,137,102
1686439457,0,1,0,0,0,4,5,8,12,137,102,16,15,19,21,137,102
1686439463,0,1,0,0,0,4,5,8,12,137,102,16,15,20,21,137,102
1686439469,0,1,0,0,0,3,5,8,12,136,102,16,15,19,21,137,102
1686439475,0,1,0,0,0,4,5,8,12,137,104,16,15,19,21,137,104
1686439481,0,1,0,0,0,4,5,8,12,136,102,16,15,19,20,137,102
1686439487,0,1,0,0,0,4,4,8,12,137,104,16,15,19,20,137,104
1686439493,0,1,0,0,0,4,4,7,12,137,104,16,14,18,20,137,104
1686439499,0,1,0,0,0,3,4,8,12,137,104,16,15,19,20,138,102
1686439505,0,1,0,0,0,4,5,8,12,138,104,16,15,19,20,137,104
1686439511,0,1,0,0,0,4,4,7,12,138,104,15,15,18,21,138,104
1686439517,0,1,0,0,0,3,4,8,12,138,104,16,15,19,20,138,104
1686439523,0,1,0,0,0,4,4,8,12,138,104,16,15,19,21,139,104
1686439529,0,1,0,0,0,4,4,8,12,139,106,15,15,19,20,139,106
1686439535,0,1,0,0,0,4,4,8,12,140,106,16,15,19,20,139,106
1686439541,0,1,0,0,0,4,5,8,12,140,106,16,15,19,21,140,106
1686439547,0,1,0,0,0,4,5,8,12,141,106,16,15,19,21,141,106
1686439553,0,1,0,0,0,4,5,8,12,141,106,16,15,19,21,141,108
1686439559,0,1,0,0,0,4,5,8,12,142,108,16,15,19,21,142,108
1686439565,0,1,0,0,0,4,5,8,13,142,106,16,15,19,21,143,108
1686439571,0,1,0,0,0,4,5,8,12,142,108,16,15,19,21,143,108
1686439577,0,1,0,0,0,4,4,8,12,143,108,16,15,19,21,143,108
1686439583,0,1,0,0,0,4,5,8,12,144,108,17,16,19,21,144,110
1686439589,0,1,0,0,0,4,5,8,13,144,110,16,15,20,22,144,110
1686439595,0,1,0,0,0,4,5,8,12,145,110,16,16,20,22,144,110
1686439601,0,1,0,0,0,4,5,9,12,145,110,17,17,20,21,145,112
1686439607,0,1,0,0,0,4,5,8,13,146,110,17,16,20,22,146,110
1686439613,0,1,0,0,0,4,5,9,13,147,112,17,15,20,22,147,112
1686439619,0,1,0,0,0,4,5,9,13,148,114,17,16,20,22,148,114
1686439625,0,1,0,0,0,4,5,9,13,149,114,17,16,20,22,149,114
1686439631,0,1,0,0,0,4,5,9,13,150,116,17,16,20,23,150,116
1686439637,0,1,0,0,0,4,5,9,13,151,116,17,16,20,22,151,116
1686439643,0,1,0,0,0,4,6,9,13,152,118,17,16,20,22,153,118
1686439649,0,1,0,0,0,4,6,8,14,154,120,17,16,21,23,154,120
1686439655,0,1,0,0,0,4,5,9,13,155,120,17,17,21,23,155,122
1686439661,0,1,0,0,0,5,5,9,13,156,122,18,17,21,23,157,122
1686439667,0,1,0,0,0,5,6,9,14,157,124,18,17,21,23,158,124
1686439673,0,1,0,0,0,4,6,9,14,159,124,18,17,22,24,160,126
1686439679,0,1,0,0,0,5,6,9,14,161,126,18,17,21,23,161,126
1686439685,0,1,0,0,0,4,6,9,15,162,128,18,18,22,24,163,128
1686439691,0,1,0,0,0,5,6,9,14,164,130,19,19,22,24,164,128
1686439697,0,1,0,0,0,5,6,10,14,166,130,18,18,22,24,166,130
1686439703,0,1,0,0,0,5,6,10,15,168,132,19,19,23,25,168,132
1686439709,0,1,0,0,0,5,6,10,15,170,136,19,19,23,25,170,134
1686439715,0,1,0,0,0,5,6,10,15,172,136,20,19,23,25,172,136
1686439721,0,1,0,0,0,5,6,11,15,174,138,20,19,24,25,175,136
1686439727,0,1,0,0,0,5,7,10,15,176,140,20,19,24,26,176,138
1686439733,0,1,0,0,0,6,7,11,16,178,142,20,19,24,26,178,142
1686439739,0,1,0,0,0,6,7,10,15,180,144,20,20,24,26,180,144
1686439745,0,1,0,0,0,6,7,11,16,182,146,21,19,25,26,183,146
1686439751,0,1,0,0,0,6,8,11,16,185,148,21,20,25,27,184,146
1686439757,0,1,0,0,0,6,7,11,16,187,148,21,20,25,27,187,150
1686439763,0,1,0,0,0,6,7,12,16,190,152,21,21,26,28,190,154
1686439769,0,1,0,0,0,6,7,12,16,192,154,22,21,26,28,193,156
1686439775,0,1,0,0,0,6,7,12,17,195,158,22,21,26,29,195,158
1686439781,0,1,0,0,0,6,8,12,17,198,160,22,22,27,28,198,160
1686439787,0,1,0,0,0,6,8,12,17,201,162,23,22,27,29,201,164
1686439793,0,1,0,0,0,7,8,13,17,204,164,23,22,28,30,204,166
1686439799,0,1,0,0,0,7,8,13,19,207,166,23,22,27,30,207,168
1686439805,0,1,0,0,0,7,8,13,18,210,170,24,23,28,30,210,170
1686439811,0,1,0,0,0,7,8,13,18,213,172,24,24,29,31,212,172
1686439817,0,1,0,0,0,7,9,13,19,216,174,25,24,30,31,216,174
1686439823,0,1,0,0,0,8,9,13,20,218,176,25,24,30,33,219,176
1686439829,0,1,0,0,0,8,9,14,20,221,178,25,25,30,33,221,176
1686439835,0,1,0,0,0,8,9,14,20,223,178,26,25,31,33,223,178
1686439841,0,1,0,0,0,8,9,15,20,226,180,26,26,32,34,226,180
1686439847,0,1,0,0,0,8,9,14,21,228,182,27,26,32,35,228,182
1686439853,0,1,0,0,0,8,10,15,20,230,182,27,26,32,35,230,182
1686439859,0,1,0,0,0,8,10,15,21,232,184,27,26,33,35,233,184
1686439865,0,1,0,0,0,8,9,15,21,234,186,28,27,33,35,235,186
1686439871,0,1,0,0,0,8,9,15,22,236,186,28,27,34,36,237,188
1686439877,0,1,0,0,0,8,10,15,22,239,188,28,27,34,37,239,188
1686439883,0,1,0,0,0,9,10,16,23,241,190,28,27,34,37,241,188
1686439889,0,1,0,0,0,8,10,16,22,243,190,29,28,35,37,243,190
1686439895,0,1,0,0,0,9,10,16,22,244,192,29,28,35,38,244,192
1686439901,0,1,0,0,0,9,10,16,22,246,192,29,28,36,38,246,194
1686439907,0,1,0,0,0,9,11,16,22,249,194,30,29,36,38,248,194
1686439913,0,1,0,0,0,8,11,16,23,249,194,30,29,36,39,249,194
1686439919,0,1,0,0,0,9,11,17,23,251,194,30,30,37,39,251,194
1686439925,0,1,0,0,0,9,11,17,23,252,196,30,29,37,39,252,196
1686439931,0,1,0,0,0,9,10,17,24,254,196,30,29,37,40,253,196
1686439937,0,1,0,0,0,9,11,17,24,255,198,31,30,37,40,255,196
1686439943,0,1,0,0,0,9,11,17,24,256,198,31,30,38,41,256,196
1686439949,0,1,0,0,0,9,11,17,24,257,198,31,31,39,41,257,198
1686439955,0,1,0,0,0,9,12,18,24,258,198,32,30,38,41,257,198
1686439961,0,1,0,0,0,9,11,17,24,258,198,31,31,38,41,258,196
1686439967,0,1,0,0,0,9,11,18,25,258,198,31,31,39,41,259,196
1686439973,0,1,0,0,0,9,11,17,25,259,198,32,31,39,41,259,198
1686439979,0,1,0,0,0,9,11,18,25,260,198,32,31,39,42,260,198
1686439985,0,1,0,0,0,9,12,18,25,260,196,32,31,39,42,260,198
1686439991,0,1,0,0,0,9,11,18,25,260,198,32,31,39,43,260,196
1686439997,0,1,0,0,0,9,11,18,25,260,196,32,31,39,42,260,196
1686440003,0,1,0,0,0,9,12,18,25,260,196,32,31,39,42,260,196
1686440009,0,1,0,0,0,9,12,18,25,260,196,32,31,39,42,260,196
1686440015,0,1,0,0,0,9,11,18,25,260,194,32,32,39,42,259,194
1686440021,0,1,0,0,0,10,11,18,25,259,194,32,32,39,42,259,194
1686440027,0,1,0,0,0,9,11,18,25,259,194,32,32,40,43,259,192
1686440033,0,1,0,0,0,9,11,18,25,259,192,32,32,39,43,259,192
1686440039,0,1,0,0,0,9,12,19,25,258,192,32,31,39,42,259,192
1686440045,0,1,0,0,0,9,12,18,25,258,192,32,32,40,43,258,192
1686440051,0,1,0,0,0,9,11,17,25,257,190,32,32,40,42,257,190
1686440057,0,1,0,0,0,9,11,18,25,256,190,32,32,39,42,256,188
1686440063,0,1,0,0,0,9,12,18,25,256,188,32,31,40,43,255,188
1686440069,0,1,0,0,0,9,11,18,24,255,186,32,31,39,42,255,186
1686440075,0,1,0,0,0,9,11,18,25,254,186,32,31,40,43,254,186
1686440081,0,1,0,0,0,9,11,18,25,253,184,32,31,39,42,253,184
1686440087,0,1,0,0,0,9,11,17,24,252,184,31,32,40,42,252,182
1686440093,0,1,0,0,0,9,11,18,25,251,182,32,32,39,42,251,182
1686440099,0,1,0,0,0,9,12,17,24,250,180,32,31,39,42,250,182
1686440105,0,1,0,0,0,9,11,17,25,249,180,32,31,39,42,249,180
1686440111,0,1,0,0,0,9,11,18,25,248,178,32,31,39,42,248,178
1686440117,0,1,0,0,0,8,11,18,25,246,176,31,31,39,42,247,176
1686440123,0,1,0,0,0,9,11,17,24,245,174,32,30,39,42,245,176
1686440129,0,1,0,0,0,9,11,17,24,244,174,32,31,39,42,244,174
1686440135,0,1,0,0,0,9,11,17,24,242,172,31,30,39,42,242,172
1686440141,0,1,0,0,0,8,11,18,24,241,170,31,30,38,42,241,170
1686440147,0,1,0,0,0,8,11,17,24,240,168,31,30,39,42,240,170
1686440153,0,1,0,0,0,8,11,17,24,238,166,31,30,38,41,237,166
1686440159,0,1,0,0,0,8,11,17,24,236,166,31,30,38,41,236,164
1686440165,0,1,0,0,0,8,10,17,23,234,164,31,30,38,40,234,164
1686440171,0,1,0,0,0,8,10,17,24,233,162,30,30,38,40,233,162
1686440177,0,1,0,0,0,8,10,16,23,231,160,30,30,38,40,231,160
1686440183,0,1,0,0,0,8,10,17,23,229,158,30,30,37,40,229,158
1686440189,0,1,0,0,0,8,10,16,22,227,156,30,29,37,39,227,156
1686440195,0,1,0,0,0,8,10,17,23,225,154,30,29,37,39,226,156
1686440201,0,1,0,0,0,8,10,16,23,223,154,29,29,36,39,223,152
1686440207,0,1,0,0,0,7,10,16,23,221,150,29,28,36,39,221,150
1686440213,0,1,0,0,0,7,10,16,22,219,150,28,28,36,38,219,148
1686440219,0,1,0,0,0,7,9,17,22,216,148,28,27,36,38,217,148
1686440225,0,1,0,0,0,8,10,16,22,214,146,28,27,35,38,214,146
1686440231,0,1,0,0,0,7,9,15,22,212,144,28,27,35,37,212,144
1686440237,0,1,0,0,0,7,9,15,21,210,142,28,27,34,37,210,142
1686440243,0,1,0,0,0,7,10,15,21,207,140,27,27,34,36,208,142
1686440249,0,1,0,0,0,7,9,15,21,205,140,27,26,34,36,205,140
1686440255,0,1,0,0,0,7,10,14,20,203,136,26,27,33,36,203,136
1686440261,0,1,0,0,0,7,8,15,20,201,136,26,26,32,35,200,136
1686440267,0,1,0,0,0,7,8,14,20,198,136,26,25,33,35,199,134
1686440273,0,1,0,0,0,7,8,14,20,196,134,26,26,32,34,196,134
1686440279,0,1,0,0,0,7,8,13,20,194,132,26,25,31,34,194,132
1686440285,0,1,0,0,0,6,9,14,19,192,130,25,24,31,34,193,132
1686440291,0,1,0,0,0,6,8,13,19,190,130,25,24,31,33,190,130
1686440297,0,1,0,0,0,6,8,13,19,189,128,24,24,30,33,188,130
1686440303,0,1,0,0,0,6,8,13,19,187,126,24,23,30,32,187,126
1686440309,0,1,0,0,0,6,8,13,19,185,126,24,23,29,32,184,126
1686440315,0,1,0,0,0,6,8,12,18,183,126,24,23,30,32,182,124
1686440321,0,1,0,0,0,5,7,13,18,181,124,23,22,29,32,181,124
1686440327,0,1,0,0,0,6,9,13,17,179,124,23,22,28,31,179,124
1686440333,0,1,0,0,0,6,7,12,18,178,124,23,22,28,30,178,124
1686440339,0,1,0,0,0,6,7,12,17,176,122,22,23,28,30,176,122
1686440345,0,1,0,0,0,6,7,12,17,175,122,23,22,28,30,176,122
1686440351,0,1,0,0,0,6,7,12,17,175,122,23,22,28,30,174,120
1686440357,0,1,0,0,0,6,7,12,17,174,120,22,21,28,30,173,120
1686440363,0,1,0,0,0,6,7,12,17,172,122,22,21,27,29,173,120
1686440369,0,1,0,0,0,5,7,12,17,172,122,22,21,27,29,172,120
1686440375,0,1,0,0,0,5,7,12,17,171,120,21,21,26,29,172,120
1686440381,0,1,0,0,0,6,7,11,17,171,120,21,21,26,28,171,120
1686440387,0,1,0,0,0,5,7,12,16,170,120,22,21,27,28,170,120
1686440393,0,1,0,0,0,5,7,11,17,170,122,21,21,26,28,170,122
1686440399,0,1,0,0,0,5,7,11,17,170,122,21,21,26,28,170,120
1686440405,0,1,0,0,0,5,7,11,16,170,122,21,21,26,28,170,122
1686440411,0,1,0,0,0,5,7,11,16,170,122,21,20,26,28,170,122
1686440417,0,1,0,0,0,6,6,11,16,170,122,21,21,26,28,170,124
1686440423,0,1,0,0,0,5,7,11,16,170,124,21,21,26,28,170,124
1686440429,0,1,0,0,0,5,7,11,17,170,124,21,20,26,28,171,124
1686440435,0,1,0,0,0,6,6,11,16,171,126,21,20,26,28,171,126
1686440441,0,1,0,0,0,5,7,11,16,172,126,21,20,26,27,172,128
1686440447,0,1,0,0,0,6,7,11,16,173,128,21,20,26,27,173,128
1686440453,0,1,0,0,0,6,7,11,16,174,130,21,20,26,28,174,128
1686440459,0,1,0,0,0,6,6,11,16,175,130,21,20,26,28,174,130
1686440465,0,1,0,0,0,5,7,11,17,176,132,21,20,26,28,177,132
1686440471,0,1,0,0,0,6,7,12,16,177,132,21,21,26,28,177,134
1686440477,0,1,0,0,0,6,7,11,16,178,134,22,21,26,28,178,136
1686440483,0,1,0,0,0,6,7,12,17,180,136,22,21,26,28,180,136
1686440489,0,1,0,0,0,6,7,11,17,181,138,22,21,26,28,180,138
1686440495,0,1,0,0,0,6,7,12,17,183,140,22,21,26,29,182,138
1686440501,0,1,0,0,0,6,7,12,16,184,140,22,22,27,29,184,140
1686440507,0,1,0,0,0,6,7,12,17,185,142,22,21,26,29,185,142
1686440513,0,1,0,0,0,6,7,12,17,186,144,23,21,27,29,186,142
1686440519,0,1,0,0,0,6,7,12,17,188,144,22,21,27,29,188,144
1686440525,0,1,0,0,0,6,7,12,18,189,146,23,22,27,29,189,146
1686440531,0,1,0,0,0,6,8,12,18,191,148,23,22,27,29,191,148
1686440537,0,1,0,0,0,6,7,12,18,192,148,23,22,27,29,192,148
1686440543,0,1,0,0,0,6,8,12,17,194,150,23,22,27,30,194,150
1686440549,0,1,0,0,0,6,9,12,18,196,152,23,22,28,30,196,152
1686440555,0,1,0,0,0,6,8,13,18,197,152,23,23,28,30,198,154
1686440561,0,1,0,0,0,6,8,13,18,199,154,24,22,29,31,200,156
1686440567,0,1,0,0,0,7,8,13,19,201,156,24,23,29,31,201,156
1686440573,0,1,0,0,0,7,8,12,19,203,156,24,23,29,32,203,158
1686440579,0,1,0,0,0,7,8,13,19,205,158,24,24,29,32,205,158
1686440585,0,1,0,0,0,7,8,13,19,206,160,24,24,30,32,206,160
1686440591,0,1,0,0,0,7,8,13,19,207,160,25,24,30,32,208,162
1686440597,0,1,0,0,0,7,9,13,19,209,162,25,24,30,32,209,162
1686440603,0,1,0,0,0,7,9,13,19,211,162,25,25,30,32,211,164
1686440609,0,1,0,0,0,7,8,13,20,212,164,25,24,31,33,212,164
1686440615,0,1,0,0,0,7,9,14,20,213,166,26,24,31,34,213,166
1686440621,0,1,0,0,0,7,9,14,20,215,166,25,24,31,33,214,166
1686440627,0,1,0,0,0,7,9,14,20,216,168,26,25,31,33,216,168
1686440633,0,1,0,0,0,8,8,14,20,217,168,26,25,31,34,216,168
1686440639,0,1,0,0,0,7,9,14,20,218,168,26,25,31,33,218,170
1686440645,0,1,0,0,0,7,9,14,20,218,170,26,26,31,34,218,170
1686440651,0,1,0,0,0,7,10,14,20,219,170,26,26,32,34,219,172
1686440657,0,1,0,0,0,8,9,15,20,221,172,26,26,31,34,220,172
1686440663,0,1,0,0,0,7,9,14,21,221,174,26,26,32,34,221,172
1686440669,0,1,0,0,0,8,9,15,21,222,174,26,26,32,34,222,174
1686440675,0,1,0,0,0,7,9,15,21,223,174,26,26,32,34,223,174
1686440681,0,1,0,0,0,8,9,15,21,224,176,27,26,32,35,225,176
1686440687,0,1,0,0,0,8,9,14,21,226,176,27,26,32,35,226,176
1686440693,0,1,0,0,0,8,9,15,21,226,178,27,26,34,35,227,176
1686440699,0,1,0,0,0,8,9,15,22,228,178,27,26,33,35,228,178
1686440705,0,1,0,0,0,8,9,15,21,229,180,27,26,33,36,229,178
1686440711,0,1,0,0,0,8,10,15,21,231,180,27,27,33,36,230,180
1686440717,0,1,0,0,0,8,10,15,22,232,180,27,27,34,36,232,180
1686440723,0,1,0,0,0,8,9,15,22,233,182,28,27,33,36,232,182
1686440729,0,1,0,0,0,8,10,15,21,234,182,28,27,34,37,235,184
1686440735,0,1,0,0,0,8,10,16,22,236,184,28,27,34,36,236,184
1686440741,0,1,0,0,0,8,10,16,22,238,186,29,28,34,37,238,186
1686440747,0,1,0,0,0,8,10,16,22,240,188,29,28,34,37,239,188
1686440753,0,1,0,0,0,8,10,16,22,241,190,29,28,35,38,241,190
1686440759,0,1,0,0,0,9,10,16,22,243,192,29,28,34,37,243,192
1686440765,0,1,0,0,0,8,10,16,23,244,194,29,28,35,38,244,192
1686440771,0,1,0,0,0,9,10,16,22,246,196,29,28,35,38,246,194
1686440777,0,1,0,0,0,8,11,16,23,248,196,30,29,35,38,249,196
1686440783,0,1,0,0,0,9,10,17,23,250,198,29,29,36,39,251,200
1686440789,0,1,0,0,0,9,10,16,24,252,202,30,29,36,39,252,200
1686440795,0,1,0,0,0,9,11,17,23,254,202,30,29,36,39,254,202
1686440801,0,1,0,0,0,9,12,17,23,256,204,30,29,36,39,256,206
1686440807,0,1,0,0,0,9,11,16,24,257,206,30,30,36,39,257,206
1686440813,0,1,0,0,0,9,11,17,23,259,208,31,29,36,39,258,208
1686440819,0,1,0,0,0,9,11,17,24,261,210,30,30,37,39,261,210
1686440825,0,1,0,0,0,10,11,17,24,262,212,31,30,37,40,262,210
1686440831,0,1,0,0,0,9,11,17,24,264,212,31,30,37,40,263,212
1686440837,0,1,0,0,0,10,11,17,24,265,214,31,30,38,41,265,214
1686440843,0,1,0,0,0,10,11,18,24,267,214,31,30,38,40,267,216
1686440849,0,1,0,0,0,10,11,17,24,268,214,32,30,38,41,268,216
1686440855,0,1,0,0,0,10,12,17,25,269,216,32,31,39,41,269,216
1686440861,0,1,0,0,0,10,11,17,25,271,218,32,31,39,42,271,218
1686440867,0,1,0,0,0,10,12,18,25,272,218,32,32,39,41,272,220
1686440873,0,1,0,0,0,10,12,18,25,274,220,32,31,39,42,274,220
1686440879,0,1,0,0,0,10,12,19,25,275,220,33,32,40,42,275,220
1686440885,0,1,0,0,0,10,12,20,25,276,220,33,32,39,43,276,222
1686440891,0,1,0,0,0,10,13,19,26,278,222,33,32,40,43,278,222
1686440897,0,1,0,0,0,10,12,18,26,279,222,33,32,40,43,279,222
1686440903,0,1,0,0,0,10,12,18,26,280,222,33,33,41,44,281,224
1686440909,0,1,0,0,0,11,12,19,26,282,224,34,33,40,44,282,224
1686440915,0,1,0,0,0,10,13,19,26,284,224,34,33,41,45,283,224
1686440921,0,1,0,0,0,11,13,19,26,284,226,34,33,41,44,283,224
1686440927,0,1,0,0,0,10,13,19,27,285,226,35,33,42,45,285,224
1686440933,0,1,0,0,0,10,12,19,26,285,226,35,34,42,45,286,226
1686440939,0,1,0,0,0,11,13,19,27,287,224,35,34,42,45,286,226
1686440945,0,1,0,0,0,11,13,20,27,287,226,34,34,42,46,287,226
1686440951,0,1,0,0,0,11,12,19,27,288,226,35,34,42,46,288,226
1686440957,0,1,0,0,0,10,13,20,28,288,226,35,35,43,46,288,226
1686440963,0,1,0,0,0,10,13,20,27,289,226,35,35,43,45,289,226
1686440969,0,1,0,0,0,11,13,19,28,290,226,35,35,43,46,289,224
1686440975,0,1,0,0,0,11,13,19,28,289,226,35,35,43,46,289,226
1686440981,0,1,0,0,0,10,13,20,27,289,226,35,34,43,46,290,226
1686440987,0,1,0,0,0,11,13,20,27,290,226,35,35,43,47,290,226
1686440993,0,1,0,0,0,11,13,19,27,290,226,35,34,43,45,290,226
1686440999,0,1,0,0,0,10,13,19,28,290,226,35,34,43,46,289,226
1686441005,0,1,0,0,0,10,13,20,27,289,226,35,35,43,46,289,226
1686441011,0,1,0,0,0,11,13,19,27,289,226,35,34,42,46,290,226
1686441017,0,1,0,0,0,10,13,19,27,290,228,35,34,43,46,289,228
1686441023,0,1,0,0,0,11,13,20,27,291,228,35,34,43,46,290,228
1686441029,0,1,0,0,0,11,13,20,27,290,228,36,35,43,46,291,228
1686441035,0,1,0,0,0,11,13,20,28,291,228,35,34,43,46,291,228
1686441041,0,1,0,0,0,11,13,19,27,291,228,35,35,43,46,291,228
1686441047,0,1,0,0,0,11,14,20,27,292,228,35,35,43,46,291,230
1686441053,0,1,0,0,0,11,13,20,27,292,230,35,35,43,46,292,230
1686441059,0,1,0,0,0,11,13,19,27,293,230,35,35,43,46,292,230
1686441065,0,1,0,0,0,11,13,20,28,292,230,35,35,43,46,293,230
1686441071,0,1,0,0,0,11,13,20,28,293,232,35,35,43,46,293,232
1686441077,0,1,0,0,0,11,13,20,27,294,232,36,34,43,46,294,232
1686441083,0,1,0,0,0,11,13,20,27,294,234,36,36,43,47,295,234
1686441089,0,1,0,0,0,11,13,20,28,295,234,36,35,43,46,296,234
1686441095,0,1,0,0,0,11,13,20,28,297,234,36,35,43,47,296,234
1686441101,0,1,0,0,0,11,14,21,28,297,234,36,35,43,47,297,236
1686441107,0,1,0,0,0,11,13,20,28,298,236,36,36,44,47,298,236
1686441113,0,1,0,0,0,11,13,20,28,299,236,36,35,44,47,299,236
1686441119,0,1,0,0,0,11,14,21,28,299,236,36,35,44,47,299,236
1686441125,0,1,0,0,0,11,13,21,28,300,238,36,36,44,47,300,236
1686441131,0,1,0,0,0,11,13,20,28,301,238,37,37,44,48,301,238
1686441137,0,1,0,0,0,11,13,21,28,302,238,37,36,44,48,302,238
1686441143,0,1,0,0,0,11,13,21,29,303,240,37,37,45,47,303,238
1686441149,0,1,0,0,0,11,14,21,28,303,240,37,36,45,48,304,238
1686441155,0,1,0,0,0,11,14,20,28,304,238,37,36,45,48,304,240
1686441161,0,1,0,0,0,11,14,21,29,304,240,37,36,45,48,305,240
1686441167,0,1,0,0,0,12,14,20,29,305,240,37,37,45,49,306,240
1686441173,0,1,0,0,0,11,14,21,28,306,240,37,37,45,49,306,240
1686441179,0,1,0,0,0,11,14,21,29,307,240,37,37,46,49,307,240
1686441185,0,1,0,0,0,11,14,21,29,307,240,37,37,46,49,307,240
1686441191,0,1,0,0,0,11,14,21,29,308,240,38,37,46,49,307,240
1686441197,0,1,0,0,0,12,14,21,29,307,242,38,37,46,49,307,242
1686441203,0,1,0,0,0,12,14,21,29,308,242,37,37,46,49,308,242
1686441209,0,1,0,0,0,11,14,21,29,308,242,38,37,47,49,308,240
1686441215,0,1,0,0,0,11,14,22,30,308,240,37,37,46,49,307,242
1686441221,0,1,0,0,0,11,14,21,29,307,240,37,37,46,49,307,240
1686441227,0,1,0,0,0,11,14,21,29,308,242,38,37,46,50,308,242
1686441233,0,1,0,0,0,11,14,22,29,307,240,38,37,46,49,308,240
1686441239,0,1,0,0,0,11,14,21,29,307,240,37,37,46,49,307,240
1686441245,0,1,0,0,0,11,14,21,29,306,240,37,37,45,49,307,240
1686441251,0,1,0,0,0,11,14,21,29,306,240,38,37,46,49,306,238
1686441257,0,1,0,0,0,11,14,21,30,306,238,37,37,46,49,306,240
1686441263,0,1,0,0,0,12,14,21,29,306,238,38,37,46,50,306,238
1686441269,0,1,0,0,0,11,14,22,29,305,236,37,37,46,49,305,236
1686441275,0,1,0,0,0,11,14,21,29,305,236,37,37,46,49,305,236
1686441281,0,1,0,0,0,11,14,21,29,304,236,37,37,46,49,305,236
1686441287,0,1,0,0,0,11,14,21,29,305,234,37,37,46,49,305,234
1686441293,0,1,0,0,0,11,14,21,29,304,232,37,37,46,49,304,232
1686441299,0,1,0,0,0,11,14,21,29,303,232,38,37,46,49,303,232
1686441305,0,1,0,0,0,11,13,22,29,302,230,37,37,46,50,301,230
1686441311,0,1,0,0,0,11,14,21,29,300,228,37,37,46,49,301,228
1686441317,0,1,0,0,0,11,14,21,29,299,226,37,36,46,49,299,226
1686441323,0,1,0,0,0,11,13,21,29,297,224,37,37,46,49,297,224
1686441329,0,1,0,0,0,11,14,20,29,295,222,36,38,45,49,295,222
1686441335,0,1,0,0,0,11,15,20,28,293,220,37,36,45,49,293,220
1686441341,0,1,0,0,0,10,13,20,28,290,218,36,36,45,48,291,218
1686441347,0,1,0,0,0,11,13,20,28,288,216,36,35,45,48,288,216
1686441353,0,1,0,0,0,10,12,20,28,285,214,35,35,44,47,285,214
1686441359,0,1,0,0,0,10,13,19,27,282,212,35,35,44,47,283,212
1686441365,0,1,0,0,0,10,13,20,27,280,210,35,34,44,46,279,210
1686441371,0,1,0,0,0,10,12,19,27,276,206,34,34,42,46,276,208
1686441377,0,1,0,0,0,10,12,19,27,273,204,34,34,42,45,273,204
1686441383,0,1,0,0,0,10,12,19,27,270,202,34,33,42,45,270,202
1686441389,0,1,0,0,0,10,12,19,26,267,198,33,33,41,45,266,200
1686441395,0,1,0,0,0,9,12,19,26,264,196,33,32,41,44,264,196
1686441401,0,1,0,0,0,9,13,18,26,261,194,33,32,40,43,260,194
1686441407,0,1,0,0,0,9,12,18,25,258,192,32,31,40,43,257,192
1686441413,0,1,0,0,0,9,12,18,25,254,188,32,32,40,43,254,188
1686441419,0,1,0,0,0,9,11,18,25,252,186,32,32,39,42,251,186
1686441425,0,1,0,0,0,9,11,17,24,249,184,32,31,39,42,249,184
1686441431,0,1,0,0,0,9,11,17,24,246,182,31,30,38,42,246,182
1686441437,0,1,0,0,0,9,11,17,24,243,178,30,30,38,41,243,178
1686441443,0,1,0,0,0,9,10,17,24,240,176,30,29,37,40,240,176
1686441449,0,1,0,0,0,9,10,16,23,237,174,30,29,37,40,238,174
1686441455,0,1,0,0,0,8,10,16,22,234,172,29,29,36,39,235,172
1686441461,0,1,0,0,0,8,10,16,23,231,170,29,29,36,39,231,170
1686441467,0,1,0,0,0,8,10,16,23,229,168,28,28,36,38,229,168
1686441473,0,1,0,0,0,8,10,15,21,225,166,28,28,35,37,226,166
1686441479,0,1,0,0,0,7,9,15,22,223,164,28,27,35,37,224,164
1686441485,0,1,0,0,0,8,11,15,21,220,162,27,27,34,37,220,162
1686441491,0,1,0,0,0,7,10,15,21,218,160,27,27,33,36,217,160
1686441497,0,1,0,0,0,7,9,15,21,215,158,27,26,33,36,215,160
1686441503,0,1,0,0,0,7,9,14,21,212,158,26,26,32,35,212,156
1686441509,0,1,0,0,0,7,9,14,21,210,156,26,25,32,35,210,156
1686441515,0,1,0,0,0,7,9,14,20,208,154,26,25,31,35,208,154
1686441521,0,1,0,0,0,7,8,14,19,206,154,26,25,31,34,206,152
1686441527,0,1,0,0,0,7,8,14,20,205,152,25,25,30,34,204,152
1686441533,0,1,0,0,0,7,8,14,19,203,150,25,24,31,33,204,152
1686441539,0,1,0,0,0,7,8,14,19,202,150,25,24,30,33,202,150
1686441545,0,1,0,0,0,7,8,13,19,200,150,25,24,30,33,201,148
1686441551,0,1,0,0,0,6,8,13,19,199,149,24,23,30,33,199,148
1686441557,0,1,0,0,0,6,8,13,19,199,148,24,24,30,32,198,148
1686441563,0,1,0,0,0,7,8,13,19,198,148,24,24,30,32,198,146
1686441569,0,1,0,0,0,6,8,13,18,196,148,24,24,30,32,196,146
1686441575,0,1,0,0,0,6,8,13,18,196,146,24,23,29,31,196,146
1686441581,0,1,0,0,0,7,8,13,18,195,146,24,23,29,31,195,146
1686441587,0,1,0,0,0,7,7,13,18,195,146,24,23,29,31,194,146
1686441593,0,1,0,0,0,6,8,13,19,194,146,23,23,29,31,194,146
1686441599,0,1,0,0,0,7,8,12,18,194,146,24,23,29,31,194,146
