Timestamp,Amber,White,On,Override,Intensity,AS00,AS01,AS02,AS03,AS04,AS05,AS06,AS07,AS08,AS09,AS10,AS11
1686369605,0,1,0,0,0,0,0,0,0,1,0,0,0,0,0,2,0
1686369611,0,1,0,0,0,0,0,0,0,2,0,0,0,0,0,1,0
1686369617,0,1,0,0,0,0,0,0,0,1,0,0,0,0,0,1,0
1686369623,0,1,0,0,0,0,0,0,0,1,0,0,0,0,0,1,0
1686369629,0,1,0,0,0,0,0,0,0,1,0,0,0,0,0,1,0
1686369635,0,1,0,0,0,0,0,0,0,1,0,0,0,0,0,1,0
1686369641,0,1,0,0,0,0,0,0,0,1,0,0,0,0,0,2,0
1686369647,0,1,0,0,0,0,0,0,0,1,0,0,0,0,0,1,0
1686369653,0,1,0,0,0,0,0,0,0,1,0,0,0,0,0,1,0
1686369659,0,1,0,0,0,0,0,0,0,1,0,0,0,0,0,1,0
1686369665,0,1,0,0,0,0,0,0,0,1,0,0,0,0,0,1,0
1686369671,0,1,0,0,0,0,0,0,0,1,0,0,0,0,0,1,0
1686369677,0,1,0,0,0,0,0,0,0,1,0,0,0,0,0,1,0
1686369683,0,1,0,0,0,0,0,0,0,1,0,0,0,0,0,1,0
1686369689,0,1,0,0,0,0,0,0,0,1,0,0,0,0,0,0,0
1686369695,0,1,0,0,0,0,0,0,0,1,0,0,0,0,0,1,0
1686369701,0,1,0,0,0,0,0,0,0,1,0,0,0,0,0,1,0
1686369707,0,1,0,0,0,0,0,0,0,1,0,0,0,0,0,1,0
1686369713,0,1,0,0,0,0,0,0,0,1,0,0,0,0,0,0,0
1686369719,0,1,0,0,0,0,0,0,0,1,0,0,0,0,0,1,0
1686369725,0,1,0,0,0,0,0,0,0,0,0,0,0,0,0,1,0
1686369731,0,1,0,0,0,0,0,0,0,0,0,0,0,0,0,0,0
1686369737,0,1,0,0,0,0,0,0,0,0,0,0,0,0,0,0,0
1686369743,0,1,0,0,0,0,0,0,0,0,0,0,0,0,0,0,0
1686369749,0,1,0,0,0,0,0,0,0,1,0,0,0,0,0,1,0
1686369755,0,1,0,0,0,0,0,0,0,0,0,0,0,0,0,1,0
1686369761,0,1,0,0,0,0,0,0,0,1,0,0,0,0,0,0,0
1686369767,0,1,0,0,0,0,0,0,0,0,0,0,0,0,0,0,0
1686369773,0,1,0,0,0,0,0,0,0,0,0,0,0,0,0,1,0
1686369779,0,1,0,0,0,0,0,0,0,0,0,0,0,0,0,0,0
1686369785,0,1,0,0,0,0,0,0,0,0,0,0,0,0,0,1,0
1686369791,0,1,0,0,0,0,0,0,0,0,0,0,0,0,0,0,0
1686369797,0,1,0,0,0,0,0,0,0,0,0,0,0,0,0,0,0
1686369803,0,1,0,0,0,0,0,0,0,0,0,0,0,0,0,0,0
1686369809,0,1,0,0,0,0,0,0,0,0,0,0,0,0,0,0,0
1686369815,0,1,0,0,0,0,0,0,0,0,0,0,0,0,0,0,0
1686369821,0,1,0,0,0,0,0,0,0,0,0,0,0,0,0,0,0
1686369827,0,1,0,0,0,0,0,0,0,0,0,0,0,0,0,0,0
1686369833,0,1,0,0,0,0,0,0,0,0,0,0,0,0,0,0,0
1686369839,0,1,0,0,0,0,0,0,0,0,0,0,0,0,0,0,0
1686369845,0,1,0,0,0,0,0,0,0,0,0,0,0,0,0,0,0
1686369851,0,1,0,0,0,0,0,0,0,0,0,0,0,0,0,0,0
1686369857,0,1,0,0,0,0,0,0,0,0,0,0,0,0,0,0,0
1686369863,0,1,0,0,0,0,0,0,0,0,0,0,0,0,0,0,0
1686369869,0,1,0,0,0,0,0,0,0,0,0,0,0,0,0,0,0
1686369875,0,1,0,0,0,0,0,0,0,0,0,0,0,0,0,0,0
1686369881,0,1,0,0,0,0,0,0,0,0,0,0,0,0,0,0,0
1686369887,0,1,0,0,0,0,0,0,0,0,0,0,0,0,0,0,0
1686369893,0,1,0,0,0,0,0,0,0,0,0,0,0,0,0,0,0
1686369899,0,1,0,0,0,0,0,0,0,0,0,0,0,0,0,0,0
1686369905,0,1,0,0,0,0,0,0,0,0,0,0,0,0,0,0,0
1686369911,0,1,0,0,0,0,0,0,0,0,0,0,0,0,0,0,0
1686369917,0,1,0,0,0,0,0,0,0,0,0,0,0,0,0,0,0
1686369923,0,1,0,0,0,0,0,0,0,0,0,0,0,0,0,0,0
1686369929,0,1,0,0,0,0,0,0,0,0,0,0,0,0,0,0,0
1686369935,0,1,0,0,0,0,0,0,0,0,0,0,0,0,0,0,0
1686369941,0,1,0,0,0,0,0,0,0,0,0,0,0,0,0,0,0
1686369947,0,1,0,0,0,0,0,0,0,0,0,0,0,0,0,0,0
1686369953,0,1,0,0,0,0,0,0,0,0,0,0,0,0,0,0,0
1686369959,0,1,0,0,0,0,0,0,0,0,0,0,0,0,0,0,0
1686369965,0,1,0,0,0,0,0,0,0,0,0,0,0,0,0,0,0
1686369971,0,1,0,0,0,0,0,0,0,0,0,0,0,0,0,0,0
1686369977,0,1,0,0,0,0,0,0,0,0,0,0,0,0,0,0,0
1686369983,0,1,0,0,0,0,0,0,0,0,0,0,0,0,0,0,0
1686369989,0,1,0,0,0,0,0,0,0,0,0,0,0,0,0,0,0
1686369995,0,1,0,0,0,0,0,0,0,0,0,0,0,0,0,0,0
1686370001,0,1,0,0,0,0,0,0,0,0,0,0,0,0,0,0,0
1686370007,0,1,0,0,0,0,0,0,0,0,0,0,0,0,0,0,0
1686370013,0,1,0,0,0,0,0,0,0,0,0,0,0,0,0,0,0
1686370019,0,1,0,0,0,0,0,0,0,0,0,0,0,0,0,0,0
1686370025,0,1,0,0,0,0,0,0,0,0,0,0,0,0,0,0,0
1686370031,0,1,0,0,0,0,0,0,0,0,0,0,0,0,0,0,0
1686370037,0,1,0,0,0,0,0,0,0,0,0,0,0,0,0,0,0
1686370043,0,1,0,0,0,0,0,0,0,0,0,0,0,0,0,0,0
1686370049,0,1,0,0,0,0,0,0,0,0,0,0,0,0,0,0,0
1686370055,0,1,0,0,0,0,0,0,0,0,0,0,0,0,0,0,0
1686370061,0,1,0,0,0,0,0,0,0,0,0,0,0,0,0,0,0
1686370067,0,1,0,0,0,0,0,0,0,0,0,0,0,0,0,0,0
1686370073,0,1,0,0,0,0,0,0,0,0,0,0,0,0,0,0,0
1686370079,0,1,0,0,0,0,0,0,0,0,0,0,0,0,0,0,0
1686370085,0,1,0,0,0,0,0,0,0,0,0,0,0,0,0,0,0
1686370091,0,1,0,0,0,0,0,0,0,0,0,0,0,0,0,0,0
1686370097,0,1,0,0,0,0,0,0,0,0,0,0,0,0,0,0,0
1686370103,0,1,0,0,0,0,0,0,0,0,0,0,0,0,0,0,0
1686370109,0,1,0,0,0,0,0,0,0,0,0,0,0,0,0,0,0
1686370115,0,1,0,0,0,0,0,0,0,0,0,0,0,0,0,0,0
1686370121,0,1,0,0,0,0,0,0,0,0,0,0,0,0,0,0,0
1686370127,0,1,0,0,0,0,0,0,0,0,0,0,0,0,0,0,0
1686370133,0,1,0,0,0,0,0,0,0,0,0,0,0,0,0,0,0
1686370139,0,1,0,0,0,0,0,0,0,0,0,0,0,0,0,0,0
1686370145,0,1,0,0,0,0,0,0,0,0,0,0,0,0,0,0,0
1686370151,0,1,0,0,0,0,0,0,0,0,0,0,0,0,0,0,0
1686370157,0,1,0,0,0,0,0,0,0,0,0,0,0,0,0,0,0
1686370163,0,1,0,0,0,0,0,0,0,0,0,0,0,0,0,0,0
1686370169,0,1,0,0,0,0,0,0,0,0,0,0,0,0,0,0,0
1686370175,0,1,0,0,0,0,0,0,0,0,0,0,0,0,0,0,0
1686370181,0,1,0,0,0,0,0,0,0,0,0,0,0,0,0,0,0
1686370187,0,1,0,0,0,0,0,0,0,0,0,0,0,0,0,0,0
1686370193,0,1,0,0,0,0,0,0,0,0,0,0,0,0,0,0,0
1686370199,0,1,0,0,0,0,0,0,0,0,0,0,0,0,0,0,0
1686370205,0,1,0,0,0,0,0,0,0,0,0,0,0,0,0,0,0
1686370211,0,1,0,0,0,0,0,0,0,0,0,0,0,0,0,0,0
1686370217,0,1,0,0,0,0,0,0,0,0,0,0,0,0,0,0,0
1686370223,0,1,0,0,0,0,0,0,0,0,0,0,0,0,0,0,0
1686370229,0,1,0,0,0,0,0,0,0,0,0,0,0,0,0,0,0
1686370235,0,1,0,0,0,0,0,0,0,0,0,0,0,0,0,0,0
1686370241,0,1,0,0,0,0,0,0,0,0,0,0,0,0,0,0,0
1686370247,0,1,0,0,0,0,0,0,0,0,0,0,0,0,0,0,0
1686370253,0,1,0,0,0,0,0,0,0,0,0,0,0,0,0,0,0
1686370259,0,1,0,0,0,0,0,0,0,0,0,0,0,0,0,0,0
1686370265,0,1,0,0,0,0,0,0,0,0,0,0,0,0,0,0,0
1686370271,0,1,0,0,0,0,0,0,0,0,0,0,0,0,0,0,0
1686370277,0,1,0,0,0,0,0,0,0,0,0,0,0,0,0,0,0
1686370283,0,1,0,0,0,0,0,0,0,0,0,0,0,0,0,0,0
1686370289,0,1,0,0,0,0,0,0,0,0,0,0,0,0,0,0,0
1686370295,0,1,0,0,0,0,0,0,0,0,0,0,0,0,0,0,0
1686370301,0,1,0,0,0,0,0,0,0,0,0,0,0,0,0,0,0
1686370307,0,1,0,0,0,0,0,0,0,0,0,0,0,0,0,0,0
1686370313,0,1,0,0,0,0,0,0,0,0,0,0,0,0,0,0,0
1686370319,0,1,0,0,0,0,0,0,0,0,0,0,0,0,0,0,0
1686370325,0,1,0,0,0,0,0,0,0,0,0,0,0,0,0,0,0
1686370331,0,1,0,0,0,0,0,0,0,0,0,0,0,0,0,0,0
1686370337,0,1,0,0,0,0,0,0,0,0,0,0,0,0,0,0,0
1686370343,0,1,0,0,0,0,0,0,0,0,0,0,0,0,0,0,0
1686370349,0,1,0,0,0,0,0,0,0,0,0,0,0,0,0,0,0
1686370355,0,1,0,0,0,0,0,0,0,0,0,0,0,0,0,0,0
1686370361,0,1,0,0,0,0,0,0,0,0,0,0,0,0,0,0,0
1686370367,0,1,0,0,0,0,0,0,0,0,0,0,0,0,0,0,0
1686370373,0,1,0,0,0,0,0,0,0,0,0,0,0,0,0,0,0
1686370379,0,1,0,0,0,0,0,0,0,0,0,0,0,0,0,0,0
1686370385,0,1,0,0,0,0,0,0,0,0,0,0,0,0,0,0,0
1686370391,0,1,0,0,0,0,0,0,0,0,0,0,0,0,0,0,0
1686370397,0,1,0,0,0,0,0,0,0,0,0,0,0,0,0,0,0
1686370403,0,1,0,0,0,0,0,0,0,0,0,0,0,0,0,0,0
1686370409,0,1,0,0,0,0,0,0,0,0,0,0,0,0,0,0,0
1686370415,0,1,0,0,0,0,0,0,0,0,0,0,0,0,0,0,0
1686370421,0,1,0,0,0,0,0,0,0,0,0,0,0,0,0,0,0
1686370427,0,1,0,0,0,0,0,0,0,0,0,0,0,0,0,0,0
1686370433,0,1,0,0,0,0,0,0,0,0,0,0,0,0,0,0,0
1686370439,0,1,0,0,0,0,0,0,0,0,0,0,0,0,0,0,0
1686370445,0,1,0,0,0,0,0,0,0,0,0,0,0,0,0,0,0
1686370451,0,1,0,0,0,0,0,0,0,0,0,0,0,0,0,0,0
1686370457,0,1,0,0,0,0,0,0,0,0,0,0,0,0,0,0,0
1686370463,0,1,0,0,0,0,0,0,0,0,0,0,0,0,0,0,0
1686370469,0,1,0,0,0,0,0,0,0,0,0,0,0,0,0,0,0
1686370475,0,1,0,0,0,0,0,0,0,0,0,0,0,0,0,0,0
1686370481,0,1,0,0,0,0,0,0,0,0,0,0,0,0,0,0,0
1686370487,0,1,0,0,0,0,0,0,0,0,0,0,0,0,0,0,0
1686370493,0,1,0,0,0,0,0,0,0,0,0,0,0,0,0,0,0
1686370499,0,1,0,0,0,0,0,0,0,0,0,0,0,0,0,0,0
1686370505,0,1,0,0,0,0,0,0,0,0,0,0,0,0,0,0,0
1686370511,0,1,0,0,0,0,0,0,0,0,0,0,0,0,0,0,0
1686370517,0,1,0,0,0,0,0,0,0,0,0,0,0,0,0,0,0
1686370523,0,1,0,0,0,0,0,0,0,0,0,0,0,0,0,0,0
1686370529,0,1,0,0,0,0,0,0,0,0,0,0,0,0,0,0,0
1686370535,0,1,0,0,0,0,0,0,0,0,0,0,0,0,0,0,0
1686370541,0,1,0,0,0,0,0,0,0,0,0,0,0,0,0,0,0
1686370547,0,1,0,0,0,0,0,0,0,0,0,0,0,0,0,0,0
1686370553,0,1,0,0,0,0,0,0,0,0,0,0,0,0,0,0,0
1686370559,0,1,0,0,0,0,0,0,0,0,0,0,0,0,0,0,0
1686370565,0,1,0,0,0,0,0,0,0,0,0,0,0,0,0,0,0
1686370571,0,1,0,0,0,0,0,0,0,0,0,0,0,0,0,0,0
1686370577,0,1,0,0,0,0,0,0,0,0,0,0,0,0,0,0,0
1686370583,0,1,0,0,0,0,0,0,0,0,0,0,0,0,0,0,0
1686370589,0,1,0,0,0,0,0,0,0,0,0,0,0,0,0,0,0
1686370595,0,1,0,0,0,0,0,0,0,0,0,0,0,0,0,0,0
1686370601,0,1,0,0,0,0,0,0,0,0,0,0,0,0,0,0,0
1686370607,0,1,0,0,0,0,0,0,0,0,0,0,0,0,0,0,0
1686370613,0,1,0,0,0,0,0,0,0,0,0,0,0,0,0,0,0
1686370619,0,1,0,0,0,0,0,0,0,0,0,0,0,0,0,0,0
1686370625,0,1,0,0,0,0,0,0,0,0,0,0,0,0,0,0,0
1686370631,0,1,0,0,0,0,0,0,0,0,0,0,0,0,0,0,0
1686370637,0,1,0,0,0,0,0,0,0,0,0,0,0,0,0,0,0
1686370643,0,1,0,0,0,0,0,0,0,0,0,0,0,0,0,0,0
1686370649,0,1,0,0,0,0,0,0,0,0,0,0,0,0,0,0,0
1686370655,0,1,0,0,0,0,0,0,0,0,0,0,0,0,0,0,0
1686370661,0,1,0,0,0,0,0,0,0,0,0,0,0,0,0,0,0
1686370667,0,1,0,0,0,0,0,0,0,0,0,0,0,0,0,0,0
1686370673,0,1,0,0,0,0,0,0,0,0,0,0,0,0,0,0,0
1686370679,0,1,0,0,0,0,0,0,0,0,0,0,0,0,0,0,0
1686370685,0,1,0,0,0,0,0,0,0,0,0,0,0,0,0,0,0
1686370691,0,1,0,0,0,0,0,0,0,0,0,0,0,0,0,0,0
1686370697,0,1,0,0,0,0,0,0,0,0,0,0,0,0,0,0,0
1686370703,0,1,0,0,0,0,0,0,0,0,0,0,0,0,0,0,0
1686370709,0,1,0,0,0,0,0,0,0,0,0,0,0,0,0,0,0
1686370715,0,1,0,0,0,0,0,0,0,0,0,0,0,0,0,0,0
1686370721,0,1,0,0,0,0,0,0,0,0,0,0,0,0,0,0,0
1686370727,0,1,0,0,0,0,0,0,0,0,0,0,0,0,0,0,0
1686370733,0,1,0,0,0,0,0,0,0,0,0,0,0,0,0,0,0
1686370739,0,1,0,0,0,0,0,0,0,0,0,0,0,0,0,0,0
1686370745,0,1,0,0,0,0,0,0,0,0,0,0,0,0,0,0,0
1686370751,0,1,0,0,0,0,0,0,0,0,0,0,0,0,0,0,0
1686370757,0,1,0,0,0,0,0,0,0,0,0,0,0,0,0,0,0
1686370763,0,1,0,0,0,0,0,0,0,0,0,0,0,0,0,0,0
1686370769,0,1,0,0,0,0,0,0,0,0,0,0,0,0,0,0,0
1686370775,0,1,0,0,0,0,0,0,0,0,0,0,0,0,0,0,0
1686370781,0,1,0,0,0,0,0,0,0,0,0,0,0,0,0,0,0
1686370787,0,1,0,0,0,0,0,0,0,0,0,0,0,0,0,0,0
1686370793,0,1,0,0,0,0,0,0,0,0,0,0,0,0,0,0,0
1686370799,0,1,0,0,0,0,0,0,0,0,0,0,0,0,0,0,0
1686370805,0,1,0,0,0,0,0,0,0,0,0,0,0,0,0,0,0
1686370811,0,1,0,0,0,0,0,0,0,0,0,0,0,0,0,0,0
1686370817,0,1,0,0,0,0,0,0,0,0,0,0,0,0,0,0,0
1686370823,0,1,0,0,0,0,0,0,0,0,0,0,0,0,0,0,0
1686370829,0,1,0,0,0,0,0,0,0,0,0,0,0,0,0,0,0
1686370835,0,1,0,0,0,0,0,0,0,0,0,0,0,0,0,0,0
1686370841,0,1,0,0,0,0,0,0,0,0,0,0,0,0,0,0,0
1686370847,0,1,0,0,0,0,0,0,0,0,0,0,0,0,0,0,0
1686370853,0,1,0,0,0,0,0,0,0,0,0,0,0,0,0,0,0
1686370859,0,1,0,0,0,0,0,0,0,0,0,0,0,0,0,0,0
1686370865,0,1,0,0,0,0,0,0,0,0,0,0,0,0,0,0,0
1686370871,0,1,0,0,0,0,0,0,0,0,0,0,0,0,0,0,0
1686370877,0,1,0,0,0,0,0,0,0,0,0,0,0,0,0,0,0
1686370883,0,1,0,0,0,0,0,0,0,0,0,0,0,0,0,0,0
1686370889,0,1,0,0,0,0,0,0,0,0,0,0,0,0,0,0,0
1686370895,0,1,0,0,0,0,0,0,0,0,0,0,0,0,0,0,0
1686370901,0,1,0,0,0,0,0,0,0,0,0,0,0,0,0,0,0
1686370907,0,1,0,0,0,0,0,0,0,0,0,0,0,0,0,0,0
1686370913,0,1,0,0,0,0,0,0,0,0,0,0,0,0,0,0,0
1686370919,0,1,0,0,0,0,0,0,0,0,0,0,0,0,0,0,0
1686370925,0,1,0,0,0,0,0,0,0,0,0,0,0,0,0,0,0
1686370931,0,1,0,0,0,0,0,0,0,0,0,0,0,0,0,0,0
1686370937,0,1,0,0,0,0,0,0,0,0,0,0,0,0,0,0,0
1686370943,0,1,0,0,0,0,0,0,0,0,0,0,0,0,0,0,0
1686370949,0,1,0,0,0,0,0,0,0,0,0,0,0,0,0,0,0
1686370955,0,1,0,0,0,0,0,0,0,0,0,0,0,0,0,0,0
1686370961,0,1,0,0,0,0,0,0,0,0,0,0,0,0,0,0,0
1686370967,0,1,0,0,0,0,0,0,0,0,0,0,0,0,0,0,0
1686370973,0,1,0,0,0,0,0,0,0,0,0,0,0,0,0,0,0
1686370979,0,1,0,0,0,0,0,0,0,0,0,0,0,0,0,0,0
1686370985,0,1,0,0,0,0,0,0,0,0,0,0,0,0,0,0,0
1686370991,0,1,0,0,0,0,0,0,0,0,0,0,0,0,0,0,0
1686370997,0,1,0,0,0,0,0,0,0,0,0,0,0,0,0,0,0
1686371003,0,1,0,0,0,0,0,0,0,0,0,0,0,0,0,0,0
1686371009,0,1,0,0,0,0,0,0,0,0,0,0,0,0,0,0,0
1686371015,0,1,0,0,0,0,0,0,0,0,0,0,0,0,0,0,0
1686371021,0,1,0,0,0,0,0,0,0,0,0,0,0,0,0,0,0
1686371027,0,1,0,0,0,0,0,0,0,0,0,0,0,0,0,0,0
1686371033,0,1,0,0,0,0,0,0,0,0,0,0,0,0,0,0,0
1686371039,0,1,0,0,0,0,0,0,0,0,0,0,0,0,0,0,0
1686371045,0,1,0,0,0,0,0,0,0,0,0,0,0,0,0,0,0
1686371051,0,1,0,0,0,0,0,0,0,0,0,0,0,0,0,0,0
1686371057,0,1,0,0,0,0,0,0,0,0,0,0,0,0,0,0,0
1686371063,0,1,0,0,0,0,0,0,0,0,0,0,0,0,0,0,0
1686371069,0,1,0,0,0,0,0,0,0,0,0,0,0,0,0,0,0
1686371075,0,1,0,0,0,0,0,0,0,0,0,0,0,0,0,0,0
1686371081,0,1,0,0,0,0,0,0,0,0,0,0,0,0,0,0,0
1686371087,0,1,0,0,0,0,0,0,0,0,0,0,0,0,0,0,0
1686371093,0,1,0,0,0,0,0,0,0,0,0,0,0,0,0,0,0
1686371099,0,1,0,0,0,0,0,0,0,0,0,0,0,0,0,0,0
1686371105,0,1,0,0,0,0,0,0,0,0,0,0,0,0,0,0,0
1686371111,0,1,0,0,0,0,0,0,0,0,0,0,0,0,0,0,0
1686371117,0,1,0,0,0,0,0,0,0,0,0,0,0,0,0,0,0
1686371123,0,1,0,0,0,0,0,0,0,0,0,0,0,0,0,0,0
1686371129,0,1,0,0,0,0,0,0,0,0,0,0,0,0,0,0,0
1686371135,0,1,0,0,0,0,0,0,0,0,0,0,0,0,0,0,0
1686371141,0,1,0,0,0,0,0,0,0,0,0,0,0,0,0,0,0
1686371147,0,1,0,0,0,0,0,0,0,0,0,0,0,0,0,0,0
1686371153,0,1,0,0,0,0,0,0,0,0,0,0,0,0,0,0,0
1686371159,0,1,0,0,0,0,0,0,0,0,0,0,0,0,0,0,0
1686371165,0,1,0,0,0,0,0,0,0,0,0,0,0,0,0,0,0
1686371171,0,1,0,0,0,0,0,0,0,0,0,0,0,0,0,0,0
1686371177,0,1,0,0,0,0,0,0,0,0,0,0,0,0,0,0,0
1686371183,0,1,0,0,0,0,0,0,0,0,0,0,0,0,0,0,0
1686371189,0,1,0,0,0,0,0,0,0,0,0,0,0,0,0,0,0
1686371195,0,1,0,0,0,0,0,0,0,0,0,0,0,0,0,0,0
1686371201,0,1,0,0,0,0,0,0,0,0,0,0,0,0,0,0,0
1686371207,0,1,0,0,0,0,0,0,0,0,0,0,0,0,0,0,0
1686371213,0,1,0,0,0,0,0,0,0,0,0,0,0,0,0,0,0
1686371219,0,1,0,0,0,0,0,0,0,0,0,0,0,0,0,0,0
1686371225,0,1,0,0,0,0,0,0,0,0,0,0,0,0,0,0,0
1686371231,0,1,0,0,0,0,0,0,0,0,0,0,0,0,0,0,0
1686371237,0,1,0,0,0,0,0,0,0,0,0,0,0,0,0,0,0
1686371243,0,1,0,0,0,0,0,0,0,0,0,0,0,0,0,0,0
1686371249,0,1,0,0,0,0,0,0,0,0,0,0,0,0,0,0,0
1686371255,0,1,0,0,0,0,0,0,0,0,0,0,0,0,0,0,0
1686371261,0,1,0,0,0,0,0,0,0,0,0,0,0,0,0,0,0
1686371267,0,1,0,0,0,0,0,0,0,0,0,0,0,0,0,0,0
1686371273,0,1,0,0,0,0,0,0,0,0,0,0,0,0,0,0,0
1686371279,0,1,0,0,0,0,0,0,0,0,0,0,0,0,0,0,0
1686371285,0,1,0,0,0,0,0,0,0,0,0,0,0,0,0,0,0
1686371291,0,1,0,0,0,0,0,0,0,0,0,0,0,0,0,0,0
1686371297,0,1,0,0,0,0,0,0,0,0,0,0,0,0,0,0,0
1686371303,0,1,0,0,0,0,0,0,0,0,0,0,0,0,0,0,0
1686371309,0,1,0,0,0,0,0,0,0,0,0,0,0,0,0,0,0
1686371315,0,1,0,0,0,0,0,0,0,0,0,0,0,0,0,0,0
1686371321,0,1,0,0,0,0,0,0,0,0,0,0,0,0,0,0,0
1686371327,0,1,0,0,0,0,0,0,0,0,0,0,0,0,0,0,0
1686371333,0,1,0,0,0,0,0,0,0,0,0,0,0,0,0,0,0
1686371339,0,1,0,0,0,0,0,0,0,0,0,0,0,0,0,0,0
1686371345,0,1,0,0,0,0,0,0,0,0,0,0,0,0,0,0,0
1686371351,0,1,0,0,0,0,0,0,0,0,0,0,0,0,0,0,0
1686371357,0,1,0,0,0,0,0,0,0,0,0,0,0,0,0,0,0
1686371363,0,1,0,0,0,0,0,0,0,0,0,0,0,0,0,0,0
1686371369,0,1,0,0,0,0,0,0,0,0,0,0,0,0,0,0,0
1686371375,0,1,0,0,0,0,0,0,0,0,0,0,0,0,0,0,0
1686371381,0,1,0,0,0,0,0,0,0,0,0,0,0,0,0,0,0
1686371387,0,1,0,0,0,0,0,0,0,0,0,0,0,0,0,0,0
1686371393,0,1,0,0,0,0,0,0,0,0,0,0,0,0,0,0,0
1686371399,0,1,0,0,0,0,0,0,0,0,0,0,0,0,0,0,0
1686371405,0,1,0,0,0,0,0,0,0,0,0,0,0,0,0,0,0
1686371411,0,1,0,0,0,0,0,0,0,0,0,0,0,0,0,0,0
1686371417,0,1,0,0,0,0,0,0,0,0,0,0,0,0,0,0,0
1686371423,0,1,0,0,0,0,0,0,0,0,0,0,0,0,0,0,0
1686371429,0,1,0,0,0,0,0,0,0,0,0,0,0,0,0,0,0
1686371435,0,1,0,0,0,0,0,0,0,0,0,0,0,0,0,0,0
1686371441,0,1,0,0,0,0,0,0,0,0,0,0,0,0,0,0,0
1686371447,0,1,0,0,0,0,0,0,0,0,0,0,0,0,0,0,0
1686371453,0,1,0,0,0,0,0,0,0,0,0,0,0,0,0,0,0
1686371459,0,1,0,0,0,0,0,0,0,0,0,0,0,0,0,0,0
1686371465,0,1,0,0,0,0,0,0,0,0,0,0,0,0,0,0,0
1686371471,0,1,0,0,0,0,0,0,0,0,0,0,0,0,0,0,0
1686371477,0,1,0,0,0,0,0,0,0,0,0,0,0,0,0,0,0
1686371483,0,1,0,0,0,0,0,0,0,0,0,0,0,0,0,0,0
1686371489,0,1,0,0,0,0,0,0,0,0,0,0,0,0,0,0,0
1686371495,0,1,0,0,0,0,0,0,0,0,0,0,0,0,0,0,0
1686371501,0,1,0,0,0,0,0,0,0,0,0,0,0,0,0,0,0
1686371507,0,1,0,0,0,0,0,0,0,0,0,0,0,0,0,0,0
1686371513,0,1,0,0,0,0,0,0,0,0,0,0,0,0,0,0,0
1686371519,0,1,0,0,0,0,0,0,0,0,0,0,0,0,0,0,0
1686371525,0,1,0,0,0,0,0,0,0,0,0,0,0,0,0,0,0
1686371531,0,1,0,0,0,0,0,0,0,0,0,0,0,0,0,0,0
1686371537,0,1,0,0,0,0,0,0,0,0,0,0,0,0,0,0,0
1686371543,0,1,0,0,0,0,0,0,0,0,0,0,0,0,0,0,0
1686371549,0,1,0,0,0,0,0,0,0,0,0,0,0,0,0,0,0
1686371555,0,1,0,0,0,0,0,0,0,0,0,0,0,0,0,0,0
1686371561,0,1,0,0,0,0,0,0,0,0,0,0,0,0,0,0,0
1686371567,0,1,0,0,0,0,0,0,0,0,0,0,0,0,0,0,0
1686371573,0,1,0,0,0,0,0,0,0,0,0,0,0,0,0,0,0
1686371579,0,1,0,0,0,0,0,0,0,0,0,0,0,0,0,0,0
1686371585,0,1,0,0,0,0,0,0,0,0,0,0,0,0,0,0,0
1686371591,0,1,0,0,0,0,0,0,0,0,0,0,0,0,0,0,0
1686371597,0,1,0,0,0,0,0,0,0,0,0,0,0,0,0,0,0
1686371603,0,1,0,0,0,0,0,0,0,0,0,0,0,0,0,0,0
1686371609,0,1,0,0,0,0,0,0,0,0,0,0,0,0,0,0,0
1686371615,0,1,0,0,0,0,0,0,0,0,0,0,0,0,0,0,0
1686371621,0,1,0,0,0,0,0,0,0,0,0,0,0,0,0,0,0
1686371627,0,1,0,0,0,0,0,0,0,0,0,0,0,0,0,0,0
1686371633,0,1,0,0,0,0,0,0,0,0,0,0,0,0,0,0,0
1686371639,0,1,0,0,0,0,0,0,0,0,0,0,0,0,0,0,0
1686371645,0,1,0,0,0,0,0,0,0,0,0,0,0,0,0,0,0
1686371651,0,1,0,0,0,0,0,0,0,0,0,0,0,0,0,0,0
1686371657,0,1,0,0,0,0,0,0,0,0,0,0,0,0,0,0,0
1686371663,0,1,0,0,0,0,0,0,0,0,0,0,0,0,0,0,0
1686371669,0,1,0,0,0,0,0,0,0,0,0,0,0,0,0,0,0
1686371675,0,1,0,0,0,0,0,0,0,0,0,0,0,0,0,0,0
1686371681,0,1,0,0,0,0,0,0,0,0,0,0,0,0,0,0,0
1686371687,0,1,0,0,0,0,0,0,0,0,0,0,0,0,0,0,0
1686371693,0,1,0,0,0,0,0,0,0,0,0,0,0,0,0,0,0
1686371699,0,1,0,0,0,0,0,0,0,0,0,0,0,0,0,0,0
1686371705,0,1,0,0,0,0,0,0,0,0,0,0,0,0,0,0,0
1686371711,0,1,0,0,0,0,0,0,0,0,0,0,0,0,0,0,0
1686371717,0,1,0,0,0,0,0,0,0,0,0,0,0,0,0,0,0
1686371723,0,1,0,0,0,0,0,0,0,0,0,0,0,0,0,0,0
1686371729,0,1,0,0,0,0,0,0,0,0,0,0,0,0,0,0,0
1686371735,0,1,0,0,0,0,0,0,0,0,0,0,0,0,0,0,0
1686371741,0,1,0,0,0,0,0,0,0,0,0,0,0,0,0,0,0
1686371747,0,1,0,0,0,0,0,0,0,0,0,0,0,0,0,0,0
1686371753,0,1,0,0,0,0,0,0,0,0,0,0,0,0,0,0,0
1686371759,0,1,0,0,0,0,0,0,0,0,0,0,0,0,0,0,0
1686371765,0,1,0,0,0,0,0,0,0,0,0,0,0,0,0,0,0
1686371771,0,1,0,0,0,0,0,0,0,0,0,0,0,0,0,0,0
1686371777,0,1,0,0,0,0,0,0,0,0,0,0,0,0,0,0,0
1686371783,0,1,0,0,0,0,0,0,0,0,0,0,0,0,0,0,0
1686371789,0,1,0,0,0,0,0,0,0,0,0,0,0,0,0,0,0
1686371795,0,1,0,0,0,0,0,0,0,0,0,0,0,0,0,0,0
1686371801,0,1,0,0,0,0,0,0,0,0,0,0,0,0,0,0,0
1686371807,0,1,0,0,0,0,0,0,0,0,0,0,0,0,0,0,0
1686371813,0,1,0,0,0,0,0,0,0,0,0,0,0,0,0,0,0
1686371819,0,1,0,0,0,0,0,0,0,0,0,0,0,0,0,0,0
1686371825,0,1,0,0,0,0,0,0,0,0,0,0,0,0,0,0,0
1686371831,0,1,0,0,0,0,0,0,0,0,0,0,0,0,0,0,0
1686371837,0,1,0,0,0,0,0,0,0,0,0,0,0,0,0,0,0
1686371843,0,1,0,0,0,0,0,0,0,0,0,0,0,0,0,0,0
1686371849,0,1,0,0,0,0,0,0,0,0,0,0,0,0,0,0,0
1686371855,0,1,0,0,0,0,0,0,0,0,0,0,0,0,0,0,0
1686371861,0,1,0,0,0,0,0,0,0,0,0,0,0,0,0,0,0
1686371867,0,1,0,0,0,0,0,0,0,0,0,0,0,0,0,0,0
1686371873,0,1,0,0,0,0,0,0,0,0,0,0,0,0,0,0,0
1686371879,0,1,0,0,0,0,0,0,0,0,0,0,0,0,0,0,0
1686371885,0,1,0,0,0,0,0,0,0,0,0,0,0,0,0,0,0
1686371891,0,1,0,0,0,0,0,0,0,0,0,0,0,0,0,0,0
1686371897,0,1,0,0,0,0,0,0,0,0,0,0,0,0,0,0,0
1686371903,0,1,0,0,0,0,0,0,0,0,0,0,0,0,0,0,0
1686371909,0,1,0,0,0,0,0,0,0,0,0,0,0,0,0,0,0
1686371915,0,1,0,0,0,0,0,0,0,0,0,0,0,0,0,0,0
1686371921,0,1,0,0,0,0,0,0,0,0,0,0,0,0,0,0,0
1686371927,0,1,0,0,0,0,0,0,0,0,0,0,0,0,0,0,0
1686371933,0,1,0,0,0,0,0,0,0,0,0,0,0,0,0,0,0
1686371939,0,1,0,0,0,0,0,0,0,0,0,0,0,0,0,0,0
1686371945,0,1,0,0,0,0,0,0,0,0,0,0,0,0,0,0,0
1686371951,0,1,0,0,0,0,0,0,0,0,0,0,0,0,0,0,0
1686371957,0,1,0,0,0,0,0,0,0,0,0,0,0,0,0,0,0
1686371963,0,1,0,0,0,0,0,0,0,0,0,0,0,0,0,0,0
1686371969,0,1,0,0,0,0,0,0,0,0,0,0,0,0,0,0,0
1686371975,0,1,0,0,0,0,0,0,0,0,0,0,0,0,0,0,0
1686371981,0,1,0,0,0,0,0,0,0,0,0,0,0,0,0,0,0
1686371987,0,1,0,0,0,0,0,0,0,0,0,0,0,0,0,0,0
1686371993,0,1,0,0,0,0,0,0,0,0,0,0,0,0,0,0,0
1686371999,0,1,0,0,0,0,0,0,0,0,0,0,0,0,0,0,0
1686372005,0,1,0,0,0,0,0,0,0,0,0,0,0,0,0,0,0
1686372011,0,1,0,0,0,0,0,0,0,0,0,0,0,0,0,0,0
1686372017,0,1,0,0,0,0,0,0,0,0,0,0,0,0,0,0,0
1686372023,0,1,0,0,0,0,0,0,0,0,0,0,0,0,0,0,0
1686372029,0,1,0,0,0,0,0,0,0,0,0,0,0,0,0,0,0
1686372035,0,1,0,0,0,0,0,0,0,0,0,0,0,0,0,0,0
1686372041,0,1,0,0,0,0,0,0,0,0,0,0,0,0,0,0,0
1686372047,0,1,0,0,0,0,0,0,0,0,0,0,0,0,0,0,0
1686372053,0,1,0,0,0,0,0,0,0,0,0,0,0,0,0,0,0
1686372059,0,1,0,0,0,0,0,0,0,0,0,0,0,0,0,0,0
1686372065,0,1,0,0,0,0,0,0,0,0,0,0,0,0,0,0,0
1686372071,0,1,0,0,0,0,0,0,0,0,0,0,0,0,0,0,0
1686372077,0,1,0,0,0,0,0,0,0,0,0,0,0,0,0,0,0
1686372083,0,1,0,0,0,0,0,0,0,0,0,0,0,0,0,0,0
1686372089,0,1,0,0,0,0,0,0,0,0,0,0,0,0,0,0,0
1686372095,0,1,0,0,0,0,0,0,0,0,0,0,0,0,0,0,0
1686372101,0,1,0,0,0,0,0,0,0,0,0,0,0,0,0,0,0
1686372107,0,1,0,0,0,0,0,0,0,0,0,0,0,0,0,0,0
1686372113,0,1,0,0,0,0,0,0,0,0,0,0,0,0,0,0,0
1686372119,0,1,0,0,0,0,0,0,0,0,0,0,0,0,0,0,0
1686372125,0,1,0,0,0,0,0,0,0,0,0,0,0,0,0,0,0
1686372131,0,1,0,0,0,0,0,0,0,0,0,0,0,0,0,0,0
1686372137,0,1,0,0,0,0,0,0,0,0,0,0,0,0,0,0,0
1686372143,0,1,0,0,0,0,0,0,0,0,0,0,0,0,0,0,0
1686372149,0,1,0,0,0,0,0,0,0,0,0,0,0,0,0,0,0
1686372155,0,1,0,0,0,0,0,0,0,0,0,0,0,0,0,0,0
1686372161,0,1,0,0,0,0,0,0,0,0,0,0,0,0,0,0,0
1686372167,0,1,0,0,0,0,0,0,0,0,0,0,0,0,0,0,0
1686372173,0,1,0,0,0,0,0,0,0,0,0,0,0,0,0,0,0
1686372179,0,1,0,0,0,0,0,0,0,0,0,0,0,0,0,0,0
1686372185,0,1,0,0,0,0,0,0,0,0,0,0,0,0,0,0,0
1686372191,0,1,0,0,0,0,0,0,0,0,0,0,0,0,0,0,0
1686372197,0,1,0,0,0,0,0,0,0,0,0,0,0,0,0,0,0
1686372203,0,1,0,0,0,0,0,0,0,0,0,0,0,0,0,0,0
1686372209,0,1,0,0,0,0,0,0,0,0,0,0,0,0,0,0,0
1686372215,0,1,0,0,0,0,0,0,0,0,0,0,0,0,0,0,0
1686372221,0,1,0,0,0,0,0,0,0,0,0,0,0,0,0,0,0
1686372227,0,1,0,0,0,0,0,0,0,0,0,0,0,0,0,0,0
1686372233,0,1,0,0,0,0,0,0,0,0,0,0,0,0,0,0,0
1686372239,0,1,0,0,0,0,0,0,0,0,0,0,0,0,0,0,0
1686372245,0,1,0,0,0,0,0,0,0,0,0,0,0,0,0,0,0
1686372251,0,1,0,0,0,0,0,0,0,0,0,0,0,0,0,0,0
1686372257,0,1,0,0,0,0,0,0,0,0,0,0,0,0,0,0,0
1686372263,0,1,0,0,0,0,0,0,0,0,0,0,0,0,0,0,0
1686372269,0,1,0,0,0,0,0,0,0,0,0,0,0,0,0,0,0
1686372275,0,1,0,0,0,0,0,0,0,0,0,0,0,0,0,0,0
1686372281,0,1,0,0,0,0,0,0,0,0,0,0,0,0,0,0,0
1686372287,0,1,0,0,0,0,0,0,0,0,0,0,0,0,0,0,0
1686372293,0,1,0,0,0,0,0,0,0,0,0,0,0,0,0,0,0
1686372299,0,1,0,0,0,0,0,0,0,0,0,0,0,0,0,0,0
1686372305,0,1,0,0,0,0,0,0,0,0,0,0,0,0,0,0,0
1686372311,0,1,0,0,0,0,0,0,0,0,0,0,0,0,0,0,0
1686372317,0,1,0,0,0,0,0,0,0,0,0,0,0,0,0,0,0
1686372323,0,1,0,0,0,0,0,0,0,0,0,0,0,0,0,0,0
1686372329,0,1,0,0,0,0,0,0,0,0,0,0,0,0,0,0,0
1686372335,0,1,0,0,0,0,0,0,0,0,0,0,0,0,0,0,0
1686372341,0,1,0,0,0,0,0,0,0,0,0,0,0,0,0,0,0
1686372347,0,1,0,0,0,0,0,0,0,0,0,0,0,0,0,0,0
1686372353,0,1,0,0,0,0,0,0,0,0,0,0,0,0,0,0,0
1686372359,0,1,0,0,0,0,0,0,0,0,0,0,0,0,0,0,0
1686372365,0,1,0,0,0,0,0,0,0,0,0,0,0,0,0,0,0
1686372371,0,1,0,0,0,0,0,0,0,0,0,0,0,0,0,0,0
1686372377,0,1,0,0,0,0,0,0,0,0,0,0,0,0,0,0,0
1686372383,0,1,0,0,0,0,0,0,0,0,0,0,0,0,0,0,0
1686372389,0,1,0,0,0,0,0,0,0,0,0,0,0,0,0,0,0
1686372395,0,1,0,0,0,0,0,0,0,0,0,0,0,0,0,0,0
1686372401,0,1,0,0,0,0,0,0,0,0,0,0,0,0,0,0,0
1686372407,0,1,0,0,0,0,0,0,0,0,0,0,0,0,0,0,0
1686372413,0,1,0,0,0,0,0,0,0,0,0,0,0,0,0,0,0
1686372419,0,1,0,0,0,0,0,0,0,0,0,0,0,0,0,0,0
1686372425,0,1,0,0,0,0,0,0,0,0,0,0,0,0,0,0,0
1686372431,0,1,0,0,0,0,0,0,0,0,0,0,0,0,0,0,0
1686372437,0,1,0,0,0,0,0,0,0,0,0,0,0,0,0,0,0
1686372443,0,1,0,0,0,0,0,0,0,0,0,0,0,0,0,0,0
1686372449,0,1,0,0,0,0,0,0,0,0,0,0,0,0,0,0,0
1686372455,0,1,0,0,0,0,0,0,0,0,0,0,0,0,0,0,0
1686372461,0,1,0,0,0,0,0,0,0,0,0,0,0,0,0,0,0
1686372467,0,1,0,0,0,0,0,0,0,0,0,0,0,0,0,0,0
1686372473,0,1,0,0,0,0,0,0,0,0,0,0,0,0,0,0,0
1686372479,0,1,0,0,0,0,0,0,0,0,0,0,0,0,0,0,0
1686372485,0,1,0,0,0,0,0,0,0,0,0,0,0,0,0,0,0
1686372491,0,1,0,0,0,0,0,0,0,0,0,0,0,0,0,0,0
1686372497,0,1,0,0,0,0,0,0,0,0,0,0,0,0,0,0,0
1686372503,0,1,0,0,0,0,0,0,0,0,0,0,0,0,0,0,0
1686372509,0,1,0,0,0,0,0,0,0,0,0,0,0,0,0,0,0
1686372515,0,1,0,0,0,0,0,0,0,0,0,0,0,0,0,0,0
1686372521,0,1,0,0,0,0,0,0,0,0,0,0,0,0,0,0,0
1686372527,0,1,0,0,0,0,0,0,0,0,0,0,0,0,0,0,0
1686372533,0,1,0,0,0,0,0,0,0,0,0,0,0,0,0,0,0
1686372539,0,1,0,0,0,0,0,0,0,0,0,0,0,0,0,0,0
1686372545,0,1,0,0,0,0,0,0,0,0,0,0,0,0,0,0,0
1686372551,0,1,0,0,0,0,0,0,0,0,0,0,0,0,0,0,0
1686372557,0,1,0,0,0,0,0,0,0,0,0,0,0,0,0,0,0
1686372563,0,1,0,0,0,0,0,0,0,0,0,0,0,0,0,0,0
1686372569,0,1,0,0,0,0,0,0,0,0,0,0,0,0,0,0,0
1686372575,0,1,0,0,0,0,0,0,0,0,0,0,0,0,0,0,0
1686372581,0,1,0,0,0,0,0,0,0,0,0,0,0,0,0,0,0
1686372587,0,1,0,0,0,0,0,0,0,0,0,0,0,0,0,0,0
1686372593,0,1,0,0,0,0,0,0,0,0,0,0,0,0,0,0,0
1686372599,0,1,0,0,0,0,0,0,0,0,0,0,0,0,0,0,0
1686372605,0,1,0,0,0,0,0,0,0,0,0,0,0,0,0,0,0
1686372611,0,1,0,0,0,0,0,0,0,0,0,0,0,0,0,0,0
1686372617,0,1,0,0,0,0,0,0,0,0,0,0,0,0,0,0,0
1686372623,0,1,0,0,0,0,0,0,0,0,0,0,0,0,0,0,0
1686372629,0,1,0,0,0,0,0,0,0,0,0,0,0,0,0,0,0
1686372635,0,1,0,0,0,0,0,0,0,0,0,0,0,0,0,0,0
1686372641,0,1,0,0,0,0,0,0,0,0,0,0,0,0,0,0,0
1686372647,0,1,0,0,0,0,0,0,0,0,0,0,0,0,0,0,0
1686372653,0,1,0,0,0,0,0,0,0,0,0,0,0,0,0,0,0
1686372659,0,1,0,0,0,0,0,0,0,0,0,0,0,0,0,0,0
1686372665,0,1,0,0,0,0,0,0,0,0,0,0,0,0,0,0,0
1686372671,0,1,0,0,0,0,0,0,0,0,0,0,0,0,0,0,0
1686372677,0,1,0,0,0,0,0,0,0,0,0,0,0,0,0,0,0
1686372683,0,1,0,0,0,0,0,0,0,0,0,0,0,0,0,0,0
1686372689,0,1,0,0,0,0,0,0,0,0,0,0,0,0,0,0,0
1686372695,0,1,0,0,0,0,0,0,0,0,0,0,0,0,0,0,0
1686372701,0,1,0,0,0,0,0,0,0,0,0,0,0,0,0,0,0
1686372707,0,1,0,0,0,0,0,0,0,0,0,0,0,0,0,0,0
1686372713,0,1,0,0,0,0,0,0,0,0,0,0,0,0,0,0,0
1686372719,0,1,0,0,0,0,0,0,0,0,0,0,0,0,0,0,0
1686372725,0,1,0,0,0,0,0,0,0,0,0,0,0,0,0,0,0
1686372731,0,1,0,0,0,0,0,0,0,0,0,0,0,0,0,0,0
1686372737,0,1,0,0,0,0,0,0,0,0,0,0,0,0,0,0,0
1686372743,0,1,0,0,0,0,0,0,0,0,0,0,0,0,0,0,0
1686372749,0,1,0,0,0,0,0,0,0,0,0,0,0,0,0,0,0
1686372755,0,1,0,0,0,0,0,0,0,0,0,0,0,0,0,0,0
1686372761,0,1,0,0,0,0,0,0,0,0,0,0,0,0,0,0,0
1686372767,0,1,0,0,0,0,0,0,0,0,0,0,0,0,0,0,0
1686372773,0,1,0,0,0,0,0,0,0,0,0,0,0,0,0,0,0
1686372779,0,1,0,0,0,0,0,0,0,0,0,0,0,0,0,0,0
1686372785,0,1,0,0,0,0,0,0,0,0,0,0,0,0,0,0,0
1686372791,0,1,0,0,0,0,0,0,0,0,0,0,0,0,0,0,0
1686372797,0,1,0,0,0,0,0,0,0,0,0,0,0,0,0,0,0
1686372803,0,1,0,0,0,0,0,0,0,0,0,0,0,0,0,0,0
1686372809,0,1,0,0,0,0,0,0,0,0,0,0,0,0,0,0,0
1686372815,0,1,0,0,0,0,0,0,0,0,0,0,0,0,0,0,0
1686372821,0,1,0,0,0,0,0,0,0,0,0,0,0,0,0,0,0
1686372827,0,1,0,0,0,0,0,0,0,0,0,0,0,0,0,0,0
1686372833,0,1,0,0,0,0,0,0,0,0,0,0,0,0,0,0,0
1686372839,0,1,0,0,0,0,0,0,0,0,0,0,0,0,0,0,0
1686372845,0,1,0,0,0,0,0,0,0,0,0,0,0,0,0,0,0
1686372851,0,1,0,0,0,0,0,0,0,0,0,0,0,0,0,0,0
1686372857,0,1,0,0,0,0,0,0,0,0,0,0,0,0,0,0,0
1686372863,0,1,0,0,0,0,0,0,0,0,0,0,0,0,0,0,0
1686372869,0,1,0,0,0,0,0,0,0,0,0,0,0,0,0,0,0
1686372875,0,1,0,0,0,0,0,0,0,0,0,0,0,0,0,0,0
1686372881,0,1,0,0,0,0,0,0,0,0,0,0,0,0,0,0,0
1686372887,0,1,0,0,0,0,0,0,0,0,0,0,0,0,0,0,0
1686372893,0,1,0,0,0,0,0,0,0,0,0,0,0,0,0,0,0
1686372899,0,1,0,0,0,0,0,0,0,0,0,0,0,0,0,0,0
1686372905,0,1,0,0,0,0,0,0,0,0,0,0,0,0,0,0,0
1686372911,0,1,0,0,0,0,0,0,0,0,0,0,0,0,0,0,0
1686372917,0,1,0,0,0,0,0,0,0,0,0,0,0,0,0,0,0
1686372923,0,1,0,0,0,0,0,0,0,0,0,0,0,0,0,0,0
1686372929,0,1,0,0,0,0,0,0,0,0,0,0,0,0,0,0,0
1686372935,0,1,0,0,0,0,0,0,0,0,0,0,0,0,0,0,0
1686372941,0,1,0,0,0,0,0,0,0,0,0,0,0,0,0,0,0
1686372947,0,1,0,0,0,0,0,0,0,0,0,0,0,0,0,0,0
1686372953,0,1,0,0,0,0,0,0,0,0,0,0,0,0,0,0,0
1686372959,0,1,0,0,0,0,0,0,0,0,0,0,0,0,0,0,0
1686372965,0,1,0,0,0,0,0,0,0,0,0,0,0,0,0,0,0
1686372971,0,1,0,0,0,0,0,0,0,0,0,0,0,0,0,0,0
1686372977,0,1,0,0,0,0,0,0,0,0,0,0,0,0,0,0,0
1686372983,0,1,0,0,0,0,0,0,0,0,0,0,0,0,0,0,0
1686372989,0,1,0,0,0,0,0,0,0,0,0,0,0,0,0,0,0
1686372995,0,1,0,0,0,0,0,0,0,0,0,0,0,0,0,0,0
1686373001,0,1,0,0,0,0,0,0,0,0,0,0,0,0,0,0,0
1686373007,0,1,0,0,0,0,0,0,0,0,0,0,0,0,0,0,0
1686373013,0,1,0,0,0,0,0,0,0,0,0,0,0,0,0,0,0
1686373019,0,1,0,0,0,0,0,0,0,0,0,0,0,0,0,0,0
1686373025,0,1,0,0,0,0,0,0,0,0,0,0,0,0,0,0,0
1686373031,0,1,0,0,0,0,0,0,0,0,0,0,0,0,0,0,0
1686373037,0,1,0,0,0,0,0,0,0,0,0,0,0,0,0,0,0
1686373043,0,1,0,0,0,0,0,0,0,0,0,0,0,0,0,0,0
1686373049,0,1,0,0,0,0,0,0,0,0,0,0,0,0,0,0,0
1686373055,0,1,0,0,0,0,0,0,0,0,0,0,0,0,0,0,0
1686373061,0,1,0,0,0,0,0,0,0,0,0,0,0,0,0,0,0
1686373067,0,1,0,0,0,0,0,0,0,0,0,0,0,0,0,0,0
1686373073,0,1,0,0,0,0,0,0,0,0,0,0,0,0,0,0,0
1686373079,0,1,0,0,0,0,0,0,0,0,0,0,0,0,0,0,0
1686373085,0,1,0,0,0,0,0,0,0,0,0,0,0,0,0,0,0
1686373091,0,1,0,0,0,0,0,0,0,0,0,0,0,0,0,0,0
1686373097,0,1,0,0,0,0,0,0,0,0,0,0,0,0,0,0,0
1686373103,0,1,0,0,0,0,0,0,0,0,0,0,0,0,0,0,0
1686373109,0,1,0,0,0,0,0,0,0,0,0,0,0,0,0,0,0
1686373115,0,1,0,0,0,0,0,0,0,0,0,0,0,0,0,0,0
1686373121,0,1,0,0,0,0,0,0,0,0,0,0,0,0,0,0,0
1686373127,0,1,0,0,0,0,0,0,0,0,0,0,0,0,0,0,0
1686373133,0,1,0,0,0,0,0,0,0,0,0,0,0,0,0,0,0
1686373139,0,1,0,0,0,0,0,0,0,0,0,0,0,0,0,0,0
1686373145,0,1,0,0,0,0,0,0,0,0,0,0,0,0,0,0,0
1686373151,0,1,0,0,0,0,0,0,0,0,0,0,0,0,0,0,0
1686373157,0,1,0,0,0,0,0,0,0,0,0,0,0,0,0,0,0
1686373163,0,1,0,0,0,0,0,0,0,0,0,0,0,0,0,0,0
1686373169,0,1,0,0,0,0,0,0,0,0,0,0,0,0,0,0,0
1686373175,0,1,0,0,0,0,0,0,0,0,0,0,0,0,0,0,0
1686373181,0,1,0,0,0,0,0,0,0,0,0,0,0,0,0,0,0
1686373187,0,1,0,0,0,0,0,0,0,0,0,0,0,0,0,0,0
1686373193,0,1,0,0,0,0,0,0,0,0,0,0,0,0,0,0,0
1686373199,0,1,0,0,0,0,0,0,0,0,0,0,0,0,0,0,0
