Timestamp,Amber,White,On,Override,Intensity,AS00,AS01,AS02,AS03,AS04,AS05,AS06,AS07,AS08,AS09,AS10,AS11
1686427205,0,1,0,0,0,14,17,26,36,363,274,47,45,56,59,363,274
1686427211,0,1,0,0,0,14,17,26,36,364,276,46,45,56,59,364,274
1686427217,0,1,0,0,0,14,18,26,36,364,276,46,45,56,60,364,276
1686427223,0,1,0,0,0,14,18,26,37,365,276,46,45,56,60,365,276
1686427229,0,1,0,0,0,15,18,27,37,366,278,47,45,56,59,366,278
1686427235,0,1,0,0,0,14,18,27,37,367,278,47,46,57,60,367,278
1686427241,0,1,0,0,0,14,18,27,37,367,278,46,45,56,59,367,278
1686427247,0,1,0,0,0,14,17,26,36,368,280,47,46,56,60,368,278
1686427253,0,1,0,0,0,15,18,26,37,368,280,47,46,57,60,368,280
1686427259,0,1,0,0,0,14,18,27,37,369,280,47,46,57,60,369,278
1686427265,0,1,0,0,0,15,18,27,37,370,282,47,46,57,60,370,282
1686427271,0,1,0,0,0,15,18,26,37,371,282,47,46,56,60,371,282
1686427277,0,1,0,0,0,14,18,27,37,371,282,47,46,57,61,371,282
1686427283,0,1,0,0,0,15,18,27,36,372,284,47,46,56,61,371,284
1686427289,0,1,0,0,0,14,18,27,37,373,286,48,46,57,61,373,286
1686427295,0,1,0,0,0,15,18,27,37,373,286,47,46,57,61,374,286
1686427301,0,1,0,0,0,15,18,27,37,375,288,47,46,57,61,374,286
1686427307,0,1,0,0,0,15,18,27,37,375,288,47,46,57,61,374,288
1686427313,0,1,0,0,0,15,18,27,37,376,288,47,46,57,60,375,288
1686427319,0,1,0,0,0,15,18,27,37,376,290,48,46,57,61,376,290
1686427325,0,1,0,0,0,15,18,27,37,377,288,48,47,58,61,377,290
1686427331,0,1,0,0,0,15,18,27,37,377,290,48,47,57,61,377,288
1686427337,0,1,0,0,0,14,18,27,38,378,290,47,47,57,62,379,290
1686427343,0,1,0,0,0,15,18,27,37,380,292,48,47,58,62,380,292
1686427349,0,1,0,0,0,15,19,27,38,382,294,48,47,58,62,381,292
1686427355,0,1,0,0,0,15,19,28,38,384,294,48,47,58,62,383,294
1686427361,0,1,0,0,0,15,18,28,38,384,296,48,47,58,62,384,294
1686427367,0,1,0,0,0,15,20,29,38,385,296,49,48,58,62,384,294
1686427373,0,1,0,0,0,15,18,28,38,385,296,49,48,59,62,385,296
1686427379,0,1,0,0,0,15,18,28,38,384,296,49,48,59,62,385,294
1686427385,0,1,0,0,0,15,19,28,38,384,296,48,48,58,62,385,296
1686427391,0,1,0,0,0,15,19,27,38,385,296,48,48,58,62,384,294
1686427397,0,1,0,0,0,15,18,28,38,384,296,48,48,59,63,385,296
1686427403,0,1,0,0,0,15,19,28,38,386,296,49,48,59,62,386,296
1686427409,0,1,0,0,0,15,19,28,38,387,298,48,48,59,63,387,296
1686427415,0,1,0,0,0,15,19,28,38,388,298,48,48,59,63,388,298
1686427421,0,1,0,0,0,15,19,28,38,389,298,49,49,60,63,389,298
1686427427,0,1,0,0,0,16,19,28,38,391,300,49,48,60,64,391,300
1686427433,0,1,0,0,0,16,19,28,39,393,302,49,48,60,64,393,302
1686427439,0,1,0,0,0,15,19,28,39,395,304,50,49,60,64,395,304
1686427445,0,1,0,0,0,16,19,29,39,398,306,50,50,60,65,398,306
1686427451,0,1,0,0,0,16,19,29,39,401,308,51,50,62,65,401,310
1686427457,0,1,0,0,0,16,20,29,40,404,312,51,51,61,65,404,312
1686427463,0,1,0,0,0,16,20,29,40,407,314,52,50,62,66,408,314
1686427469,0,1,0,0,0,16,20,29,40,411,318,52,51,62,66,410,318
1686427475,0,1,0,0,0,16,20,30,41,414,320,52,51,63,67,414,322
1686427481,0,1,0,0,0,17,20,30,41,417,324,52,52,63,67,416,322
1686427487,0,1,0,0,1,16,21,30,41,419,326,52,52,64,67,418,326
1686427493,0,1,0,0,1,17,21,31,41,421,326,53,52,64,68,420,326
1686427499,0,1,0,0,1,17,20,30,41,421,326,52,52,64,68,421,326
1686427505,0,1,0,0,1,17,20,31,41,421,326,53,52,65,68,422,326
1686427511,0,1,0,0,1,17,21,30,41,421,326,53,52,64,68,422,326
1686427517,0,1,0,0,1,16,20,30,41,421,326,53,52,64,68,421,326
1686427523,0,1,0,0,1,17,21,31,41,421,326,53,52,64,68,421,326
1686427529,0,1,0,0,1,16,21,30,41,421,326,53,52,64,68,421,326
1686427535,0,1,0,0,1,17,20,30,41,420,326,53,52,64,68,421,326
1686427541,0,1,0,0,1,17,20,30,41,420,326,53,52,64,68,420,326
1686427547,0,1,0,0,1,17,20,30,41,419,326,53,52,64,67,420,326
1686427553,0,1,0,0,0,17,20,30,41,420,328,52,52,63,68,420,328
1686427559,0,1,0,0,0,17,20,30,41,420,326,52,52,63,67,420,326
1686427565,0,1,0,0,0,17,20,30,41,421,330,52,52,63,67,420,328
1686427571,0,1,0,0,0,16,20,30,41,419,328,52,51,63,67,419,330
1686427577,0,1,0,0,0,17,21,30,41,421,332,53,52,63,67,421,330
1686427583,0,1,0,0,0,17,21,30,41,422,332,52,52,63,67,422,332
1686427589,0,1,0,0,0,17,20,30,41,421,332,52,51,62,67,422,332
1686427595,0,1,0,0,0,17,20,30,41,422,334,52,51,63,67,421,334
1686427601,0,1,0,0,0,17,20,30,41,423,336,52,52,63,67,422,336
1686427607,0,1,0,0,0,16,20,30,41,424,336,52,51,63,67,423,338
1686427613,0,1,0,0,0,17,21,30,41,425,340,52,51,63,67,426,340
1686427619,0,1,0,0,1,17,20,30,41,428,342,53,52,63,68,428,342
1686427625,0,1,0,0,1,17,22,30,42,432,344,54,53,64,68,431,346
1686427631,0,1,0,0,1,17,21,31,42,434,348,54,53,64,69,434,348
1686427637,0,1,0,0,1,17,21,31,42,437,350,54,53,65,69,437,350
1686427643,0,1,0,0,1,18,21,31,42,441,354,54,54,66,70,441,352
1686427649,0,1,0,0,1,17,21,32,43,445,354,55,54,66,70,445,356
1686427655,0,1,0,0,1,18,22,32,44,447,358,55,55,67,71,447,358
1686427661,0,1,0,0,1,18,22,32,44,451,360,55,55,67,72,451,360
1686427667,0,1,0,0,1,18,22,32,44,453,364,56,56,67,72,453,362
1686427673,0,1,0,0,1,18,22,33,44,456,364,57,56,68,73,457,364
1686427679,0,1,0,0,1,18,22,33,45,460,366,57,57,69,73,460,368
1686427685,0,1,0,0,1,18,23,33,45,462,370,57,57,69,73,462,370
1686427691,0,1,0,0,1,19,23,33,45,466,372,57,57,70,74,466,372
1686427697,0,1,0,0,1,19,23,33,46,468,372,58,58,70,75,468,374
1686427703,0,1,0,0,1,19,24,34,46,470,374,59,58,70,75,470,376
1686427709,0,1,0,0,1,19,23,34,46,473,376,59,58,71,74,472,374
1686427715,0,1,0,0,1,19,23,34,46,475,376,59,58,71,75,475,378
1686427721,0,1,0,0,1,19,24,34,47,476,378,59,59,72,76,477,378
1686427727,0,1,0,0,1,19,24,34,46,478,380,59,59,72,76,478,378
1686427733,0,1,0,0,1,19,23,34,46,479,380,60,59,72,77,479,380
1686427739,0,1,0,0,1,19,23,35,47,480,380,59,59,72,76,480,380
1686427745,0,1,0,0,1,19,24,34,46,481,380,59,59,72,77,481,382
1686427751,0,1,0,0,1,19,24,35,47,481,382,60,59,72,77,482,382
1686427757,0,1,0,0,1,19,23,35,47,483,382,60,60,73,78,483,382
1686427763,0,1,0,0,1,20,23,35,47,484,382,60,59,73,77,484,384
1686427769,0,1,0,0,1,19,24,34,47,484,384,60,60,72,77,485,384
1686427775,0,1,0,0,1,20,24,35,47,485,384,60,59,72,77,485,384
1686427781,0,1,0,0,1,19,23,35,47,484,384,60,60,72,77,484,386
1686427787,0,1,0,0,1,20,24,35,47,485,386,59,59,73,77,486,386
1686427793,0,1,0,0,1,19,24,35,47,487,388,60,60,73,78,487,388
1686427799,0,1,0,0,1,20,24,35,47,488,390,60,60,73,77,487,388
1686427805,0,1,0,0,1,20,24,35,47,488,390,60,60,73,78,488,390
1686427811,0,1,0,0,1,19,24,35,48,489,392,60,60,73,77,489,392
1686427817,0,1,0,0,1,20,23,35,47,491,392,61,60,73,78,491,392
1686427823,0,1,0,0,1,20,25,35,47,492,392,61,61,73,78,492,392
1686427829,0,1,0,0,1,20,24,35,48,493,392,61,60,73,78,493,394
1686427835,0,1,0,0,1,20,24,35,47,493,394,61,60,73,78,493,394
1686427841,0,1,0,0,1,19,24,36,48,494,394,61,61,74,78,494,396
1686427847,0,1,0,0,1,20,24,36,48,495,396,61,61,74,78,494,396
1686427853,0,1,0,0,1,21,24,36,48,496,396,61,61,74,79,496,396
1686427859,0,1,0,0,1,20,24,35,48,498,398,62,61,75,79,498,398
1686427865,0,1,0,0,1,20,26,36,48,499,398,61,61,75,79,499,400
1686427871,0,1,0,0,1,20,24,36,48,500,400,62,61,75,80,500,400
1686427877,0,1,0,0,1,20,24,36,49,502,402,62,62,75,80,503,402
1686427883,0,1,0,0,1,20,25,37,49,504,404,63,62,76,80,504,402
1686427889,0,1,0,0,1,20,25,36,48,504,404,62,62,75,80,504,404
1686427895,0,1,0,0,1,20,25,36,49,506,404,63,62,76,81,506,404
1686427901,0,1,0,0,1,21,25,36,50,508,406,63,62,76,82,508,406
1686427907,0,1,0,0,1,21,25,37,49,509,406,63,63,76,81,508,406
1686427913,0,1,0,0,1,21,25,37,49,510,406,63,63,77,82,510,408
1686427919,0,1,0,0,1,20,26,37,50,510,406,64,63,77,82,510,406
1686427925,0,1,0,0,1,21,25,36,50,510,406,64,63,77,82,510,406
1686427931,0,1,0,0,1,21,25,37,50,510,406,64,63,77,82,510,406
1686427937,0,1,0,0,1,21,25,37,49,509,404,63,63,77,82,509,404
1686427943,0,1,0,0,1,21,25,37,50,508,402,63,63,77,82,508,400
1686427949,0,1,0,0,1,21,25,37,50,506,400,63,63,77,82,506,400
1686427955,0,1,0,0,1,20,25,36,49,503,396,63,63,77,81,503,396
1686427961,0,1,0,0,1,20,24,36,49,502,394,63,63,77,81,502,394
1686427967,0,1,0,0,1,20,25,37,49,500,392,63,63,76,81,500,392
1686427973,0,1,0,0,1,20,24,36,48,497,390,63,62,76,80,497,390
1686427979,0,1,0,0,1,20,24,36,49,496,388,62,62,76,80,497,388
1686427985,0,1,0,0,1,20,25,36,48,493,386,62,62,75,80,494,388
1686427991,0,1,0,0,1,19,24,36,48,491,384,62,61,75,79,491,384
1686427997,0,1,0,0,1,19,24,35,48,490,382,62,61,75,80,489,384
1686428003,0,1,0,0,1,19,24,35,48,486,382,61,60,75,79,486,380
1686428009,0,1,0,0,1,20,24,35,48,485,380,61,60,74,79,485,380
1686428015,0,1,0,0,1,19,24,35,48,484,380,60,60,74,79,484,380
1686428021,0,1,0,0,1,19,24,35,47,483,378,60,60,74,79,483,380
1686428027,0,1,0,0,1,20,24,35,47,482,380,60,60,73,78,483,378
1686428033,0,1,0,0,1,19,24,35,48,482,378,61,60,74,79,483,378
1686428039,0,1,0,0,1,19,24,36,47,482,378,60,60,74,78,482,378
1686428045,0,1,0,0,1,19,24,35,48,481,378,60,60,73,78,482,378
1686428051,0,1,0,0,1,19,23,35,46,480,378,60,59,73,77,480,376
1686428057,0,1,0,0,1,19,24,35,47,477,376,59,59,72,77,477,374
1686428063,0,1,0,0,1,19,23,35,46,476,374,59,59,72,77,475,374
1686428069,0,1,0,0,1,19,23,34,46,472,372,59,58,72,76,472,372
1686428075,0,1,0,0,1,19,23,34,46,470,370,58,58,71,75,470,372
1686428081,0,1,0,0,1,18,23,34,46,468,370,58,58,71,75,468,370
1686428087,0,1,0,0,1,19,23,34,45,467,370,58,57,70,75,467,370
1686428093,0,1,0,0,1,19,23,35,45,467,370,58,57,70,75,466,372
1686428099,0,1,0,0,1,19,22,33,45,467,372,58,57,70,74,467,372
1686428105,0,1,0,0,1,19,23,33,45,468,372,58,57,70,75,468,372
1686428111,0,1,0,0,1,19,22,33,45,469,376,58,57,70,74,469,374
1686428117,0,1,0,0,1,19,22,34,45,471,376,58,58,70,74,471,376
1686428123,0,1,0,0,1,19,23,34,45,472,378,58,58,70,75,473,380
1686428129,0,1,0,0,1,19,24,34,46,475,380,58,58,70,75,475,382
1686428135,0,1,0,0,1,19,23,34,46,478,384,59,58,71,76,478,384
1686428141,0,1,0,0,1,19,23,34,47,481,390,59,58,71,76,482,388
1686428147,0,1,0,0,1,19,24,34,46,484,392,60,59,72,76,484,392
1686428153,0,1,0,0,1,20,24,35,46,487,394,60,59,72,77,488,396
1686428159,0,1,0,0,1,20,24,35,47,490,398,60,60,73,77,493,398
1686428165,0,1,0,0,1,20,24,35,47,493,400,60,60,73,78,493,398
1686428171,0,1,0,0,1,20,24,35,47,495,400,60,61,73,77,495,400
1686428177,0,1,0,0,1,20,24,35,47,496,400,61,60,74,78,495,400
1686428183,0,1,0,0,1,20,24,35,48,497,400,61,61,74,79,498,402
1686428189,0,1,0,0,1,20,24,35,48,498,400,61,60,74,79,497,402
1686428195,0,1,0,0,1,19,24,35,48,496,400,61,61,75,78,496,398
1686428201,0,1,0,0,1,20,24,35,48,496,398,61,61,74,79,495,398
1686428207,0,1,0,0,1,20,24,35,48,496,398,61,61,74,79,496,396
1686428213,0,1,0,0,1,20,24,35,47,495,396,61,60,74,79,495,396
1686428219,0,1,0,0,1,20,24,35,47,494,394,61,62,75,78,493,394
1686428225,0,1,0,0,1,20,25,35,48,494,392,61,61,74,78,493,394
1686428231,0,1,0,0,1,20,24,35,48,491,390,61,60,74,79,491,390
1686428237,0,1,0,0,1,19,24,35,47,490,390,61,60,74,78,490,388
1686428243,0,1,0,0,1,20,24,35,48,490,386,60,60,74,79,490,386
1686428249,0,1,0,0,1,19,24,35,48,488,384,61,60,75,79,487,386
1686428255,0,1,0,0,1,19,24,35,47,486,382,60,60,73,79,485,382
1686428261,0,1,0,0,1,19,23,35,47,484,380,60,60,74,79,483,380
1686428267,0,1,0,0,1,19,23,35,47,481,378,60,60,74,77,481,378
1686428273,0,1,0,0,1,19,23,34,46,480,376,60,59,73,78,480,376
1686428279,0,1,0,0,1,19,23,34,47,478,374,60,60,74,77,478,374
1686428285,0,1,0,0,1,19,24,35,47,476,372,60,59,72,78,477,374
1686428291,0,1,0,0,1,19,23,35,47,477,372,60,59,74,77,477,372
1686428297,0,1,0,0,1,19,23,35,47,477,372,60,59,73,78,478,372
1686428303,0,1,0,0,1,19,23,35,47,477,370,60,60,73,78,476,370
1686428309,0,1,0,0,1,19,23,35,47,475,370,60,60,73,77,475,370
1686428315,0,1,0,0,1,19,23,34,46,475,370,59,59,73,78,475,370
1686428321,0,1,0,0,1,19,24,34,47,474,368,59,59,73,77,474,368
1686428327,0,1,0,0,1,19,24,34,46,474,368,59,59,73,77,474,368
1686428333,0,1,0,0,1,19,23,34,46,473,368,60,59,73,78,473,368
1686428339,0,1,0,0,1,19,23,34,47,473,366,60,59,73,77,472,366
1686428345,0,1,0,0,1,19,23,34,46,472,366,59,59,74,78,473,366
1686428351,0,1,0,0,1,18,23,34,46,473,364,60,59,73,77,472,364
1686428357,0,1,0,0,1,18,23,34,47,472,362,60,59,73,77,471,362
1686428363,0,1,0,0,1,19,23,35,46,470,362,59,59,73,78,472,362
1686428369,0,1,0,0,1,19,24,34,47,470,360,60,59,74,78,470,360
1686428375,0,1,0,0,1,19,23,34,46,468,358,59,59,74,78,468,358
1686428381,0,1,0,0,1,19,22,34,47,466,354,59,59,73,77,466,354
1686428387,0,1,0,0,1,18,23,34,46,464,352,59,59,73,77,464,352
1686428393,0,1,0,0,1,18,23,34,46,461,348,59,58,73,77,461,348
1686428399,0,1,0,0,1,18,23,34,46,458,346,59,58,72,77,458,344
1686428405,0,1,0,0,1,18,22,33,46,455,342,58,58,72,76,455,344
1686428411,0,1,0,0,1,18,22,33,45,451,342,58,57,72,75,451,340
1686428417,0,1,0,0,1,17,22,33,45,448,338,57,57,70,75,448,338
1686428423,0,1,0,0,1,18,22,33,44,446,336,57,56,70,74,445,336
1686428429,0,1,0,0,1,17,21,32,44,442,336,57,56,69,73,442,336
1686428435,0,1,0,0,1,18,22,32,44,439,334,56,55,68,72,438,334
1686428441,0,1,0,0,1,17,21,32,43,436,334,55,55,67,73,435,332
1686428447,0,1,0,0,1,17,21,31,43,434,332,55,54,67,71,434,332
1686428453,0,1,0,0,1,17,21,31,43,432,332,54,55,67,70,431,332
1686428459,0,1,0,0,1,17,21,31,42,430,332,54,54,66,70,430,330
1686428465,0,1,0,0,1,16,21,31,42,428,332,54,53,66,70,428,332
1686428471,0,1,0,0,1,17,21,31,42,427,332,53,53,65,68,427,332
1686428477,0,1,0,0,1,17,20,30,42,427,332,53,53,65,69,427,332
1686428483,0,1,0,0,1,17,21,31,41,425,332,53,53,65,68,425,332
1686428489,0,1,0,0,1,17,20,30,41,425,332,53,53,64,68,424,332
1686428495,0,1,0,0,1,16,21,30,41,424,332,53,52,64,68,424,332
1686428501,0,1,0,0,1,17,20,30,41,423,330,53,52,64,68,423,330
1686428507,0,1,0,0,1,17,20,30,41,422,330,52,52,64,68,421,330
1686428513,0,1,0,0,1,17,20,30,41,420,328,53,52,64,67,420,328
1686428519,0,1,0,0,0,16,20,30,41,418,326,52,53,64,67,418,326
1686428525,0,1,0,0,0,16,20,29,41,416,324,52,51,63,67,416,324
1686428531,0,1,0,0,0,16,20,30,40,414,322,52,51,63,67,414,322
1686428537,0,1,0,0,0,16,20,29,40,412,320,51,51,63,67,411,320
1686428543,0,1,0,0,0,16,20,30,40,409,316,51,50,62,66,409,318
1686428549,0,1,0,0,0,16,19,29,40,407,314,52,51,63,66,406,314
1686428555,0,1,0,0,0,16,19,29,40,405,312,51,50,62,66,405,312
1686428561,0,1,0,0,0,16,19,29,39,403,310,51,50,62,66,402,308
1686428567,0,1,0,0,0,15,19,29,39,400,306,50,50,61,66,400,308
1686428573,0,1,0,0,0,16,19,28,39,399,306,50,50,62,65,399,306
1686428579,0,1,0,0,0,16,20,28,39,397,304,50,49,61,65,397,302
1686428585,0,1,0,0,0,15,19,29,39,394,302,50,49,61,65,395,300
1686428591,0,1,0,0,0,15,19,28,39,394,300,50,49,60,64,393,300
1686428597,0,1,0,0,0,15,19,28,38,392,300,50,49,61,64,392,300
1686428603,0,1,0,0,0,16,20,28,39,391,298,50,49,60,63,391,298
1686428609,0,1,0,0,0,15,19,28,38,389,298,50,48,61,64,389,298
1686428615,0,1,0,0,0,15,19,28,39,387,296,49,48,59,63,387,296
1686428621,0,1,0,0,0,15,18,28,38,385,296,49,48,59,63,386,296
1686428627,0,1,0,0,0,15,19,27,38,385,294,49,48,59,63,385,294
1686428633,0,1,0,0,0,15,18,28,38,383,294,48,48,59,62,383,294
1686428639,0,1,0,0,0,15,18,27,37,381,292,48,47,59,62,382,292
1686428645,0,1,0,0,0,15,18,27,37,380,292,47,48,58,62,380,292
1686428651,0,1,0,0,0,14,18,27,37,379,290,48,47,58,61,378,290
1686428657,0,1,0,0,0,15,18,27,38,378,288,47,47,58,61,378,290
1686428663,0,1,0,0,0,14,18,27,37,375,286,48,48,58,61,375,286
1686428669,0,1,0,0,0,14,18,27,36,372,284,47,46,57,61,372,284
1686428675,0,1,0,0,0,15,18,26,36,370,282,47,46,57,61,370,282
1686428681,0,1,0,0,0,14,17,27,36,368,280,47,46,57,60,368,278
1686428687,0,1,0,0,0,14,17,26,36,365,278,46,46,56,60,365,276
1686428693,0,1,0,0,0,14,17,26,36,362,276,46,45,57,60,362,274
1686428699,0,1,0,0,0,14,17,26,36,359,270,46,45,56,59,359,270
1686428705,0,1,0,0,0,13,17,26,35,355,268,45,45,55,59,355,268
1686428711,0,1,0,0,0,14,17,26,35,352,264,45,44,55,58,351,264
1686428717,0,1,0,0,0,13,17,25,35,348,260,44,44,54,58,348,262
1686428723,0,1,0,0,0,13,16,25,34,344,256,43,43,54,57,344,256
1686428729,0,1,0,0,0,13,16,25,34,341,254,44,43,53,56,341,254
1686428735,0,1,0,0,0,13,16,25,34,338,250,43,42,54,57,337,250
1686428741,0,1,0,0,0,12,16,24,33,334,246,43,42,52,56,334,246
1686428747,0,1,0,0,0,13,15,24,33,330,244,43,42,52,56,330,242
1686428753,0,1,0,0,0,12,15,23,33,327,240,42,41,52,55,326,240
1686428759,0,1,0,0,0,12,15,23,32,322,236,41,41,51,55,322,236
1686428765,0,1,0,0,0,12,15,23,32,318,232,41,41,51,53,318,232
1686428771,0,1,0,0,0,11,15,23,32,315,228,40,40,50,53,315,230
1686428777,0,1,0,0,0,12,15,23,31,312,226,40,40,50,53,312,226
1686428783,0,1,0,0,0,11,14,22,31,308,224,40,40,49,52,308,224
1686428789,0,1,0,0,0,11,14,22,31,305,222,39,39,49,51,305,220
1686428795,0,1,0,0,0,11,14,22,30,302,218,39,38,48,51,302,218
1686428801,0,1,0,0,0,11,14,22,30,299,216,38,38,47,50,299,216
1686428807,0,1,0,0,0,11,14,21,30,296,214,38,38,47,49,296,214
1686428813,0,1,0,0,0,11,14,21,29,293,212,38,37,46,49,292,212
1686428819,0,1,0,0,0,11,14,21,28,291,212,38,37,46,48,291,212
1686428825,0,1,0,0,0,11,14,21,29,289,212,37,36,46,48,289,210
1686428831,0,1,0,0,0,11,13,21,28,288,210,37,36,45,48,288,210
1686428837,0,1,0,0,0,11,13,21,29,288,210,37,36,45,48,288,210
1686428843,0,1,0,0,0,10,14,20,29,287,212,37,37,45,47,288,210
1686428849,0,1,0,0,0,10,13,21,28,288,212,37,36,45,47,288,210
1686428855,0,1,0,0,0,10,14,21,28,288,212,36,36,45,48,288,212
1686428861,0,1,0,0,0,10,14,21,29,289,212,37,36,45,48,289,212
1686428867,0,1,0,0,0,11,14,21,28,290,214,36,36,45,48,289,214
1686428873,0,1,0,0,0,11,14,21,29,290,214,37,36,45,48,291,214
1686428879,0,1,0,0,0,11,14,21,29,293,216,37,36,45,48,292,218
1686428885,0,1,0,0,0,11,14,20,28,294,218,37,37,46,48,294,218
1686428891,0,1,0,0,0,11,14,21,30,296,220,37,37,46,49,296,220
1686428897,0,1,0,0,0,11,14,21,29,299,222,38,37,46,49,299,222
1686428903,0,1,0,0,0,11,15,22,29,301,224,38,38,46,49,301,224
1686428909,0,1,0,0,0,11,14,22,30,303,226,38,39,47,49,303,226
1686428915,0,1,0,0,0,11,14,22,30,306,228,38,38,47,50,306,228
1686428921,0,1,0,0,0,11,15,22,31,308,230,39,38,47,50,308,230
1686428927,0,1,0,0,0,12,15,22,30,310,232,39,39,48,51,310,232
1686428933,0,1,0,0,0,12,14,22,30,312,234,40,38,48,51,312,234
1686428939,0,1,0,0,0,12,14,22,30,314,234,40,39,48,51,314,236
1686428945,0,1,0,0,0,12,15,22,31,315,236,40,39,48,52,315,238
1686428951,0,1,0,0,0,12,15,22,31,316,238,40,39,48,51,317,238
1686428957,0,1,0,0,0,12,15,22,31,317,240,40,39,49,51,318,240
1686428963,0,1,0,0,0,12,16,23,31,318,242,40,39,49,51,318,240
1686428969,0,1,0,0,0,11,15,23,31,319,242,40,39,48,51,319,242
1686428975,0,1,0,0,0,12,15,23,31,320,244,40,39,48,52,320,242
1686428981,0,1,0,0,0,12,15,22,31,320,244,40,39,49,51,320,244
1686428987,0,1,0,0,0,12,15,23,31,321,244,40,39,49,51,321,244
1686428993,0,1,0,0,0,12,15,22,31,322,246,40,40,49,51,321,246
1686428999,0,1,0,0,0,12,15,23,31,322,246,40,39,48,51,322,248
1686429005,0,1,0,0,0,12,15,22,31,323,248,40,39,48,51,323,248
1686429011,0,1,0,0,0,12,15,22,31,323,250,40,39,48,51,324,250
1686429017,0,1,0,0,0,12,15,23,31,324,250,40,39,48,51,324,252
1686429023,0,1,0,0,0,12,15,23,31,324,254,40,39,48,51,325,252
1686429029,0,1,0,0,0,12,14,22,31,325,254,40,39,47,51,325,256
1686429035,0,1,0,0,0,12,16,22,31,326,256,40,40,47,50,326,258
1686429041,0,1,0,0,0,12,15,22,31,328,258,39,39,48,51,328,258
1686429047,0,1,0,0,0,12,15,22,32,329,262,40,39,47,50,329,262
1686429053,0,1,0,0,0,12,15,23,30,331,264,40,39,48,51,331,264
1686429059,0,1,0,0,0,13,15,23,31,332,266,39,39,48,50,333,268
1686429065,0,1,0,0,0,13,15,23,31,335,270,40,39,47,51,335,270
1686429071,0,1,0,0,0,13,15,23,31,337,274,40,39,48,51,337,274
1686429077,0,1,0,0,0,13,15,22,31,340,276,40,39,48,50,340,276
1686429083,0,1,0,0,0,13,16,23,32,342,280,40,40,48,51,342,280
1686429089,0,1,0,0,0,13,16,23,32,345,282,41,40,48,52,346,282
1686429095,0,1,0,0,0,13,16,23,32,348,286,41,40,48,52,349,286
1686429101,0,1,0,0,0,14,16,23,32,352,288,42,41,49,52,352,290
1686429107,0,1,0,0,0,14,16,24,33,355,292,42,41,49,53,356,292
1686429113,0,1,0,0,0,13,16,24,33,359,296,42,41,50,53,359,296
1686429119,0,1,0,0,0,14,16,24,33,362,300,43,42,50,54,362,300
1686429125,0,1,0,0,0,14,17,24,33,365,302,43,43,51,55,366,302
1686429131,0,1,0,0,0,14,17,25,34,370,306,43,42,52,54,370,306
1686429137,0,1,0,0,0,14,17,25,34,373,310,44,43,52,55,374,310
1686429143,0,1,0,0,0,14,17,25,34,376,312,44,44,53,56,376,312
1686429149,0,1,0,0,0,14,17,25,35,380,316,44,44,53,56,381,316
1686429155,0,1,0,0,0,15,18,26,35,385,320,45,44,53,57,384,320
1686429161,0,1,0,0,0,15,18,26,35,390,324,46,45,53,57,390,324
1686429167,0,1,0,0,0,16,18,26,36,394,328,46,45,54,58,394,328
1686429173,0,1,0,0,0,15,18,26,36,399,332,46,46,55,58,399,334
1686429179,0,1,0,0,0,15,19,27,37,404,336,47,46,55,59,404,338
1686429185,0,1,0,0,0,15,19,27,37,408,342,48,47,56,60,408,342
1686429191,0,1,0,0,0,16,19,27,37,412,346,48,48,57,61,412,346
1686429197,0,1,0,0,0,16,19,28,38,417,350,49,48,57,62,417,350
1686429203,0,1,0,0,0,16,20,28,39,421,352,49,49,58,62,422,354
1686429209,0,1,0,0,0,16,20,28,39,425,356,50,49,59,63,425,356
1686429215,0,1,0,0,0,17,20,29,39,429,360,50,50,59,64,429,360
1686429221,0,1,0,0,0,17,20,29,40,433,360,51,51,60,64,433,362
1686429227,0,1,0,0,0,17,21,29,40,437,364,51,51,61,65,437,364
1686429233,0,1,0,0,0,17,20,30,41,441,366,53,51,62,66,441,366
1686429239,0,1,0,0,0,17,21,30,41,444,370,53,52,62,67,444,368
1686429245,0,1,0,0,1,17,22,30,41,447,370,53,52,63,67,447,370
1686429251,0,1,0,0,1,18,21,30,42,450,372,53,53,64,68,450,372
1686429257,0,1,0,0,1,18,21,31,42,453,374,54,53,64,68,453,372
1686429263,0,1,0,0,1,17,22,31,42,456,374,54,54,65,70,455,374
1686429269,0,1,0,0,1,18,22,31,42,458,374,55,54,66,70,458,374
1686429275,0,1,0,0,1,18,22,31,43,461,374,55,54,67,71,460,374
1686429281,0,1,0,0,1,18,23,32,43,462,376,56,55,67,70,462,376
1686429287,0,1,0,0,1,18,22,32,44,464,376,56,55,68,72,464,376
1686429293,0,1,0,0,1,18,22,32,44,465,374,56,56,67,72,466,374
1686429299,0,1,0,0,1,19,23,32,44,466,374,57,56,68,72,467,374
1686429305,0,1,0,0,1,18,22,33,45,468,374,57,57,69,73,467,374
1686429311,0,1,0,0,1,18,23,33,45,468,374,57,57,69,74,468,372
1686429317,0,1,0,0,1,19,22,33,45,470,372,58,57,70,74,470,372
1686429323,0,1,0,0,1,18,23,33,45,470,372,58,57,70,74,469,372
1686429329,0,1,0,0,1,18,23,33,46,470,370,58,57,71,74,470,370
1686429335,0,1,0,0,1,19,23,34,45,471,368,59,58,71,75,470,368
1686429341,0,1,0,0,1,19,23,35,46,470,368,58,58,71,76,471,368
1686429347,0,1,0,0,1,18,23,33,46,471,366,59,58,72,75,471,366
1686429353,0,1,0,0,1,19,23,34,46,471,364,59,58,71,76,470,366
1686429359,0,1,0,0,1,19,23,34,46,471,364,59,59,72,76,471,364
1686429365,0,1,0,0,1,18,23,34,46,471,364,59,59,72,77,471,362
1686429371,0,1,0,0,1,19,23,34,47,471,362,60,59,73,77,471,362
1686429377,0,1,0,0,1,18,23,34,46,471,362,60,59,73,77,471,362
1686429383,0,1,0,0,1,19,23,35,46,472,360,59,59,73,77,471,362
1686429389,0,1,0,0,1,19,23,34,47,472,360,60,59,72,76,470,360
1686429395,0,1,0,0,1,19,23,34,47,470,360,60,59,72,77,471,360
1686429401,0,1,0,0,1,19,23,35,45,470,360,60,59,73,76,470,360
1686429407,0,1,0,0,1,19,24,34,46,469,358,60,59,73,77,469,358
1686429413,0,1,0,0,1,18,23,34,47,468,358,59,59,73,76,468,358
1686429419,0,1,0,0,1,19,23,34,46,466,357,59,58,72,76,466,356
1686429425,0,1,0,0,1,19,23,34,45,464,354,59,58,72,75,464,354
1686429431,0,1,0,0,1,18,23,34,45,462,354,59,58,72,75,462,352
1686429437,0,1,0,0,1,18,22,33,45,459,352,58,57,71,75,460,352
1686429443,0,1,0,0,1,19,23,33,45,457,350,57,57,71,74,457,350
1686429449,0,1,0,0,1,18,22,33,45,454,348,58,57,70,74,454,348
1686429455,0,1,0,0,1,18,22,33,45,451,346,57,57,70,73,451,344
1686429461,0,1,0,0,1,18,22,33,45,448,344,57,56,69,74,448,344
1686429467,0,1,0,0,1,18,22,33,44,445,340,56,55,69,72,445,340
1686429473,0,1,0,0,1,17,21,31,44,441,336,56,56,68,72,441,336
1686429479,0,1,0,0,1,18,21,32,43,437,334,55,54,68,72,437,332
1686429485,0,1,0,0,1,17,21,32,43,432,328,54,54,67,71,432,328
1686429491,0,1,0,0,1,17,21,31,43,427,326,54,54,66,70,427,324
1686429497,0,1,0,0,1,16,21,31,42,421,320,53,53,65,69,421,320
1686429503,0,1,0,0,1,17,20,31,41,417,316,53,52,64,69,416,316
1686429509,0,1,0,0,0,16,20,30,41,411,312,52,51,63,67,411,312
1686429515,0,1,0,0,0,16,20,29,40,406,308,52,51,63,67,405,308
1686429521,0,1,0,0,0,16,19,29,40,401,304,51,50,62,65,400,304
1686429527,0,1,0,0,0,15,20,29,39,395,300,50,49,61,65,395,300
1686429533,0,1,0,0,0,16,19,28,38,391,298,49,49,60,64,390,296
1686429539,0,1,0,0,0,15,19,28,38,385,294,48,48,59,62,384,294
1686429545,0,1,0,0,0,14,18,27,37,380,290,48,47,58,62,380,290
1686429551,0,1,0,0,0,14,18,27,37,375,288,47,47,58,61,375,286
1686429557,0,1,0,0,0,14,18,27,36,371,284,47,46,56,60,371,284
1686429563,0,1,0,0,0,15,17,26,36,366,282,46,46,55,60,366,282
1686429569,0,1,0,0,0,14,17,26,36,364,280,46,45,55,58,364,280
1686429575,0,1,0,0,0,14,17,26,35,361,280,45,45,54,58,361,278
1686429581,0,1,0,0,0,14,17,25,35,358,278,45,43,54,57,357,278
1686429587,0,1,0,0,0,14,17,25,35,354,276,44,44,53,57,355,276
1686429593,0,1,0,0,0,14,17,25,34,353,274,43,43,52,56,352,276
1686429599,0,1,0,0,0,14,16,25,34,351,274,44,43,52,55,351,274
1686429605,0,1,0,0,0,14,17,25,34,349,274,43,43,52,55,349,274
1686429611,0,1,0,0,0,13,16,24,33,348,274,43,42,52,55,348,274
1686429617,0,1,0,0,0,13,16,24,33,348,274,43,42,51,55,348,274
1686429623,0,1,0,0,0,13,16,24,34,348,276,42,43,51,54,348,274
1686429629,0,1,0,0,0,13,16,24,33,348,276,42,42,51,55,348,276
1686429635,0,1,0,0,0,14,16,24,33,349,278,42,43,51,54,350,278
1686429641,0,1,0,0,0,13,16,24,34,351,278,43,42,51,55,352,280
1686429647,0,1,0,0,0,14,16,25,34,352,282,43,42,51,55,353,280
1686429653,0,1,0,0,0,14,16,24,34,354,282,43,42,51,55,354,282
1686429659,0,1,0,0,0,14,17,25,33,353,282,43,42,51,54,354,282
1686429665,0,1,0,0,0,14,17,25,34,355,284,43,42,52,55,355,284
1686429671,0,1,0,0,0,14,16,25,34,355,284,43,43,51,55,356,284
1686429677,0,1,0,0,0,14,17,24,34,355,284,43,43,51,55,356,284
1686429683,0,1,0,0,0,14,17,25,33,357,284,43,43,52,55,356,284
1686429689,0,1,0,0,0,14,17,24,34,357,284,43,43,52,54,356,284
1686429695,0,1,0,0,0,14,17,24,34,357,284,43,43,52,56,357,284
1686429701,0,1,0,0,0,14,17,25,34,358,284,43,42,52,56,358,284
1686429707,0,1,0,0,0,14,17,25,34,359,286,44,43,53,56,359,284
1686429713,0,1,0,0,0,14,17,25,34,361,286,44,43,53,56,362,288
1686429719,0,1,0,0,0,14,17,25,35,363,288,45,44,53,57,363,290
1686429725,0,1,0,0,0,15,17,25,35,367,292,45,44,53,57,367,290
1686429731,0,1,0,0,0,14,17,25,35,370,294,45,44,54,57,370,294
1686429737,0,1,0,0,0,14,18,26,35,373,298,46,45,55,58,374,298
1686429743,0,1,0,0,0,15,18,26,36,377,302,46,45,55,58,378,302
1686429749,0,1,0,0,0,15,18,26,36,382,306,46,46,55,59,382,308
1686429755,0,1,0,0,0,15,18,26,37,386,310,46,46,56,60,386,310
1686429761,0,1,0,0,0,15,18,27,37,391,315,47,46,56,60,391,316
1686429767,0,1,0,0,0,15,18,27,37,396,320,48,47,57,61,396,320
1686429773,0,1,0,0,0,16,18,27,38,400,326,49,47,58,61,400,326
1686429779,0,1,0,0,0,16,19,28,38,404,330,49,48,58,62,404,330
1686429785,0,1,0,0,0,16,19,28,39,409,334,50,49,59,62,410,334
1686429791,0,1,0,0,0,17,19,29,39,414,336,50,49,59,64,414,338
1686429797,0,1,0,0,0,16,20,29,39,418,340,51,49,60,64,418,340
1686429803,0,1,0,0,0,16,20,28,40,422,344,51,50,61,64,422,344
1686429809,0,1,0,0,0,17,20,29,40,426,346,52,51,61,65,427,346
1686429815,0,1,0,0,0,17,20,30,41,430,350,52,52,62,66,430,348
1686429821,0,1,0,0,0,17,20,30,41,434,352,53,52,63,67,433,350
1686429827,0,1,0,0,1,17,21,30,42,436,354,53,52,64,68,436,354
1686429833,0,1,0,0,1,17,21,31,42,439,354,54,53,64,69,440,354
1686429839,0,1,0,0,1,18,21,31,42,442,354,54,53,65,68,442,354
1686429845,0,1,0,0,1,17,21,31,43,444,354,55,54,65,70,444,356
1686429851,0,1,0,0,1,18,22,31,43,446,356,55,54,66,69,445,356
1686429857,0,1,0,0,1,18,21,31,43,446,354,55,54,66,71,446,354
1686429863,0,1,0,0,1,18,21,32,43,446,354,55,55,66,71,446,354
1686429869,0,1,0,0,1,18,22,32,43,447,352,55,55,67,71,446,352
1686429875,0,1,0,0,1,18,22,32,44,446,350,55,55,67,71,446,350
1686429881,0,1,0,0,1,18,22,32,43,446,350,55,55,67,71,447,348
1686429887,0,1,0,0,1,18,21,32,43,445,348,56,55,68,71,445,348
1686429893,0,1,0,0,1,17,21,32,43,443,344,55,54,67,71,443,344
1686429899,0,1,0,0,1,17,21,32,43,441,342,55,55,67,71,440,342
1686429905,0,1,0,0,1,18,21,31,43,439,339,55,54,67,71,439,340
1686429911,0,1,0,0,1,17,21,31,43,436,336,55,54,66,71,436,338
1686429917,0,1,0,0,1,17,21,31,42,433,336,54,53,66,70,433,334
1686429923,0,1,0,0,1,17,21,31,42,430,332,54,54,65,69,430,332
1686429929,0,1,0,0,1,17,21,31,42,427,328,53,53,65,69,426,330
1686429935,0,1,0,0,1,17,21,30,42,424,326,53,53,64,68,424,328
1686429941,0,1,0,0,1,17,20,31,41,421,326,53,52,64,68,422,326
1686429947,0,1,0,0,0,17,20,30,41,419,324,52,51,63,67,419,324
1686429953,0,1,0,0,0,16,20,30,40,416,322,52,53,63,67,416,320
1686429959,0,1,0,0,0,16,20,30,40,414,320,52,51,62,66,414,320
1686429965,0,1,0,0,0,16,20,29,40,411,320,51,50,62,65,410,320
1686429971,0,1,0,0,0,16,21,29,40,409,318,51,50,61,65,408,318
1686429977,0,1,0,0,0,16,19,29,39,406,318,50,50,61,64,407,318
1686429983,0,1,0,0,0,16,19,28,39,405,318,50,49,60,64,405,318
1686429989,0,1,0,0,0,16,19,29,39,404,316,50,49,60,64,404,316
1686429995,0,1,0,0,0,16,19,28,39,403,316,49,49,59,64,403,316
1686430001,0,1,0,0,0,16,19,28,38,402,316,49,49,59,63,402,316
1686430007,0,1,0,0,0,16,19,28,39,401,316,50,49,59,63,401,316
1686430013,0,1,0,0,0,16,19,28,39,401,316,50,49,60,62,402,316
1686430019,0,1,0,0,0,16,19,28,38,400,316,50,48,59,63,401,316
1686430025,0,1,0,0,0,16,19,28,39,401,316,49,48,59,63,401,316
1686430031,0,1,0,0,0,16,19,28,38,400,316,49,49,59,63,400,316
1686430037,0,1,0,0,0,16,19,28,39,400,316,49,48,59,63,400,316
1686430043,0,1,0,0,0,15,19,27,38,400,316,50,48,59,62,400,316
1686430049,0,1,0,0,0,16,19,28,39,401,316,50,48,59,63,401,318
1686430055,0,1,0,0,0,16,19,29,38,402,318,49,49,60,63,403,318
1686430061,0,1,0,0,0,16,19,29,39,404,320,50,49,59,63,404,318
1686430067,0,1,0,0,0,16,19,28,39,403,318,50,50,60,63,403,318
1686430073,0,1,0,0,0,15,19,28,39,404,320,50,49,59,64,405,320
1686430079,0,1,0,0,0,16,19,29,38,406,322,50,50,60,64,406,320
1686430085,0,1,0,0,0,16,20,28,39,408,322,50,50,60,64,407,322
1686430091,0,1,0,0,0,16,20,29,39,409,324,51,50,60,64,409,324
1686430097,0,1,0,0,0,16,20,29,39,412,326,50,50,61,65,412,324
1686430103,0,1,0,0,0,16,20,30,40,414,326,51,50,61,65,414,328
1686430109,0,1,0,0,0,17,20,30,41,416,330,51,51,62,65,416,328
1686430115,0,1,0,0,0,16,20,29,40,418,330,52,50,62,66,418,330
1686430121,0,1,0,0,0,16,21,30,41,421,332,52,51,63,67,421,332
1686430127,0,1,0,0,0,17,20,30,40,423,332,52,51,63,67,423,334
1686430133,0,1,0,0,1,17,21,30,41,425,334,53,52,63,67,426,336
1686430139,0,1,0,0,1,17,20,31,41,428,336,53,52,64,68,428,336
1686430145,0,1,0,0,1,17,21,31,42,430,338,53,53,64,69,430,338
1686430151,0,1,0,0,1,17,21,30,42,432,338,53,53,65,69,432,338
1686430157,0,1,0,0,1,17,22,31,42,434,338,53,53,65,69,434,338
1686430163,0,1,0,0,1,17,21,31,42,435,340,54,53,65,69,435,340
1686430169,0,1,0,0,1,17,21,31,43,436,340,54,54,66,70,436,340
1686430175,0,1,0,0,1,17,21,31,43,438,342,55,54,66,70,438,342
1686430181,0,1,0,0,1,17,22,31,43,439,342,55,54,66,70,439,342
1686430187,0,1,0,0,1,17,21,31,43,440,342,55,54,66,71,440,340
1686430193,0,1,0,0,1,17,21,32,43,440,340,55,54,67,71,440,342
1686430199,0,1,0,0,1,17,22,31,43,441,342,56,54,67,71,441,342
1686430205,0,1,0,0,1,17,21,32,44,441,340,55,54,67,71,441,340
1686430211,0,1,0,0,1,18,21,32,43,440,340,55,54,66,71,440,340
1686430217,0,1,0,0,1,17,21,32,43,440,340,55,55,67,71,439,338
1686430223,0,1,0,0,1,17,21,32,43,439,338,55,55,68,71,438,336
1686430229,0,1,0,0,1,17,21,32,43,438,336,55,54,67,72,438,336
1686430235,0,1,0,0,1,17,21,32,43,437,336,55,54,67,72,437,334
1686430241,0,1,0,0,1,17,21,31,43,435,332,55,54,67,71,436,334
1686430247,0,1,0,0,1,17,21,32,43,434,330,55,54,67,71,434,330
1686430253,0,1,0,0,1,17,21,31,43,433,330,55,54,66,70,433,330
1686430259,0,1,0,0,1,17,21,31,43,431,328,55,54,66,71,431,328
1686430265,0,1,0,0,1,17,21,31,43,430,326,55,53,67,70,430,326
1686430271,0,1,0,0,1,17,21,32,43,429,326,55,54,67,70,430,324
1686430277,0,1,0,0,1,17,21,31,42,427,324,54,53,67,70,427,324
1686430283,0,1,0,0,1,17,21,31,42,425,322,54,53,66,70,425,322
1686430289,0,1,0,0,1,17,21,31,42,424,320,54,53,66,70,424,322
1686430295,0,1,0,0,1,16,21,31,42,423,320,53,53,66,69,423,320
1686430301,0,1,0,0,1,16,21,31,42,420,318,54,53,65,69,421,318
1686430307,0,1,0,0,1,17,20,30,41,420,318,53,53,65,69,419,316
1686430313,0,1,0,0,1,17,20,30,42,418,316,53,52,64,68,418,316
1686430319,0,1,0,0,1,16,20,30,41,417,314,53,52,64,68,417,316
1686430325,0,1,0,0,1,16,20,30,41,415,314,52,52,65,68,415,312
1686430331,0,1,0,0,1,16,20,29,41,413,312,53,52,64,68,413,312
1686430337,0,1,0,0,1,16,20,30,41,412,310,52,51,63,67,412,310
1686430343,0,1,0,0,0,16,20,30,41,411,310,52,52,64,67,411,308
1686430349,0,1,0,0,0,16,20,30,40,410,308,52,51,63,67,410,308
1686430355,0,1,0,0,0,16,20,30,40,407,306,52,51,63,67,408,306
1686430361,0,1,0,0,0,16,20,29,40,405,306,51,51,63,66,405,304
1686430367,0,1,0,0,0,16,20,29,40,403,302,51,50,62,66,403,304
1686430373,0,1,0,0,0,16,19,29,40,401,302,51,50,61,65,401,300
1686430379,0,1,0,0,0,16,19,29,39,397,298,51,50,62,65,397,298
1686430385,0,1,0,0,0,15,19,29,39,396,296,50,49,61,65,396,296
1686430391,0,1,0,0,0,15,19,28,39,392,292,50,49,61,63,392,294
1686430397,0,1,0,0,0,15,19,28,39,390,290,49,49,60,64,389,290
1686430403,0,1,0,0,0,15,19,28,38,386,288,49,49,60,63,387,288
1686430409,0,1,0,0,0,15,19,28,38,384,286,49,48,60,63,384,286
1686430415,0,1,0,0,0,15,18,27,38,381,282,48,47,60,62,381,284
1686430421,0,1,0,0,0,15,18,27,37,379,282,48,47,58,62,377,280
1686430427,0,1,0,0,0,15,18,27,37,375,278,48,46,58,61,374,278
1686430433,0,1,0,0,0,14,18,27,37,370,276,47,46,58,60,371,274
1686430439,0,1,0,0,0,14,17,26,36,367,272,46,46,57,60,367,272
1686430445,0,1,0,0,0,14,18,26,35,363,270,46,45,56,60,364,270
1686430451,0,1,0,0,0,14,17,26,35,360,267,46,45,55,59,360,268
1686430457,0,1,0,0,0,14,17,26,34,356,264,45,44,55,57,356,264
1686430463,0,1,0,0,0,14,17,25,34,353,262,45,44,54,58,353,260
1686430469,0,1,0,0,0,14,17,26,34,350,260,44,43,54,57,349,260
1686430475,0,1,0,0,0,14,16,25,34,346,256,44,43,53,57,346,256
1686430481,0,1,0,0,0,13,16,25,33,343,252,43,43,53,56,343,252
1686430487,0,1,0,0,0,13,16,24,34,340,252,43,42,52,56,340,250
1686430493,0,1,0,0,0,13,16,24,33,337,248,42,42,52,55,336,248
1686430499,0,1,0,0,0,13,16,24,33,334,246,43,41,51,54,333,244
1686430505,0,1,0,0,0,13,16,24,33,330,242,42,41,51,54,330,242
1686430511,0,1,0,0,0,12,15,23,33,327,238,42,41,51,54,327,238
1686430517,0,1,0,0,0,13,15,23,33,325,236,42,40,51,53,324,236
1686430523,0,1,0,0,0,13,15,23,32,321,234,41,40,50,53,321,232
1686430529,0,1,0,0,0,12,15,23,31,319,232,41,40,50,53,319,230
1686430535,0,1,0,0,0,12,15,23,31,315,228,41,40,49,52,316,230
1686430541,0,1,0,0,0,12,15,22,31,312,226,40,39,49,51,312,226
1686430547,0,1,0,0,0,11,15,22,31,309,222,40,39,49,51,309,224
1686430553,0,1,0,0,0,11,15,22,30,307,222,39,39,48,51,307,222
1686430559,0,1,0,0,0,11,15,21,30,303,218,39,38,47,50,303,218
1686430565,0,1,0,0,0,11,14,21,30,301,216,38,38,47,50,299,216
1686430571,0,1,0,0,0,11,14,21,30,298,214,38,37,47,49,297,214
1686430577,0,1,0,0,0,11,14,21,30,295,212,38,37,46,49,294,212
1686430583,0,1,0,0,0,11,13,21,29,291,210,38,36,45,48,291,210
1686430589,0,1,0,0,0,11,13,20,29,288,208,37,36,45,47,288,208
1686430595,0,1,0,0,0,11,13,20,28,285,206,36,35,45,47,285,206
1686430601,0,1,0,0,0,10,13,20,28,283,204,36,35,44,47,283,204
1686430607,0,1,0,0,0,10,12,20,28,280,202,36,35,43,46,280,202
1686430613,0,1,0,0,0,10,13,20,27,278,202,35,34,42,45,278,200
1686430619,0,1,0,0,0,10,12,20,27,276,200,35,34,42,45,275,200
1686430625,0,1,0,0,0,10,12,19,27,273,198,35,34,42,45,273,198
1686430631,0,1,0,0,0,10,12,19,27,271,198,34,33,41,44,271,198
1686430637,0,1,0,0,0,10,12,19,26,268,196,33,33,41,44,268,196
1686430643,0,1,0,0,0,9,12,19,26,266,196,33,32,40,43,265,194
1686430649,0,1,0,0,0,10,12,18,25,263,194,33,32,39,42,263,194
1686430655,0,1,0,0,0,9,12,18,25,260,192,33,31,39,42,260,192
1686430661,0,1,0,0,0,9,12,17,25,259,192,33,31,38,42,259,192
1686430667,0,1,0,0,0,9,11,18,25,257,190,32,31,39,40,257,190
1686430673,0,1,0,0,0,9,11,17,24,254,190,31,31,38,41,254,190
1686430679,0,1,0,0,0,8,11,17,24,252,188,31,30,38,40,252,190
1686430685,0,1,0,0,0,9,11,17,24,250,186,31,30,37,39,250,188
1686430691,0,1,0,0,0,9,11,17,24,248,188,31,29,36,39,248,186
1686430697,0,1,0,0,0,9,11,16,24,246,186,30,30,36,39,247,186
1686430703,0,1,0,0,0,9,11,17,23,245,186,30,29,36,38,245,186
1686430709,0,1,0,0,0,8,11,16,23,244,184,30,29,36,38,243,184
1686430715,0,1,0,0,0,8,10,16,23,242,182,30,28,35,37,242,182
1686430721,0,1,0,0,0,8,10,16,23,240,182,29,29,35,37,240,182
1686430727,0,1,0,0,0,8,10,16,23,238,182,29,28,35,37,239,180
1686430733,0,1,0,0,0,9,10,16,22,237,180,29,28,35,36,237,180
1686430739,0,1,0,0,0,9,10,15,22,235,180,28,28,34,36,235,178
1686430745,0,1,0,0,0,8,10,15,22,234,176,28,27,34,36,233,176
1686430751,0,1,0,0,0,8,10,15,22,232,176,28,28,33,36,232,176
1686430757,0,1,0,0,0,8,10,16,22,230,174,28,27,33,36,230,174
1686430763,0,1,0,0,0,8,11,15,22,228,174,28,27,33,35,228,174
1686430769,0,1,0,0,0,8,10,15,21,226,170,28,27,33,35,226,170
1686430775,0,1,0,0,0,8,9,15,21,225,170,28,27,33,35,225,170
1686430781,0,1,0,0,0,7,9,14,21,223,168,27,26,33,35,223,168
1686430787,0,1,0,0,0,7,9,15,21,221,166,27,26,32,34,221,166
1686430793,0,1,0,0,0,8,9,14,21,220,164,27,26,31,34,219,166
1686430799,0,1,0,0,0,8,9,15,21,218,164,27,26,32,34,218,162
