Timestamp,Amber,White,On,Override,Intensity,AS00,AS01,AS02,AS03,AS04,AS05,AS06,AS07,AS08,AS09,AS10,AS11
1686391205,0,1,0,0,0,0,0,0,0,0,0,0,0,0,0,0,0
1686391211,0,1,0,0,0,0,0,0,0,0,0,0,0,0,0,0,0
1686391217,0,1,0,0,0,0,0,0,0,0,0,0,0,0,0,0,0
1686391223,0,1,0,0,0,0,0,0,0,0,0,0,0,0,0,0,0
1686391229,0,1,0,0,0,0,0,0,0,0,0,0,0,0,0,0,0
1686391235,0,1,0,0,0,0,0,0,0,0,0,0,0,0,0,0,0
1686391241,0,1,0,0,0,0,0,0,0,0,0,0,0,0,0,0,0
1686391247,0,1,0,0,0,0,0,0,0,0,0,0,0,0,0,0,0
1686391253,0,1,0,0,0,0,0,0,0,0,0,0,0,0,0,0,0
1686391259,0,1,0,0,0,0,0,0,0,0,0,0,0,0,0,0,0
1686391265,0,1,0,0,0,0,0,0,0,0,0,0,0,0,0,0,0
1686391271,0,1,0,0,0,0,0,0,0,0,0,0,0,0,0,0,0
1686391277,0,1,0,0,0,0,0,0,0,0,0,0,0,0,0,0,0
1686391283,0,1,0,0,0,0,0,0,0,0,0,0,0,0,0,0,0
1686391289,0,1,0,0,0,0,0,0,0,0,0,0,0,0,0,0,0
1686391295,0,1,0,0,0,0,0,0,0,0,0,0,0,0,0,0,0
1686391301,0,1,0,0,0,0,0,0,0,0,0,0,0,0,0,0,0
1686391307,0,1,0,0,0,0,0,0,0,0,0,0,0,0,0,0,0
1686391313,0,1,0,0,0,0,0,0,0,0,0,0,0,0,0,0,0
1686391319,0,1,0,0,0,0,0,0,0,0,0,0,0,0,0,0,0
1686391325,0,1,0,0,0,0,0,0,0,0,0,0,0,0,0,0,0
1686391331,0,1,0,0,0,0,0,0,0,0,0,0,0,0,0,0,0
1686391337,0,1,0,0,0,0,0,0,0,0,0,0,0,0,0,0,0
1686391343,0,1,0,0,0,0,0,0,0,0,0,0,0,0,0,0,0
1686391349,0,1,0,0,0,0,0,0,0,0,0,0,0,0,0,0,0
1686391355,0,1,0,0,0,0,0,0,0,0,0,0,0,0,0,0,0
1686391361,0,1,0,0,0,0,0,0,0,0,0,0,0,0,0,0,0
1686391367,0,1,0,0,0,0,0,0,0,0,0,0,0,0,0,0,0
1686391373,0,1,0,0,0,0,0,0,0,0,0,0,0,0,0,0,0
1686391379,0,1,0,0,0,0,0,0,0,0,0,0,0,0,0,0,0
1686391385,0,1,0,0,0,0,0,0,0,0,0,0,0,0,0,0,0
1686391391,0,1,0,0,0,0,0,0,0,0,0,0,0,0,0,0,0
1686391397,0,1,0,0,0,0,0,0,0,0,0,0,0,0,0,0,0
1686391403,0,1,0,0,0,0,0,0,0,0,0,0,0,0,0,0,0
1686391409,0,1,0,0,0,0,0,0,0,0,0,0,0,0,0,0,0
1686391415,0,1,0,0,0,0,0,0,0,0,0,0,0,0,0,0,0
1686391421,0,1,0,0,0,0,0,0,0,0,0,0,0,0,0,0,0
1686391427,0,1,0,0,0,0,0,0,0,0,0,0,0,0,0,0,0
1686391433,0,1,0,0,0,0,0,0,0,0,0,0,0,0,0,0,0
1686391439,0,1,0,0,0,0,0,0,0,0,0,0,0,0,0,0,0
1686391445,0,1,0,0,0,0,0,0,0,0,0,0,0,0,0,0,0
1686391451,0,1,0,0,0,0,0,0,0,0,0,0,0,0,0,0,0
1686391457,0,1,0,0,0,0,0,0,0,0,0,0,0,0,0,0,0
1686391463,0,1,0,0,0,0,0,0,0,0,0,0,0,0,0,0,0
1686391469,0,1,0,0,0,0,0,0,0,0,0,0,0,0,0,0,0
1686391475,0,1,0,0,0,0,0,0,0,0,0,0,0,0,0,0,0
1686391481,0,1,0,0,0,0,0,0,0,0,0,0,0,0,0,0,0
1686391487,0,1,0,0,0,0,0,0,0,0,0,0,0,0,0,0,0
1686391493,0,1,0,0,0,0,0,0,0,0,0,0,0,0,0,0,0
1686391499,0,1,0,0,0,0,0,0,0,0,0,0,0,0,0,0,0
1686391505,0,1,0,0,0,0,0,0,0,0,0,0,0,0,0,0,0
1686391511,0,1,0,0,0,0,0,0,0,0,0,0,0,0,0,0,0
1686391517,0,1,0,0,0,0,0,0,0,0,0,0,0,0,0,0,0
1686391523,0,1,0,0,0,0,0,0,0,0,0,0,0,0,0,0,0
1686391529,0,1,0,0,0,0,0,0,0,0,0,0,0,0,0,0,0
1686391535,0,1,0,0,0,0,0,0,0,0,0,0,0,0,0,0,0
1686391541,0,1,0,0,0,0,0,0,0,0,0,0,0,0,0,0,0
1686391547,0,1,0,0,0,0,0,0,0,0,0,0,0,0,0,0,0
1686391553,0,1,0,0,0,0,0,0,0,0,0,0,0,0,0,0,0
1686391559,0,1,0,0,0,0,0,0,0,0,0,0,0,0,0,0,0
1686391565,0,1,0,0,0,0,0,0,0,0,0,0,0,0,0,0,0
1686391571,0,1,0,0,0,0,0,0,0,0,0,0,0,0,0,0,0
1686391577,0,1,0,0,0,0,0,0,0,0,0,0,0,0,0,0,0
1686391583,0,1,0,0,0,0,0,0,0,0,0,0,0,0,0,0,0
1686391589,0,1,0,0,0,0,0,0,0,0,0,0,0,0,0,0,0
1686391595,0,1,0,0,0,0,0,0,0,0,0,0,0,0,0,0,0
1686391601,0,1,0,0,0,0,0,0,0,0,0,0,0,0,0,0,0
1686391607,0,1,0,0,0,0,0,0,0,0,0,0,0,0,0,0,0
1686391613,0,1,0,0,0,0,0,0,0,0,0,0,0,0,0,0,0
1686391619,0,1,0,0,0,0,0,0,0,0,0,0,0,0,0,0,0
1686391625,0,1,0,0,0,0,0,0,0,0,0,0,0,0,0,0,0
1686391631,0,1,0,0,0,0,0,0,0,0,0,0,0,0,0,0,0
1686391637,0,1,0,0,0,0,0,0,0,0,0,0,0,0,0,0,0
1686391643,0,1,0,0,0,0,0,0,0,0,0,0,0,0,0,0,0
1686391649,0,1,0,0,0,0,0,0,0,0,0,0,0,0,0,0,0
1686391655,0,1,0,0,0,0,0,0,0,0,0,0,0,0,0,0,0
1686391661,0,1,0,0,0,0,0,0,0,0,0,0,0,0,0,0,0
1686391667,0,1,0,0,0,0,0,0,0,0,0,0,0,0,0,0,0
1686391673,0,1,0,0,0,0,0,0,0,0,0,0,0,0,0,0,0
1686391679,0,1,0,0,0,0,0,0,0,0,0,0,0,0,0,0,0
1686391685,0,1,0,0,0,0,0,0,0,0,0,0,0,0,0,0,0
1686391691,0,1,0,0,0,0,0,0,0,0,0,0,0,0,0,0,0
1686391697,0,1,0,0,0,0,0,0,0,0,0,0,0,0,0,0,0
1686391703,0,1,0,0,0,0,0,0,0,0,0,0,0,0,0,0,0
1686391709,0,1,0,0,0,0,0,0,0,0,0,0,0,0,0,0,0
1686391715,0,1,0,0,0,0,0,0,0,0,0,0,0,0,0,0,0
1686391721,0,1,0,0,0,0,0,0,0,0,0,0,0,0,0,0,0
1686391727,0,1,0,0,0,0,0,0,0,0,0,0,0,0,0,0,0
1686391733,0,1,0,0,0,0,0,0,0,0,0,0,0,0,0,0,0
1686391739,0,1,0,0,0,0,0,0,0,0,0,0,0,0,0,0,0
1686391745,0,1,0,0,0,0,0,0,0,0,0,0,0,0,0,0,0
1686391751,0,1,0,0,0,0,0,0,0,0,0,0,0,0,0,0,0
1686391757,0,1,0,0,0,0,0,0,0,0,0,0,0,0,0,0,0
1686391763,0,1,0,0,0,0,0,0,0,0,0,0,0,0,0,0,0
1686391769,0,1,0,0,0,0,0,0,0,0,0,0,0,0,0,0,0
1686391775,0,1,0,0,0,0,0,0,0,0,0,0,0,0,0,0,0
1686391781,0,1,0,0,0,0,0,0,0,0,0,0,0,0,0,0,0
1686391787,0,1,0,0,0,0,0,0,0,0,0,0,0,0,0,0,0
1686391793,0,1,0,0,0,0,0,0,0,0,0,0,0,0,0,0,0
1686391799,0,1,0,0,0,0,0,0,0,0,0,0,0,0,0,0,0
1686391805,0,1,0,0,0,0,0,0,0,0,0,0,0,0,0,0,0
1686391811,0,1,0,0,0,0,0,0,0,0,0,0,0,0,0,0,0
1686391817,0,1,0,0,0,0,0,0,0,0,0,0,0,0,0,0,0
1686391823,0,1,0,0,0,0,0,0,0,0,0,0,0,0,0,0,0
1686391829,0,1,0,0,0,0,0,0,0,0,0,0,0,0,0,0,0
1686391835,0,1,0,0,0,0,0,0,0,0,0,0,0,0,0,0,0
1686391841,0,1,0,0,0,0,0,0,0,0,0,0,0,0,0,0,0
1686391847,0,1,0,0,0,0,0,0,0,0,0,0,0,0,0,0,0
1686391853,0,1,0,0,0,0,0,0,0,0,0,0,0,0,0,0,0
1686391859,0,1,0,0,0,0,0,0,0,0,0,0,0,0,0,0,0
1686391865,0,1,0,0,0,0,0,0,0,0,0,0,0,0,0,0,0
1686391871,0,1,0,0,0,0,0,0,0,0,0,0,0,0,0,0,0
1686391877,0,1,0,0,0,0,0,0,0,0,0,0,0,0,0,0,0
1686391883,0,1,0,0,0,0,0,0,0,0,0,0,0,0,0,0,0
1686391889,0,1,0,0,0,0,0,0,0,0,0,0,0,0,0,0,0
1686391895,0,1,0,0,0,0,0,0,0,0,0,0,0,0,0,0,0
1686391901,0,1,0,0,0,0,0,0,0,0,0,0,0,0,0,0,0
1686391907,0,1,0,0,0,0,0,0,0,0,0,0,0,0,0,0,0
1686391913,0,1,0,0,0,0,0,0,0,0,0,0,0,0,0,0,0
1686391919,0,1,0,0,0,0,0,0,0,0,0,0,0,0,0,0,0
1686391925,0,1,0,0,0,0,0,0,0,0,0,0,0,0,0,0,0
1686391931,0,1,0,0,0,0,0,0,0,0,0,0,0,0,0,0,0
1686391937,0,1,0,0,0,0,0,0,0,0,0,0,0,0,0,0,0
1686391943,0,1,0,0,0,0,0,0,0,0,0,0,0,0,0,0,0
1686391949,0,1,0,0,0,0,0,0,0,0,0,0,0,0,0,0,0
1686391955,0,1,0,0,0,0,0,0,0,0,0,0,0,0,0,0,0
1686391961,0,1,0,0,0,0,0,0,0,0,0,0,0,0,0,0,0
1686391967,0,1,0,0,0,0,0,0,0,0,0,0,0,0,0,0,0
1686391973,0,1,0,0,0,0,0,0,0,0,0,0,0,0,0,0,0
1686391979,0,1,0,0,0,0,0,0,0,0,0,0,0,0,0,0,0
1686391985,0,1,0,0,0,0,0,0,0,0,0,0,0,0,0,0,0
1686391991,0,1,0,0,0,0,0,0,0,0,0,0,0,0,0,0,0
1686391997,0,1,0,0,0,0,0,0,0,0,0,0,0,0,0,0,0
1686392003,0,1,0,0,0,0,0,0,0,0,0,0,0,0,0,0,0
1686392009,0,1,0,0,0,0,0,0,0,0,0,0,0,0,0,0,0
1686392015,0,1,0,0,0,0,0,0,0,0,0,0,0,0,0,0,0
1686392021,0,1,0,0,0,0,0,0,0,0,0,0,0,0,0,0,0
1686392027,0,1,0,0,0,0,0,0,0,0,0,0,0,0,0,0,0
1686392033,0,1,0,0,0,0,0,0,0,0,0,0,0,0,0,0,0
1686392039,0,1,0,0,0,0,0,0,0,0,0,0,0,0,0,0,0
1686392045,0,1,0,0,0,0,0,0,0,0,0,0,0,0,0,0,0
1686392051,0,1,0,0,0,0,0,0,0,0,0,0,0,0,0,0,0
1686392057,0,1,0,0,0,0,0,0,0,0,0,0,0,0,0,0,0
1686392063,0,1,0,0,0,0,0,0,0,0,0,0,0,0,0,0,0
1686392069,0,1,0,0,0,0,0,0,0,0,0,0,0,0,0,0,0
1686392075,0,1,0,0,0,0,0,0,0,0,0,0,0,0,0,0,0
1686392081,0,1,0,0,0,0,0,0,0,0,0,0,0,0,0,0,0
1686392087,0,1,0,0,0,0,0,0,0,0,0,0,0,0,0,0,0
1686392093,0,1,0,0,0,0,0,0,0,0,0,0,0,0,0,0,0
1686392099,0,1,0,0,0,0,0,0,0,0,0,0,0,0,0,0,0
1686392105,0,1,0,0,0,0,0,0,0,0,0,0,0,0,0,0,0
1686392111,0,1,0,0,0,0,0,0,0,0,0,0,0,0,0,0,0
1686392117,0,1,0,0,0,0,0,0,0,0,0,0,0,0,0,0,0
1686392123,0,1,0,0,0,0,0,0,0,0,0,0,0,0,0,0,0
1686392129,0,1,0,0,0,0,0,0,0,0,0,0,0,0,0,0,0
1686392135,0,1,0,0,0,0,0,0,0,0,0,0,0,0,0,0,0
1686392141,0,1,0,0,0,0,0,0,0,0,0,0,0,0,0,0,0
1686392147,0,1,0,0,0,0,0,0,0,0,0,0,0,0,0,0,0
1686392153,0,1,0,0,0,0,0,0,0,0,0,0,0,0,0,0,0
1686392159,0,1,0,0,0,0,0,0,0,0,0,0,0,0,0,0,0
1686392165,0,1,0,0,0,0,0,0,0,0,0,0,0,0,0,0,0
1686392171,0,1,0,0,0,0,0,0,0,0,0,0,0,0,0,0,0
1686392177,0,1,0,0,0,0,0,0,0,0,0,0,0,0,0,0,0
1686392183,0,1,0,0,0,0,0,0,0,0,0,0,0,0,0,0,0
1686392189,0,1,0,0,0,0,0,0,0,0,0,0,0,0,0,0,0
1686392195,0,1,0,0,0,0,0,0,0,0,0,0,0,0,0,0,0
1686392201,0,1,0,0,0,0,0,0,0,0,0,0,0,0,0,0,0
1686392207,0,1,0,0,0,0,0,0,0,0,0,0,0,0,0,0,0
1686392213,0,1,0,0,0,0,0,0,0,0,0,0,0,0,0,0,0
1686392219,0,1,0,0,0,0,0,0,0,0,0,0,0,0,0,0,0
1686392225,0,1,0,0,0,0,0,0,0,0,0,0,0,0,0,0,0
1686392231,0,1,0,0,0,0,0,0,0,0,0,0,0,0,0,0,0
1686392237,0,1,0,0,0,0,0,0,0,0,0,0,0,0,0,0,0
1686392243,0,1,0,0,0,0,0,0,0,0,0,0,0,0,0,0,0
1686392249,0,1,0,0,0,0,0,0,0,0,0,0,0,0,0,0,0
1686392255,0,1,0,0,0,0,0,0,0,0,0,0,0,0,0,0,0
1686392261,0,1,0,0,0,0,0,0,0,0,0,0,0,0,0,0,0
1686392267,0,1,0,0,0,0,0,0,0,0,0,0,0,0,0,0,0
1686392273,0,1,0,0,0,0,0,0,0,0,0,0,0,0,0,0,0
1686392279,0,1,0,0,0,0,0,0,0,0,0,0,0,0,0,0,0
1686392285,0,1,0,0,0,0,0,0,0,0,0,0,0,0,0,0,0
1686392291,0,1,0,0,0,0,0,0,0,0,0,0,0,0,0,0,0
1686392297,0,1,0,0,0,0,0,0,0,0,0,0,0,0,0,0,0
1686392303,0,1,0,0,0,0,0,0,0,0,0,0,0,0,0,0,0
1686392309,0,1,0,0,0,0,0,0,0,0,0,0,0,0,0,0,0
1686392315,0,1,0,0,0,0,0,0,0,0,0,0,0,0,0,0,0
1686392321,0,1,0,0,0,0,0,0,0,0,0,0,0,0,0,0,0
1686392327,0,1,0,0,0,0,0,0,0,0,0,0,0,0,0,0,0
1686392333,0,1,0,0,0,0,0,0,0,0,0,0,0,0,0,0,0
1686392339,0,1,0,0,0,0,0,0,0,0,0,0,0,0,0,0,0
1686392345,0,1,0,0,0,0,0,0,0,0,0,0,0,0,0,0,0
1686392351,0,1,0,0,0,0,0,0,0,0,0,0,0,0,0,0,0
1686392357,0,1,0,0,0,0,0,0,0,0,0,0,0,0,0,0,0
1686392363,0,1,0,0,0,0,0,0,0,0,0,0,0,0,0,0,0
1686392369,0,1,0,0,0,0,0,0,0,0,0,0,0,0,0,0,0
1686392375,0,1,0,0,0,0,0,0,0,0,0,0,0,0,0,0,0
1686392381,0,1,0,0,0,0,0,0,0,0,0,0,0,0,0,0,0
1686392387,0,1,0,0,0,0,0,0,0,0,0,0,0,0,0,0,0
1686392393,0,1,0,0,0,0,0,0,0,0,0,0,0,0,0,0,0
1686392399,0,1,0,0,0,0,0,0,0,0,0,0,0,0,0,0,0
1686392405,0,1,0,0,0,0,0,0,0,0,0,0,0,0,0,0,0
1686392411,0,1,0,0,0,0,0,0,0,0,0,0,0,0,0,0,0
1686392417,0,1,0,0,0,0,0,0,0,0,0,0,0,0,0,0,0
1686392423,0,1,0,0,0,0,0,0,0,0,0,0,0,0,0,0,0
1686392429,0,1,0,0,0,0,0,0,0,0,0,0,0,0,0,0,0
1686392435,0,1,0,0,0,0,0,0,0,0,0,0,0,0,0,0,0
1686392441,0,1,0,0,0,0,0,0,0,0,0,0,0,0,0,0,0
1686392447,0,1,0,0,0,0,0,0,0,0,0,0,0,0,0,0,0
1686392453,0,1,0,0,0,0,0,0,0,0,0,0,0,0,0,0,0
1686392459,0,1,0,0,0,0,0,0,0,0,0,0,0,0,0,0,0
1686392465,0,1,0,0,0,0,0,0,0,0,0,0,0,0,0,0,0
1686392471,0,1,0,0,0,0,0,0,0,0,0,0,0,0,0,0,0
1686392477,0,1,0,0,0,0,0,0,0,0,0,0,0,0,0,0,0
1686392483,0,1,0,0,0,0,0,0,0,0,0,0,0,0,0,0,0
1686392489,0,1,0,0,0,0,0,0,0,0,0,0,0,0,0,0,0
1686392495,0,1,0,0,0,0,0,0,0,0,0,0,0,0,0,0,0
1686392501,0,1,0,0,0,0,0,0,0,0,0,0,0,0,0,0,0
1686392507,0,1,0,0,0,0,0,0,0,0,0,0,0,0,0,0,0
1686392513,0,1,0,0,0,0,0,0,0,0,0,0,0,0,0,0,0
1686392519,0,1,0,0,0,0,0,0,0,0,0,0,0,0,0,0,0
1686392525,0,1,0,0,0,0,0,0,0,0,0,0,0,0,0,0,0
1686392531,0,1,0,0,0,0,0,0,0,0,0,0,0,0,0,0,0
1686392537,0,1,0,0,0,0,0,0,0,0,0,0,0,0,0,0,0
1686392543,0,1,0,0,0,0,0,0,0,0,0,0,0,0,0,0,0
1686392549,0,1,0,0,0,0,0,0,0,0,0,0,0,0,0,0,0
1686392555,0,1,0,0,0,0,0,0,0,0,0,0,0,0,0,0,0
1686392561,0,1,0,0,0,0,0,0,0,0,0,0,0,0,0,0,0
1686392567,0,1,0,0,0,0,0,0,0,0,0,0,0,0,0,0,0
1686392573,0,1,0,0,0,0,0,0,0,0,0,0,0,0,0,0,0
1686392579,0,1,0,0,0,0,0,0,0,0,0,0,0,0,0,0,0
1686392585,0,1,0,0,0,0,0,0,0,0,0,0,0,0,0,0,0
1686392591,0,1,0,0,0,0,0,0,0,0,0,0,0,0,0,0,0
1686392597,0,1,0,0,0,0,0,0,0,0,0,0,0,0,0,0,0
1686392603,0,1,0,0,0,0,0,0,0,0,0,0,0,0,0,0,0
1686392609,0,1,0,0,0,0,0,0,0,0,0,0,0,0,0,0,0
1686392615,0,1,0,0,0,0,0,0,0,0,0,0,0,0,0,0,0
1686392621,0,1,0,0,0,0,0,0,0,0,0,0,0,0,0,0,0
1686392627,0,1,0,0,0,0,0,0,0,0,0,0,0,0,0,0,0
1686392633,0,1,0,0,0,0,0,0,0,0,0,0,0,0,0,0,0
1686392639,0,1,0,0,0,0,0,0,0,0,0,0,0,0,0,0,0
1686392645,0,1,0,0,0,0,0,0,0,0,0,0,0,0,0,0,0
1686392651,0,1,0,0,0,0,0,0,0,0,0,0,0,0,0,0,0
1686392657,0,1,0,0,0,0,0,0,0,0,0,0,0,0,0,0,0
1686392663,0,1,0,0,0,0,0,0,0,0,0,0,0,0,0,0,0
1686392669,0,1,0,0,0,0,0,0,0,0,0,0,0,0,0,0,0
1686392675,0,1,0,0,0,0,0,0,0,0,0,0,0,0,0,0,0
1686392681,0,1,0,0,0,0,0,0,0,0,0,0,0,0,0,0,0
1686392687,0,1,0,0,0,0,0,0,0,0,0,0,0,0,0,0,0
1686392693,0,1,0,0,0,0,0,0,0,0,0,0,0,0,0,0,0
1686392699,0,1,0,0,0,0,0,0,0,0,0,0,0,0,0,0,0
1686392705,0,1,0,0,0,0,0,0,0,0,0,0,0,0,0,0,0
1686392711,0,1,0,0,0,0,0,0,0,0,0,0,0,0,0,0,0
1686392717,0,1,0,0,0,0,0,0,0,0,0,0,0,0,0,0,0
1686392723,0,1,0,0,0,0,0,0,0,0,0,0,0,0,0,0,0
1686392729,0,1,0,0,0,0,0,0,0,0,0,0,0,0,0,0,0
1686392735,0,1,0,0,0,0,0,0,0,0,0,0,0,0,0,0,0
1686392741,0,1,0,0,0,0,0,0,0,0,0,0,0,0,0,0,0
1686392747,0,1,0,0,0,0,0,0,0,0,0,0,0,0,0,0,0
1686392753,0,1,0,0,0,0,0,0,0,0,0,0,0,0,0,0,0
1686392759,0,1,0,0,0,0,0,0,0,0,0,0,0,0,0,0,0
1686392765,0,1,0,0,0,0,0,0,0,0,0,0,0,0,0,0,0
1686392771,0,1,0,0,0,0,0,0,0,0,0,0,0,0,0,0,0
1686392777,0,1,0,0,0,0,0,0,0,0,0,0,0,0,0,0,0
1686392783,0,1,0,0,0,0,0,0,0,0,0,0,0,0,0,0,0
1686392789,0,1,0,0,0,0,0,0,0,0,0,0,0,0,0,0,0
1686392795,0,1,0,0,0,0,0,0,0,0,0,0,0,0,0,0,0
1686392801,0,1,0,0,0,0,0,0,0,0,0,0,0,0,0,0,0
1686392807,0,1,0,0,0,0,0,0,0,0,0,0,0,0,0,0,0
1686392813,0,1,0,0,0,0,0,0,0,0,0,0,0,0,0,0,0
1686392819,0,1,0,0,0,0,0,0,0,0,0,0,0,0,0,0,0
1686392825,0,1,0,0,0,0,0,0,0,0,0,0,0,0,0,0,0
1686392831,0,1,0,0,0,0,0,0,0,0,0,0,0,0,0,0,0
1686392837,0,1,0,0,0,0,0,0,0,0,0,0,0,0,0,0,0
1686392843,0,1,0,0,0,0,0,0,0,0,0,0,0,0,0,0,0
1686392849,0,1,0,0,0,0,0,0,0,0,0,0,0,0,0,0,0
1686392855,0,1,0,0,0,0,0,0,0,0,0,0,0,0,0,0,0
1686392861,0,1,0,0,0,0,0,0,0,0,0,0,0,0,0,0,0
1686392867,0,1,0,0,0,0,0,0,0,0,0,0,0,0,0,0,0
1686392873,0,1,0,0,0,0,0,0,0,0,0,0,0,0,0,0,0
1686392879,0,1,0,0,0,0,0,0,0,0,0,0,0,0,0,0,0
1686392885,0,1,0,0,0,0,0,0,0,0,0,0,0,0,0,0,0
1686392891,0,1,0,0,0,0,0,0,0,0,0,0,0,0,0,0,0
1686392897,0,1,0,0,0,0,0,0,0,0,0,0,0,0,0,0,0
1686392903,0,1,0,0,0,0,0,0,0,0,0,0,0,0,0,0,0
1686392909,0,1,0,0,0,0,0,0,0,0,0,0,0,0,0,0,0
1686392915,0,1,0,0,0,0,0,0,0,0,0,0,0,0,0,0,0
1686392921,0,1,0,0,0,0,0,0,0,0,0,0,0,0,0,0,0
1686392927,0,1,0,0,0,0,0,0,0,0,0,0,0,0,0,0,0
1686392933,0,1,0,0,0,0,0,0,0,0,0,0,0,0,0,0,0
1686392939,0,1,0,0,0,0,0,0,0,0,0,0,0,0,0,0,0
1686392945,0,1,0,0,0,0,0,0,0,0,0,0,0,0,0,0,0
1686392951,0,1,0,0,0,0,0,0,0,0,0,0,0,0,0,0,0
1686392957,0,1,0,0,0,0,0,0,0,0,0,0,0,0,0,0,0
1686392963,0,1,0,0,0,0,0,0,0,0,0,0,0,0,0,0,0
1686392969,0,1,0,0,0,0,0,0,0,0,0,0,0,0,0,0,0
1686392975,0,1,0,0,0,0,0,0,0,0,0,0,0,0,0,0,0
1686392981,0,1,0,0,0,0,0,0,0,0,0,0,0,0,0,0,0
1686392987,0,1,0,0,0,0,0,0,0,0,0,0,0,0,0,0,0
1686392993,0,1,0,0,0,0,0,0,0,0,0,0,0,0,0,0,0
1686392999,0,1,0,0,0,0,0,0,0,0,0,0,0,0,0,0,0
1686393005,0,1,0,0,0,0,0,0,0,0,0,0,0,0,0,0,0
1686393011,0,1,0,0,0,0,0,0,0,0,0,0,0,0,0,0,0
1686393017,0,1,0,0,0,0,0,0,0,0,0,0,0,0,0,0,0
1686393023,0,1,0,0,0,0,0,0,0,0,0,0,0,0,0,0,0
1686393029,0,1,0,0,0,0,0,0,0,0,0,0,0,0,0,0,0
1686393035,0,1,0,0,0,0,0,0,0,0,0,0,0,0,0,0,0
1686393041,0,1,0,0,0,0,0,0,0,0,0,0,0,0,0,0,0
1686393047,0,1,0,0,0,0,0,0,0,0,0,0,0,0,0,0,0
1686393053,0,1,0,0,0,0,0,0,0,0,0,0,0,0,0,0,0
1686393059,0,1,0,0,0,0,0,0,0,0,0,0,0,0,0,0,0
1686393065,0,1,0,0,0,0,0,0,0,0,0,0,0,0,0,0,0
1686393071,0,1,0,0,0,0,0,0,0,0,0,0,0,0,0,0,0
1686393077,0,1,0,0,0,0,0,0,0,0,0,0,0,0,0,0,0
1686393083,0,1,0,0,0,0,0,0,0,0,0,0,0,0,0,0,0
1686393089,0,1,0,0,0,0,0,0,0,0,0,0,0,0,0,0,0
1686393095,0,1,0,0,0,0,0,0,0,0,0,0,0,0,0,0,0
1686393101,0,1,0,0,0,0,0,0,0,0,0,0,0,0,0,0,0
1686393107,0,1,0,0,0,0,0,0,0,0,0,0,0,0,0,0,0
1686393113,0,1,0,0,0,0,0,0,0,0,0,0,0,0,0,0,0
1686393119,0,1,0,0,0,0,0,0,0,0,0,0,0,0,0,0,0
1686393125,0,1,0,0,0,0,0,0,0,0,0,0,0,0,0,0,0
1686393131,0,1,0,0,0,0,0,0,0,0,0,0,0,0,0,0,0
1686393137,0,1,0,0,0,0,0,0,0,0,0,0,0,0,0,0,0
1686393143,0,1,0,0,0,0,0,0,0,0,0,0,0,0,0,0,0
1686393149,0,1,0,0,0,0,0,0,0,0,0,0,0,0,0,0,0
1686393155,0,1,0,0,0,0,0,0,0,0,0,0,0,0,0,0,0
1686393161,0,1,0,0,0,0,0,0,0,0,0,0,0,0,0,0,0
1686393167,0,1,0,0,0,0,0,0,0,0,0,0,0,0,0,0,0
1686393173,0,1,0,0,0,0,0,0,0,0,0,0,0,0,0,0,0
1686393179,0,1,0,0,0,0,0,0,0,0,0,0,0,0,0,0,0
1686393185,0,1,0,0,0,0,0,0,0,0,0,0,0,0,0,0,0
1686393191,0,1,0,0,0,0,0,0,0,0,0,0,0,0,0,0,0
1686393197,0,1,0,0,0,0,0,0,0,0,0,0,0,0,0,0,0
1686393203,0,1,0,0,0,0,0,0,0,0,0,0,0,0,0,0,0
1686393209,0,1,0,0,0,0,0,0,0,0,0,0,0,0,0,0,0
1686393215,0,1,0,0,0,0,0,0,0,0,0,0,0,0,0,0,0
1686393221,0,1,0,0,0,0,0,0,0,0,0,0,0,0,0,0,0
1686393227,0,1,0,0,0,0,0,0,0,0,0,0,0,0,0,0,0
1686393233,0,1,0,0,0,0,0,0,0,0,0,0,0,0,0,0,0
1686393239,0,1,0,0,0,0,0,0,0,0,0,0,0,0,0,0,0
1686393245,0,1,0,0,0,0,0,0,0,0,0,0,0,0,0,0,0
1686393251,0,1,0,0,0,0,0,0,0,0,0,0,0,0,0,0,0
1686393257,0,1,0,0,0,0,0,0,0,0,0,0,0,0,0,0,0
1686393263,0,1,0,0,0,0,0,0,0,0,0,0,0,0,0,0,0
1686393269,0,1,0,0,0,0,0,0,0,0,0,0,0,0,0,0,0
1686393275,0,1,0,0,0,0,0,0,0,0,0,0,0,0,0,0,0
1686393281,0,1,0,0,0,0,0,0,0,0,0,0,0,0,0,0,0
1686393287,0,1,0,0,0,0,0,0,0,0,0,0,0,0,0,0,0
1686393293,0,1,0,0,0,0,0,0,0,0,0,0,0,0,0,0,0
1686393299,0,1,0,0,0,0,0,0,0,0,0,0,0,0,0,0,0
1686393305,0,1,0,0,0,0,0,0,0,0,0,0,0,0,0,0,0
1686393311,0,1,0,0,0,0,0,0,0,0,0,0,0,0,0,0,0
1686393317,0,1,0,0,0,0,0,0,0,0,0,0,0,0,0,0,0
1686393323,0,1,0,0,0,0,0,0,0,0,0,0,0,0,0,0,0
1686393329,0,1,0,0,0,0,0,0,0,0,0,0,0,0,0,0,0
1686393335,0,1,0,0,0,0,0,0,0,0,0,0,0,0,0,0,0
1686393341,0,1,0,0,0,0,0,0,0,0,0,0,0,0,0,0,0
1686393347,0,1,0,0,0,0,0,0,0,0,0,0,0,0,0,0,0
1686393353,0,1,0,0,0,0,0,0,0,0,0,0,0,0,0,0,0
1686393359,0,1,0,0,0,0,0,0,0,0,0,0,0,0,0,0,0
1686393365,0,1,0,0,0,0,0,0,0,0,0,0,0,0,0,0,0
1686393371,0,1,0,0,0,0,0,0,0,0,0,0,0,0,0,0,0
1686393377,0,1,0,0,0,0,0,0,0,0,0,0,0,0,0,0,0
1686393383,0,1,0,0,0,0,0,0,0,0,0,0,0,0,0,0,0
1686393389,0,1,0,0,0,0,0,0,0,0,0,0,0,0,0,0,0
1686393395,0,1,0,0,0,0,0,0,0,0,0,0,0,0,0,0,0
1686393401,0,1,0,0,0,0,0,0,0,0,0,0,0,0,0,0,0
1686393407,0,1,0,0,0,0,0,0,0,0,0,0,0,0,0,0,0
1686393413,0,1,0,0,0,0,0,0,0,0,0,0,0,0,0,0,0
1686393419,0,1,0,0,0,0,0,0,0,0,0,0,0,0,0,0,0
1686393425,0,1,0,0,0,0,0,0,0,0,0,0,0,0,0,0,0
1686393431,0,1,0,0,0,0,0,0,0,0,0,0,0,0,0,0,0
1686393437,0,1,0,0,0,0,0,0,0,0,0,0,0,0,0,0,0
1686393443,0,1,0,0,0,0,0,0,0,0,0,0,0,0,0,0,0
1686393449,0,1,0,0,0,0,0,0,0,0,0,0,0,0,0,0,0
1686393455,0,1,0,0,0,0,0,0,0,0,0,0,0,0,0,0,0
1686393461,0,1,0,0,0,0,0,0,0,0,0,0,0,0,0,0,0
1686393467,0,1,0,0,0,0,0,0,0,0,0,0,0,0,0,0,0
1686393473,0,1,0,0,0,0,0,0,0,0,0,0,0,0,0,0,0
1686393479,0,1,0,0,0,0,0,0,0,0,0,0,0,0,0,0,0
1686393485,0,1,0,0,0,0,0,0,0,0,0,0,0,0,0,0,0
1686393491,0,1,0,0,0,0,0,0,0,0,0,0,0,0,0,0,0
1686393497,0,1,0,0,0,0,0,0,0,0,0,0,0,0,0,0,0
1686393503,0,1,0,0,0,0,0,0,0,0,0,0,0,0,0,0,0
1686393509,0,1,0,0,0,0,0,0,0,0,0,0,0,0,0,0,0
1686393515,0,1,0,0,0,0,0,0,0,0,0,0,0,0,0,0,0
1686393521,0,1,0,0,0,0,0,0,0,0,0,0,0,0,0,0,0
1686393527,0,1,0,0,0,0,0,0,0,0,0,0,0,0,0,0,0
1686393533,0,1,0,0,0,0,0,0,0,0,0,0,0,0,0,0,0
1686393539,0,1,0,0,0,0,0,0,0,0,0,0,0,0,0,0,0
1686393545,0,1,0,0,0,0,0,0,0,0,0,0,0,0,0,0,0
1686393551,0,1,0,0,0,0,0,0,0,0,0,0,0,0,0,0,0
1686393557,0,1,0,0,0,0,0,0,0,0,0,0,0,0,0,0,0
1686393563,0,1,0,0,0,0,0,0,0,0,0,0,0,0,0,0,0
1686393569,0,1,0,0,0,0,0,0,0,0,0,0,0,0,0,0,0
1686393575,0,1,0,0,0,0,0,0,0,0,0,0,0,0,0,0,0
1686393581,0,1,0,0,0,0,0,0,0,0,0,0,0,0,0,0,0
1686393587,0,1,0,0,0,0,0,0,0,0,0,0,0,0,0,0,0
1686393593,0,1,0,0,0,0,0,0,0,0,0,0,0,0,0,0,0
1686393599,0,1,0,0,0,0,0,0,0,0,0,0,0,0,0,0,0
1686393605,0,1,0,0,0,0,0,0,0,0,0,0,0,0,0,0,0
1686393611,0,1,0,0,0,0,0,0,0,0,0,0,0,0,0,0,0
1686393617,0,1,0,0,0,0,0,0,0,0,0,0,0,0,0,0,0
1686393623,0,1,0,0,0,0,0,0,0,0,0,0,0,0,0,0,0
1686393629,0,1,0,0,0,0,0,0,0,0,0,0,0,0,0,0,0
1686393635,0,1,0,0,0,0,0,0,0,0,0,0,0,0,0,0,0
1686393641,0,1,0,0,0,0,0,0,0,0,0,0,0,0,0,0,0
1686393647,0,1,0,0,0,0,0,0,0,0,0,0,0,0,0,0,0
1686393653,0,1,0,0,0,0,0,0,0,0,0,0,0,0,0,0,0
1686393659,0,1,0,0,0,0,0,0,0,0,0,0,0,0,0,0,0
1686393665,0,1,0,0,0,0,0,0,0,0,0,0,0,0,0,0,0
1686393671,0,1,0,0,0,0,0,0,0,0,0,0,0,0,0,0,0
1686393677,0,1,0,0,0,0,0,0,0,0,0,0,0,0,0,0,0
1686393683,0,1,0,0,0,0,0,0,0,0,0,0,0,0,0,0,0
1686393689,0,1,0,0,0,0,0,0,0,0,0,0,0,0,0,0,0
1686393695,0,1,0,0,0,0,0,0,0,0,0,0,0,0,0,0,0
1686393701,0,1,0,0,0,0,0,0,0,0,0,0,0,0,0,0,0
1686393707,0,1,0,0,0,0,0,0,0,0,0,0,0,0,0,0,0
1686393713,0,1,0,0,0,0,0,0,0,0,0,0,0,0,0,0,0
1686393719,0,1,0,0,0,0,0,0,0,0,0,0,0,0,0,0,0
1686393725,0,1,0,0,0,0,0,0,0,0,0,0,0,0,0,0,0
1686393731,0,1,0,0,0,0,0,0,0,0,0,0,0,0,0,0,0
1686393737,0,1,0,0,0,0,0,0,0,0,0,0,0,0,0,0,0
1686393743,0,1,0,0,0,0,0,0,0,0,0,0,0,0,0,0,0
1686393749,0,1,0,0,0,0,0,0,0,0,0,0,0,0,0,0,0
1686393755,0,1,0,0,0,0,0,0,0,0,0,0,0,0,0,0,0
1686393761,0,1,0,0,0,0,0,0,0,0,0,0,0,0,0,0,0
1686393767,0,1,0,0,0,0,0,0,0,0,0,0,0,0,0,0,0
1686393773,0,1,0,0,0,0,0,0,0,0,0,0,0,0,0,0,0
1686393779,0,1,0,0,0,0,0,0,0,0,0,0,0,0,0,0,0
1686393785,0,1,0,0,0,0,0,0,0,0,0,0,0,0,0,0,0
1686393791,0,1,0,0,0,0,0,0,0,0,0,0,0,0,0,0,0
1686393797,0,1,0,0,0,0,0,0,0,0,0,0,0,0,0,0,0
1686393803,0,1,0,0,0,0,0,0,0,0,0,0,0,0,0,0,0
1686393809,0,1,0,0,0,0,0,0,0,0,0,0,0,0,0,0,0
1686393815,0,1,0,0,0,0,0,0,0,0,0,0,0,0,0,0,0
1686393821,0,1,0,0,0,0,0,0,0,0,0,0,0,0,0,0,0
1686393827,0,1,0,0,0,0,0,0,0,0,0,0,0,0,0,0,0
1686393833,0,1,0,0,0,0,0,0,0,0,0,0,0,0,0,0,0
1686393839,0,1,0,0,0,0,0,0,0,0,0,0,0,0,0,0,0
1686393845,0,1,0,0,0,0,0,0,0,0,0,0,0,0,0,0,0
1686393851,0,1,0,0,0,0,0,0,0,0,0,0,0,0,0,0,0
1686393857,0,1,0,0,0,0,0,0,0,0,0,0,0,0,0,0,0
1686393863,0,1,0,0,0,0,0,0,0,0,0,0,0,0,0,0,0
1686393869,0,1,0,0,0,0,0,0,0,0,0,0,0,0,0,0,0
1686393875,0,1,0,0,0,0,0,0,0,0,0,0,0,0,0,0,0
1686393881,0,1,0,0,0,0,0,0,0,0,0,0,0,0,0,0,0
1686393887,0,1,0,0,0,0,0,0,0,0,0,0,0,0,0,0,0
1686393893,0,1,0,0,0,0,0,0,0,0,0,0,0,0,0,0,0
1686393899,0,1,0,0,0,0,0,0,0,0,0,0,0,0,0,0,0
1686393905,0,1,0,0,0,0,0,0,0,0,0,0,0,0,0,0,0
1686393911,0,1,0,0,0,0,0,0,0,0,0,0,0,0,0,0,0
1686393917,0,1,0,0,0,0,0,0,0,0,0,0,0,0,0,0,0
1686393923,0,1,0,0,0,0,0,0,0,0,0,0,0,0,0,0,0
1686393929,0,1,0,0,0,0,0,0,0,0,0,0,0,0,0,0,0
1686393935,0,1,0,0,0,0,0,0,0,0,0,0,0,0,0,0,0
1686393941,0,1,0,0,0,0,0,0,0,0,0,0,0,0,0,0,0
1686393947,0,1,0,0,0,0,0,0,0,0,0,0,0,0,0,0,0
1686393953,0,1,0,0,0,0,0,0,0,0,0,0,0,0,0,0,0
1686393959,0,1,0,0,0,0,0,0,0,0,0,0,0,0,0,0,0
1686393965,0,1,0,0,0,0,0,0,0,0,0,0,0,0,0,0,0
1686393971,0,1,0,0,0,0,0,0,0,0,0,0,0,0,0,0,0
1686393977,0,1,0,0,0,0,0,0,0,0,0,0,0,0,0,0,0
1686393983,0,1,0,0,0,0,0,0,0,0,0,0,0,0,0,0,0
1686393989,0,1,0,0,0,0,0,0,0,0,0,0,0,0,0,0,0
1686393995,0,1,0,0,0,0,0,0,0,0,0,0,0,0,0,0,0
1686394001,0,1,0,0,0,0,0,0,0,0,0,0,0,0,0,0,0
1686394007,0,1,0,0,0,0,0,0,0,0,0,0,0,0,0,0,0
1686394013,0,1,0,0,0,0,0,0,0,0,0,0,0,0,0,0,0
1686394019,0,1,0,0,0,0,0,0,0,0,0,0,0,0,0,0,0
1686394025,0,1,0,0,0,0,0,0,0,0,0,0,0,0,0,0,0
1686394031,0,1,0,0,0,0,0,0,0,0,0,0,0,0,0,0,0
1686394037,0,1,0,0,0,0,0,0,0,0,0,0,0,0,0,0,0
1686394043,0,1,0,0,0,0,0,0,0,0,0,0,0,0,0,0,0
1686394049,0,1,0,0,0,0,0,0,0,0,0,0,0,0,0,0,0
1686394055,0,1,0,0,0,0,0,0,0,0,0,0,0,0,0,0,0
1686394061,0,1,0,0,0,0,0,0,0,0,0,0,0,0,0,0,0
1686394067,0,1,0,0,0,0,0,0,0,0,0,0,0,0,0,0,0
1686394073,0,1,0,0,0,0,0,0,0,0,0,0,0,0,0,0,0
1686394079,0,1,0,0,0,0,0,0,0,0,0,0,0,0,0,0,0
1686394085,0,1,0,0,0,0,0,0,0,0,0,0,0,0,0,0,0
1686394091,0,1,0,0,0,0,0,0,0,0,0,0,0,0,0,0,0
1686394097,0,1,0,0,0,0,0,0,0,0,0,0,0,0,0,0,0
1686394103,0,1,0,0,0,0,0,0,0,0,0,0,0,0,0,0,0
1686394109,0,1,0,0,0,0,0,0,0,0,0,0,0,0,0,0,0
1686394115,0,1,0,0,0,0,0,0,0,0,0,0,0,0,0,0,0
1686394121,0,1,0,0,0,0,0,0,0,0,0,0,0,0,0,0,0
1686394127,0,1,0,0,0,0,0,0,0,0,0,0,0,0,0,0,0
1686394133,0,1,0,0,0,0,0,0,0,0,0,0,0,0,0,0,0
1686394139,0,1,0,0,0,0,0,0,0,0,0,0,0,0,0,0,0
1686394145,0,1,0,0,0,0,0,0,0,0,0,0,0,0,0,0,0
1686394151,0,1,0,0,0,0,0,0,0,0,0,0,0,0,0,0,0
1686394157,0,1,0,0,0,0,0,0,0,0,0,0,0,0,0,0,0
1686394163,0,1,0,0,0,0,0,0,0,0,0,0,0,0,0,0,0
1686394169,0,1,0,0,0,0,0,0,0,0,0,0,0,0,0,0,0
1686394175,0,1,0,0,0,0,0,0,0,0,0,0,0,0,0,0,0
1686394181,0,1,0,0,0,0,0,0,0,0,0,0,0,0,0,0,0
1686394187,0,1,0,0,0,0,0,0,0,0,0,0,0,0,0,0,0
1686394193,0,1,0,0,0,0,0,0,0,0,0,0,0,0,0,0,0
1686394199,0,1,0,0,0,0,0,0,0,0,0,0,0,0,0,0,0
1686394205,0,1,0,0,0,0,0,0,0,0,0,0,0,0,0,0,0
1686394211,0,1,0,0,0,0,0,0,0,0,0,0,0,0,0,0,0
1686394217,0,1,0,0,0,0,0,0,0,0,0,0,0,0,0,0,0
1686394223,0,1,0,0,0,0,0,0,0,0,0,0,0,0,0,0,0
1686394229,0,1,0,0,0,0,0,0,0,0,0,0,0,0,0,0,0
1686394235,0,1,0,0,0,0,0,0,0,0,0,0,0,0,0,0,0
1686394241,0,1,0,0,0,0,0,0,0,0,0,0,0,0,0,0,0
1686394247,0,1,0,0,0,0,0,0,0,0,0,0,0,0,0,0,0
1686394253,0,1,0,0,0,0,0,0,0,0,0,0,0,0,0,0,0
1686394259,0,1,0,0,0,0,0,0,0,0,0,0,0,0,0,0,0
1686394265,0,1,0,0,0,0,0,0,0,0,0,0,0,0,0,0,0
1686394271,0,1,0,0,0,0,0,0,0,0,0,0,0,0,0,0,0
1686394277,0,1,0,0,0,0,0,0,0,0,0,0,0,0,0,0,0
1686394283,0,1,0,0,0,0,0,0,0,0,0,0,0,0,0,0,0
1686394289,0,1,0,0,0,0,0,0,0,0,0,0,0,0,0,0,0
1686394295,0,1,0,0,0,0,0,0,0,0,0,0,0,0,0,0,0
1686394301,0,1,0,0,0,0,0,0,0,0,0,0,0,0,0,0,0
1686394307,0,1,0,0,0,0,0,0,0,0,0,0,0,0,0,0,0
1686394313,0,1,0,0,0,0,0,0,0,0,0,0,0,0,0,0,0
1686394319,0,1,0,0,0,0,0,0,0,0,0,0,0,0,0,0,0
1686394325,0,1,0,0,0,0,0,0,0,0,0,0,0,0,0,0,0
1686394331,0,1,0,0,0,0,0,0,0,0,0,0,0,0,0,0,0
1686394337,0,1,0,0,0,0,0,0,0,0,0,0,0,0,0,0,0
1686394343,0,1,0,0,0,0,0,0,0,0,0,0,0,0,0,0,0
1686394349,0,1,0,0,0,0,0,0,0,0,0,0,0,0,0,0,0
1686394355,0,1,0,0,0,0,0,0,0,0,0,0,0,0,0,0,0
1686394361,0,1,0,0,0,0,0,0,0,0,0,0,0,0,0,0,0
1686394367,0,1,0,0,0,0,0,0,0,0,0,0,0,0,0,0,0
1686394373,0,1,0,0,0,0,0,0,0,0,0,0,0,0,0,0,0
1686394379,0,1,0,0,0,0,0,0,0,0,0,0,0,0,0,0,0
1686394385,0,1,0,0,0,0,0,0,0,0,0,0,0,0,0,0,0
1686394391,0,1,0,0,0,0,0,0,0,0,0,0,0,0,0,0,0
1686394397,0,1,0,0,0,0,0,0,0,0,0,0,0,0,0,0,0
1686394403,0,1,0,0,0,0,0,0,0,0,0,0,0,0,0,0,0
1686394409,0,1,0,0,0,0,0,0,0,0,0,0,0,0,0,0,0
1686394415,0,1,0,0,0,0,0,0,0,0,0,0,0,0,0,0,0
1686394421,0,1,0,0,0,0,0,0,0,0,0,0,0,0,0,0,0
1686394427,0,1,0,0,0,0,0,0,0,0,0,0,0,0,0,0,0
1686394433,0,1,0,0,0,0,0,0,0,0,0,0,0,0,0,0,0
1686394439,0,1,0,0,0,0,0,0,0,0,0,0,0,0,0,0,0
1686394445,0,1,0,0,0,0,0,0,0,0,0,0,0,0,0,0,0
1686394451,0,1,0,0,0,0,0,0,0,0,0,0,0,0,0,0,0
1686394457,0,1,0,0,0,0,0,0,0,0,0,0,0,0,0,0,0
1686394463,0,1,0,0,0,0,0,0,0,0,0,0,0,0,0,0,0
1686394469,0,1,0,0,0,0,0,0,0,0,0,0,0,0,0,0,0
1686394475,0,1,0,0,0,0,0,0,0,0,0,0,0,0,0,0,0
1686394481,0,1,0,0,0,0,0,0,0,0,0,0,0,0,0,0,0
1686394487,0,1,0,0,0,0,0,0,0,0,0,0,0,0,0,0,0
1686394493,0,1,0,0,0,0,0,0,0,0,0,0,0,0,0,0,0
1686394499,0,1,0,0,0,0,0,0,0,0,0,0,0,0,0,0,0
1686394505,0,1,0,0,0,0,0,0,0,0,0,0,0,0,0,0,0
1686394511,0,1,0,0,0,0,0,0,0,0,0,0,0,0,0,0,0
1686394517,0,1,0,0,0,0,0,0,0,0,0,0,0,0,0,0,0
1686394523,0,1,0,0,0,0,0,0,0,0,0,0,0,0,0,0,0
1686394529,0,1,0,0,0,0,0,0,0,0,0,0,0,0,0,0,0
1686394535,0,1,0,0,0,0,0,0,0,0,0,0,0,0,0,0,0
1686394541,0,1,0,0,0,0,0,0,0,0,0,0,0,0,0,0,0
1686394547,0,1,0,0,0,0,0,0,0,0,0,0,0,0,0,0,0
1686394553,0,1,0,0,0,0,0,0,0,0,0,0,0,0,0,0,0
1686394559,0,1,0,0,0,0,0,0,0,0,0,0,0,0,0,0,0
1686394565,0,1,0,0,0,0,0,0,0,0,0,0,0,0,0,0,0
1686394571,0,1,0,0,0,0,0,0,0,0,0,0,0,0,0,0,0
1686394577,0,1,0,0,0,0,0,0,0,0,0,0,0,0,0,0,0
1686394583,0,1,0,0,0,0,0,0,0,0,0,0,0,0,0,0,0
1686394589,0,1,0,0,0,0,0,0,0,0,0,0,0,0,0,0,0
1686394595,0,1,0,0,0,0,0,0,0,0,0,0,0,0,0,0,0
1686394601,0,1,0,0,0,0,0,0,0,0,0,0,0,0,0,0,0
1686394607,0,1,0,0,0,0,0,0,0,0,0,0,0,0,0,0,0
1686394613,0,1,0,0,0,0,0,0,0,0,0,0,0,0,0,0,0
1686394619,0,1,0,0,0,0,0,0,0,0,0,0,0,0,0,0,0
1686394625,0,1,0,0,0,0,0,0,0,0,0,0,0,0,0,0,0
1686394631,0,1,0,0,0,0,0,0,0,0,0,0,0,0,0,0,0
1686394637,0,1,0,0,0,0,0,0,0,0,0,0,0,0,0,0,0
1686394643,0,1,0,0,0,0,0,0,0,0,0,0,0,0,0,0,0
1686394649,0,1,0,0,0,0,0,0,0,0,0,0,0,0,0,0,0
1686394655,0,1,0,0,0,0,0,0,0,0,0,0,0,0,0,0,0
1686394661,0,1,0,0,0,0,0,0,0,0,0,0,0,0,0,0,0
1686394667,0,1,0,0,0,0,0,0,0,0,0,0,0,0,0,0,0
1686394673,0,1,0,0,0,0,0,0,0,0,0,0,0,0,0,0,0
1686394679,0,1,0,0,0,0,0,0,0,0,0,0,0,0,0,0,0
1686394685,0,1,0,0,0,0,0,0,0,0,0,0,0,0,0,0,0
1686394691,0,1,0,0,0,0,0,0,0,0,0,0,0,0,0,0,0
1686394697,0,1,0,0,0,0,0,0,0,0,0,0,0,0,0,0,0
1686394703,0,1,0,0,0,0,0,0,0,0,0,0,0,0,0,0,0
1686394709,0,1,0,0,0,0,0,0,0,0,0,0,0,0,0,0,0
1686394715,0,1,0,0,0,0,0,0,0,0,0,0,0,0,0,0,0
1686394721,0,1,0,0,0,0,0,0,0,0,0,0,0,0,0,0,0
1686394727,0,1,0,0,0,0,0,0,0,0,0,0,0,0,0,0,0
1686394733,0,1,0,0,0,0,0,0,0,0,0,0,0,0,0,0,0
1686394739,0,1,0,0,0,0,0,0,0,0,0,0,0,0,0,0,0
1686394745,0,1,0,0,0,0,0,0,0,0,0,0,0,0,0,0,0
1686394751,0,1,0,0,0,0,0,0,0,0,0,0,0,0,0,0,0
1686394757,0,1,0,0,0,0,0,0,0,0,0,0,0,0,0,0,0
1686394763,0,1,0,0,0,0,0,0,0,0,0,0,0,0,0,0,0
1686394769,0,1,0,0,0,0,0,0,0,0,0,0,0,0,0,0,0
1686394775,0,1,0,0,0,0,0,0,0,0,0,0,0,0,0,0,0
1686394781,0,1,0,0,0,0,0,0,0,0,0,0,0,0,0,0,0
1686394787,0,1,0,0,0,0,0,0,0,0,0,0,0,0,0,0,0
1686394793,0,1,0,0,0,0,0,0,0,0,0,0,0,0,0,0,0
1686394799,0,1,0,0,0,0,0,0,0,0,0,0,0,0,0,0,0
