Timestamp,Amber,White,On,Override,Intensity,AS00,AS01,AS02,AS03,AS04,AS05,AS06,AS07,AS08,AS09,AS10,AS11
1686520805,0,1,0,0,1,30,33,41,53,720,808,64,63,66,70,719,810
1686520811,0,1,0,0,1,31,34,43,53,728,820,64,64,66,70,729,822
1686520817,0,1,0,0,1,31,33,42,53,733,826,65,64,66,70,733,826
1686520823,0,1,0,0,1,32,34,42,54,735,828,65,64,66,71,734,826
1686520829,0,1,0,0,1,30,33,41,53,725,818,64,63,66,69,726,818
1686520835,0,1,0,0,1,31,34,42,53,736,830,65,64,66,71,736,830
1686520841,0,1,0,0,1,31,34,42,54,739,836,65,64,66,70,739,836
1686520847,0,1,0,0,1,31,34,42,54,739,834,65,64,67,71,739,834
1686520853,0,1,0,0,1,31,34,42,54,737,832,65,64,67,70,737,834
1686520859,0,1,0,0,1,31,34,42,53,735,832,65,64,66,70,735,832
1686520865,0,1,0,0,1,31,34,42,53,740,836,65,64,66,71,741,838
1686520871,0,1,0,0,1,31,34,42,54,735,832,65,64,66,70,736,834
1686520877,0,1,0,0,1,31,33,42,54,738,834,65,64,66,71,738,836
1686520883,0,1,0,0,1,32,34,42,54,740,836,65,64,67,71,739,836
1686520889,0,1,0,0,1,31,34,42,54,738,834,64,65,66,71,739,834
1686520895,0,1,0,0,1,31,34,42,54,741,840,65,64,67,71,742,840
1686520901,0,1,0,0,1,32,34,42,54,742,840,65,64,67,71,743,840
1686520907,0,1,0,0,1,32,33,42,54,739,836,65,64,67,71,739,838
1686520913,0,1,0,0,1,31,34,42,53,736,834,65,64,66,70,736,832
1686520919,0,1,0,0,1,31,34,42,54,736,830,65,64,66,70,735,832
1686520925,0,1,0,0,1,31,34,42,54,740,836,65,64,66,71,739,838
1686520931,0,1,0,0,1,31,34,42,53,738,834,65,64,66,71,738,836
1686520937,0,1,0,0,1,31,34,42,53,728,822,64,63,65,70,730,826
1686520943,0,1,0,0,1,31,34,43,54,737,832,65,64,66,71,737,832
1686520949,0,1,0,0,1,31,34,42,54,740,836,65,64,66,71,740,836
1686520955,0,1,0,0,1,31,34,42,54,740,836,65,64,66,71,740,834
1686520961,0,1,0,0,1,31,34,42,54,736,834,65,64,66,70,737,832
1686520967,0,1,0,0,1,31,34,41,53,729,824,64,63,66,71,731,826
1686520973,0,1,0,0,1,31,34,42,53,730,822,64,64,66,70,731,824
1686520979,0,1,0,0,1,31,33,41,53,728,821,64,63,66,70,728,822
1686520985,0,1,0,0,1,31,34,42,54,732,826,65,64,66,71,734,828
1686520991,0,1,0,0,1,31,33,42,53,723,816,64,63,65,70,724,816
1686520997,0,1,0,0,1,31,33,42,54,729,820,65,64,66,71,728,818
1686521003,0,1,0,0,1,31,34,42,54,733,828,65,64,65,71,733,828
1686521009,0,1,0,0,1,31,34,42,53,737,832,65,64,66,71,738,834
1686521015,0,1,0,0,1,31,33,42,53,731,826,64,63,66,70,730,826
1686521021,0,1,0,0,1,31,33,42,54,731,824,65,64,66,70,730,822
1686521027,0,1,0,0,1,31,34,42,54,734,828,65,64,66,70,733,828
1686521033,0,1,0,0,1,30,33,41,53,716,804,64,63,66,70,717,806
1686521039,0,1,0,0,1,31,33,42,53,723,814,64,63,66,70,725,818
1686521045,0,1,0,0,1,31,33,42,53,730,822,65,64,66,71,730,822
1686521051,0,1,0,0,1,31,33,42,53,730,822,64,64,65,70,728,822
1686521057,0,1,0,0,1,30,32,42,53,721,812,64,64,66,69,722,812
1686521063,0,1,0,0,1,31,33,41,52,723,814,63,63,65,70,725,818
1686521069,0,1,0,0,1,31,33,42,53,730,822,64,64,66,70,729,822
1686521075,0,1,0,0,1,30,33,42,53,714,804,63,62,64,69,713,804
1686521081,0,1,0,0,1,31,33,41,53,729,824,64,63,66,70,729,824
1686521087,0,1,0,0,1,31,33,42,53,730,824,65,64,66,71,729,824
1686521093,0,1,0,0,1,31,34,42,54,736,830,65,64,66,71,736,830
1686521099,0,1,0,0,1,31,33,42,53,733,828,65,63,66,71,734,828
1686521105,0,1,0,0,1,31,34,42,54,735,830,65,64,66,71,736,832
1686521111,0,1,0,0,1,31,34,42,53,737,832,65,64,67,71,738,832
1686521117,0,1,0,0,1,31,34,42,54,733,828,65,64,66,70,733,828
1686521123,0,1,0,0,1,31,34,42,53,732,825,65,63,66,70,730,824
1686521129,0,1,0,0,1,30,34,41,52,717,810,63,63,65,69,714,806
1686521135,0,1,0,0,1,31,33,42,53,729,822,64,64,66,71,730,824
1686521141,0,1,0,0,1,31,33,42,53,728,822,64,63,65,70,726,820
1686521147,0,1,0,0,1,31,33,41,53,724,816,64,63,65,70,726,818
1686521153,0,1,0,0,1,31,33,42,53,729,824,64,64,66,70,731,822
1686521159,0,1,0,0,1,31,34,42,54,732,826,64,64,66,70,731,824
1686521165,0,1,0,0,1,31,33,42,53,732,826,64,63,66,70,732,826
1686521171,0,1,0,0,1,31,33,42,53,729,822,65,64,66,70,729,822
1686521177,0,1,0,0,1,31,33,41,53,724,816,64,63,66,71,724,816
1686521183,0,1,0,0,1,31,33,42,53,722,814,64,63,65,70,723,814
1686521189,0,1,0,0,1,31,33,41,53,720,808,64,63,65,70,719,808
1686521195,0,1,0,0,1,31,33,42,53,725,816,64,63,66,70,726,818
1686521201,0,1,0,0,1,31,33,42,54,729,822,65,64,66,71,731,822
1686521207,0,1,0,0,1,31,33,42,53,728,820,64,63,66,71,728,820
1686521213,0,1,0,0,1,31,34,42,53,733,824,65,64,66,70,733,826
1686521219,0,1,0,0,1,31,33,42,54,734,828,64,64,66,71,734,830
1686521225,0,1,0,0,1,31,34,42,54,735,830,65,64,66,71,734,830
1686521231,0,1,0,0,1,31,33,42,53,734,830,65,64,66,71,734,830
1686521237,0,1,0,0,1,31,33,42,53,731,826,65,64,66,71,731,826
1686521243,0,1,0,0,1,31,33,42,53,730,824,64,64,66,70,730,826
1686521249,0,1,0,0,1,31,33,41,53,732,826,65,64,66,70,732,826
1686521255,0,1,0,0,1,31,33,42,53,733,828,64,64,66,70,733,826
1686521261,0,1,0,0,1,31,34,42,53,735,830,65,65,66,71,735,830
1686521267,0,1,0,0,1,31,34,42,53,733,828,65,64,66,70,733,828
1686521273,0,1,0,0,1,31,34,42,54,734,828,65,64,66,70,733,828
1686521279,0,1,0,0,1,31,33,42,54,730,824,64,63,66,70,728,822
1686521285,0,1,0,0,1,31,33,41,53,726,820,64,63,66,70,726,818
1686521291,0,1,0,0,1,31,33,41,52,722,814,64,63,65,70,721,814
1686521297,0,1,0,0,1,31,33,42,53,722,813,64,63,66,70,721,812
1686521303,0,1,0,0,1,31,33,41,52,719,810,64,63,66,70,722,812
1686521309,0,1,0,0,1,31,33,41,53,725,816,64,64,66,70,724,816
1686521315,0,1,0,0,1,30,33,42,52,719,810,63,63,65,70,719,810
1686521321,0,1,0,0,1,31,33,42,53,722,814,64,63,66,70,723,814
1686521327,0,1,0,0,1,31,34,42,53,727,814,65,63,66,71,726,816
1686521333,0,1,0,0,1,31,34,42,53,730,822,64,64,66,70,731,824
1686521339,0,1,0,0,1,31,33,42,53,725,818,64,63,65,70,725,820
1686521345,0,1,0,0,1,30,33,41,52,716,808,63,64,65,70,717,808
1686521351,0,1,0,0,1,30,33,41,53,722,812,63,63,65,70,722,812
1686521357,0,1,0,0,1,30,33,41,53,716,806,63,62,65,69,717,806
1686521363,0,1,0,0,1,30,33,41,53,724,816,64,63,65,70,723,816
1686521369,0,1,0,0,1,31,33,41,52,718,810,64,63,65,70,722,816
1686521375,0,1,0,0,1,31,33,41,52,720,812,64,63,66,70,719,810
1686521381,0,1,0,0,1,31,33,41,54,728,820,64,63,66,70,727,820
1686521387,0,1,0,0,1,31,33,41,53,723,814,64,63,65,70,723,814
1686521393,0,1,0,0,1,31,33,41,53,727,818,64,63,66,70,726,818
1686521399,0,1,0,0,1,31,33,41,53,726,816,64,63,66,71,726,816
1686521405,0,1,0,0,1,30,33,41,53,718,810,64,63,65,69,719,810
1686521411,0,1,0,0,1,31,33,41,53,722,814,64,63,66,70,723,812
1686521417,0,1,0,0,1,31,33,41,53,725,818,64,63,66,69,725,816
1686521423,0,1,0,0,1,31,33,42,53,725,816,64,63,65,70,726,818
1686521429,0,1,0,0,1,30,33,41,52,720,812,63,63,66,70,719,810
1686521435,0,1,0,0,1,31,33,41,53,724,816,64,63,65,70,724,816
1686521441,0,1,0,0,1,31,33,41,53,727,820,64,63,66,70,727,818
1686521447,0,1,0,0,1,31,33,41,52,721,814,64,63,65,70,722,814
1686521453,0,1,0,0,1,30,34,41,52,714,804,63,63,65,69,717,806
1686521459,0,1,0,0,1,31,33,41,52,717,806,64,63,65,70,718,806
1686521465,0,1,0,0,1,31,33,41,53,725,818,64,63,66,70,725,816
1686521471,0,1,0,0,1,31,33,41,53,729,818,65,63,67,71,729,820
1686521477,0,1,0,0,1,31,33,42,52,721,810,64,63,66,70,723,812
1686521483,0,1,0,0,1,31,33,42,53,726,818,64,64,66,70,727,818
1686521489,0,1,0,0,1,31,34,41,53,725,818,64,63,66,70,726,818
1686521495,0,1,0,0,1,31,33,42,54,722,810,64,63,66,71,722,810
1686521501,0,1,0,0,1,31,33,42,53,721,812,64,63,66,70,724,814
1686521507,0,1,0,0,1,31,33,42,53,724,814,64,63,66,70,724,814
1686521513,0,1,0,0,1,31,33,42,53,724,812,64,63,66,71,723,814
1686521519,0,1,0,0,1,31,33,41,53,724,812,64,63,66,70,723,812
1686521525,0,1,0,0,1,31,33,41,53,727,816,65,64,66,71,726,816
1686521531,0,1,0,0,1,31,33,41,53,728,820,64,64,66,71,728,818
1686521537,0,1,0,0,1,31,33,42,53,726,818,64,63,65,70,726,818
1686521543,0,1,0,0,1,31,33,41,52,722,812,64,63,65,70,721,812
1686521549,0,1,0,0,1,31,33,41,53,725,816,64,63,66,70,725,816
1686521555,0,1,0,0,1,31,33,42,53,726,818,64,64,65,70,726,816
1686521561,0,1,0,0,1,31,34,42,53,728,818,64,63,66,70,727,818
1686521567,0,1,0,0,1,31,33,42,54,727,818,64,63,65,70,726,818
1686521573,0,1,0,0,1,31,33,41,53,725,818,64,63,66,70,725,818
1686521579,0,1,0,0,1,31,33,41,53,722,814,64,62,65,70,722,814
1686521585,0,1,0,0,1,31,33,42,53,721,812,64,63,65,70,720,810
1686521591,0,1,0,0,1,31,33,41,52,720,810,63,63,65,69,719,808
1686521597,0,1,0,0,1,31,33,41,53,721,812,64,63,65,70,720,812
1686521603,0,1,0,0,1,31,33,41,53,721,812,64,63,65,69,721,810
1686521609,0,1,0,0,1,31,33,42,53,725,816,65,63,66,71,725,816
1686521615,0,1,0,0,1,30,33,42,53,723,814,64,63,66,70,723,814
1686521621,0,1,0,0,1,31,33,42,53,722,812,64,63,66,70,722,810
1686521627,0,1,0,0,1,31,33,42,53,723,812,64,64,66,71,724,812
1686521633,0,1,0,0,1,31,33,41,53,725,814,64,63,66,70,725,816
1686521639,0,1,0,0,1,31,33,42,53,723,812,64,63,66,71,724,812
1686521645,0,1,0,0,1,30,32,41,53,697,774,63,63,66,70,696,772
1686521651,0,1,0,0,1,30,32,40,52,698,780,63,62,65,69,696,776
1686521657,0,1,0,0,1,30,33,41,53,707,792,63,62,65,70,707,792
1686521663,0,1,0,0,1,31,33,41,53,723,812,64,63,65,70,723,812
1686521669,0,1,0,0,1,31,33,41,53,724,814,64,63,65,70,723,814
1686521675,0,1,0,0,1,31,33,41,53,723,812,64,63,66,70,722,812
1686521681,0,1,0,0,1,30,33,41,53,720,810,64,62,65,70,719,808
1686521687,0,1,0,0,1,30,33,42,53,718,806,64,63,65,69,717,806
1686521693,0,1,0,0,1,30,33,41,53,718,806,64,63,65,70,718,806
1686521699,0,1,0,0,1,31,33,41,52,716,804,64,63,66,70,716,804
1686521705,0,1,0,0,1,30,32,40,52,700,784,62,61,64,68,698,782
1686521711,0,1,0,0,1,29,32,40,51,686,766,62,61,64,68,683,762
1686521717,0,1,0,0,1,29,32,40,51,687,764,63,61,64,68,689,768
1686521723,0,1,0,0,1,30,32,40,52,699,782,63,62,65,69,698,782
1686521729,0,1,0,0,1,30,33,41,53,711,792,64,63,66,71,711,792
1686521735,0,1,0,0,1,30,33,41,53,712,796,64,63,65,70,712,796
1686521741,0,1,0,0,1,30,33,41,53,711,798,64,63,65,69,710,798
1686521747,0,1,0,0,1,30,32,41,52,707,794,63,62,65,69,708,794
1686521753,0,1,0,0,1,30,33,41,52,714,800,63,62,65,70,712,800
1686521759,0,1,0,0,1,31,34,41,53,717,806,63,63,65,70,717,806
1686521765,0,1,0,0,1,31,33,42,52,718,804,64,63,66,69,717,804
1686521771,0,1,0,0,1,30,34,41,53,719,806,64,63,66,70,718,806
1686521777,0,1,0,0,1,31,34,41,52,716,802,64,62,65,70,716,802
1686521783,0,1,0,0,1,31,33,41,53,716,802,64,63,66,70,715,802
1686521789,0,1,0,0,1,31,33,41,52,716,802,64,63,65,70,716,804
1686521795,0,1,0,0,1,31,33,42,53,716,804,64,63,65,70,717,806
1686521801,0,1,0,0,1,30,33,42,53,710,794,64,64,66,70,710,794
1686521807,0,1,0,0,1,31,33,42,52,716,804,64,63,66,70,716,804
1686521813,0,1,0,0,1,31,33,41,53,719,808,64,63,66,70,720,808
1686521819,0,1,0,0,1,30,33,41,53,721,810,64,63,66,70,721,810
1686521825,0,1,0,0,1,31,33,41,52,721,810,64,63,66,70,721,810
1686521831,0,1,0,0,1,30,33,41,52,718,808,64,63,65,69,719,808
1686521837,0,1,0,0,1,30,33,41,52,710,798,63,62,65,69,710,798
1686521843,0,1,0,0,1,30,33,41,52,715,804,63,62,65,70,716,804
1686521849,0,1,0,0,1,30,34,41,52,716,804,63,63,65,70,715,804
1686521855,0,1,0,0,1,30,33,41,54,719,806,64,63,65,70,719,806
1686521861,0,1,0,0,1,31,33,41,53,721,810,64,63,66,70,721,808
1686521867,0,1,0,0,1,30,33,41,53,720,808,64,63,66,70,718,806
1686521873,0,1,0,0,1,30,33,41,53,718,806,64,63,65,70,718,806
1686521879,0,1,0,0,1,31,33,41,53,717,802,63,63,65,70,715,802
1686521885,0,1,0,0,1,31,33,41,53,713,800,63,63,65,70,713,800
1686521891,0,1,0,0,1,31,33,41,53,719,808,64,63,66,70,719,808
1686521897,0,1,0,0,1,30,33,41,53,716,804,64,62,65,70,716,804
1686521903,0,1,0,0,1,31,33,41,52,717,804,64,63,65,70,718,806
1686521909,0,1,0,0,1,31,33,41,53,719,808,63,63,65,70,720,808
1686521915,0,1,0,0,1,30,33,41,53,717,804,64,62,65,70,717,806
1686521921,0,1,0,0,1,30,33,41,52,714,802,63,62,65,69,714,802
1686521927,0,1,0,0,1,30,33,41,52,703,788,63,62,65,69,703,788
1686521933,0,1,0,0,1,30,32,41,52,710,796,63,62,65,69,710,796
1686521939,0,1,0,0,1,30,33,41,52,712,798,63,63,65,69,711,798
1686521945,0,1,0,0,1,30,33,42,53,717,802,64,63,66,70,717,802
1686521951,0,1,0,0,1,30,33,41,52,712,798,63,63,65,70,712,800
1686521957,0,1,0,0,1,30,33,41,52,705,790,63,62,65,69,706,790
1686521963,0,1,0,0,1,30,32,41,52,701,784,63,62,64,69,702,784
1686521969,0,1,0,0,1,30,33,41,52,706,792,63,62,65,69,707,794
1686521975,0,1,0,0,1,30,32,41,52,710,796,63,62,65,69,710,796
1686521981,0,1,0,0,1,30,33,41,53,714,800,64,62,65,70,714,798
1686521987,0,1,0,0,1,31,33,41,53,715,802,63,63,65,70,715,802
1686521993,0,1,0,0,1,30,33,41,53,717,804,64,63,65,70,717,804
1686521999,0,1,0,0,1,30,33,41,53,717,806,64,63,66,70,716,804
1686522005,0,1,0,0,1,30,33,41,52,716,804,64,62,65,70,716,804
1686522011,0,1,0,0,1,30,33,41,52,714,802,63,63,65,69,713,802
1686522017,0,1,0,0,1,30,33,41,52,708,792,63,62,65,69,707,792
1686522023,0,1,0,0,1,30,33,41,52,714,800,64,63,65,69,713,800
1686522029,0,1,0,0,1,30,32,41,53,713,798,63,63,65,69,713,800
1686522035,0,1,0,0,1,30,32,41,52,710,796,63,63,65,70,710,796
1686522041,0,1,0,0,1,30,33,41,52,708,790,64,63,66,70,708,790
1686522047,0,1,0,0,1,29,32,40,51,679,756,61,61,64,67,681,760
1686522053,0,1,0,0,1,30,32,40,52,701,782,63,62,65,69,701,784
1686522059,0,1,0,0,1,30,32,41,52,706,790,63,62,65,69,706,790
1686522065,0,1,0,0,1,31,33,41,52,707,792,63,62,65,69,708,792
1686522071,0,1,0,0,1,30,32,40,52,702,786,63,62,65,69,701,786
1686522077,0,1,0,0,1,30,33,41,52,712,796,64,62,65,70,711,798
1686522083,0,1,0,0,1,30,32,41,52,709,794,63,63,65,70,709,794
1686522089,0,1,0,0,1,30,33,41,52,710,794,63,64,65,69,710,796
1686522095,0,1,0,0,1,30,33,41,52,710,794,63,62,65,69,710,796
1686522101,0,1,0,0,1,30,33,41,52,711,796,64,63,66,69,710,794
1686522107,0,1,0,0,1,29,32,41,52,696,774,62,62,65,69,697,776
1686522113,0,1,0,0,1,29,32,40,51,690,766,63,62,64,69,692,768
1686522119,0,1,0,0,1,30,32,41,52,700,780,63,62,64,69,702,784
1686522125,0,1,0,0,1,30,33,40,53,706,792,63,63,65,69,707,790
1686522131,0,1,0,0,1,29,33,41,53,709,792,64,63,66,70,710,792
1686522137,0,1,0,0,1,30,32,41,52,702,786,63,62,64,69,702,786
1686522143,0,1,0,0,1,30,32,41,52,706,790,63,62,65,70,705,788
1686522149,0,1,0,0,1,30,33,41,52,707,792,63,62,65,69,707,790
1686522155,0,1,0,0,1,30,33,41,52,708,792,63,63,65,69,708,792
1686522161,0,1,0,0,1,30,33,41,52,709,794,63,63,65,70,709,794
1686522167,0,1,0,0,1,30,33,41,52,709,794,63,63,65,69,709,792
1686522173,0,1,0,0,1,30,33,41,53,708,794,63,63,65,69,708,794
1686522179,0,1,0,0,1,30,33,41,52,710,796,63,62,65,70,710,796
1686522185,0,1,0,0,1,30,32,41,52,706,792,63,62,65,69,706,792
1686522191,0,1,0,0,1,30,32,41,52,709,794,63,62,64,69,709,796
1686522197,0,1,0,0,1,30,33,41,52,710,794,63,62,64,70,709,794
1686522203,0,1,0,0,1,30,33,41,52,709,794,63,63,65,69,709,794
1686522209,0,1,0,0,1,30,32,41,52,708,794,63,63,65,69,709,794
1686522215,0,1,0,0,1,30,33,40,52,707,792,63,62,65,70,707,790
1686522221,0,1,0,0,1,30,32,41,52,706,790,63,62,65,69,705,790
1686522227,0,1,0,0,1,30,33,41,52,709,792,63,63,65,69,708,792
1686522233,0,1,0,0,1,30,32,40,52,696,778,62,62,64,69,695,778
1686522239,0,1,0,0,1,30,32,41,52,704,788,63,62,65,69,704,786
1686522245,0,1,0,0,1,30,33,41,53,705,786,63,62,65,69,704,786
1686522251,0,1,0,0,1,30,33,41,53,708,792,63,63,65,69,708,792
1686522257,0,1,0,0,1,30,33,40,52,709,792,63,62,65,70,709,794
1686522263,0,1,0,0,1,30,33,41,52,706,790,63,62,65,69,706,790
1686522269,0,1,0,0,1,29,32,41,52,705,788,63,62,65,69,704,788
1686522275,0,1,0,0,1,30,32,41,52,699,784,62,62,64,69,700,782
1686522281,0,1,0,0,1,29,32,41,52,701,786,63,62,65,69,702,786
1686522287,0,1,0,0,1,30,32,40,52,706,790,62,62,65,69,706,790
1686522293,0,1,0,0,1,30,33,41,53,708,792,63,62,65,69,708,792
1686522299,0,1,0,0,1,30,33,41,52,708,792,63,62,65,69,707,792
1686522305,0,1,0,0,1,30,32,41,52,704,788,63,62,65,69,704,788
1686522311,0,1,0,0,1,30,32,40,52,702,784,63,62,65,69,701,784
1686522317,0,1,0,0,1,30,33,41,52,707,790,63,62,65,69,707,790
1686522323,0,1,0,0,1,30,33,41,53,707,790,63,64,65,70,708,792
1686522329,0,1,0,0,1,30,33,41,52,706,792,63,62,65,69,707,792
1686522335,0,1,0,0,1,30,33,40,52,706,790,63,62,65,69,706,790
1686522341,0,1,0,0,1,30,33,41,52,706,790,63,62,65,69,706,790
1686522347,0,1,0,0,1,30,33,41,52,704,788,63,62,65,69,705,790
1686522353,0,1,0,0,1,30,33,41,52,709,794,63,62,65,70,709,794
1686522359,0,1,0,0,1,30,32,40,52,708,792,63,62,65,69,707,792
1686522365,0,1,0,0,1,30,32,41,52,707,790,63,62,65,69,706,790
1686522371,0,1,0,0,1,30,32,41,52,705,788,63,62,65,70,705,788
1686522377,0,1,0,0,1,30,32,41,53,707,790,63,62,66,70,707,788
1686522383,0,1,0,0,1,29,33,41,52,704,786,62,62,65,69,704,788
1686522389,0,1,0,0,1,30,32,41,52,706,790,63,62,65,70,705,790
1686522395,0,1,0,0,1,30,32,41,52,706,790,63,62,65,70,707,790
1686522401,0,1,0,0,1,30,33,41,52,706,790,63,62,64,69,706,790
1686522407,0,1,0,0,1,30,32,40,52,706,790,63,62,65,69,706,790
1686522413,0,1,0,0,1,30,33,40,52,705,790,63,62,65,68,704,790
1686522419,0,1,0,0,1,30,32,41,52,703,788,62,62,65,69,703,788
1686522425,0,1,0,0,1,30,32,41,52,703,786,63,62,64,69,704,788
1686522431,0,1,0,0,1,30,32,40,52,703,788,62,62,65,69,703,788
1686522437,0,1,0,0,1,30,32,40,51,704,788,63,62,65,69,704,788
1686522443,0,1,0,0,1,30,32,41,52,703,788,62,62,64,68,704,788
1686522449,0,1,0,0,1,30,33,41,52,701,784,63,62,64,69,701,784
1686522455,0,1,0,0,1,30,32,40,52,701,784,63,62,65,69,701,784
1686522461,0,1,0,0,1,30,32,40,52,703,786,63,62,64,69,703,788
1686522467,0,1,0,0,1,30,32,40,52,704,788,63,62,65,69,704,788
1686522473,0,1,0,0,1,30,32,40,52,706,788,63,62,65,69,705,788
1686522479,0,1,0,0,1,30,33,42,52,707,788,64,63,65,69,706,788
1686522485,0,1,0,0,1,30,32,41,52,705,786,63,62,65,69,705,786
1686522491,0,1,0,0,1,30,32,41,52,704,786,63,62,65,69,703,786
1686522497,0,1,0,0,1,30,33,41,52,705,790,63,63,65,69,705,788
1686522503,0,1,0,0,1,30,32,41,52,703,787,62,62,65,69,703,788
1686522509,0,1,0,0,1,30,32,40,52,702,786,63,62,64,69,702,786
1686522515,0,1,0,0,1,30,33,40,52,702,786,63,61,65,69,702,786
1686522521,0,1,0,0,1,30,32,40,52,697,780,63,61,64,69,699,782
1686522527,0,1,0,0,1,29,32,40,52,700,782,63,62,64,69,699,782
1686522533,0,1,0,0,1,30,32,40,52,702,784,62,61,65,69,702,786
1686522539,0,1,0,0,1,30,32,41,51,697,780,62,61,65,68,696,778
1686522545,0,1,0,0,1,30,32,40,51,693,774,62,61,64,68,691,772
1686522551,0,1,0,0,1,29,32,40,51,692,774,62,61,64,68,693,774
1686522557,0,1,0,0,1,30,32,41,51,696,778,62,62,64,69,695,776
1686522563,0,1,0,0,1,30,32,40,51,691,772,62,61,64,68,691,772
1686522569,0,1,0,0,1,29,32,40,52,692,772,62,61,64,68,692,772
1686522575,0,1,0,0,1,30,32,40,52,698,780,62,62,64,69,698,780
1686522581,0,1,0,0,1,30,32,41,52,701,784,62,62,65,69,701,782
1686522587,0,1,0,0,1,29,32,41,52,699,780,62,61,64,69,698,780
1686522593,0,1,0,0,1,30,32,40,51,700,782,62,62,64,69,699,782
1686522599,0,1,0,0,1,30,32,40,52,700,782,62,61,64,69,700,782
1686522605,0,1,0,0,1,29,32,41,52,698,780,63,63,64,69,698,780
1686522611,0,1,0,0,1,29,32,40,51,695,778,62,62,64,68,695,778
1686522617,0,1,0,0,1,30,32,41,52,698,778,63,62,64,69,699,780
1686522623,0,1,0,0,1,29,32,40,51,681,760,61,61,63,67,680,758
1686522629,0,1,0,0,1,29,32,40,50,681,758,61,60,63,67,678,754
1686522635,0,1,0,0,1,29,32,39,51,689,768,62,61,64,68,689,768
1686522641,0,1,0,0,1,29,32,40,51,691,772,61,62,64,68,692,772
1686522647,0,1,0,0,1,29,32,41,51,693,774,62,62,65,69,694,774
1686522653,0,1,0,0,1,29,32,40,52,691,770,62,61,64,69,690,768
1686522659,0,1,0,0,1,29,32,41,52,694,772,63,61,64,69,695,774
1686522665,0,1,0,0,1,29,32,40,52,694,776,63,62,65,68,695,774
1686522671,0,1,0,0,1,30,32,40,51,692,772,62,61,64,69,692,770
1686522677,0,1,0,0,1,29,31,40,51,684,764,61,61,64,67,685,764
1686522683,0,1,0,0,1,29,31,40,50,678,754,61,60,63,68,679,754
1686522689,0,1,0,0,1,30,32,40,52,690,770,61,61,64,68,688,768
1686522695,0,1,0,0,1,30,32,40,52,693,774,62,61,64,69,693,772
1686522701,0,1,0,0,1,29,31,40,51,690,766,63,61,65,69,691,766
1686522707,0,1,0,0,1,29,31,39,51,683,760,61,60,63,67,682,758
1686522713,0,1,0,0,1,29,32,40,51,689,766,61,61,65,68,687,766
1686522719,0,1,0,0,1,29,32,40,51,684,762,62,61,64,67,683,760
1686522725,0,1,0,0,1,29,31,40,50,674,750,60,61,63,67,673,746
1686522731,0,1,0,0,1,29,31,39,51,674,748,61,60,63,67,676,750
1686522737,0,1,0,0,1,29,32,40,51,688,764,62,61,64,68,688,766
1686522743,0,1,0,0,1,29,32,41,52,693,770,63,62,64,70,693,768
1686522749,0,1,0,0,1,29,33,40,52,690,766,62,61,65,69,690,766
1686522755,0,1,0,0,1,29,32,40,51,688,764,62,61,64,68,688,766
1686522761,0,1,0,0,1,29,32,41,52,691,768,63,61,65,69,690,768
1686522767,0,1,0,0,1,29,32,40,52,686,762,62,61,64,68,687,764
1686522773,0,1,0,0,1,29,32,40,52,690,768,61,62,64,68,689,768
1686522779,0,1,0,0,1,29,32,40,51,683,760,62,61,64,68,683,760
1686522785,0,1,0,0,1,29,32,40,51,689,768,62,61,64,68,688,766
1686522791,0,1,0,0,1,29,32,40,52,689,766,62,62,64,68,690,768
1686522797,0,1,0,0,1,28,31,39,50,674,748,61,60,63,67,674,748
1686522803,0,1,0,0,1,29,32,40,51,682,756,62,61,65,69,684,758
1686522809,0,1,0,0,1,29,32,40,51,682,758,61,61,64,68,681,756
1686522815,0,1,0,0,1,29,31,40,51,686,764,62,61,64,68,687,764
1686522821,0,1,0,0,1,29,31,40,51,682,758,61,61,64,68,681,756
1686522827,0,1,0,0,1,29,31,40,51,688,764,62,61,64,69,687,764
1686522833,0,1,0,0,1,29,31,39,50,674,748,61,61,63,67,675,750
1686522839,0,1,0,0,1,29,32,40,51,688,766,62,61,64,68,688,766
1686522845,0,1,0,0,1,29,31,40,51,689,768,62,61,63,68,690,769
1686522851,0,1,0,0,1,30,32,40,52,694,774,62,61,65,68,694,772
1686522857,0,1,0,0,1,30,32,41,52,694,772,62,61,64,68,694,774
1686522863,0,1,0,0,1,29,32,40,51,690,770,62,61,64,68,690,768
1686522869,0,1,0,0,1,29,32,40,51,688,768,61,61,64,68,689,768
1686522875,0,1,0,0,1,30,32,40,51,693,772,62,61,64,69,692,772
1686522881,0,1,0,0,1,30,32,40,51,690,768,62,63,64,68,690,766
1686522887,0,1,0,0,1,29,31,40,51,686,764,61,60,64,67,683,762
1686522893,0,1,0,0,1,29,31,40,50,680,756,61,60,64,68,679,756
1686522899,0,1,0,0,1,29,32,40,50,684,760,62,60,64,68,684,762
1686522905,0,1,0,0,1,30,32,41,52,695,772,62,62,65,69,696,772
1686522911,0,1,0,0,1,29,31,40,52,686,756,62,62,65,68,685,756
1686522917,0,1,0,0,1,28,30,39,50,650,714,60,59,63,67,650,714
1686522923,0,1,0,0,1,28,31,39,50,661,728,60,60,63,67,664,732
1686522929,0,1,0,0,1,28,31,39,51,670,742,61,60,63,67,671,744
1686522935,0,1,0,0,1,29,31,39,50,670,742,61,60,63,67,669,740
1686522941,0,1,0,0,1,29,31,39,51,673,744,62,61,64,69,677,748
1686522947,0,1,0,0,1,28,31,39,50,671,744,61,60,63,68,673,746
1686522953,0,1,0,0,1,29,31,40,50,680,758,62,61,63,68,681,756
1686522959,0,1,0,0,1,29,31,39,51,683,760,62,61,63,68,683,760
1686522965,0,1,0,0,1,28,31,39,50,663,734,60,60,63,67,660,732
1686522971,0,1,0,0,1,29,31,39,51,670,740,61,60,64,68,670,740
1686522977,0,1,0,0,1,29,31,39,51,677,752,61,61,64,67,677,752
1686522983,0,1,0,0,1,29,31,40,50,673,748,61,60,63,67,675,750
1686522989,0,1,0,0,1,29,32,40,51,686,762,61,61,64,68,684,760
1686522995,0,1,0,0,1,29,31,40,50,678,754,61,60,63,68,678,754
1686523001,0,1,0,0,1,28,32,40,51,676,748,62,61,64,68,677,750
1686523007,0,1,0,0,1,29,31,40,51,681,756,62,61,64,67,682,756
1686523013,0,1,0,0,1,29,31,40,51,679,754,61,60,63,68,679,754
1686523019,0,1,0,0,1,29,31,39,51,684,760,62,61,64,68,683,758
1686523025,0,1,0,0,1,29,32,40,51,685,760,61,61,64,68,684,760
1686523031,0,1,0,0,1,29,31,40,51,685,762,62,61,64,68,684,762
1686523037,0,1,0,0,1,29,32,40,51,689,766,62,61,65,68,689,766
1686523043,0,1,0,0,1,29,33,40,51,687,764,61,61,64,68,685,764
1686523049,0,1,0,0,1,29,32,40,51,686,762,61,61,64,68,686,764
1686523055,0,1,0,0,1,29,32,40,51,683,760,61,61,64,67,682,758
1686523061,0,1,0,0,1,29,31,39,51,683,762,61,61,64,68,683,760
1686523067,0,1,0,0,1,29,31,40,51,682,758,61,61,63,68,683,758
1686523073,0,1,0,0,1,29,32,40,51,691,768,63,61,65,69,692,768
1686523079,0,1,0,0,1,29,32,40,51,689,768,61,61,64,68,689,766
1686523085,0,1,0,0,1,29,32,40,51,686,762,62,62,64,68,686,766
1686523091,0,1,0,0,1,29,32,40,51,685,764,62,62,64,67,685,762
1686523097,0,1,0,0,1,29,31,40,50,675,750,61,60,63,67,675,752
1686523103,0,1,0,0,1,29,32,40,50,680,756,62,60,63,67,680,756
1686523109,0,1,0,0,1,29,32,40,51,681,758,62,61,64,68,682,756
1686523115,0,1,0,0,1,29,31,40,51,682,758,61,61,63,67,681,756
1686523121,0,1,0,0,1,29,31,40,51,677,752,61,60,63,67,676,750
1686523127,0,1,0,0,1,28,31,39,51,678,754,61,60,63,68,678,752
1686523133,0,1,0,0,1,27,30,38,49,650,716,59,59,62,66,651,720
1686523139,0,1,0,0,1,29,31,40,51,673,746,60,60,63,68,672,746
1686523145,0,1,0,0,1,28,30,39,50,653,720,60,59,63,67,657,726
1686523151,0,1,0,0,1,28,31,40,50,671,742,61,60,63,68,674,746
1686523157,0,1,0,0,1,29,31,39,50,676,750,61,60,63,67,675,750
1686523163,0,1,0,0,1,28,31,40,51,683,758,62,61,64,68,683,758
1686523169,0,1,0,0,1,29,32,40,51,680,754,61,60,64,68,679,754
1686523175,0,1,0,0,1,29,31,40,50,675,750,61,60,63,68,676,748
1686523181,0,1,0,0,1,29,32,39,51,682,758,62,61,64,68,682,758
1686523187,0,1,0,0,1,29,32,40,51,683,758,62,61,64,68,682,758
1686523193,0,1,0,0,1,28,32,39,50,674,748,61,60,63,68,674,748
1686523199,0,1,0,0,1,29,31,39,50,678,754,61,60,64,67,678,752
1686523205,0,1,0,0,1,28,31,39,50,677,752,61,60,63,67,675,750
1686523211,0,1,0,0,1,28,31,39,50,668,740,60,60,62,67,669,742
1686523217,0,1,0,0,1,28,32,40,50,673,746,61,60,63,68,675,748
1686523223,0,1,0,0,1,29,31,39,50,675,748,60,60,63,67,674,748
1686523229,0,1,0,0,1,29,31,39,50,679,754,61,60,63,68,679,756
1686523235,0,1,0,0,1,28,31,39,50,671,746,61,60,63,67,671,744
1686523241,0,1,0,0,1,28,31,39,51,672,746,61,60,63,67,673,746
1686523247,0,1,0,0,1,29,31,40,51,679,754,61,60,64,68,680,754
1686523253,0,1,0,0,1,29,31,40,50,680,756,61,61,64,68,680,754
1686523259,0,1,0,0,1,29,31,39,50,673,746,60,60,63,67,672,746
1686523265,0,1,0,0,1,28,32,39,50,672,746,61,60,63,67,673,748
1686523271,0,1,0,0,1,28,31,40,50,678,754,61,61,64,67,679,755
1686523277,0,1,0,0,1,29,31,40,51,679,756,61,61,64,67,679,754
1686523283,0,1,0,0,1,29,32,40,51,678,752,61,60,63,68,678,752
1686523289,0,1,0,0,1,28,32,39,50,674,748,61,60,64,67,674,748
1686523295,0,1,0,0,1,28,31,39,50,677,750,61,61,63,68,676,748
1686523301,0,1,0,0,1,29,32,40,51,681,754,61,61,64,68,680,754
1686523307,0,1,0,0,1,29,32,40,51,680,754,61,61,64,68,680,754
1686523313,0,1,0,0,1,29,31,40,51,675,746,62,60,64,68,676,746
1686523319,0,1,0,0,1,29,32,40,51,682,756,62,61,64,69,682,754
1686523325,0,1,0,0,1,29,31,40,51,680,752,61,60,64,68,680,752
1686523331,0,1,0,0,1,29,32,40,51,677,752,62,60,63,67,677,750
1686523337,0,1,0,0,1,29,31,40,51,679,752,61,61,64,68,680,752
1686523343,0,1,0,0,1,29,31,40,50,679,752,61,60,64,68,679,752
1686523349,0,1,0,0,1,29,32,40,51,683,754,62,61,65,69,682,754
1686523355,0,1,0,0,1,29,32,40,51,683,758,62,61,64,69,683,758
1686523361,0,1,0,0,1,29,31,40,51,682,756,62,61,64,68,682,756
1686523367,0,1,0,0,1,29,31,39,50,678,752,61,60,63,67,677,752
1686523373,0,1,0,0,1,29,33,40,51,680,752,61,61,64,68,680,752
1686523379,0,1,0,0,1,29,32,40,51,682,756,62,61,64,69,684,758
1686523385,0,1,0,0,1,29,32,40,51,682,756,62,61,64,69,681,754
1686523391,0,1,0,0,1,29,32,40,51,678,748,61,61,64,68,676,746
1686523397,0,1,0,0,1,29,31,39,51,678,752,61,61,64,68,679,752
1686523403,0,1,0,0,1,29,31,39,50,672,744,61,60,64,67,672,744
1686523409,0,1,0,0,1,29,32,40,51,677,750,62,60,64,68,677,748
1686523415,0,1,0,0,1,28,30,39,51,675,746,61,60,63,68,673,746
1686523421,0,1,0,0,1,29,31,39,50,671,744,60,60,63,67,671,742
1686523427,0,1,0,0,1,28,31,39,50,656,724,60,59,62,66,653,720
1686523433,0,1,0,0,1,28,31,39,50,663,732,61,60,64,67,664,734
1686523439,0,1,0,0,1,29,31,40,50,673,744,61,61,63,68,673,744
1686523445,0,1,0,0,1,29,32,40,51,678,750,61,60,63,68,678,750
1686523451,0,1,0,0,1,29,32,40,51,680,750,62,61,64,68,680,752
1686523457,0,1,0,0,1,29,32,40,51,682,754,62,61,64,69,681,752
1686523463,0,1,0,0,1,29,31,40,51,677,750,61,60,64,68,675,748
1686523469,0,1,0,0,1,28,30,38,49,649,714,60,59,62,66,651,716
1686523475,0,1,0,0,1,28,31,40,50,657,722,60,60,64,68,659,722
1686523481,0,1,0,0,1,28,31,39,50,669,736,61,60,64,68,667,736
1686523487,0,1,0,0,1,29,32,40,51,674,744,61,60,63,68,674,744
1686523493,0,1,0,0,1,29,31,40,50,671,742,61,60,63,68,670,742
1686523499,0,1,0,0,1,28,31,39,51,671,742,61,60,64,68,673,744
1686523505,0,1,0,0,1,28,31,40,51,676,746,61,60,64,69,675,746
1686523511,0,1,0,0,1,28,31,40,51,676,748,61,61,64,68,676,746
1686523517,0,1,0,0,1,29,32,40,51,677,748,61,61,64,69,677,748
1686523523,0,1,0,0,1,28,31,39,51,678,750,61,61,65,68,677,750
1686523529,0,1,0,0,1,29,31,39,51,676,748,61,60,63,68,676,746
1686523535,0,1,0,0,1,29,31,39,50,674,744,61,60,64,68,674,746
1686523541,0,1,0,0,1,28,31,39,51,671,740,61,60,64,68,672,740
1686523547,0,1,0,0,1,28,31,39,50,664,734,60,60,63,67,662,732
1686523553,0,1,0,0,1,28,31,39,50,665,734,61,60,64,68,667,736
1686523559,0,1,0,0,1,28,31,39,50,675,744,61,62,64,69,674,744
1686523565,0,1,0,0,1,28,31,39,51,673,740,61,60,64,68,672,742
1686523571,0,1,0,0,1,29,31,40,51,673,742,61,60,64,68,672,742
1686523577,0,1,0,0,1,29,31,40,50,667,732,61,61,64,69,668,734
1686523583,0,1,0,0,1,28,31,39,50,661,730,61,60,63,68,661,728
1686523589,0,1,0,0,1,28,31,39,50,661,728,60,60,63,67,661,728
1686523595,0,1,0,0,1,28,31,39,50,669,738,61,60,64,68,670,738
1686523601,0,1,0,0,1,28,31,40,51,674,742,61,61,64,68,674,744
1686523607,0,1,0,0,1,29,31,40,51,677,746,62,61,65,69,678,746
1686523613,0,1,0,0,1,28,32,40,51,677,746,62,61,65,70,677,744
1686523619,0,1,0,0,1,29,32,40,51,676,744,61,61,65,69,676,744
1686523625,0,1,0,0,1,29,31,39,50,677,746,61,60,65,69,677,746
1686523631,0,1,0,0,1,28,31,39,51,673,742,61,60,64,69,674,744
1686523637,0,1,0,0,1,29,31,40,51,676,746,61,61,64,69,675,744
1686523643,0,1,0,0,1,28,31,39,50,669,738,61,60,64,69,669,738
1686523649,0,1,0,0,1,29,31,40,51,675,744,62,60,64,68,675,746
1686523655,0,1,0,0,1,29,31,40,50,673,742,61,61,65,69,673,744
1686523661,0,1,0,0,1,29,31,40,51,677,746,62,62,64,69,677,746
1686523667,0,1,0,0,1,29,32,40,50,675,744,61,61,64,69,675,744
1686523673,0,1,0,0,1,28,31,39,50,670,740,61,60,64,68,672,740
1686523679,0,1,0,0,1,29,31,40,51,675,746,61,62,64,68,675,746
1686523685,0,1,0,0,1,29,31,39,51,677,746,62,61,65,69,676,744
1686523691,0,1,0,0,1,28,31,39,50,673,742,61,61,64,68,674,744
1686523697,0,1,0,0,1,29,31,39,50,675,744,61,61,64,69,675,744
1686523703,0,1,0,0,1,28,31,39,51,673,742,61,60,64,69,673,742
1686523709,0,1,0,0,1,28,31,40,50,671,740,61,61,64,68,673,742
1686523715,0,1,0,0,1,28,31,39,50,676,744,61,61,64,69,674,744
1686523721,0,1,0,0,1,29,32,40,51,674,742,61,61,64,69,674,742
1686523727,0,1,0,0,1,29,31,40,51,678,748,61,61,65,69,678,748
1686523733,0,1,0,0,1,29,31,40,51,677,748,61,61,64,70,678,746
1686523739,0,1,0,0,1,29,31,41,50,677,746,62,61,65,68,677,746
1686523745,0,1,0,0,1,28,31,39,51,675,744,61,61,65,69,675,742
1686523751,0,1,0,0,1,28,31,40,51,673,742,61,61,64,69,673,742
1686523757,0,1,0,0,1,28,31,40,50,673,742,61,61,64,69,672,740
1686523763,0,1,0,0,1,28,32,40,50,674,740,61,61,65,69,672,740
1686523769,0,1,0,0,1,28,31,40,51,673,740,61,61,64,69,673,740
1686523775,0,1,0,0,1,28,31,39,50,662,728,61,60,63,68,663,728
1686523781,0,1,0,0,1,28,31,39,50,671,738,61,61,65,69,671,738
1686523787,0,1,0,0,1,29,31,39,51,677,744,61,61,65,69,677,744
1686523793,0,1,0,0,1,28,31,40,50,673,742,61,60,65,69,673,740
1686523799,0,1,0,0,1,28,31,40,50,667,734,61,60,64,68,667,734
1686523805,0,1,0,0,1,28,31,40,50,665,730,61,60,64,68,665,730
1686523811,0,1,0,0,1,28,31,39,50,661,726,60,61,64,69,662,726
1686523817,0,1,0,0,1,28,31,39,50,666,730,61,60,64,69,667,732
1686523823,0,1,0,0,1,29,32,41,51,676,740,62,61,65,69,675,740
1686523829,0,1,0,0,1,28,31,39,51,671,738,61,61,65,69,672,740
1686523835,0,1,0,0,1,28,31,40,50,670,736,61,61,64,69,670,736
1686523841,0,1,0,0,1,28,30,39,49,651,710,60,59,64,68,652,712
1686523847,0,1,0,0,1,27,31,38,50,652,710,60,59,64,68,653,712
1686523853,0,1,0,0,1,29,31,40,50,672,736,61,61,65,69,671,736
1686523859,0,1,0,0,1,28,31,39,50,658,722,60,60,64,68,657,720
1686523865,0,1,0,0,1,28,31,39,50,665,732,61,60,64,68,665,730
1686523871,0,1,0,0,1,28,31,39,50,666,732,61,60,64,68,665,732
1686523877,0,1,0,0,1,28,31,39,50,666,732,60,60,64,68,663,728
1686523883,0,1,0,0,1,28,30,39,50,664,728,61,60,64,69,663,728
1686523889,0,1,0,0,1,28,31,40,51,674,740,62,61,65,69,675,742
1686523895,0,1,0,0,1,29,31,39,51,674,742,62,61,64,69,674,740
1686523901,0,1,0,0,1,29,32,39,51,675,740,61,61,65,69,674,740
1686523907,0,1,0,0,1,29,31,40,51,674,738,62,61,65,70,674,738
1686523913,0,1,0,0,1,29,31,40,51,677,744,62,61,65,70,677,744
1686523919,0,1,0,0,1,29,31,40,50,676,742,61,61,64,69,676,742
1686523925,0,1,0,0,1,29,31,40,51,676,742,61,61,65,69,675,742
1686523931,0,1,0,0,1,29,31,40,51,677,742,62,61,65,69,677,742
1686523937,0,1,0,0,1,28,31,40,51,673,738,61,61,65,69,674,740
1686523943,0,1,0,0,1,29,31,40,51,673,736,62,62,66,69,673,738
1686523949,0,1,0,0,1,29,31,40,51,673,738,62,61,65,70,673,738
1686523955,0,1,0,0,1,29,31,39,51,670,734,61,60,64,69,671,736
1686523961,0,1,0,0,1,28,31,39,50,668,734,61,61,64,69,669,734
1686523967,0,1,0,0,1,29,32,39,50,669,734,62,61,65,69,670,734
1686523973,0,1,0,0,1,28,31,40,51,674,740,62,61,65,69,675,740
1686523979,0,1,0,0,1,28,31,40,50,668,732,61,61,65,69,669,732
1686523985,0,1,0,0,1,28,31,40,51,668,732,61,60,64,69,667,732
1686523991,0,1,0,0,1,29,31,39,50,665,728,61,60,64,68,664,728
1686523997,0,1,0,0,1,28,30,39,50,657,718,60,60,64,68,657,720
1686524003,0,1,0,0,1,28,32,41,51,670,734,61,61,65,69,669,734
1686524009,0,1,0,0,1,29,31,39,50,669,734,61,61,65,69,670,736
1686524015,0,1,0,0,1,28,31,39,51,667,732,61,60,64,69,668,732
1686524021,0,1,0,0,1,28,31,39,49,662,726,61,60,64,68,660,724
1686524027,0,1,0,0,1,28,31,39,50,661,724,60,59,64,68,662,726
1686524033,0,1,0,0,1,28,31,39,50,663,728,61,60,64,69,663,728
1686524039,0,1,0,0,1,28,30,38,50,651,714,60,59,63,67,651,712
1686524045,0,1,0,0,1,27,30,38,49,647,706,60,59,63,68,646,706
1686524051,0,1,0,0,1,28,31,39,50,658,722,60,60,64,69,659,722
1686524057,0,1,0,0,1,28,31,40,50,664,728,61,61,65,69,664,726
1686524063,0,1,0,0,1,28,30,39,50,651,712,60,59,64,68,654,716
1686524069,0,1,0,0,1,28,30,39,50,657,720,60,60,65,68,658,720
1686524075,0,1,0,0,1,28,30,39,49,656,718,60,59,64,68,655,716
1686524081,0,1,0,0,1,27,30,38,50,646,706,60,59,63,67,646,704
1686524087,0,1,0,0,1,28,30,38,50,651,712,60,59,64,68,652,712
1686524093,0,1,0,0,1,28,31,39,50,662,724,61,60,64,68,662,724
1686524099,0,1,0,0,1,28,31,39,50,662,726,61,60,65,68,662,724
1686524105,0,1,0,0,1,28,31,39,51,661,722,61,60,65,69,661,722
1686524111,0,1,0,0,1,28,30,39,51,660,718,61,60,65,70,661,720
1686524117,0,1,0,0,1,27,29,38,48,635,690,59,58,63,67,634,690
1686524123,0,1,0,0,1,28,31,39,51,662,722,60,61,64,69,662,724
1686524129,0,1,0,0,1,28,31,39,50,664,726,61,60,65,69,663,726
1686524135,0,1,0,0,1,28,31,40,51,667,728,61,61,65,70,666,730
1686524141,0,1,0,0,1,28,32,40,51,668,732,61,62,65,69,668,732
1686524147,0,1,0,0,1,28,31,40,51,669,732,62,61,65,70,669,730
1686524153,0,1,0,0,1,28,31,40,51,668,730,61,61,65,70,668,728
1686524159,0,1,0,0,1,27,31,39,50,661,724,61,61,64,68,662,724
1686524165,0,1,0,0,1,28,31,39,50,660,722,61,60,64,68,661,724
1686524171,0,1,0,0,1,28,30,40,50,666,728,61,60,65,69,665,728
1686524177,0,1,0,0,1,28,31,40,50,665,724,62,61,65,69,664,724
1686524183,0,1,0,0,1,28,31,38,50,648,706,60,59,63,67,648,706
1686524189,0,1,0,0,1,28,30,39,50,655,714,61,59,64,69,655,714
1686524195,0,1,0,0,1,28,30,39,50,659,719,61,60,64,69,661,722
1686524201,0,1,0,0,1,28,32,39,51,661,724,61,60,64,68,661,724
1686524207,0,1,0,0,1,28,30,39,50,660,722,60,59,64,69,660,720
1686524213,0,1,0,0,1,28,31,39,49,655,714,60,60,64,69,657,716
1686524219,0,1,0,0,1,28,31,39,50,663,726,61,60,65,69,664,726
1686524225,0,1,0,0,1,28,30,39,50,664,726,61,60,64,69,663,724
1686524231,0,1,0,0,1,28,31,40,51,666,728,62,61,65,69,668,728
1686524237,0,1,0,0,1,28,32,41,51,665,726,61,61,65,69,666,728
1686524243,0,1,0,0,1,28,31,39,50,666,728,61,60,65,69,665,728
1686524249,0,1,0,0,1,28,30,39,50,668,732,61,60,65,70,668,732
1686524255,0,1,0,0,1,29,31,39,50,668,732,61,60,65,69,668,732
1686524261,0,1,0,0,1,28,31,39,50,668,732,61,61,65,70,668,732
1686524267,0,1,0,0,1,28,31,39,50,668,732,61,61,65,69,667,732
1686524273,0,1,0,0,1,28,31,39,51,666,730,61,61,64,68,666,730
1686524279,0,1,0,0,1,28,30,39,51,665,728,61,60,65,69,664,728
1686524285,0,1,0,0,1,28,32,40,50,664,726,61,60,65,68,663,726
1686524291,0,1,0,0,1,28,31,39,50,662,724,61,60,64,69,662,724
1686524297,0,1,0,0,1,28,30,39,50,659,722,60,60,64,68,659,722
1686524303,0,1,0,0,1,28,31,39,50,661,722,61,60,65,69,661,722
1686524309,0,1,0,0,1,28,31,40,50,665,728,61,61,65,69,666,728
1686524315,0,1,0,0,1,28,31,39,50,668,730,61,61,65,69,668,732
1686524321,0,1,0,0,1,28,31,40,50,667,730,62,61,65,70,669,730
1686524327,0,1,0,0,1,28,32,39,50,662,722,61,60,65,69,662,722
1686524333,0,1,0,0,1,28,31,39,50,666,728,61,60,65,69,666,728
1686524339,0,1,0,0,1,28,31,39,50,662,724,61,60,65,69,661,724
1686524345,0,1,0,0,1,28,31,39,50,659,718,61,60,64,69,659,720
1686524351,0,1,0,0,1,28,31,39,50,658,718,61,60,64,68,658,720
1686524357,0,1,0,0,1,28,31,39,50,661,718,61,61,65,69,660,718
1686524363,0,1,0,0,1,28,31,39,51,664,722,61,61,65,69,663,724
1686524369,0,1,0,0,1,28,31,39,50,667,726,61,61,65,70,666,728
1686524375,0,1,0,0,1,28,30,39,50,661,722,61,60,65,69,661,722
1686524381,0,1,0,0,1,28,31,39,50,653,710,60,60,64,69,653,710
1686524387,0,1,0,0,1,26,29,38,48,623,676,58,58,63,67,626,678
1686524393,0,1,0,0,1,27,30,39,50,652,708,61,60,64,69,653,710
1686524399,0,1,0,0,1,28,31,39,50,654,714,61,60,64,68,654,714
