Timestamp,Amber,White,On,Override,Intensity,AS00,AS01,AS02,AS03,AS04,AS05,AS06,AS07,AS08,AS09,AS10,AS11
1686513605,0,1,0,0,1,34,36,45,58,802,918,69,69,70,75,801,918
1686513611,0,1,0,0,1,34,36,44,57,802,918,69,69,70,75,802,916
1686513617,0,1,0,0,1,34,37,44,57,802,918,69,69,70,75,803,918
1686513623,0,1,0,0,1,35,36,44,57,803,918,69,69,70,75,804,918
1686513629,0,1,0,0,1,34,37,44,58,805,920,69,69,70,75,805,920
1686513635,0,1,0,0,1,35,37,45,57,804,920,69,68,70,75,804,920
1686513641,0,1,0,0,1,34,37,45,57,803,920,69,68,70,75,803,920
1686513647,0,1,0,0,1,34,37,45,57,802,918,69,69,70,75,802,918
1686513653,0,1,0,0,1,34,36,44,57,801,918,69,68,70,75,801,918
1686513659,0,1,0,0,1,34,37,45,57,803,918,69,68,70,75,802,918
1686513665,0,1,0,0,1,34,36,45,57,798,914,68,69,70,74,799,914
1686513671,0,1,0,0,1,34,36,44,57,790,904,69,68,69,74,791,904
1686513677,0,1,0,0,1,34,37,44,57,795,908,68,68,69,74,794,908
1686513683,0,1,0,0,1,34,36,44,57,800,916,69,69,70,75,801,916
1686513689,0,1,0,0,1,34,36,44,57,800,916,69,68,70,74,800,916
1686513695,0,1,0,0,1,34,36,45,57,801,914,69,69,69,75,801,914
1686513701,0,1,0,0,1,35,37,45,58,810,924,70,69,71,76,810,922
1686513707,0,1,0,0,1,34,37,45,58,808,924,70,69,70,76,808,922
1686513713,0,1,0,0,1,34,37,45,58,804,918,69,69,71,75,804,918
1686513719,0,1,0,0,1,34,36,45,58,805,920,69,69,70,75,804,920
1686513725,0,1,0,0,1,34,36,45,57,805,922,69,69,70,75,805,922
1686513731,0,1,0,0,1,34,36,45,57,804,920,69,68,70,75,804,920
1686513737,0,1,0,0,1,34,37,45,57,802,920,70,68,70,75,802,920
1686513743,0,1,0,0,1,34,36,44,57,793,908,68,68,69,74,794,910
1686513749,0,1,0,0,1,34,36,45,57,809,924,70,69,71,76,808,924
1686513755,0,1,0,0,1,34,36,44,57,797,912,69,68,69,74,795,910
1686513761,0,1,0,0,1,34,35,43,56,782,892,68,67,69,74,787,898
1686513767,0,1,0,0,1,34,37,44,56,794,910,68,68,69,74,795,908
1686513773,0,1,0,0,1,34,37,45,57,799,912,70,69,70,76,802,914
1686513779,0,1,0,0,1,34,37,44,57,803,916,69,68,70,76,802,916
1686513785,0,1,0,0,1,34,36,45,57,803,918,69,68,70,75,802,916
1686513791,0,1,0,0,1,34,37,45,58,805,920,69,69,70,76,805,920
1686513797,0,1,0,0,1,34,37,45,57,800,916,69,68,70,75,801,914
1686513803,0,1,0,0,1,34,36,44,57,798,914,69,68,69,75,796,912
1686513809,0,1,0,0,1,34,36,44,57,799,912,69,68,70,75,799,914
1686513815,0,1,0,0,1,34,37,45,57,806,922,70,69,70,75,807,922
1686513821,0,1,0,0,1,34,36,45,57,804,920,69,69,70,76,804,920
1686513827,0,1,0,0,1,34,37,45,58,804,920,69,69,70,75,804,920
1686513833,0,1,0,0,1,35,36,45,57,803,918,69,68,69,75,802,918
1686513839,0,1,0,0,1,34,36,45,57,797,914,69,68,69,75,797,914
1686513845,0,1,0,0,1,34,37,45,57,800,918,69,68,70,75,802,918
1686513851,0,1,0,0,1,34,37,45,57,802,918,69,68,70,75,802,918
1686513857,0,1,0,0,1,34,36,45,57,803,918,69,69,69,75,804,918
1686513863,0,1,0,0,1,34,37,45,58,805,920,70,69,70,75,804,920
1686513869,0,1,0,0,1,34,36,45,57,803,920,69,69,70,75,804,920
1686513875,0,1,0,0,1,34,37,45,57,802,918,69,69,70,75,803,920
1686513881,0,1,0,0,1,35,37,45,57,805,922,69,69,70,75,805,920
1686513887,0,1,0,0,1,34,37,45,58,808,924,70,69,70,76,807,924
1686513893,0,1,0,0,1,34,36,45,57,805,920,69,69,70,75,804,920
1686513899,0,1,0,0,1,34,36,45,57,805,920,69,68,70,75,805,920
1686513905,0,1,0,0,1,34,36,45,57,802,920,69,68,70,75,803,920
1686513911,0,1,0,0,1,34,38,45,57,802,918,69,69,70,74,802,918
1686513917,0,1,0,0,1,34,36,44,57,801,918,69,69,70,75,802,918
1686513923,0,1,0,0,1,34,36,45,57,803,918,69,68,70,75,803,918
1686513929,0,1,0,0,1,34,36,45,57,801,918,69,68,70,75,801,916
1686513935,0,1,0,0,1,35,37,45,58,809,924,70,69,70,76,810,926
1686513941,0,1,0,0,1,34,37,44,57,801,918,69,69,69,76,803,918
1686513947,0,1,0,0,1,34,36,45,57,800,916,69,68,70,75,801,916
1686513953,0,1,0,0,1,34,37,45,57,802,918,69,69,70,75,801,916
1686513959,0,1,0,0,1,35,37,45,57,806,922,69,69,70,76,805,920
1686513965,0,1,0,0,1,34,36,45,57,802,918,70,68,70,75,802,918
1686513971,0,1,0,0,1,34,37,44,57,800,914,69,69,70,75,799,912
1686513977,0,1,0,0,1,34,36,45,58,804,918,69,69,70,75,804,918
1686513983,0,1,0,0,1,34,36,45,57,806,922,70,69,70,75,805,920
1686513989,0,1,0,0,1,34,36,45,58,806,922,70,69,70,75,806,924
1686513995,0,1,0,0,1,35,36,45,57,806,922,69,69,70,75,807,922
1686514001,0,1,0,0,1,34,37,45,58,806,922,70,68,70,76,806,922
1686514007,0,1,0,0,1,35,37,45,57,806,922,69,69,70,75,807,922
1686514013,0,1,0,0,1,35,36,45,57,806,924,70,69,70,76,806,922
1686514019,0,1,0,0,1,35,36,45,57,805,922,70,69,70,75,805,922
1686514025,0,1,0,0,1,35,37,45,58,806,922,70,69,70,75,807,922
1686514031,0,1,0,0,1,34,37,45,58,804,920,70,69,70,75,805,922
1686514037,0,1,0,0,1,35,36,45,57,805,922,69,69,70,75,806,922
1686514043,0,1,0,0,1,35,36,44,57,804,920,69,69,70,75,803,920
1686514049,0,1,0,0,1,34,37,45,57,803,920,68,68,70,75,803,920
1686514055,0,1,0,0,1,34,36,45,57,801,918,69,68,70,75,800,916
1686514061,0,1,0,0,1,34,36,44,56,793,908,68,67,69,74,793,908
1686514067,0,1,0,0,1,33,36,44,57,792,908,68,68,69,74,793,908
1686514073,0,1,0,0,1,34,36,44,57,797,912,69,68,69,74,799,914
1686514079,0,1,0,0,1,34,37,45,57,801,916,69,69,70,75,802,918
1686514085,0,1,0,0,1,34,36,44,57,798,912,69,68,69,75,797,912
1686514091,0,1,0,0,1,35,37,45,57,800,912,69,68,70,75,800,916
1686514097,0,1,0,0,1,34,37,44,57,804,920,69,69,70,76,804,920
1686514103,0,1,0,0,1,35,36,45,57,807,924,70,69,70,76,806,922
1686514109,0,1,0,0,1,34,36,45,57,802,918,69,68,70,75,803,918
1686514115,0,1,0,0,1,35,36,45,58,804,922,69,69,70,75,804,920
1686514121,0,1,0,0,1,34,36,45,57,804,920,69,69,70,75,803,918
1686514127,0,1,0,0,1,34,37,45,57,805,920,69,69,70,75,805,920
1686514133,0,1,0,0,1,34,37,45,58,806,920,70,69,71,76,806,920
1686514139,0,1,0,0,1,34,37,45,58,809,926,70,69,71,76,809,924
1686514145,0,1,0,0,1,35,37,45,58,808,924,70,69,70,76,807,924
1686514151,0,1,0,0,1,35,37,45,57,807,924,70,69,70,76,807,924
1686514157,0,1,0,0,1,35,37,45,58,805,922,69,68,70,75,806,922
1686514163,0,1,0,0,1,34,36,45,57,802,918,69,69,70,75,803,918
1686514169,0,1,0,0,1,34,37,45,57,805,922,69,68,70,75,804,920
1686514175,0,1,0,0,1,34,36,44,57,804,922,69,69,70,75,804,920
1686514181,0,1,0,0,1,34,37,45,58,805,922,69,68,70,75,803,922
1686514187,0,1,0,0,1,34,36,45,57,802,920,69,69,69,75,804,920
1686514193,0,1,0,0,1,34,37,45,58,804,920,69,69,70,75,803,920
1686514199,0,1,0,0,1,34,36,45,57,804,922,69,68,70,75,803,920
1686514205,0,1,0,0,1,34,37,45,58,807,922,70,69,71,75,806,924
1686514211,0,1,0,0,1,34,37,45,58,806,922,70,69,70,76,807,924
1686514217,0,1,0,0,1,34,37,45,58,807,924,70,69,70,75,806,922
1686514223,0,1,0,0,1,35,37,45,57,806,924,69,69,70,76,806,922
1686514229,0,1,0,0,1,35,37,45,57,806,924,70,69,70,76,806,924
1686514235,0,1,0,0,1,35,37,45,57,807,922,69,69,71,75,807,922
1686514241,0,1,0,0,1,34,37,45,57,805,922,69,69,71,76,805,920
1686514247,0,1,0,0,1,34,37,45,58,811,928,70,69,71,76,811,928
1686514253,0,1,0,0,1,35,37,45,57,808,924,70,69,70,75,807,924
1686514259,0,1,0,0,1,34,37,45,57,807,924,69,69,70,75,807,924
1686514265,0,1,0,0,1,34,36,45,57,806,922,70,69,71,76,807,922
1686514271,0,1,0,0,1,35,37,45,58,809,924,70,69,71,76,811,926
1686514277,0,1,0,0,1,34,37,45,58,807,924,69,69,72,76,807,922
1686514283,0,1,0,0,1,34,37,45,58,807,922,69,69,70,76,806,922
1686514289,0,1,0,0,1,34,36,45,57,806,924,70,69,70,75,807,924
1686514295,0,1,0,0,1,34,36,45,57,805,924,69,69,69,75,805,922
1686514301,0,1,0,0,1,35,36,44,57,806,922,69,69,70,76,806,922
1686514307,0,1,0,0,1,35,37,44,57,806,924,69,69,70,76,805,922
1686514313,0,1,0,0,1,34,37,45,57,806,922,69,69,70,75,804,922
1686514319,0,1,0,0,1,34,36,44,57,805,922,69,69,70,75,805,922
1686514325,0,1,0,0,1,35,36,44,57,803,922,69,69,70,75,804,920
1686514331,0,1,0,0,1,35,36,45,57,802,918,69,70,70,74,802,918
1686514337,0,1,0,0,1,35,37,45,57,805,922,69,69,70,75,804,920
1686514343,0,1,0,0,1,34,36,45,57,805,922,70,69,70,75,804,922
1686514349,0,1,0,0,1,34,37,45,57,803,920,69,69,70,75,802,920
1686514355,0,1,0,0,1,34,37,45,57,804,920,69,69,70,75,803,920
1686514361,0,1,0,0,1,34,37,45,57,804,920,69,69,70,75,803,920
1686514367,0,1,0,0,1,35,37,45,58,813,928,71,70,71,77,814,928
1686514373,0,1,0,0,1,35,37,46,58,811,926,70,69,71,76,811,926
1686514379,0,1,0,0,1,34,37,45,57,806,922,70,69,70,76,806,922
1686514385,0,1,0,0,1,35,36,45,58,805,920,70,69,71,75,805,922
1686514391,0,1,0,0,1,35,36,44,57,802,918,69,68,70,75,801,916
1686514397,0,1,0,0,1,34,37,45,57,805,920,69,69,70,76,808,922
1686514403,0,1,0,0,1,34,37,45,57,808,926,69,69,70,76,809,926
1686514409,0,1,0,0,1,34,36,44,57,801,918,69,68,70,75,801,916
1686514415,0,1,0,0,1,34,36,45,57,798,914,68,69,69,74,798,914
1686514421,0,1,0,0,1,34,36,44,57,799,916,69,68,69,75,801,916
1686514427,0,1,0,0,1,34,36,44,58,801,916,69,69,70,75,803,918
1686514433,0,1,0,0,1,34,36,44,57,801,918,69,68,70,75,801,918
1686514439,0,1,0,0,1,34,37,45,58,804,918,69,69,70,75,804,920
1686514445,0,1,0,0,1,35,37,45,58,808,924,70,69,70,75,807,924
1686514451,0,1,0,0,1,35,37,45,58,811,926,70,69,71,76,810,926
1686514457,0,1,0,0,1,34,37,45,57,805,922,70,68,70,75,804,922
1686514463,0,1,0,0,1,35,36,45,57,801,918,69,69,70,75,802,918
1686514469,0,1,0,0,1,34,36,44,57,803,920,69,68,69,75,803,920
1686514475,0,1,0,0,1,34,37,45,57,803,920,69,69,70,75,803,920
1686514481,0,1,0,0,1,34,36,45,57,805,922,69,68,70,76,805,922
1686514487,0,1,0,0,1,35,36,45,57,805,922,70,69,70,75,805,922
1686514493,0,1,0,0,1,34,36,44,58,807,924,69,70,70,76,807,924
1686514499,0,1,0,0,1,35,36,45,58,809,926,70,69,70,76,809,926
1686514505,0,1,0,0,1,34,37,46,57,807,924,70,69,71,75,806,924
1686514511,0,1,0,0,1,34,37,45,57,807,924,70,69,71,75,807,924
1686514517,0,1,0,0,1,35,37,45,57,810,926,70,69,71,76,810,926
1686514523,0,1,0,0,1,34,37,45,58,808,924,70,69,70,75,809,924
1686514529,0,1,0,0,1,34,37,45,57,800,916,69,68,70,75,799,916
1686514535,0,1,0,0,1,34,36,45,57,803,918,69,69,70,75,804,918
1686514541,0,1,0,0,1,34,36,45,58,806,922,70,69,70,75,807,924
1686514547,0,1,0,0,1,34,36,44,57,804,922,69,69,70,75,804,922
1686514553,0,1,0,0,1,34,36,44,58,806,924,70,69,70,75,807,924
1686514559,0,1,0,0,1,34,36,45,57,807,924,70,69,70,75,806,924
1686514565,0,1,0,0,1,34,37,45,57,806,924,70,68,70,75,807,922
1686514571,0,1,0,0,1,34,36,45,57,806,922,69,68,70,75,806,922
1686514577,0,1,0,0,1,35,37,45,58,806,922,70,69,71,76,806,922
1686514583,0,1,0,0,1,34,37,45,57,805,922,70,69,70,76,806,922
1686514589,0,1,0,0,1,34,36,45,57,806,924,70,69,70,75,806,923
1686514595,0,1,0,0,1,34,37,45,57,808,924,70,68,70,76,806,924
1686514601,0,1,0,0,1,35,36,45,57,806,923,69,69,70,75,807,924
1686514607,0,1,0,0,1,34,37,45,57,807,924,70,69,70,75,806,924
1686514613,0,1,0,0,1,34,36,45,57,807,924,69,69,70,75,807,924
1686514619,0,1,0,0,1,35,37,45,57,806,924,69,69,70,75,806,924
1686514625,0,1,0,0,1,34,37,45,57,806,924,69,69,71,75,806,924
1686514631,0,1,0,0,1,34,36,45,57,806,924,70,69,70,75,807,924
1686514637,0,1,0,0,1,34,37,45,58,810,926,70,70,71,75,810,926
1686514643,0,1,0,0,1,35,37,45,57,812,930,70,70,71,76,811,926
1686514649,0,1,0,0,1,35,36,45,58,809,926,70,69,71,75,809,924
1686514655,0,1,0,0,1,34,37,45,58,807,924,70,69,70,76,808,924
1686514661,0,1,0,0,1,34,37,45,58,808,924,70,69,71,76,807,924
1686514667,0,1,0,0,1,35,37,45,58,809,926,70,69,70,76,808,924
1686514673,0,1,0,0,1,34,37,45,58,810,926,70,69,71,76,808,926
1686514679,0,1,0,0,1,34,36,45,57,806,922,69,69,71,75,806,922
1686514685,0,1,0,0,1,34,37,45,57,804,920,69,69,70,75,803,920
1686514691,0,1,0,0,1,34,36,44,57,802,918,69,68,69,74,802,920
1686514697,0,1,0,0,1,35,36,45,57,804,920,70,68,70,75,802,920
1686514703,0,1,0,0,1,34,36,44,57,803,920,69,69,70,74,803,920
1686514709,0,1,0,0,1,34,36,45,57,806,922,70,68,70,75,805,922
1686514715,0,1,0,0,1,34,36,45,57,808,926,70,69,70,75,808,926
1686514721,0,1,0,0,1,34,37,44,57,807,924,69,68,70,75,807,922
1686514727,0,1,0,0,1,34,37,45,57,807,924,69,69,70,76,807,924
1686514733,0,1,0,0,1,34,37,44,57,807,924,70,69,70,75,807,924
1686514739,0,1,0,0,1,34,36,45,57,807,924,70,69,71,75,807,924
1686514745,0,1,0,0,1,34,37,45,58,806,922,69,68,70,75,805,922
1686514751,0,1,0,0,1,34,37,45,57,807,924,70,69,70,75,806,924
1686514757,0,1,0,0,1,35,36,45,57,806,924,70,69,71,75,807,924
1686514763,0,1,0,0,1,34,37,44,58,806,924,70,69,70,75,807,924
1686514769,0,1,0,0,1,34,36,44,57,806,924,70,69,70,75,805,924
1686514775,0,1,0,0,1,34,36,45,57,805,922,69,69,70,75,803,920
1686514781,0,1,0,0,1,35,36,44,57,803,920,69,69,70,75,802,920
1686514787,0,1,0,0,1,35,36,45,57,805,922,69,68,70,75,805,922
1686514793,0,1,0,0,1,34,37,45,57,806,922,69,69,70,75,805,922
1686514799,0,1,0,0,1,34,36,45,57,806,924,70,69,70,75,807,924
1686514805,0,1,0,0,1,34,37,45,57,805,920,70,69,70,76,805,920
1686514811,0,1,0,0,1,34,36,45,57,804,920,70,69,70,75,804,922
1686514817,0,1,0,0,1,35,36,45,57,805,922,69,69,70,75,804,922
1686514823,0,1,0,0,1,34,37,45,57,805,922,69,69,70,75,804,922
1686514829,0,1,0,0,1,34,37,45,57,805,922,70,69,70,75,805,922
1686514835,0,1,0,0,1,34,36,44,57,806,922,69,70,70,75,806,922
1686514841,0,1,0,0,1,35,37,45,58,806,922,70,69,70,75,806,924
1686514847,0,1,0,0,1,34,37,45,58,806,920,69,69,70,75,805,922
1686514853,0,1,0,0,1,34,36,45,57,805,920,70,69,70,75,805,922
1686514859,0,1,0,0,1,34,37,45,57,803,922,69,68,70,75,804,920
1686514865,0,1,0,0,1,34,37,45,57,804,920,69,68,70,75,803,920
1686514871,0,1,0,0,1,34,37,45,57,803,920,69,69,70,75,803,920
1686514877,0,1,0,0,1,34,36,45,57,805,922,70,69,70,75,805,922
1686514883,0,1,0,0,1,35,36,44,57,805,922,70,69,70,75,805,922
1686514889,0,1,0,0,1,34,36,45,57,805,922,69,68,70,75,804,920
1686514895,0,1,0,0,1,34,36,45,57,803,920,69,69,70,75,803,920
1686514901,0,1,0,0,1,34,37,45,57,801,920,69,68,70,75,801,918
1686514907,0,1,0,0,1,34,36,45,57,805,920,69,69,70,75,805,922
1686514913,0,1,0,0,1,34,36,45,57,808,922,70,69,71,76,808,924
1686514919,0,1,0,0,1,35,37,45,58,809,926,70,68,70,75,808,926
1686514925,0,1,0,0,1,35,37,45,58,809,926,70,69,70,76,809,928
1686514931,0,1,0,0,1,35,36,46,57,810,928,70,70,71,76,810,926
1686514937,0,1,0,0,1,34,37,45,57,809,926,70,70,71,75,809,926
1686514943,0,1,0,0,1,34,37,45,57,807,924,70,69,70,75,807,924
1686514949,0,1,0,0,1,34,36,45,57,807,924,69,69,70,76,808,926
1686514955,0,1,0,0,1,34,37,45,58,807,924,69,69,70,76,807,924
1686514961,0,1,0,0,1,34,37,45,57,806,924,70,69,70,75,806,924
1686514967,0,1,0,0,1,34,37,45,57,805,924,70,68,70,75,806,922
1686514973,0,1,0,0,1,34,37,45,57,807,924,70,69,70,75,807,924
1686514979,0,1,0,0,1,34,36,45,57,805,922,69,69,70,74,804,922
1686514985,0,1,0,0,1,34,36,45,57,803,920,69,68,69,75,802,920
1686514991,0,1,0,0,1,34,36,44,57,801,918,68,68,70,74,801,918
1686514997,0,1,0,0,1,34,36,45,57,803,920,69,68,70,75,804,922
1686515003,0,1,0,0,1,34,36,45,57,802,918,70,68,70,75,802,918
1686515009,0,1,0,0,1,34,37,45,57,804,920,69,68,70,75,805,922
1686515015,0,1,0,0,1,34,36,45,57,802,920,69,68,70,75,803,920
1686515021,0,1,0,0,1,35,36,45,57,802,918,69,69,70,75,803,920
1686515027,0,1,0,0,1,34,37,45,57,803,922,69,69,70,75,803,920
1686515033,0,1,0,0,1,34,36,45,58,804,920,69,69,70,76,804,920
1686515039,0,1,0,0,1,34,36,44,57,806,922,70,69,70,75,805,922
1686515045,0,1,0,0,1,35,37,45,57,806,924,70,69,70,75,806,922
1686515051,0,1,0,0,1,34,36,45,57,802,920,69,68,70,75,802,918
1686515057,0,1,0,0,1,34,36,45,58,806,920,69,69,70,76,806,922
1686515063,0,1,0,0,1,34,37,45,57,804,918,69,69,70,75,804,920
1686515069,0,1,0,0,1,34,36,45,57,803,918,69,69,70,75,801,916
1686515075,0,1,0,0,1,34,37,45,57,805,922,70,69,70,76,805,922
1686515081,0,1,0,0,1,35,37,45,57,807,924,70,69,70,75,807,924
1686515087,0,1,0,0,1,34,36,45,58,807,924,70,69,70,76,807,924
1686515093,0,1,0,0,1,34,36,45,57,803,920,69,68,70,75,802,920
1686515099,0,1,0,0,1,34,36,45,57,803,920,69,69,70,75,803,918
1686515105,0,1,0,0,1,34,37,45,58,805,922,70,68,70,75,805,921
1686515111,0,1,0,0,1,35,37,45,57,805,920,69,69,70,76,805,922
1686515117,0,1,0,0,1,34,37,46,57,808,922,70,69,70,76,807,924
1686515123,0,1,0,0,1,34,37,45,57,807,924,69,69,70,75,806,922
1686515129,0,1,0,0,1,34,37,45,57,806,924,69,69,70,76,806,924
1686515135,0,1,0,0,1,34,36,44,57,805,922,70,69,70,75,805,924
1686515141,0,1,0,0,1,34,36,45,57,806,924,70,69,69,75,807,924
1686515147,0,1,0,0,1,34,36,45,57,805,923,69,69,70,75,806,924
1686515153,0,1,0,0,1,35,37,45,57,806,922,70,69,70,75,806,922
1686515159,0,1,0,0,1,34,36,45,57,805,922,69,69,71,76,806,924
1686515165,0,1,0,0,1,34,37,45,57,806,922,69,69,70,75,806,922
1686515171,0,1,0,0,1,34,37,45,57,805,922,69,69,70,75,805,922
1686515177,0,1,0,0,1,34,37,45,58,803,920,69,68,70,75,804,920
1686515183,0,1,0,0,1,34,36,45,58,803,922,69,68,70,75,803,920
1686515189,0,1,0,0,1,34,36,45,57,805,922,69,69,70,75,806,922
1686515195,0,1,0,0,1,34,37,45,57,800,914,69,68,70,75,799,914
1686515201,0,1,0,0,1,34,36,45,57,807,924,70,69,70,76,807,924
1686515207,0,1,0,0,1,35,37,45,58,807,924,69,69,70,76,806,922
1686515213,0,1,0,0,1,35,37,45,57,804,922,70,69,70,75,805,922
1686515219,0,1,0,0,1,35,37,45,57,807,924,69,68,70,76,806,922
1686515225,0,1,0,0,1,34,37,45,57,807,924,70,69,70,75,807,924
1686515231,0,1,0,0,1,34,36,45,57,807,924,69,69,70,76,806,924
1686515237,0,1,0,0,1,34,37,45,58,808,926,70,69,70,76,809,926
1686515243,0,1,0,0,1,34,37,45,58,807,924,70,68,70,75,807,924
1686515249,0,1,0,0,1,34,37,45,57,806,922,69,69,70,75,806,920
1686515255,0,1,0,0,1,34,37,45,57,806,922,70,69,70,76,807,922
1686515261,0,1,0,0,1,35,36,45,57,805,922,70,69,71,75,805,922
1686515267,0,1,0,0,1,34,37,45,57,802,916,69,69,70,75,803,918
1686515273,0,1,0,0,1,34,37,44,57,802,916,69,68,70,75,801,916
1686515279,0,1,0,0,1,34,36,44,57,794,910,69,68,70,75,794,908
1686515285,0,1,0,0,1,33,36,44,57,798,912,69,68,70,74,798,914
1686515291,0,1,0,0,1,34,36,45,57,802,918,69,68,70,75,803,918
1686515297,0,1,0,0,1,35,36,45,57,804,920,69,69,70,76,804,920
1686515303,0,1,0,0,1,34,36,45,57,804,918,70,69,70,75,803,920
1686515309,0,1,0,0,1,34,36,45,57,802,918,69,69,70,75,802,918
1686515315,0,1,0,0,1,34,36,45,57,803,920,69,68,70,75,803,918
1686515321,0,1,0,0,1,34,36,45,57,804,920,69,69,69,75,804,920
1686515327,0,1,0,0,1,34,36,45,57,802,918,69,68,70,75,802,920
1686515333,0,1,0,0,1,34,36,45,57,801,918,69,68,69,75,801,916
1686515339,0,1,0,0,1,34,37,45,57,796,908,69,68,70,75,794,908
1686515345,0,1,0,0,1,34,36,45,57,801,914,69,69,70,75,803,916
1686515351,0,1,0,0,1,35,37,45,58,809,922,70,69,71,76,810,924
1686515357,0,1,0,0,1,35,37,45,57,808,924,70,69,70,76,807,922
1686515363,0,1,0,0,1,34,36,44,57,803,922,69,68,70,75,804,920
1686515369,0,1,0,0,1,34,36,45,57,799,914,69,68,70,75,798,912
1686515375,0,1,0,0,1,34,36,44,57,797,912,69,68,70,75,798,914
1686515381,0,1,0,0,1,34,37,45,57,801,916,69,68,69,75,800,914
1686515387,0,1,0,0,1,34,37,45,57,802,920,69,69,70,75,804,918
1686515393,0,1,0,0,1,34,36,45,57,805,920,69,68,70,75,805,920
1686515399,0,1,0,0,1,34,36,45,57,803,920,70,69,70,75,805,920
1686515405,0,1,0,0,1,35,36,45,57,805,922,70,69,70,76,805,922
1686515411,0,1,0,0,1,34,36,45,57,806,922,70,69,70,76,806,922
1686515417,0,1,0,0,1,34,37,45,57,806,922,69,69,70,75,806,922
1686515423,0,1,0,0,1,34,36,45,57,803,920,69,69,70,75,803,918
1686515429,0,1,0,0,1,34,36,44,57,801,916,69,68,70,75,802,916
1686515435,0,1,0,0,1,34,36,45,57,800,914,69,68,70,75,799,914
1686515441,0,1,0,0,1,35,37,45,58,807,922,70,69,71,76,811,926
1686515447,0,1,0,0,1,34,36,45,58,801,912,69,69,70,75,800,914
1686515453,0,1,0,0,1,34,36,44,57,800,914,69,68,70,75,802,916
1686515459,0,1,0,0,1,35,36,45,58,804,918,69,69,70,75,803,918
1686515465,0,1,0,0,1,34,36,45,57,804,920,69,69,70,76,804,918
1686515471,0,1,0,0,1,34,37,45,57,805,920,69,69,70,76,804,920
1686515477,0,1,0,0,1,34,36,45,57,804,920,70,69,70,75,804,920
1686515483,0,1,0,0,1,34,36,44,57,805,922,69,68,70,75,805,922
1686515489,0,1,0,0,1,34,37,45,57,805,920,70,68,70,75,805,922
1686515495,0,1,0,0,1,35,37,45,57,805,922,70,69,70,75,805,922
1686515501,0,1,0,0,1,34,37,45,57,805,920,70,69,70,75,805,922
1686515507,0,1,0,0,1,34,36,45,58,804,922,69,69,70,75,804,918
1686515513,0,1,0,0,1,34,37,45,57,804,920,69,68,70,75,804,920
1686515519,0,1,0,0,1,34,36,45,57,802,918,69,68,70,75,803,916
1686515525,0,1,0,0,1,34,36,45,58,802,916,69,69,70,75,800,914
1686515531,0,1,0,0,1,34,36,45,58,802,920,69,68,70,75,801,918
1686515537,0,1,0,0,1,34,36,45,57,803,918,69,69,70,75,803,918
1686515543,0,1,0,0,1,35,36,45,57,805,920,69,69,70,75,805,920
1686515549,0,1,0,0,1,34,37,45,58,807,922,69,69,71,76,808,924
1686515555,0,1,0,0,1,34,36,45,58,806,922,70,70,70,75,806,922
1686515561,0,1,0,0,1,34,36,45,58,806,922,70,69,70,76,806,922
1686515567,0,1,0,0,1,34,37,45,57,804,918,69,69,70,75,804,920
1686515573,0,1,0,0,1,34,36,45,57,805,920,70,69,70,75,805,920
1686515579,0,1,0,0,1,34,36,45,57,802,918,69,69,70,75,802,918
1686515585,0,1,0,0,1,34,36,45,57,804,920,69,69,70,76,803,920
1686515591,0,1,0,0,1,34,36,45,57,804,920,69,69,70,75,804,920
1686515597,0,1,0,0,1,35,36,45,57,805,922,69,69,70,75,805,922
1686515603,0,1,0,0,1,34,37,45,58,804,920,70,69,70,75,804,922
1686515609,0,1,0,0,1,34,36,45,57,805,920,69,70,71,75,805,920
1686515615,0,1,0,0,1,34,37,44,57,805,920,69,69,70,75,804,920
1686515621,0,1,0,0,1,35,37,45,57,805,922,69,69,70,75,806,922
1686515627,0,1,0,0,1,34,37,45,58,805,922,70,69,70,76,806,922
1686515633,0,1,0,0,1,35,37,45,58,806,924,70,69,70,76,807,924
1686515639,0,1,0,0,1,35,36,45,57,806,922,70,69,70,75,805,922
1686515645,0,1,0,0,1,34,37,45,57,803,920,69,69,70,75,804,920
1686515651,0,1,0,0,1,34,36,45,58,804,920,69,69,70,75,803,918
1686515657,0,1,0,0,1,34,37,45,57,802,920,69,69,70,75,804,920
1686515663,0,1,0,0,1,34,37,45,57,803,920,69,69,70,75,803,920
1686515669,0,1,0,0,1,34,37,45,57,806,922,69,69,70,75,806,920
1686515675,0,1,0,0,1,34,37,45,57,803,918,69,69,70,75,803,918
1686515681,0,1,0,0,1,34,36,45,58,808,924,70,69,71,76,808,924
1686515687,0,1,0,0,1,34,37,45,57,806,922,70,69,70,76,806,922
1686515693,0,1,0,0,1,35,37,45,58,806,922,70,69,70,75,805,922
1686515699,0,1,0,0,1,34,37,44,57,806,922,69,69,70,75,806,922
1686515705,0,1,0,0,1,35,37,45,57,806,922,69,69,70,76,805,922
1686515711,0,1,0,0,1,34,37,45,57,804,922,69,70,70,75,806,920
1686515717,0,1,0,0,1,34,36,45,57,803,922,69,68,70,75,804,920
1686515723,0,1,0,0,1,34,36,45,57,804,920,69,69,70,75,805,918
1686515729,0,1,0,0,1,34,36,45,57,805,922,70,69,70,76,805,922
1686515735,0,1,0,0,1,34,36,45,57,805,920,69,69,70,75,804,920
1686515741,0,1,0,0,1,35,37,45,58,805,920,69,69,70,75,806,922
1686515747,0,1,0,0,1,35,37,45,57,806,922,70,69,70,75,806,922
1686515753,0,1,0,0,1,34,37,45,57,807,922,70,69,71,75,807,922
1686515759,0,1,0,0,1,34,37,45,58,807,922,70,69,70,75,807,922
1686515765,0,1,0,0,1,34,37,45,57,804,920,69,69,69,75,804,922
1686515771,0,1,0,0,1,34,37,45,57,802,918,69,69,70,75,802,918
1686515777,0,1,0,0,1,34,36,44,57,803,918,69,69,70,75,803,918
1686515783,0,1,0,0,1,34,36,45,57,803,918,70,69,70,75,804,920
1686515789,0,1,0,0,1,35,36,45,58,804,920,69,69,71,76,804,920
1686515795,0,1,0,0,1,34,36,45,57,801,918,69,68,70,75,801,918
1686515801,0,1,0,0,1,34,36,44,58,802,918,69,69,70,75,803,918
1686515807,0,1,0,0,1,34,37,45,57,802,918,69,69,70,74,803,918
1686515813,0,1,0,0,1,34,37,45,57,804,920,70,69,70,75,803,918
1686515819,0,1,0,0,1,34,37,45,58,806,922,70,69,70,76,807,922
1686515825,0,1,0,0,1,34,36,45,58,804,922,70,69,70,75,806,922
1686515831,0,1,0,0,1,34,37,45,57,806,922,69,69,70,75,806,922
1686515837,0,1,0,0,1,34,36,45,57,804,920,69,69,70,75,805,922
1686515843,0,1,0,0,1,34,37,44,57,803,920,69,68,70,75,804,920
1686515849,0,1,0,0,1,34,37,45,57,803,920,70,68,70,75,803,920
1686515855,0,1,0,0,1,34,37,45,57,804,920,69,68,70,76,804,922
1686515861,0,1,0,0,1,34,36,45,57,802,918,69,68,70,75,802,918
1686515867,0,1,0,0,1,34,36,45,57,801,916,70,69,70,75,800,916
1686515873,0,1,0,0,1,34,36,45,57,800,914,69,68,70,75,801,916
1686515879,0,1,0,0,1,34,36,45,58,806,922,70,69,71,76,805,922
1686515885,0,1,0,0,1,34,37,45,58,805,922,70,69,70,76,805,922
1686515891,0,1,0,0,1,34,37,45,57,805,920,70,69,71,75,805,920
1686515897,0,1,0,0,1,34,36,45,57,805,920,70,69,70,75,804,920
1686515903,0,1,0,0,1,34,37,44,57,804,920,69,69,70,75,803,918
1686515909,0,1,0,0,1,34,37,44,57,804,920,69,69,70,76,804,920
1686515915,0,1,0,0,1,35,37,44,58,802,918,69,69,70,75,804,920
1686515921,0,1,0,0,1,34,36,45,57,802,918,70,69,70,75,803,920
1686515927,0,1,0,0,1,34,36,45,57,801,918,69,68,70,75,802,918
1686515933,0,1,0,0,1,34,36,45,57,803,920,69,68,70,76,803,920
1686515939,0,1,0,0,1,34,36,44,57,804,920,70,69,70,75,804,922
1686515945,0,1,0,0,1,34,37,45,57,803,920,70,69,70,75,803,920
1686515951,0,1,0,0,1,34,36,44,57,803,920,69,69,70,75,803,920
1686515957,0,1,0,0,1,34,37,45,57,802,918,69,68,70,75,802,920
1686515963,0,1,0,0,1,34,36,45,57,804,920,69,69,69,75,804,920
1686515969,0,1,0,0,1,35,36,44,57,803,918,69,69,70,75,803,920
1686515975,0,1,0,0,1,34,37,44,57,801,916,69,69,70,75,802,918
1686515981,0,1,0,0,1,34,36,45,57,799,916,69,68,70,75,798,914
1686515987,0,1,0,0,1,34,36,45,57,801,918,69,69,70,75,801,916
1686515993,0,1,0,0,1,34,36,44,57,800,916,69,68,69,75,800,918
1686515999,0,1,0,0,1,34,36,45,57,798,914,69,68,70,74,796,912
1686516005,0,1,0,0,1,34,36,44,57,798,912,69,68,70,75,799,914
1686516011,0,1,0,0,1,34,36,45,57,802,918,69,69,69,75,802,918
1686516017,0,1,0,0,1,34,36,44,57,803,918,69,68,70,75,803,918
1686516023,0,1,0,0,1,34,37,45,57,802,918,69,68,70,75,802,918
1686516029,0,1,0,0,1,34,36,45,57,801,916,68,69,70,75,802,916
1686516035,0,1,0,0,1,35,37,45,57,802,920,69,69,70,75,802,918
1686516041,0,1,0,0,1,34,36,45,57,802,918,69,68,70,75,802,918
1686516047,0,1,0,0,1,34,37,45,58,804,918,69,69,71,76,804,920
1686516053,0,1,0,0,1,34,36,45,57,803,918,69,68,70,75,803,918
1686516059,0,1,0,0,1,35,37,45,57,803,920,69,68,71,75,803,920
1686516065,0,1,0,0,1,34,36,45,58,804,918,69,68,70,75,804,920
1686516071,0,1,0,0,1,34,36,45,57,803,918,69,68,71,75,802,918
1686516077,0,1,0,0,1,35,36,44,58,802,918,69,68,70,75,803,918
1686516083,0,1,0,0,1,34,36,45,57,802,918,69,68,70,75,802,918
1686516089,0,1,0,0,1,34,36,44,57,801,918,69,68,70,74,801,918
1686516095,0,1,0,0,1,34,36,45,57,804,920,69,68,70,76,803,918
1686516101,0,1,0,0,1,34,37,45,57,800,916,69,68,70,75,800,916
1686516107,0,1,0,0,1,34,36,45,57,803,916,69,69,70,75,801,914
1686516113,0,1,0,0,1,34,37,45,58,808,924,70,69,70,76,808,924
1686516119,0,1,0,0,1,34,37,45,57,798,912,69,68,70,75,798,910
1686516125,0,1,0,0,1,34,38,45,58,805,922,69,69,70,76,804,920
1686516131,0,1,0,0,1,34,37,45,57,805,918,70,69,70,76,806,922
1686516137,0,1,0,0,1,34,37,45,58,808,924,70,69,71,76,809,926
1686516143,0,1,0,0,1,34,37,45,57,803,920,69,69,70,75,804,920
1686516149,0,1,0,0,1,34,36,45,56,802,918,69,68,70,74,803,918
1686516155,0,1,0,0,1,34,37,44,57,801,918,69,68,70,75,801,916
1686516161,0,1,0,0,1,34,37,45,57,803,918,69,69,70,75,802,918
1686516167,0,1,0,0,1,34,37,45,57,802,918,69,69,70,75,803,918
1686516173,0,1,0,0,1,34,36,44,57,797,914,69,68,70,74,798,912
1686516179,0,1,0,0,1,34,36,44,57,799,914,68,68,70,75,798,914
1686516185,0,1,0,0,1,34,36,45,57,799,916,69,68,69,74,799,916
1686516191,0,1,0,0,1,34,36,44,56,797,912,69,68,69,74,796,912
1686516197,0,1,0,0,1,34,36,45,57,798,912,69,68,70,75,800,912
1686516203,0,1,0,0,1,34,36,45,57,792,904,69,68,69,75,791,904
1686516209,0,1,0,0,1,34,36,44,56,798,912,68,68,70,75,799,912
1686516215,0,1,0,0,1,34,36,45,57,800,914,69,68,70,75,800,914
1686516221,0,1,0,0,1,34,36,45,57,800,914,69,69,70,75,801,916
1686516227,0,1,0,0,1,34,36,45,57,801,916,69,68,70,75,801,916
1686516233,0,1,0,0,1,34,36,45,57,800,916,69,68,70,75,801,916
1686516239,0,1,0,0,1,34,36,45,57,801,916,69,68,70,75,800,916
1686516245,0,1,0,0,1,34,36,44,56,797,912,69,68,70,74,797,912
1686516251,0,1,0,0,1,34,36,44,56,796,910,68,68,69,74,795,908
1686516257,0,1,0,0,1,34,37,44,57,798,914,69,68,70,75,798,912
1686516263,0,1,0,0,1,34,37,44,57,800,916,69,68,70,74,800,916
1686516269,0,1,0,0,1,34,36,45,57,801,916,69,68,69,75,800,916
1686516275,0,1,0,0,1,34,36,44,56,793,908,69,67,69,74,795,908
1686516281,0,1,0,0,1,34,36,45,57,800,914,69,68,70,74,799,914
1686516287,0,1,0,0,1,34,37,46,57,800,914,69,68,70,75,801,916
1686516293,0,1,0,0,1,34,36,45,57,802,918,70,69,70,75,803,918
1686516299,0,1,0,0,1,34,36,44,57,801,916,69,68,71,75,801,916
1686516305,0,1,0,0,1,34,36,45,57,799,914,69,68,70,75,799,914
1686516311,0,1,0,0,1,34,36,45,57,798,914,69,67,70,74,798,914
1686516317,0,1,0,0,1,33,36,45,57,798,912,69,68,70,74,798,912
1686516323,0,1,0,0,1,34,36,45,57,800,914,69,68,70,75,800,916
1686516329,0,1,0,0,1,34,36,45,57,799,914,69,69,69,74,799,914
1686516335,0,1,0,0,1,34,36,44,58,801,916,69,68,70,75,801,916
1686516341,0,1,0,0,1,34,36,45,57,801,918,69,68,70,75,801,916
1686516347,0,1,0,0,1,34,36,45,57,800,916,69,69,70,75,801,916
1686516353,0,1,0,0,1,34,37,45,57,802,916,69,69,70,75,802,916
1686516359,0,1,0,0,1,34,36,45,57,801,916,69,68,70,74,800,916
1686516365,0,1,0,0,1,34,37,44,57,800,916,69,68,70,75,801,916
1686516371,0,1,0,0,1,33,36,45,56,795,910,69,68,69,74,795,910
1686516377,0,1,0,0,1,34,36,44,57,795,910,69,68,69,74,797,910
1686516383,0,1,0,0,1,34,36,45,57,799,914,69,68,70,75,799,914
1686516389,0,1,0,0,1,33,36,45,57,799,914,69,68,70,75,799,914
1686516395,0,1,0,0,1,34,36,45,57,800,916,69,68,70,74,800,916
1686516401,0,1,0,0,1,34,36,44,57,800,914,69,68,70,75,800,916
1686516407,0,1,0,0,1,34,36,45,57,800,916,69,68,70,75,801,916
1686516413,0,1,0,0,1,34,36,45,57,801,916,69,69,70,75,800,916
1686516419,0,1,0,0,1,34,36,45,57,798,914,69,68,70,75,798,914
1686516425,0,1,0,0,1,34,37,44,57,800,916,69,69,69,74,800,914
1686516431,0,1,0,0,1,34,36,45,57,799,914,69,68,69,75,799,914
1686516437,0,1,0,0,1,34,36,45,57,801,916,69,68,71,74,800,916
1686516443,0,1,0,0,1,34,36,45,57,798,912,69,68,70,75,799,914
1686516449,0,1,0,0,1,34,36,45,57,802,918,69,68,70,75,802,918
1686516455,0,1,0,0,1,34,36,45,57,802,918,69,69,70,74,802,918
1686516461,0,1,0,0,1,34,37,45,58,802,918,70,69,70,76,802,916
1686516467,0,1,0,0,1,34,36,45,57,804,918,70,69,70,75,803,918
1686516473,0,1,0,0,1,34,37,45,57,801,916,69,69,70,75,800,916
1686516479,0,1,0,0,1,34,36,45,57,800,916,69,68,69,75,799,914
1686516485,0,1,0,0,1,34,36,45,56,795,910,69,68,69,74,796,910
1686516491,0,1,0,0,1,34,36,45,57,799,914,69,68,70,75,799,914
1686516497,0,1,0,0,1,34,36,45,57,800,914,69,68,70,75,799,914
1686516503,0,1,0,0,1,34,36,44,57,801,914,69,68,70,75,800,914
1686516509,0,1,0,0,1,34,37,44,57,802,916,69,68,70,75,801,914
1686516515,0,1,0,0,1,34,36,45,57,801,914,69,69,70,75,802,918
1686516521,0,1,0,0,1,35,36,44,57,798,912,69,68,70,75,798,912
1686516527,0,1,0,0,1,34,36,44,56,796,910,68,68,69,74,795,910
1686516533,0,1,0,0,1,34,36,44,57,796,910,69,68,69,75,794,908
1686516539,0,1,0,0,1,34,36,45,57,801,916,69,69,71,75,803,918
1686516545,0,1,0,0,1,34,36,45,57,800,916,69,69,70,75,801,916
1686516551,0,1,0,0,1,34,36,44,57,795,910,68,68,69,74,795,908
1686516557,0,1,0,0,1,34,37,44,57,797,910,69,68,69,74,796,910
1686516563,0,1,0,0,1,34,36,45,57,799,914,69,68,70,75,798,912
1686516569,0,1,0,0,1,34,36,44,56,800,914,69,68,70,75,800,916
1686516575,0,1,0,0,1,34,37,44,57,799,914,69,68,70,75,799,914
1686516581,0,1,0,0,1,34,36,44,57,800,916,69,68,70,74,801,916
1686516587,0,1,0,0,1,34,37,44,57,799,914,69,68,69,75,800,916
1686516593,0,1,0,0,1,35,37,45,58,807,922,70,69,71,76,807,922
1686516599,0,1,0,0,1,34,36,45,58,802,916,69,68,70,75,802,916
1686516605,0,1,0,0,1,34,37,45,57,803,920,69,69,69,75,803,918
1686516611,0,1,0,0,1,34,36,45,57,804,920,70,69,70,75,805,920
1686516617,0,1,0,0,1,34,37,44,58,803,918,69,69,70,75,802,916
1686516623,0,1,0,0,1,34,37,45,57,802,916,69,69,70,75,802,916
1686516629,0,1,0,0,1,35,36,45,57,800,914,69,68,70,75,801,916
1686516635,0,1,0,0,1,34,36,45,57,800,916,69,68,70,75,800,914
1686516641,0,1,0,0,1,34,36,45,57,800,914,69,68,69,75,799,914
1686516647,0,1,0,0,1,34,37,45,58,799,914,69,68,69,75,799,916
1686516653,0,1,0,0,1,34,36,45,56,799,914,69,68,69,74,799,914
1686516659,0,1,0,0,1,34,36,44,57,794,908,69,68,69,74,794,908
1686516665,0,1,0,0,1,34,36,45,57,796,908,69,68,69,74,795,906
1686516671,0,1,0,0,1,34,36,45,57,800,912,69,68,70,76,800,914
1686516677,0,1,0,0,1,34,36,45,57,802,916,69,70,70,75,802,916
1686516683,0,1,0,0,1,33,36,45,56,796,912,68,68,70,74,794,910
1686516689,0,1,0,0,1,34,36,44,57,795,910,69,68,69,74,796,910
1686516695,0,1,0,0,1,34,36,45,57,796,910,69,68,70,75,797,910
1686516701,0,1,0,0,1,34,36,45,56,797,910,69,68,70,75,797,910
1686516707,0,1,0,0,1,33,36,44,57,794,908,68,68,69,74,795,908
1686516713,0,1,0,0,1,34,36,45,57,799,914,69,68,70,75,799,914
1686516719,0,1,0,0,1,34,37,45,57,798,914,69,68,69,75,800,914
1686516725,0,1,0,0,1,34,36,45,57,799,914,69,68,70,75,799,914
1686516731,0,1,0,0,1,34,36,45,57,799,914,69,68,70,75,799,914
1686516737,0,1,0,0,1,34,37,44,57,798,912,69,68,70,75,798,912
1686516743,0,1,0,0,1,34,36,44,56,797,912,69,68,70,74,797,910
1686516749,0,1,0,0,1,34,36,44,57,793,906,68,68,69,74,793,908
1686516755,0,1,0,0,1,34,36,45,56,800,912,69,69,71,75,802,914
1686516761,0,1,0,0,1,34,36,45,57,801,914,69,68,70,75,800,914
1686516767,0,1,0,0,1,34,36,44,58,801,914,69,69,70,76,800,914
1686516773,0,1,0,0,1,35,37,45,58,805,916,70,69,71,76,806,918
1686516779,0,1,0,0,1,33,36,44,57,795,908,69,68,69,75,793,906
1686516785,0,1,0,0,1,34,36,45,57,798,910,69,69,70,75,798,908
1686516791,0,1,0,0,1,34,36,45,57,799,916,69,68,70,75,800,914
1686516797,0,1,0,0,1,34,36,45,57,800,914,69,69,69,75,799,914
1686516803,0,1,0,0,1,34,36,44,57,796,910,68,68,70,75,795,910
1686516809,0,1,0,0,1,34,36,45,57,798,912,69,69,69,75,799,912
1686516815,0,1,0,0,1,34,36,44,56,790,904,68,67,68,74,788,902
1686516821,0,1,0,0,1,34,36,44,57,794,908,69,68,70,75,794,906
1686516827,0,1,0,0,1,34,36,44,57,796,910,69,68,70,75,796,910
1686516833,0,1,0,0,1,33,36,44,56,790,902,68,69,69,74,790,902
1686516839,0,1,0,0,1,34,36,45,57,798,912,69,68,70,74,798,912
1686516845,0,1,0,0,1,33,36,44,57,788,898,68,67,69,74,787,898
1686516851,0,1,0,0,1,34,36,44,56,791,904,68,67,69,74,790,904
1686516857,0,1,0,0,1,34,36,44,56,793,904,68,68,69,74,793,906
1686516863,0,1,0,0,1,34,36,44,57,794,906,69,68,70,74,794,906
1686516869,0,1,0,0,1,34,36,45,57,797,912,69,68,69,75,798,910
1686516875,0,1,0,0,1,34,36,44,57,797,912,69,68,70,75,798,912
1686516881,0,1,0,0,1,34,36,44,57,796,912,69,68,70,74,797,910
1686516887,0,1,0,0,1,34,36,45,57,798,912,69,69,69,75,798,912
1686516893,0,1,0,0,1,34,36,44,57,797,910,69,68,70,74,796,910
1686516899,0,1,0,0,1,34,36,45,57,798,912,69,68,70,75,798,912
1686516905,0,1,0,0,1,34,36,45,57,800,914,69,68,70,74,800,914
1686516911,0,1,0,0,1,34,36,45,57,800,914,69,68,70,75,799,914
1686516917,0,1,0,0,1,34,36,45,57,802,914,69,69,70,75,801,914
1686516923,0,1,0,0,1,34,36,45,57,797,910,69,68,70,75,798,912
1686516929,0,1,0,0,1,34,37,45,56,797,910,70,69,70,74,798,910
1686516935,0,1,0,0,1,34,37,45,57,798,912,69,69,70,75,799,912
1686516941,0,1,0,0,1,34,36,45,57,801,916,69,68,70,75,801,914
1686516947,0,1,0,0,1,34,36,44,57,799,912,68,68,70,75,798,912
1686516953,0,1,0,0,1,34,36,44,57,799,912,69,68,70,74,798,912
1686516959,0,1,0,0,1,34,36,45,57,798,912,69,68,70,74,798,912
1686516965,0,1,0,0,1,34,36,45,57,797,912,69,68,69,74,798,912
1686516971,0,1,0,0,1,34,36,45,56,796,910,69,68,70,74,796,910
1686516977,0,1,0,0,1,34,36,45,57,800,912,69,69,70,75,800,912
1686516983,0,1,0,0,1,34,37,45,57,798,912,69,68,70,75,798,912
1686516989,0,1,0,0,1,34,36,45,57,798,912,69,68,70,75,799,912
1686516995,0,1,0,0,1,34,36,45,57,798,912,69,68,69,75,799,912
1686517001,0,1,0,0,1,34,36,45,57,795,908,69,68,70,74,795,908
1686517007,0,1,0,0,1,35,36,45,58,806,918,70,69,70,77,805,918
1686517013,0,1,0,0,1,34,36,45,58,804,914,70,69,70,76,803,912
1686517019,0,1,0,0,1,34,36,44,57,792,902,69,69,70,75,793,904
1686517025,0,1,0,0,1,34,36,44,56,793,906,68,67,69,74,790,902
1686517031,0,1,0,0,1,34,36,44,56,794,906,68,68,69,74,792,906
1686517037,0,1,0,0,1,34,36,44,56,794,906,68,68,69,74,793,906
1686517043,0,1,0,0,1,34,36,44,57,794,906,69,68,69,74,793,906
1686517049,0,1,0,0,1,34,35,44,57,796,908,69,68,70,74,796,910
1686517055,0,1,0,0,1,34,36,44,56,797,910,69,68,69,74,797,910
1686517061,0,1,0,0,1,34,36,44,57,796,910,69,68,70,74,795,910
1686517067,0,1,0,0,1,34,35,44,57,795,910,69,68,69,74,795,910
1686517073,0,1,0,0,1,34,36,45,57,797,910,69,68,70,75,797,910
1686517079,0,1,0,0,1,34,36,45,57,796,910,69,68,69,75,797,910
1686517085,0,1,0,0,1,34,36,45,57,797,912,69,68,70,75,798,912
1686517091,0,1,0,0,1,34,36,44,56,794,906,69,68,70,75,794,906
1686517097,0,1,0,0,1,34,36,45,57,798,912,69,68,70,75,797,910
1686517103,0,1,0,0,1,34,36,44,57,795,908,69,68,70,75,796,908
1686517109,0,1,0,0,1,34,36,45,57,797,910,69,68,70,75,796,910
1686517115,0,1,0,0,1,34,36,44,57,800,914,69,68,70,75,799,914
1686517121,0,1,0,0,1,34,36,44,57,799,914,69,68,69,74,799,914
1686517127,0,1,0,0,1,34,36,45,57,798,912,69,68,69,74,798,912
1686517133,0,1,0,0,1,34,37,44,56,797,912,69,68,69,75,798,912
1686517139,0,1,0,0,1,34,36,44,56,797,912,69,68,69,74,796,910
1686517145,0,1,0,0,1,34,36,44,57,796,910,69,68,69,74,797,912
1686517151,0,1,0,0,1,34,36,45,57,799,914,69,68,70,75,799,912
1686517157,0,1,0,0,1,34,36,45,57,796,910,69,68,69,75,797,912
1686517163,0,1,0,0,1,34,37,45,57,797,912,69,68,70,75,799,912
1686517169,0,1,0,0,1,34,36,44,57,799,912,69,69,70,75,799,912
1686517175,0,1,0,0,1,34,36,44,57,800,914,69,68,70,75,800,916
1686517181,0,1,0,0,1,34,37,45,57,800,914,69,69,70,75,801,914
1686517187,0,1,0,0,1,34,36,45,57,799,914,69,69,70,75,800,914
1686517193,0,1,0,0,1,34,36,44,57,800,916,69,69,70,75,801,916
1686517199,0,1,0,0,1,34,36,45,57,800,916,69,68,70,75,800,916
