Timestamp,Amber,White,On,Override,Intensity,AS00,AS01,AS02,AS03,AS04,AS05,AS06,AS07,AS08,AS09,AS10,AS11
1686463205,0,1,1,0,1223223,3357,8196,11617,21012,65535,6974,33336,46649,59662,35235,65535,6980
1686463211,0,1,1,0,1223223,3356,8196,11614,21013,65535,6972,33370,46669,59682,35245,65535,6984
1686463217,0,1,1,0,1223223,3356,8197,11615,21015,65535,6974,33365,46672,59656,35249,65535,6980
1686463223,0,1,1,0,1223223,3351,8181,11590,20972,65535,6959,33335,46651,59660,35222,65535,6980
1686463229,0,1,1,0,1223223,3357,8195,11609,21011,65535,6973,33337,46666,59671,35220,65535,6980
1686463235,0,1,1,0,1223223,3345,8163,11561,20916,65535,6944,33217,46469,59392,35089,65535,6952
1686463241,0,1,1,0,1223223,3359,8199,11614,21028,65535,6974,33358,46668,59679,35253,65535,6984
1686463247,0,1,1,0,1223223,3357,8193,11614,21002,65535,6974,33339,46658,59666,35223,65535,6984
1686463253,0,1,1,0,1223223,3356,8198,11618,21019,65535,6973,33256,46544,59527,35162,65535,6967
1686463259,0,1,1,0,1223223,3355,8196,11617,21015,65535,6973,33366,46662,59690,35247,65535,6984
1686463265,0,1,1,0,1223223,3359,8199,11618,21020,65535,6974,33370,46675,59685,35252,65535,6983
1686463271,0,1,1,0,1223223,3354,8184,11598,20988,65535,6964,33177,46440,59396,35052,65535,6950
1686463277,0,1,1,0,1223223,3351,8182,11595,20985,65535,6962,33187,46449,59401,35066,65535,6951
1686463283,0,1,1,0,1223223,3339,8152,11543,20903,65535,6932,33286,46579,59537,35178,65535,6966
1686463289,0,1,1,0,1223223,3356,8198,11617,21021,65535,6975,33362,46674,59676,35245,65535,6984
1686463295,0,1,1,0,1223223,3355,8196,11616,21020,65535,6976,33358,46664,59667,35249,65535,6986
1686463301,0,1,1,0,1223223,3359,8199,11619,21021,65535,6978,33343,46653,59625,35232,65535,6979
1686463307,0,1,1,0,1223223,3357,8198,11619,21021,65535,6974,33376,46708,59708,35269,65535,6984
1686463313,0,1,1,0,1223223,3358,8199,11616,21024,65535,6980,33363,46672,59667,35256,65535,6983
1686463319,0,1,1,0,1223223,3358,8197,11617,21024,65535,6978,33368,46673,59689,35254,65535,6984
1686463325,0,1,1,0,1223223,3358,8199,11618,21012,65535,6976,33351,46670,59685,35248,65535,6983
1686463331,0,1,1,0,1223223,3356,8190,11605,21003,65535,6968,33356,46671,59670,35250,65535,6980
1686463337,0,1,1,0,1223223,3354,8183,11600,20992,65535,6964,33275,46522,59518,35139,65535,6958
1686463343,0,1,1,0,1223223,3358,8200,11619,21024,65535,6974,33360,46683,59700,35252,65535,6986
1686463349,0,1,1,0,1223223,3357,8201,11624,21027,65535,6976,33360,46704,59710,35262,65535,6986
1686463355,0,1,1,0,1223223,3342,8157,11556,20899,65535,6938,33325,46651,59636,35215,65535,6976
1686463361,0,1,1,0,1223223,3344,8155,11554,20905,65535,6942,33219,46499,59457,35129,65535,6957
1686463367,0,1,1,0,1223223,3359,8200,11621,21020,65535,6975,33371,46684,59696,35262,65535,6984
1686463373,0,1,1,0,1223223,3357,8196,11619,21022,65535,6974,33355,46675,59695,35240,65535,6984
1686463379,0,1,1,0,1223223,3350,8180,11593,20967,65535,6960,33324,46605,59611,35202,65535,6975
1686463385,0,1,1,0,1223223,3356,8194,11610,21008,65535,6968,33311,46634,59628,35218,65535,6976
1686463391,0,1,1,0,1223223,3358,8197,11617,21020,65535,6977,33161,46431,59335,35059,65535,6945
1686463397,0,1,1,0,1223223,3356,8199,11619,21023,65535,6974,33345,46663,59678,35252,65535,6982
1686463403,0,1,1,0,1223223,3358,8200,11620,21026,65535,6976,33363,46673,59688,35232,65535,6984
1686463409,0,1,1,0,1223223,3355,8189,11605,21001,65535,6963,33318,46634,59644,35216,65535,6976
1686463415,0,1,1,0,1223223,3359,8202,11622,21026,65535,6973,33307,46617,59623,35200,65535,6972
1686463421,0,1,1,0,1223223,3356,8191,11607,21004,65535,6967,33360,46667,59671,35235,65535,6980
1686463427,0,1,1,0,1223223,3353,8189,11609,20998,65535,6972,33363,46662,59667,35250,65535,6976
1686463433,0,1,1,0,1223223,3355,8190,11604,20993,65535,6968,33175,46412,59353,35051,65535,6944
1686463439,0,1,1,0,1223223,3357,8195,11612,21009,65535,6975,33355,46657,59662,35243,65535,6982
1686463445,0,1,1,0,1223223,3357,8196,11614,21016,65535,6968,33258,46534,59497,35148,65535,6960
1686463451,0,1,1,0,1223223,3355,8201,11616,21006,65535,6976,33364,46682,59685,35251,65535,6982
1686463457,0,1,1,0,1223223,3358,8199,11616,21015,65535,6970,33350,46658,59658,35238,65535,6982
1686463463,0,1,1,0,1223223,3357,8196,11614,21015,65535,6972,33369,46673,59693,35254,65535,6984
1686463469,0,1,1,0,1223223,3359,8199,11619,21025,65535,6976,33255,46548,59529,35136,65535,6962
1686463475,0,1,1,0,1223223,3358,8199,11619,21026,65535,6974,33350,46677,59682,35249,65535,6980
1686463481,0,1,1,0,1223223,3357,8200,11621,21023,65535,6976,33383,46692,59701,35258,65535,6986
1686463487,0,1,1,0,1223223,3358,8200,11623,21022,65535,6976,33370,46670,59684,35258,65535,6984
1686463493,0,1,1,0,1223223,3341,8148,11544,20891,65535,6932,33199,46470,59413,35099,65535,6952
1686463499,0,1,1,0,1223223,3358,8201,11619,21022,65535,6973,33367,46675,59689,35248,65535,6980
1686463505,0,1,1,0,1223223,3358,8200,11614,21011,65535,6973,33381,46709,59698,35257,65535,6982
1686463511,0,1,1,0,1223223,3358,8198,11618,21016,65535,6976,33356,46664,59672,35228,65535,6982
1686463517,0,1,1,0,1223223,3354,8185,11606,20988,65535,6960,33318,46606,59615,35193,65535,6972
1686463523,0,1,1,0,1223223,3358,8196,11618,21018,65535,6974,33362,46676,59666,35231,65535,6984
1686463529,0,1,1,0,1223223,3345,8166,11569,20936,65535,6950,33357,46689,59719,35246,65535,6988
1686463535,0,1,1,0,1223223,3357,8192,11612,21009,65535,6975,33363,46691,59684,35265,65535,6984
1686463541,0,1,1,0,1223223,3360,8203,11622,21024,65535,6976,33385,46695,59688,35250,65535,6986
1686463547,0,1,1,0,1223223,3358,8198,11619,21019,65535,6976,33372,46678,59689,35255,65535,6980
1686463553,0,1,1,0,1223223,3359,8198,11615,21015,65535,6976,33350,46675,59691,35251,65535,6986
1686463559,0,1,1,0,1223223,3345,8161,11563,20925,65535,6946,33250,46506,59485,35124,65535,6962
1686463565,0,1,1,0,1223223,3356,8197,11620,21015,65535,6977,33368,46684,59674,35252,65535,6982
1686463571,0,1,1,0,1223223,3356,8193,11612,21013,65535,6975,33368,46673,59686,35251,65535,6980
1686463577,0,1,1,0,1223223,3359,8202,11625,21021,65535,6978,33368,46690,59696,35256,65535,6986
1686463583,0,1,1,0,1223223,3358,8201,11619,21020,65535,6976,33372,46703,59690,35256,65535,6984
1686463589,0,1,1,0,1223223,3354,8195,11613,21011,65535,6970,33365,46670,59687,35227,65535,6984
1686463595,0,1,1,0,1223223,3359,8199,11619,21018,65535,6978,33371,46680,59705,35261,65535,6986
1686463601,0,1,1,0,1223223,3355,8191,11605,20995,65535,6968,33134,46379,59280,35004,65535,6936
1686463607,0,1,1,0,1223223,3356,8195,11613,21007,65535,6972,33356,46660,59641,35237,65535,6983
1686463613,0,1,1,0,1223223,3352,8184,11592,20973,65535,6962,33340,46659,59669,35227,65535,6978
1686463619,0,1,1,0,1223223,3358,8197,11619,21016,65535,6972,33369,46674,59675,35270,65535,6986
1686463625,0,1,1,0,1223223,3359,8200,11625,21019,65535,6972,33376,46694,59689,35256,65535,6982
1686463631,0,1,1,0,1223223,3354,8185,11601,20988,65535,6962,33365,46695,59688,35232,65535,6982
1686463637,0,1,1,0,1223223,3353,8181,11593,20962,65535,6960,33294,46590,59600,35178,65535,6968
1686463643,0,1,1,0,1223223,3356,8196,11613,21004,65535,6968,33289,46584,59555,35174,65535,6969
1686463649,0,1,1,0,1223223,3359,8198,11620,21020,65535,6978,33364,46675,59681,35228,65535,6982
1686463655,0,1,1,0,1223223,3350,8177,11590,20983,65535,6960,33359,46672,59701,35244,65535,6981
1686463661,0,1,1,0,1223223,3352,8187,11602,20993,65535,6965,33351,46649,59649,35230,65535,6980
1686463667,0,1,1,0,1223223,3357,8203,11620,21023,65535,6976,33376,46669,59698,35241,65535,6987
1686463673,0,1,1,0,1223223,3359,8201,11624,21024,65535,6978,33383,46691,59702,35243,65535,6988
1686463679,0,1,1,0,1223223,3358,8200,11618,21022,65535,6976,33361,46696,59713,35258,65535,6988
1686463685,0,1,1,0,1223223,3358,8195,11615,21009,65535,6972,33365,46673,59668,35244,65535,6980
1686463691,0,1,1,0,1223223,3359,8200,11618,21021,65535,6975,33381,46698,59694,35267,65535,6988
1686463697,0,1,1,0,1223223,3359,8201,11621,21023,65535,6978,33377,46692,59704,35253,65535,6984
1686463703,0,1,1,0,1223223,3357,8200,11621,21022,65535,6978,33374,46701,59693,35259,65535,6984
1686463709,0,1,1,0,1223223,3358,8202,11618,21019,65535,6977,33362,46672,59683,35252,65535,6984
1686463715,0,1,1,0,1223223,3360,8201,11620,21029,65535,6978,33365,46702,59702,35265,65535,6985
1686463721,0,1,1,0,1223223,3359,8200,11623,21021,65535,6980,33377,46696,59700,35260,65535,6988
1686463727,0,1,1,0,1223223,3358,8198,11617,21017,65535,6974,33379,46690,59697,35255,65535,6986
1686463733,0,1,1,0,1223223,3339,8146,11536,20880,65535,6927,33167,46409,59325,35047,65535,6938
1686463739,0,1,1,0,1223223,3360,8201,11625,21017,65535,6978,33321,46618,59605,35204,65535,6975
1686463745,0,1,1,0,1223223,3359,8200,11621,21022,65535,6974,33362,46692,59709,35260,65535,6988
1686463751,0,1,1,0,1223223,3356,8187,11603,20993,65535,6964,33367,46680,59698,35252,65535,6986
1686463757,0,1,1,0,1223223,3341,8153,11546,20894,65535,6936,33161,46397,59329,35035,65535,6936
1686463763,0,1,1,0,1223223,3359,8204,11626,21015,65535,6974,33379,46699,59714,35262,65535,6987
1686463769,0,1,1,0,1223223,3357,8202,11627,21034,65535,6972,33377,46687,59710,35258,65535,6987
1686463775,0,1,1,0,1223223,3356,8202,11622,21019,65535,6976,33339,46677,59676,35244,65535,6984
1686463781,0,1,1,0,1223223,3360,8198,11622,21024,65535,6976,33378,46692,59709,35252,65535,6982
1686463787,0,1,1,0,1223223,3359,8198,11616,21016,65535,6974,33383,46709,59713,35271,65535,6987
1686463793,0,1,1,0,1223223,3345,8170,11577,20945,65535,6952,33350,46685,59703,35263,65535,6986
1686463799,0,1,1,0,1223223,3358,8198,11620,21021,65535,6974,33364,46674,59696,35250,65535,6986
1686463805,0,1,1,0,1223223,3361,8198,11627,21032,65535,6978,33381,46691,59690,35255,65535,6984
1686463811,0,1,1,0,1223223,3358,8196,11619,21020,65535,6976,33374,46680,59699,35259,65535,6986
1686463817,0,1,1,0,1223223,3355,8190,11599,20995,65535,6966,33338,46636,59634,35221,65535,6978
1686463823,0,1,1,0,1223223,3344,8160,11562,20919,65535,6940,33379,46687,59710,35262,65535,6986
1686463829,0,1,1,0,1223223,3361,8200,11624,21032,65535,6976,33374,46687,59698,35266,65535,6984
1686463835,0,1,1,0,1223223,3353,8186,11603,20991,65535,6962,33372,46684,59673,35237,65535,6984
1686463841,0,1,1,0,1223223,3359,8201,11619,21009,65535,6975,33365,46671,59702,35245,65535,6980
1686463847,0,1,1,0,1223223,3354,8186,11600,20984,65535,6964,33097,46307,59195,34968,65535,6926
1686463853,0,1,1,0,1223223,3355,8195,11616,21012,65535,6972,33337,46665,59673,35243,65535,6982
1686463859,0,1,1,0,1223223,3359,8200,11621,21023,65535,6974,33378,46679,59667,35250,65535,6985
1686463865,0,1,1,0,1223223,3357,8197,11617,21024,65535,6976,33359,46667,59692,35246,65535,6983
1686463871,0,1,1,0,1223223,3358,8197,11620,21020,65535,6974,33285,46567,59559,35174,65535,6966
1686463877,0,1,1,0,1223223,3359,8200,11624,21024,65535,6974,33365,46678,59695,35236,65535,6984
1686463883,0,1,1,0,1223223,3358,8198,11616,21021,65535,6976,33346,46637,59638,35221,65535,6978
1686463889,0,1,1,0,1223223,3353,8187,11602,20988,65535,6966,33138,46361,59264,35015,65535,6935
1686463895,0,1,1,0,1223223,3358,8198,11620,21016,65535,6976,33365,46660,59689,35253,65535,6982
1686463901,0,1,1,0,1223223,3353,8186,11598,20987,65535,6964,33345,46644,59665,35225,65535,6978
1686463907,0,1,1,0,1223223,3358,8197,11619,21018,65535,6974,33368,46678,59675,35251,65535,6979
1686463913,0,1,1,0,1223223,3358,8200,11621,21020,65535,6974,33343,46663,59671,35229,65535,6980
1686463919,0,1,1,0,1223223,3346,8166,11576,20949,65535,6948,33375,46694,59714,35259,65535,6988
1686463925,0,1,1,0,1223223,3358,8202,11624,21024,65535,6972,33354,46674,59684,35244,65535,6981
1686463931,0,1,1,0,1223223,3358,8198,11622,21020,65535,6975,33294,46580,59561,35177,65535,6970
1686463937,0,1,1,0,1223223,3355,8192,11613,21007,65535,6969,33375,46695,59709,35256,65535,6984
1686463943,0,1,1,0,1223223,3357,8194,11614,21007,65535,6969,33376,46694,59705,35258,65535,6982
1686463949,0,1,1,0,1223223,3355,8188,11605,20987,65535,6966,33366,46680,59694,35259,65535,6980
1686463955,0,1,1,0,1223223,3359,8201,11622,21021,65535,6978,33372,46682,59694,35259,65535,6987
1686463961,0,1,1,0,1223223,3359,8203,11625,21030,65535,6974,33372,46689,59699,35262,65535,6988
1686463967,0,1,1,0,1223223,3359,8200,11620,21024,65535,6976,33387,46718,59718,35254,65535,6986
1686463973,0,1,1,0,1223223,3359,8203,11623,21025,65535,6974,33369,46688,59697,35261,65535,6986
1686463979,0,1,1,0,1223223,3353,8183,11596,20980,65535,6961,33386,46714,59724,35273,65535,6984
1686463985,0,1,1,0,1223223,3353,8187,11600,20991,65535,6964,33378,46710,59707,35261,65535,6984
1686463991,0,1,1,0,1223223,3359,8200,11622,21029,65535,6978,33377,46691,59733,35272,65535,6986
1686463997,0,1,1,0,1223223,3357,8196,11614,21019,65535,6976,33238,46499,59500,35129,65535,6960
1686464003,0,1,1,0,1223223,3359,8204,11630,21033,65535,6979,33243,46515,59474,35130,65535,6960
1686464009,0,1,1,0,1223223,3358,8198,11621,21023,65535,6976,33368,46665,59665,35253,65535,6981
1686464015,0,1,1,0,1223223,3356,8190,11608,21008,65535,6966,33372,46705,59693,35264,65535,6986
1686464021,0,1,1,0,1223223,3338,8144,11541,20886,65535,6932,33357,46683,59669,35235,65535,6982
1686464027,0,1,1,0,1223223,3359,8200,11621,21017,65535,6976,33304,46596,59597,35177,65535,6970
1686464033,0,1,1,0,1223223,3354,8193,11609,20995,65535,6966,33352,46655,59672,35242,65535,6982
1686464039,0,1,1,0,1223223,3359,8199,11615,21018,65535,6978,33370,46686,59688,35256,65535,6985
1686464045,0,1,1,0,1223223,3354,8190,11604,20996,65535,6962,33369,46690,59703,35243,65535,6986
1686464051,0,1,1,0,1223223,3359,8201,11621,21022,65535,6978,33344,46652,59658,35229,65535,6980
1686464057,0,1,1,0,1223223,3359,8197,11618,21022,65535,6978,33359,46675,59691,35256,65535,6986
1686464063,0,1,1,0,1223223,3353,8188,11599,20988,65535,6964,33375,46696,59690,35260,65535,6983
1686464069,0,1,1,0,1223223,3346,8168,11578,20944,65535,6950,33360,46667,59686,35250,65535,6985
1686464075,0,1,1,0,1223223,3358,8200,11621,21019,65535,6976,33366,46674,59689,35250,65535,6984
1686464081,0,1,1,0,1223223,3338,8144,11539,20873,65535,6930,33285,46558,59557,35167,65535,6964
1686464087,0,1,1,0,1223223,3356,8195,11615,21014,65535,6972,33367,46670,59694,35238,65535,6982
1686464093,0,1,1,0,1223223,3358,8200,11610,21007,65535,6974,33361,46652,59675,35247,65535,6982
1686464099,0,1,1,0,1223223,3358,8199,11619,21013,65535,6973,33357,46668,59679,35249,65535,6983
1686464105,0,1,1,0,1223223,3358,8197,11614,21020,65535,6972,33367,46680,59698,35259,65535,6985
1686464111,0,1,1,0,1223223,3358,8200,11611,21026,65535,6975,33372,46679,59678,35257,65535,6984
1686464117,0,1,1,0,1223223,3357,8198,11618,21012,65535,6976,33367,46680,59690,35254,65535,6982
1686464123,0,1,1,0,1223223,3357,8197,11612,21018,65535,6974,33216,46461,59426,35104,65535,6952
1686464129,0,1,1,0,1223223,3358,8197,11617,21016,65535,6972,33382,46673,59719,35252,65535,6984
1686464135,0,1,1,0,1223223,3359,8200,11619,21028,65535,6974,33361,46693,59695,35254,65535,6982
1686464141,0,1,1,0,1223223,3357,8199,11609,21017,65535,6976,33363,46681,59681,35254,65535,6984
1686464147,0,1,1,0,1223223,3356,8197,11617,21022,65535,6974,33352,46667,59680,35233,65535,6988
1686464153,0,1,1,0,1223223,3357,8197,11615,21021,65535,6970,33366,46688,59692,35238,65535,6986
1686464159,0,1,1,0,1223223,3345,8169,11566,20948,65535,6950,32911,46041,58841,34757,65535,6888
1686464165,0,1,1,0,1223223,3356,8192,11604,21005,65535,6968,33289,46595,59543,35169,65535,6966
1686464171,0,1,1,0,1223223,3357,8198,11614,21005,65535,6976,33356,46684,59672,35254,65535,6984
1686464177,0,1,1,0,1223223,3360,8204,11627,21027,65535,6976,33367,46693,59680,35253,65535,6986
1686464183,0,1,1,0,1223223,3357,8198,11619,21024,65535,6976,33358,46657,59655,35249,65535,6983
1686464189,0,1,1,0,1223223,3356,8199,11614,21008,65535,6976,33361,46684,59675,35249,65535,6983
1686464195,0,1,1,0,1223223,3359,8201,11616,21021,65535,6974,33374,46678,59705,35246,65535,6986
1686464201,0,1,1,0,1223223,3358,8203,11617,21025,65535,6973,33356,46679,59658,35255,65535,6982
1686464207,0,1,1,0,1223223,3358,8199,11610,21005,65535,6970,33322,46624,59634,35216,65535,6979
1686464213,0,1,1,0,1223223,3351,8184,11588,20983,65535,6962,33345,46666,59645,35223,65535,6980
1686464219,0,1,1,0,1223223,3358,8202,11618,21023,65535,6974,33376,46701,59688,35263,65535,6985
1686464225,0,1,1,0,1223223,3356,8193,11603,21008,65535,6968,33370,46699,59711,35258,65535,6982
1686464231,0,1,1,0,1223223,3357,8201,11617,21024,65535,6978,33269,46557,59513,35157,65535,6964
1686464237,0,1,1,0,1223223,3356,8200,11615,21019,65535,6972,33346,46674,59674,35244,65535,6982
1686464243,0,1,1,0,1223223,3330,8131,11508,20843,65535,6906,33254,46538,59472,35125,65535,6960
1686464249,0,1,1,0,1223223,3356,8193,11611,21011,65535,6968,33355,46676,59679,35230,65535,6984
1686464255,0,1,1,0,1223223,3357,8197,11613,21016,65535,6972,33343,46664,59673,35242,65535,6978
1686464261,0,1,1,0,1223223,3358,8199,11616,21025,65535,6975,33361,46697,59690,35255,65535,6982
1686464267,0,1,1,0,1223223,3357,8200,11617,21022,65535,6974,33354,46684,59693,35253,65535,6984
1686464273,0,1,1,0,1223223,3358,8198,11615,21026,65535,6976,33359,46690,59679,35249,65535,6982
1686464279,0,1,1,0,1223223,3358,8203,11613,21016,65535,6972,33376,46703,59703,35269,65535,6986
1686464285,0,1,1,0,1223223,3356,8200,11614,21019,65535,6974,33351,46669,59657,35248,65535,6981
1686464291,0,1,1,0,1223223,3357,8199,11614,21021,65535,6972,33351,46647,59665,35224,65535,6980
1686464297,0,1,1,0,1223223,3356,8199,11615,21007,65535,6973,33360,46680,59648,35229,65535,6982
1686464303,0,1,1,0,1223223,3356,8198,11604,21014,65535,6976,33348,46666,59656,35239,65535,6980
1686464309,0,1,1,0,1223223,3358,8198,11608,21017,65535,6974,33366,46688,59697,35257,65535,6984
1686464315,0,1,1,0,1223223,3345,8168,11570,20944,65535,6950,33352,46676,59652,35247,65535,6982
1686464321,0,1,1,0,1223223,3357,8199,11610,21020,65535,6973,33361,46683,59659,35249,65535,6984
1686464327,0,1,1,0,1223223,3357,8201,11616,21027,65535,6973,33363,46687,59650,35247,65535,6984
1686464333,0,1,1,0,1223223,3357,8201,11614,21012,65535,6976,33366,46686,59673,35260,65535,6984
1686464339,0,1,1,0,1223223,3359,8201,11621,21025,65535,6976,33373,46694,59679,35235,65535,6980
1686464345,0,1,1,0,1223223,3359,8201,11617,21016,65535,6974,33369,46696,59680,35257,65535,6982
1686464351,0,1,1,0,1223223,3356,8196,11605,21012,65535,6970,33365,46682,59686,35256,65535,6982
1686464357,0,1,1,0,1223223,3358,8205,11619,21030,65535,6974,33361,46685,59697,35236,65535,6982
1686464363,0,1,1,0,1223223,3358,8202,11624,21021,65535,6975,33358,46682,59676,35247,65535,6980
1686464369,0,1,1,0,1223223,3358,8201,11618,21018,65535,6976,33375,46700,59715,35246,65535,6984
1686464375,0,1,1,0,1223223,3359,8202,11615,21017,65535,6974,33369,46691,59676,35263,65535,6984
1686464381,0,1,1,0,1223223,3356,8198,11612,21029,65535,6974,33379,46689,59681,35241,65535,6984
1686464387,0,1,1,0,1223223,3357,8202,11620,21032,65535,6976,33323,46628,59627,35196,65535,6974
1686464393,0,1,1,0,1223223,3358,8194,11615,21034,65535,6979,33366,46681,59677,35250,65535,6983
1686464399,0,1,1,0,1223223,3359,8199,11618,21025,65535,6978,33357,46670,59665,35248,65535,6982
1686464405,0,1,1,0,1223223,3360,8204,11626,21035,65535,6976,33365,46688,59698,35273,65535,6986
1686464411,0,1,1,0,1223223,3356,8198,11613,21011,65535,6972,33201,46446,59424,35085,65535,6950
1686464417,0,1,1,0,1223223,3356,8197,11614,21004,65535,6971,33332,46652,59625,35224,65535,6976
1686464423,0,1,1,0,1223223,3353,8190,11600,20997,65535,6965,33359,46680,59674,35256,65535,6982
1686464429,0,1,1,0,1223223,3352,8184,11598,20998,65535,6962,33365,46690,59692,35255,65535,6984
1686464435,0,1,1,0,1223223,3356,8197,11610,21008,65535,6976,33363,46668,59673,35232,65535,6984
1686464441,0,1,1,0,1223223,3341,8151,11555,20902,65535,6940,33364,46685,59670,35257,65535,6984
1686464447,0,1,1,0,1223223,3347,8172,11576,20942,65535,6952,33375,46703,59703,35252,65535,6985
1686464453,0,1,1,0,1223223,3356,8199,11616,21018,65535,6970,33353,46672,59667,35250,65535,6982
1686464459,0,1,1,0,1223223,3356,8198,11611,21017,65535,6972,33363,46656,59679,35249,65535,6985
1686464465,0,1,1,0,1223223,3359,8200,11621,21023,65535,6973,33312,46592,59602,35201,65535,6970
1686464471,0,1,1,0,1223223,3348,8177,11583,20961,65535,6956,33366,46664,59689,35255,65535,6982
1686464477,0,1,1,0,1223223,3359,8201,11614,21031,65535,6974,33364,46679,59686,35248,65535,6985
1686464483,0,1,1,0,1223223,3360,8198,11613,21020,65535,6976,33360,46676,59662,35251,65535,6984
1686464489,0,1,1,0,1223223,3318,8096,11459,20762,65535,6882,33362,46673,59670,35249,65535,6983
1686464495,0,1,1,0,1223223,3357,8199,11617,21026,65535,6973,33383,46694,59679,35243,65535,6984
1686464501,0,1,1,0,1223223,3358,8197,11615,21018,65535,6970,33235,46486,59433,35087,65535,6954
1686464507,0,1,1,0,1223223,3356,8194,11608,21012,65535,6974,33362,46649,59707,35246,65535,6982
1686464513,0,1,1,0,1223223,3356,8198,11615,21023,65535,6970,33357,46668,59666,35251,65535,6985
1686464519,0,1,1,0,1223223,3356,8192,11607,21018,65535,6972,33362,46667,59685,35257,65535,6986
1686464525,0,1,1,0,1223223,3359,8199,11617,21034,65535,6976,33359,46672,59695,35250,65535,6984
1686464531,0,1,1,0,1223223,3356,8198,11614,21017,65535,6976,33373,46690,59711,35255,65535,6986
1686464537,0,1,1,0,1223223,3356,8193,11611,21003,65535,6970,33221,46488,59415,35101,65535,6956
1686464543,0,1,1,0,1223223,3350,8174,11584,20966,65535,6956,33335,46625,59624,35218,65535,6976
1686464549,0,1,1,0,1223223,3358,8200,11615,21020,65535,6975,33335,46637,59662,35230,65535,6981
1686464555,0,1,1,0,1223223,3357,8197,11612,21011,65535,6974,33374,46684,59691,35243,65535,6984
1686464561,0,1,1,0,1223223,3353,8184,11590,20973,65535,6964,33366,46678,59703,35253,65535,6985
1686464567,0,1,1,0,1223223,3356,8202,11613,21021,65535,6974,33377,46682,59704,35258,65535,6986
1686464573,0,1,1,0,1223223,3351,8189,11599,20997,65535,6968,33330,46624,59618,35212,65535,6976
1686464579,0,1,1,0,1223223,3346,8173,11580,20959,65535,6952,33366,46681,59688,35252,65535,6986
1686464585,0,1,1,0,1223223,3357,8199,11613,21023,65535,6975,33356,46673,59693,35248,65535,6985
1686464591,0,1,1,0,1223223,3357,8196,11614,21025,65535,6972,33154,46384,59321,35014,65535,6941
1686464597,0,1,1,0,1223223,3357,8196,11611,21005,65535,6974,33358,46685,59684,35244,65535,6982
1686464603,0,1,1,0,1223223,3355,8198,11620,21023,65535,6976,33356,46668,59686,35247,65535,6980
1686464609,0,1,1,0,1223223,3359,8199,11613,21027,65535,6977,33358,46667,59656,35265,65535,6982
1686464615,0,1,1,0,1223223,3354,8190,11602,21003,65535,6966,33350,46654,59654,35217,65535,6978
1686464621,0,1,1,0,1223223,3352,8181,11595,20977,65535,6960,33361,46672,59663,35246,65535,6976
1686464627,0,1,1,0,1223223,3356,8193,11615,21015,65535,6970,33363,46664,59668,35251,65535,6982
1686464633,0,1,1,0,1223223,3356,8200,11612,21017,65535,6976,33373,46680,59709,35252,65535,6982
1686464639,0,1,1,0,1223223,3344,8160,11566,20923,65535,6942,33345,46648,59658,35225,65535,6978
1686464645,0,1,1,0,1223223,3357,8196,11613,21023,65535,6974,33359,46666,59668,35239,65535,6978
1686464651,0,1,1,0,1223223,3356,8201,11616,21021,65535,6974,33348,46657,59650,35235,65535,6980
1686464657,0,1,1,0,1223223,3356,8199,11615,21024,65535,6976,33353,46681,59684,35261,65535,6986
1686464663,0,1,1,0,1223223,3335,8134,11516,20857,65535,6918,33369,46681,59705,35250,65535,6986
1686464669,0,1,1,0,1223223,3355,8189,11601,21006,65535,6968,33362,46669,59674,35249,65535,6978
1686464675,0,1,1,0,1223223,3359,8200,11614,21014,65535,6974,33383,46694,59672,35263,65535,6985
1686464681,0,1,1,0,1223223,3358,8198,11615,21021,65535,6974,33365,46682,59675,35258,65535,6984
1686464687,0,1,1,0,1223223,3358,8197,11613,21020,65535,6970,33342,46669,59667,35243,65535,6984
1686464693,0,1,1,0,1223223,3357,8195,11610,21018,65535,6974,33357,46658,59663,35245,65535,6986
1686464699,0,1,1,0,1223223,3358,8199,11618,21015,65535,6972,33356,46680,59659,35245,65535,6982
1686464705,0,1,1,0,1223223,3358,8198,11612,21017,65535,6974,33361,46663,59655,35237,65535,6981
1686464711,0,1,1,0,1223223,3359,8197,11615,21021,65535,6976,33374,46675,59707,35248,65535,6981
1686464717,0,1,1,0,1223223,3344,8160,11564,20929,65535,6940,33244,46499,59453,35098,65535,6956
1686464723,0,1,1,0,1223223,3358,8195,11615,21004,65535,6971,33367,46667,59662,35233,65535,6986
1686464729,0,1,1,0,1223223,3357,8197,11618,21025,65535,6976,33378,46663,59674,35252,65535,6984
1686464735,0,1,1,0,1223223,3355,8192,11610,21009,65535,6970,33302,46586,59569,35188,65535,6969
1686464741,0,1,1,0,1223223,3360,8198,11620,21025,65535,6972,33373,46671,59708,35251,65535,6984
1686464747,0,1,1,0,1223223,3358,8198,11616,21014,65535,6973,33354,46659,59689,35226,65535,6986
1686464753,0,1,1,0,1223223,3352,8181,11590,20969,65535,6960,33359,46682,59660,35245,65535,6983
1686464759,0,1,1,0,1223223,3356,8198,11621,21023,65535,6974,33362,46674,59665,35245,65535,6984
1686464765,0,1,1,0,1223223,3356,8197,11616,21015,65535,6971,33346,46654,59669,35237,65535,6982
1686464771,0,1,1,0,1223223,3358,8199,11616,21027,65535,6978,33369,46678,59690,35255,65535,6986
1686464777,0,1,1,0,1223223,3358,8199,11622,21029,65535,6974,33360,46669,59691,35249,65535,6986
1686464783,0,1,1,0,1223223,3357,8196,11618,21012,65535,6975,33367,46670,59699,35249,65535,6984
1686464789,0,1,1,0,1223223,3358,8202,11614,21021,65535,6976,33369,46681,59705,35252,65535,6984
1686464795,0,1,1,0,1223223,3355,8189,11601,21000,65535,6966,33373,46680,59698,35241,65535,6986
1686464801,0,1,1,0,1223223,3358,8200,11614,21024,65535,6977,33375,46689,59684,35260,65535,6982
1686464807,0,1,1,0,1223223,3356,8197,11611,20999,65535,6973,33340,46642,59635,35233,65535,6980
1686464813,0,1,1,0,1223223,3354,8187,11602,21001,65535,6968,33010,46170,59042,34888,65535,6910
1686464819,0,1,1,0,1223223,3356,8196,11613,21019,65535,6974,33350,46661,59665,35242,65535,6984
1686464825,0,1,1,0,1223223,3351,8178,11586,20969,65535,6959,33063,46243,59146,34944,65535,6922
1686464831,0,1,1,0,1223223,3357,8193,11607,21016,65535,6974,33349,46663,59672,35240,65535,6978
1686464837,0,1,1,0,1223223,3357,8198,11614,21009,65535,6974,33285,46591,59521,35170,65535,6966
1686464843,0,1,1,0,1223223,3357,8201,11617,21018,65535,6974,33363,46668,59685,35257,65535,6984
1686464849,0,1,1,0,1223223,3356,8195,11613,21019,65535,6974,33357,46661,59671,35226,65535,6982
1686464855,0,1,1,0,1223223,3355,8195,11608,21001,65535,6974,33315,46624,59598,35190,65535,6974
1686464861,0,1,1,0,1223223,3345,8163,11569,20940,65535,6944,33360,46663,59674,35247,65535,6986
1686464867,0,1,1,0,1223223,3357,8198,11617,21009,65535,6977,33365,46677,59697,35252,65535,6983
1686464873,0,1,1,0,1223223,3345,8165,11562,20938,65535,6945,33180,46412,59371,35073,65535,6947
1686464879,0,1,1,0,1223223,3354,8193,11603,21007,65535,6968,33239,46514,59464,35133,65535,6959
1686464885,0,1,1,0,1223223,3331,8131,11513,20838,65535,6914,33158,46397,59341,35059,65535,6944
1686464891,0,1,1,0,1223223,3358,8199,11618,21024,65535,6974,33352,46668,59675,35244,65535,6984
1686464897,0,1,1,0,1223223,3353,8188,11603,20990,65535,6966,33355,46661,59686,35234,65535,6983
1686464903,0,1,1,0,1223223,3355,8192,11604,21001,65535,6972,33324,46630,59637,35194,65535,6977
1686464909,0,1,1,0,1223223,3358,8199,11617,21026,65535,6976,33349,46652,59666,35236,65535,6978
1686464915,0,1,1,0,1223223,3353,8190,11598,20989,65535,6964,33360,46673,59691,35252,65535,6984
1686464921,0,1,1,0,1223223,3357,8200,11619,21010,65535,6973,33321,46634,59601,35203,65535,6970
1686464927,0,1,1,0,1223223,3356,8197,11610,21016,65535,6971,33355,46671,59654,35241,65535,6984
1686464933,0,1,1,0,1223223,3354,8196,11610,21010,65535,6972,33348,46670,59664,35239,65535,6982
1686464939,0,1,1,0,1223223,3356,8197,11612,21022,65535,6975,33196,46465,59404,35076,65535,6949
1686464945,0,1,1,0,1223223,3355,8195,11612,21003,65535,6972,33365,46682,59664,35249,65535,6984
1686464951,0,1,1,0,1223223,3358,8201,11620,21021,65535,6976,33352,46670,59675,35230,65535,6978
1686464957,0,1,1,0,1223223,3357,8198,11618,21012,65535,6974,33355,46664,59661,35237,65535,6984
1686464963,0,1,1,0,1223223,3355,8198,11612,21015,65535,6974,33356,46672,59653,35241,65535,6980
1686464969,0,1,1,0,1223223,3356,8199,11615,21016,65535,6970,33334,46657,59682,35221,65535,6984
1686464975,0,1,1,0,1223223,3357,8201,11621,21023,65535,6976,33364,46684,59692,35252,65535,6983
1686464981,0,1,1,0,1223223,3358,8199,11611,21022,65535,6978,33358,46685,59679,35233,65535,6986
1686464987,0,1,1,0,1223223,3351,8182,11587,20971,65535,6962,33364,46662,59656,35240,65535,6980
1686464993,0,1,1,0,1223223,3348,8172,11572,20960,65535,6954,33255,46522,59474,35137,65535,6960
1686464999,0,1,1,0,1223223,3353,8182,11593,20977,65535,6964,33315,46638,59627,35201,65535,6976
1686465005,0,1,1,0,1223223,3356,8193,11617,21016,65535,6974,33359,46688,59677,35247,65535,6984
1686465011,0,1,1,0,1223223,3356,8198,11613,21022,65535,6974,33355,46667,59694,35234,65535,6981
1686465017,0,1,1,0,1223223,3357,8201,11615,21023,65535,6974,33373,46667,59673,35243,65535,6986
1686465023,0,1,1,0,1223223,3357,8200,11619,21024,65535,6974,33362,46682,59687,35253,65535,6986
1686465029,0,1,1,0,1223223,3356,8200,11616,21024,65535,6978,33349,46651,59690,35236,65535,6978
1686465035,0,1,1,0,1223223,3358,8200,11614,21021,65535,6974,33355,46671,59677,35229,65535,6982
1686465041,0,1,1,0,1223223,3356,8196,11613,21006,65535,6974,33347,46656,59668,35237,65535,6984
1686465047,0,1,1,0,1223223,3345,8169,11569,20947,65535,6949,33296,46595,59591,35188,65535,6970
1686465053,0,1,1,0,1223223,3357,8200,11619,21011,65535,6973,33336,46632,59630,35216,65535,6978
1686465059,0,1,1,0,1223223,3355,8199,11618,21011,65535,6972,33357,46677,59672,35230,65535,6984
1686465065,0,1,1,0,1223223,3358,8199,11615,21023,65535,6972,33349,46656,59635,35213,65535,6980
1686465071,0,1,1,0,1223223,3358,8196,11613,21018,65535,6972,33348,46665,59661,35239,65535,6981
1686465077,0,1,1,0,1223223,3357,8195,11608,21013,65535,6972,33350,46656,59655,35221,65535,6978
1686465083,0,1,1,0,1223223,3357,8195,11608,21004,65535,6974,33339,46637,59660,35216,65535,6978
1686465089,0,1,1,0,1223223,3358,8198,11615,21021,65535,6973,33357,46668,59679,35226,65535,6982
1686465095,0,1,1,0,1223223,3357,8196,11613,21004,65535,6972,33362,46672,59684,35251,65535,6982
1686465101,0,1,1,0,1223223,3355,8197,11611,21012,65535,6972,33288,46565,59538,35166,65535,6970
1686465107,0,1,1,0,1223223,3356,8194,11615,21017,65535,6970,33348,46664,59655,35239,65535,6978
1686465113,0,1,1,0,1223223,3342,8154,11554,20910,65535,6936,33301,46584,59597,35187,65535,6972
1686465119,0,1,1,0,1223223,3357,8198,11620,21008,65535,6974,33353,46662,59658,35247,65535,6982
1686465125,0,1,1,0,1223223,3355,8192,11611,21001,65535,6972,33044,46236,59103,34921,65535,6920
1686465131,0,1,1,0,1223223,3356,8193,11610,21015,65535,6970,33344,46671,59678,35235,65535,6981
1686465137,0,1,1,0,1223223,3358,8198,11613,21021,65535,6972,33354,46675,59665,35236,65535,6979
1686465143,0,1,1,0,1223223,3356,8196,11612,21016,65535,6973,33360,46671,59665,35249,65535,6981
1686465149,0,1,1,0,1223223,3356,8197,11614,21010,65535,6976,33339,46649,59652,35235,65535,6982
1686465155,0,1,1,0,1223223,3356,8197,11615,21023,65535,6974,33358,46671,59671,35228,65535,6986
1686465161,0,1,1,0,1223223,3358,8197,11611,21021,65535,6974,33359,46665,59668,35246,65535,6982
1686465167,0,1,1,0,1223223,3357,8197,11612,21011,65535,6976,33355,46651,59676,35236,65535,6980
1686465173,0,1,1,0,1223223,3356,8195,11608,21006,65535,6974,33369,46688,59698,35243,65535,6982
1686465179,0,1,1,0,1223223,3356,8195,11614,21011,65535,6972,33344,46647,59634,35237,65535,6978
1686465185,0,1,1,0,1223223,3348,8173,11577,20956,65535,6956,33292,46576,59533,35168,65535,6968
1686465191,0,1,1,0,1223223,3357,8193,11615,21009,65535,6976,33348,46663,59675,35235,65535,6980
1686465197,0,1,1,0,1223223,3359,8203,11623,21026,65535,6976,33363,46673,59702,35248,65535,6986
1686465203,0,1,1,0,1223223,3358,8201,11616,21023,65535,6976,33370,46683,59678,35254,65535,6986
1686465209,0,1,1,0,1223223,3357,8199,11613,21008,65535,6975,33376,46724,59684,35252,65535,6986
1686465215,0,1,1,0,1223223,3357,8200,11609,21015,65535,6972,33295,46580,59584,35183,65535,6972
1686465221,0,1,1,0,1223223,3357,8203,11616,21024,65535,6975,33353,46675,59678,35253,65535,6984
1686465227,0,1,1,0,1223223,3358,8196,11617,21011,65535,6974,33350,46657,59650,35228,65535,6979
1686465233,0,1,1,0,1223223,3346,8168,11574,20945,65535,6948,33365,46680,59695,35251,65535,6984
1686465239,0,1,1,0,1223223,3357,8196,11616,21018,65535,6976,33357,46673,59682,35242,65535,6982
1686465245,0,1,1,0,1223223,3343,8156,11554,20914,65535,6940,33365,46694,59668,35246,65535,6980
1686465251,0,1,1,0,1223223,3353,8188,11594,20981,65535,6964,33181,46438,59396,35059,65535,6946
1686465257,0,1,1,0,1223223,3357,8199,11617,21017,65535,6971,33342,46662,59667,35234,65535,6981
1686465263,0,1,1,0,1223223,3357,8200,11616,21019,65535,6974,33327,46648,59606,35223,65535,6976
1686465269,0,1,1,0,1223223,3357,8199,11616,21019,65535,6974,33369,46696,59701,35258,65535,6983
1686465275,0,1,1,0,1223223,3357,8194,11616,21015,65535,6974,33356,46680,59676,35265,65535,6984
1686465281,0,1,1,0,1223223,3356,8200,11611,21003,65535,6974,33353,46669,59665,35242,65535,6981
1686465287,0,1,1,0,1223223,3358,8198,11618,21021,65535,6972,33367,46678,59680,35252,65535,6980
1686465293,0,1,1,0,1223223,3357,8196,11611,21013,65535,6972,33379,46683,59691,35239,65535,6986
1686465299,0,1,1,0,1223223,3358,8201,11613,21023,65535,6976,33369,46685,59690,35235,65535,6982
1686465305,0,1,1,0,1223223,3358,8200,11622,21027,65535,6974,33357,46680,59673,35241,65535,6984
1686465311,0,1,1,0,1223223,3341,8155,11552,20907,65535,6938,33213,46475,59426,35092,65535,6952
1686465317,0,1,1,0,1223223,3334,8136,11528,20872,65535,6923,33332,46628,59626,35216,65535,6978
1686465323,0,1,1,0,1223223,3357,8200,11620,21010,65535,6974,33329,46618,59629,35228,65535,6976
1686465329,0,1,1,0,1223223,3357,8201,11618,21023,65535,6976,33365,46677,59675,35249,65535,6984
1686465335,0,1,1,0,1223223,3357,8201,11617,21006,65535,6974,33360,46668,59692,35248,65535,6980
1686465341,0,1,1,0,1223223,3356,8193,11613,21014,65535,6970,33317,46634,59604,35217,65535,6973
1686465347,0,1,1,0,1223223,3357,8195,11618,21025,65535,6972,33355,46664,59678,35249,65535,6986
1686465353,0,1,1,0,1223223,3338,8147,11539,20875,65535,6934,33233,46492,59420,35090,65535,6954
1686465359,0,1,1,0,1223223,3357,8198,11620,21024,65535,6976,33383,46689,59714,35246,65535,6986
1686465365,0,1,1,0,1223223,3357,8198,11618,21020,65535,6974,33070,46254,59134,34911,65535,6922
1686465371,0,1,1,0,1223223,3342,8155,11556,20902,65535,6936,33128,46356,59288,35012,65535,6936
1686465377,0,1,1,0,1223223,3359,8197,11616,21019,65535,6976,33346,46659,59664,35226,65535,6982
1686465383,0,1,1,0,1223223,3358,8204,11618,21033,65535,6976,33357,46680,59692,35251,65535,6980
1686465389,0,1,1,0,1223223,3359,8203,11618,21022,65535,6974,33345,46660,59645,35218,65535,6978
1686465395,0,1,1,0,1223223,3356,8197,11613,21014,65535,6972,33370,46680,59673,35250,65535,6985
1686465401,0,1,1,0,1223223,3360,8201,11624,21027,65535,6980,33382,46696,59718,35272,65535,6985
1686465407,0,1,1,0,1223223,3359,8200,11620,21018,65535,6974,33360,46673,59684,35246,65535,6982
1686465413,0,1,1,0,1223223,3358,8203,11619,21021,65535,6976,33372,46683,59686,35257,65535,6984
1686465419,0,1,1,0,1223223,3358,8199,11616,21021,65535,6976,33369,46686,59684,35253,65535,6986
1686465425,0,1,1,0,1223223,3357,8196,11611,21010,65535,6972,33374,46699,59697,35257,65535,6984
1686465431,0,1,1,0,1223223,3349,8174,11589,20964,65535,6954,33196,46432,59357,35057,65535,6946
1686465437,0,1,1,0,1223223,3360,8196,11621,21013,65535,6973,33377,46700,59697,35259,65535,6984
1686465443,0,1,1,0,1223223,3358,8198,11618,21024,65535,6976,33377,46687,59695,35248,65535,6984
1686465449,0,1,1,0,1223223,3358,8199,11619,21015,65535,6975,33347,46671,59685,35252,65535,6982
1686465455,0,1,1,0,1223223,3359,8198,11619,21030,65535,6976,33381,46692,59694,35268,65535,6984
1686465461,0,1,1,0,1223223,3358,8201,11623,21014,65535,6976,33369,46691,59671,35257,65535,6982
1686465467,0,1,1,0,1223223,3358,8200,11624,21017,65535,6976,33362,46698,59694,35232,65535,6984
1686465473,0,1,1,0,1223223,3358,8195,11616,21005,65535,6974,33365,46679,59683,35259,65535,6986
1686465479,0,1,1,0,1223223,3358,8194,11618,21015,65535,6972,33372,46672,59682,35253,65535,6982
1686465485,0,1,1,0,1223223,3358,8199,11621,21021,65535,6974,33372,46681,59698,35254,65535,6986
1686465491,0,1,1,0,1223223,3358,8194,11610,21011,65535,6972,33360,46672,59688,35249,65535,6984
1686465497,0,1,1,0,1223223,3358,8197,11619,21018,65535,6976,33350,46649,59665,35239,65535,6982
1686465503,0,1,1,0,1223223,3356,8199,11616,21016,65535,6975,33363,46665,59684,35245,65535,6986
1686465509,0,1,1,0,1223223,3357,8198,11612,21023,65535,6972,33365,46683,59691,35251,65535,6984
1686465515,0,1,1,0,1223223,3349,8177,11589,20968,65535,6956,33338,46638,59657,35222,65535,6978
1686465521,0,1,1,0,1223223,3357,8192,11611,21013,65535,6970,33213,46495,59454,35112,65535,6956
1686465527,0,1,1,0,1223223,3345,8167,11565,20934,65535,6944,33122,46355,59290,35006,65535,6936
1686465533,0,1,1,0,1223223,3360,8201,11624,21027,65535,6976,33329,46649,59655,35241,65535,6982
1686465539,0,1,1,0,1223223,3359,8201,11624,21026,65535,6976,33372,46682,59681,35257,65535,6982
1686465545,0,1,1,0,1223223,3357,8202,11617,21023,65535,6976,33356,46643,59669,35248,65535,6982
1686465551,0,1,1,0,1223223,3358,8199,11616,21025,65535,6974,33373,46689,59689,35240,65535,6986
1686465557,0,1,1,0,1223223,3350,8176,11581,20968,65535,6958,33372,46678,59692,35238,65535,6979
1686465563,0,1,1,0,1223223,3358,8198,11617,21022,65535,6974,33361,46673,59677,35252,65535,6982
1686465569,0,1,1,0,1223223,3356,8189,11603,20996,65535,6966,33363,46687,59685,35250,65535,6988
1686465575,0,1,1,0,1223223,3354,8189,11602,20994,65535,6965,33341,46647,59647,35200,65535,6975
1686465581,0,1,1,0,1223223,3357,8192,11609,21011,65535,6969,33359,46681,59659,35270,65535,6984
1686465587,0,1,1,0,1223223,3356,8195,11614,21013,65535,6973,33357,46671,59673,35250,65535,6982
1686465593,0,1,1,0,1223223,3358,8199,11609,21011,65535,6972,33358,46680,59696,35253,65535,6982
1686465599,0,1,1,0,1223223,3356,8194,11610,21001,65535,6976,33360,46662,59655,35246,65535,6980
1686465605,0,1,1,0,1223223,3357,8196,11615,21020,65535,6970,33356,46662,59673,35242,65535,6978
1686465611,0,1,1,0,1223223,3356,8195,11610,21018,65535,6972,33344,46637,59655,35228,65535,6980
1686465617,0,1,1,0,1223223,3357,8199,11614,21018,65535,6975,33374,46683,59695,35254,65535,6983
1686465623,0,1,1,0,1223223,3357,8198,11616,21022,65535,6974,33353,46674,59681,35250,65535,6982
1686465629,0,1,1,0,1223223,3357,8198,11615,21017,65535,6974,33364,46680,59676,35250,65535,6982
1686465635,0,1,1,0,1223223,3357,8198,11615,21018,65535,6976,33351,46674,59668,35246,65535,6982
1686465641,0,1,1,0,1223223,3354,8198,11611,21013,65535,6968,33348,46654,59661,35235,65535,6979
1686465647,0,1,1,0,1223223,3357,8194,11614,21017,65535,6972,33293,46573,59559,35173,65535,6966
1686465653,0,1,1,0,1223223,3357,8198,11619,21023,65535,6974,33356,46665,59663,35250,65535,6984
1686465659,0,1,1,0,1223223,3354,8198,11611,21019,65535,6974,33338,46658,59638,35235,65535,6981
1686465665,0,1,1,0,1223223,3358,8195,11610,21019,65535,6973,33358,46663,59658,35246,65535,6982
1686465671,0,1,1,0,1223223,3356,8195,11615,21015,65535,6972,33354,46658,59680,35247,65535,6982
1686465677,0,1,1,0,1223223,3356,8193,11614,21014,65535,6969,33326,46658,59640,35235,65535,6976
1686465683,0,1,1,0,1223223,3355,8194,11612,21009,65535,6972,33342,46653,59636,35226,65535,6981
1686465689,0,1,1,0,1223223,3356,8195,11613,21017,65535,6973,33360,46672,59675,35252,65535,6982
1686465695,0,1,1,0,1223223,3357,8194,11609,21024,65535,6970,33359,46660,59685,35244,65535,6982
1686465701,0,1,1,0,1223223,3356,8192,11609,21011,65535,6970,33352,46635,59661,35238,65535,6976
1686465707,0,1,1,0,1223223,3357,8195,11612,21016,65535,6970,33349,46669,59660,35244,65535,6982
1686465713,0,1,1,0,1223223,3349,8172,11580,20953,65535,6952,33344,46653,59646,35234,65535,6982
1686465719,0,1,1,0,1223223,3357,8196,11610,21018,65535,6972,33353,46665,59660,35249,65535,6982
1686465725,0,1,1,0,1223223,3351,8188,11601,20993,65535,6962,33218,46463,59436,35104,65535,6954
1686465731,0,1,1,0,1223223,3356,8194,11607,21010,65535,6970,33347,46660,59675,35232,65535,6980
1686465737,0,1,1,0,1223223,3346,8169,11576,20954,65535,6952,33347,46649,59676,35240,65535,6981
1686465743,0,1,1,0,1223223,3354,8192,11605,21012,65535,6970,33344,46659,59668,35219,65535,6980
1686465749,0,1,1,0,1223223,3356,8196,11612,21017,65535,6969,33354,46661,59650,35239,65535,6980
1686465755,0,1,1,0,1223223,3350,8187,11596,20986,65535,6964,33346,46640,59646,35239,65535,6980
1686465761,0,1,1,0,1223223,3355,8196,11608,21024,65535,6970,33342,46651,59651,35238,65535,6982
1686465767,0,1,1,0,1223223,3349,8176,11578,20965,65535,6955,33343,46645,59646,35215,65535,6980
1686465773,0,1,1,0,1223223,3356,8193,11609,21001,65535,6968,33337,46652,59628,35219,65535,6979
1686465779,0,1,1,0,1223223,3356,8194,11613,21014,65535,6970,33364,46654,59669,35221,65535,6981
1686465785,0,1,1,0,1223223,3357,8195,11612,21001,65535,6971,33360,46663,59661,35227,65535,6982
1686465791,0,1,1,0,1223223,3357,8197,11614,21017,65535,6974,33350,46657,59665,35241,65535,6982
1686465797,0,1,1,0,1223223,3357,8196,11613,21017,65535,6972,33357,46679,59671,35244,65535,6982
1686465803,0,1,1,0,1223223,3355,8193,11604,21008,65535,6968,33285,46572,59544,35173,65535,6967
1686465809,0,1,1,0,1223223,3337,8145,11539,20885,65535,6930,33356,46657,59681,35240,65535,6976
1686465815,0,1,1,0,1223223,3356,8195,11608,21012,65535,6973,33362,46666,59681,35247,65535,6981
1686465821,0,1,1,0,1223223,3356,8196,11613,21015,65535,6970,33350,46653,59647,35236,65535,6980
1686465827,0,1,1,0,1223223,3355,8194,11605,20998,65535,6971,33351,46641,59669,35229,65535,6980
1686465833,0,1,1,0,1223223,3356,8196,11617,21014,65535,6971,33246,46507,59463,35122,65535,6959
1686465839,0,1,1,0,1223223,3354,8197,11618,21009,65535,6974,33342,46654,59650,35220,65535,6983
1686465845,0,1,1,0,1223223,3356,8196,11615,21005,65535,6972,33354,46666,59668,35224,65535,6981
1686465851,0,1,1,0,1223223,3356,8193,11613,21015,65535,6970,33281,46566,59547,35165,65535,6967
1686465857,0,1,1,0,1223223,3341,8157,11555,20917,65535,6940,33135,46363,59281,34999,65535,6937
1686465863,0,1,1,0,1223223,3355,8191,11606,21013,65535,6972,33279,46568,59561,35167,65535,6964
1686465869,0,1,1,0,1223223,3357,8198,11608,21018,65535,6974,33348,46661,59661,35237,65535,6980
1686465875,0,1,1,0,1223223,3356,8198,11612,21018,65535,6972,33355,46659,59658,35245,65535,6981
1686465881,0,1,1,0,1223223,3355,8196,11606,21010,65535,6969,33309,46610,59599,35171,65535,6974
1686465887,0,1,1,0,1223223,3356,8196,11604,21010,65535,6972,33348,46638,59669,35247,65535,6980
1686465893,0,1,1,0,1223223,3356,8195,11610,21017,65535,6972,33355,46678,59676,35255,65535,6982
1686465899,0,1,1,0,1223223,3357,8198,11619,21009,65535,6972,33253,46525,59502,35119,65535,6959
1686465905,0,1,1,0,1223223,3354,8193,11614,21006,65535,6972,33183,46424,59356,35048,65535,6950
1686465911,0,1,1,0,1223223,3350,8179,11590,20976,65535,6959,33311,46605,59592,35207,65535,6972
1686465917,0,1,1,0,1223223,3357,8193,11617,21023,65535,6970,33351,46671,59674,35250,65535,6984
1686465923,0,1,1,0,1223223,3352,8182,11591,20989,65535,6961,33359,46674,59679,35233,65535,6982
1686465929,0,1,1,0,1223223,3357,8197,11612,21018,65535,6974,33368,46673,59695,35236,65535,6984
1686465935,0,1,1,0,1223223,3352,8181,11593,20984,65535,6962,33336,46642,59673,35211,65535,6974
1686465941,0,1,1,0,1223223,3358,8200,11614,21024,65535,6976,33362,46676,59676,35250,65535,6984
1686465947,0,1,1,0,1223223,3357,8199,11611,21019,65535,6970,33353,46676,59674,35228,65535,6982
1686465953,0,1,1,0,1223223,3358,8198,11615,21010,65535,6978,33362,46673,59684,35246,65535,6984
1686465959,0,1,1,0,1223223,3356,8196,11617,21006,65535,6975,33354,46659,59673,35244,65535,6981
1686465965,0,1,1,0,1223223,3356,8195,11611,21016,65535,6972,33367,46671,59666,35228,65535,6982
1686465971,0,1,1,0,1223223,3355,8190,11608,21005,65535,6970,33360,46671,59676,35228,65535,6980
1686465977,0,1,1,0,1223223,3356,8193,11612,20996,65535,6972,33259,46522,59486,35115,65535,6964
1686465983,0,1,1,0,1223223,3356,8198,11613,21011,65535,6969,33335,46662,59635,35210,65535,6982
1686465989,0,1,1,0,1223223,3356,8197,11614,21015,65535,6972,33336,46647,59634,35217,65535,6976
1686465995,0,1,1,0,1223223,3355,8196,11608,21014,65535,6970,33336,46647,59630,35209,65535,6978
1686466001,0,1,1,0,1223223,3355,8188,11608,21001,65535,6974,33327,46631,59638,35224,65535,6980
1686466007,0,1,1,0,1223223,3357,8191,11612,21016,65535,6976,33346,46662,59673,35219,65535,6984
1686466013,0,1,1,0,1223223,3355,8193,11606,21011,65535,6972,33355,46667,59656,35221,65535,6984
1686466019,0,1,1,0,1223223,3357,8198,11611,21019,65535,6972,33353,46660,59623,35239,65535,6982
1686466025,0,1,1,0,1223223,3354,8191,11602,21005,65535,6972,33254,46516,59472,35126,65535,6960
1686466031,0,1,1,0,1223223,3356,8196,11610,21016,65535,6974,33344,46651,59633,35229,65535,6978
1686466037,0,1,1,0,1223223,3327,8121,11500,20830,65535,6910,33237,46505,59433,35104,65535,6960
1686466043,0,1,1,0,1223223,3346,8172,11575,20961,65535,6952,33314,46600,59565,35197,65535,6971
1686466049,0,1,1,0,1223223,3355,8192,11602,21010,65535,6974,33347,46648,59641,35230,65535,6980
1686466055,0,1,1,0,1223223,3335,8139,11527,20865,65535,6924,33177,46425,59359,35060,65535,6944
1686466061,0,1,1,0,1223223,3357,8193,11612,21001,65535,6968,33351,46664,59639,35243,65535,6982
1686466067,0,1,1,0,1223223,3355,8189,11611,21011,65535,6970,33339,46638,59634,35209,65535,6976
1686466073,0,1,1,0,1223223,3356,8200,11623,21019,65535,6976,33152,46386,59296,35031,65535,6942
1686466079,0,1,1,0,1223223,3355,8197,11614,21004,65535,6972,33351,46659,59670,35233,65535,6978
1686466085,0,1,1,0,1223223,3357,8196,11615,21016,65535,6972,33355,46666,59670,35239,65535,6982
1686466091,0,1,1,0,1223223,3356,8198,11608,21009,65535,6974,33348,46677,59677,35242,65535,6984
1686466097,0,1,1,0,1223223,3355,8189,11602,21006,65535,6970,33344,46638,59657,35252,65535,6978
1686466103,0,1,1,0,1223223,3355,8190,11608,21005,65535,6970,33179,46422,59330,35061,65535,6946
1686466109,0,1,1,0,1223223,3353,8187,11601,20998,65535,6966,33353,46651,59661,35243,65535,6984
1686466115,0,1,1,0,1223223,3357,8197,11612,21014,65535,6970,33341,46634,59637,35233,65535,6980
1686466121,0,1,1,0,1223223,3356,8195,11607,21009,65535,6972,33351,46664,59657,35240,65535,6982
1686466127,0,1,1,0,1223223,3355,8195,11608,21011,65535,6974,33334,46639,59647,35227,65535,6980
1686466133,0,1,1,0,1223223,3356,8194,11610,21012,65535,6967,33345,46660,59654,35240,65535,6982
1686466139,0,1,1,0,1223223,3357,8195,11611,21016,65535,6974,33346,46652,59653,35239,65535,6980
1686466145,0,1,1,0,1223223,3356,8197,11608,21008,65535,6970,33183,46439,59359,35072,65535,6946
1686466151,0,1,1,0,1223223,3355,8195,11608,21016,65535,6971,33344,46651,59641,35229,65535,6980
1686466157,0,1,1,0,1223223,3353,8188,11599,20985,65535,6964,33322,46625,59620,35180,65535,6974
1686466163,0,1,1,0,1223223,3350,8183,11590,20979,65535,6962,33347,46641,59634,35239,65535,6982
1686466169,0,1,1,0,1223223,3357,8197,11611,21007,65535,6972,33340,46639,59659,35219,65535,6980
1686466175,0,1,1,0,1223223,3339,8147,11545,20905,65535,6936,33124,46339,59265,34999,65535,6930
1686466181,0,1,1,0,1223223,3353,8191,11605,21002,65535,6968,33336,46648,59626,35233,65535,6980
1686466187,0,1,1,0,1223223,3355,8191,11604,21005,65535,6968,33322,46622,59624,35221,65535,6976
1686466193,0,1,1,0,1223223,3351,8182,11588,20976,65535,6960,33341,46651,59654,35215,65535,6981
1686466199,0,1,1,0,1223223,3356,8196,11612,21004,65535,6970,33356,46677,59674,35242,65535,6984
1686466205,0,1,1,0,1223223,3347,8167,11565,20935,65535,6948,33282,46564,59500,35174,65535,6966
1686466211,0,1,1,0,1223223,3356,8195,11608,21011,65535,6970,33357,46666,59663,35237,65535,6978
1686466217,0,1,1,0,1223223,3353,8187,11601,20997,65535,6966,33347,46677,59635,35233,65535,6978
1686466223,0,1,1,0,1223223,3356,8196,11612,21017,65535,6972,33215,46467,59403,35095,65535,6952
1686466229,0,1,1,0,1223223,3356,8194,11607,21016,65535,6972,33348,46651,59662,35239,65535,6984
1686466235,0,1,1,0,1223223,3357,8195,11611,21011,65535,6972,33360,46666,59649,35243,65535,6984
1686466241,0,1,1,0,1223223,3357,8193,11611,21014,65535,6972,33347,46662,59643,35225,65535,6982
1686466247,0,1,1,0,1223223,3356,8194,11612,21014,65535,6972,33350,46661,59631,35238,65535,6979
1686466253,0,1,1,0,1223223,3354,8191,11600,21005,65535,6972,33319,46617,59626,35192,65535,6974
1686466259,0,1,1,0,1223223,3354,8186,11598,20997,65535,6966,33338,46637,59643,35230,65535,6980
1686466265,0,1,1,0,1223223,3355,8194,11609,21012,65535,6971,33273,46549,59513,35163,65535,6966
1686466271,0,1,1,0,1223223,3355,8194,11606,21013,65535,6974,33355,46658,59664,35246,65535,6982
1686466277,0,1,1,0,1223223,3355,8192,11601,21008,65535,6966,33243,46513,59482,35113,65535,6958
1686466283,0,1,1,0,1223223,3357,8195,11609,21016,65535,6974,33357,46667,59678,35224,65535,6980
1686466289,0,1,1,0,1223223,3356,8195,11609,21014,65535,6976,33365,46674,59684,35251,65535,6982
1686466295,0,1,1,0,1223223,3358,8197,11613,21007,65535,6974,33344,46661,59663,35233,65535,6976
1686466301,0,1,1,0,1223223,3358,8198,11618,21024,65535,6978,33349,46649,59655,35238,65535,6983
1686466307,0,1,1,0,1223223,3358,8200,11618,21022,65535,6976,33360,46670,59677,35221,65535,6986
1686466313,0,1,1,0,1223223,3358,8198,11617,21023,65535,6972,33359,46663,59675,35242,65535,6984
1686466319,0,1,1,0,1223223,3357,8196,11617,21010,65535,6974,33240,46493,59435,35109,65535,6952
1686466325,0,1,1,0,1223223,3358,8198,11609,21007,65535,6974,33360,46676,59680,35244,65535,6983
1686466331,0,1,1,0,1223223,3355,8191,11602,21004,65535,6967,33357,46660,59657,35225,65535,6984
1686466337,0,1,1,0,1223223,3338,8146,11539,20884,65535,6930,33372,46663,59648,35239,65535,6983
1686466343,0,1,1,0,1223223,3356,8196,11610,21014,65535,6972,33347,46663,59668,35237,65535,6980
1686466349,0,1,1,0,1223223,3346,8168,11564,20942,65535,6950,33352,46650,59647,35233,65535,6979
1686466355,0,1,1,0,1223223,3356,8195,11606,21015,65535,6974,33364,46683,59667,35246,65535,6984
1686466361,0,1,1,0,1223223,3353,8184,11594,20983,65535,6962,33338,46627,59641,35218,65535,6976
1686466367,0,1,1,0,1223223,3358,8198,11610,21020,65535,6974,33351,46665,59643,35239,65535,6982
1686466373,0,1,1,0,1223223,3356,8201,11614,21008,65535,6973,33361,46681,59660,35251,65535,6983
1686466379,0,1,1,0,1223223,3357,8194,11616,21015,65535,6974,33340,46629,59618,35221,65535,6977
1686466385,0,1,1,0,1223223,3355,8194,11611,21001,65535,6972,33362,46673,59647,35247,65535,6984
1686466391,0,1,1,0,1223223,3356,8194,11610,21019,65535,6970,33338,46648,59649,35231,65535,6980
1686466397,0,1,1,0,1223223,3351,8183,11594,20981,65535,6960,33300,46589,59551,35162,65535,6968
1686466403,0,1,1,0,1223223,3352,8181,11592,20983,65535,6964,33358,46641,59647,35235,65535,6982
1686466409,0,1,1,0,1223223,3356,8193,11605,21004,65535,6970,33356,46656,59643,35232,65535,6980
1686466415,0,1,1,0,1223223,3352,8187,11598,20984,65535,6966,33357,46668,59655,35235,65535,6982
1686466421,0,1,1,0,1223223,3358,8200,11619,21018,65535,6975,33357,46666,59678,35240,65535,6982
1686466427,0,1,1,0,1223223,3356,8199,11618,21014,65535,6972,33358,46668,59685,35232,65535,6984
1686466433,0,1,1,0,1223223,3356,8195,11610,21022,65535,6972,33261,46518,59508,35121,65535,6958
1686466439,0,1,1,0,1223223,3348,8169,11574,20943,65535,6952,33282,46572,59555,35157,65535,6968
1686466445,0,1,1,0,1223223,3355,8195,11617,21012,65535,6973,33364,46659,59699,35242,65535,6983
1686466451,0,1,1,0,1223223,3356,8194,11609,21004,65535,6973,33342,46653,59635,35244,65535,6984
1686466457,0,1,1,0,1223223,3355,8197,11612,21008,65535,6976,33354,46671,59666,35235,65535,6985
1686466463,0,1,1,0,1223223,3357,8199,11616,21023,65535,6975,33356,46666,59692,35250,65535,6984
1686466469,0,1,1,0,1223223,3356,8196,11610,21016,65535,6972,33340,46650,59647,35210,65535,6978
1686466475,0,1,1,0,1223223,3357,8199,11616,21024,65535,6974,33296,46590,59552,35162,65535,6971
1686466481,0,1,1,0,1223223,3356,8195,11611,21016,65535,6972,33353,46680,59661,35227,65535,6981
1686466487,0,1,1,0,1223223,3359,8201,11619,21027,65535,6976,33366,46676,59687,35239,65535,6985
1686466493,0,1,1,0,1223223,3357,8195,11621,21020,65535,6972,33345,46649,59652,35223,65535,6980
1686466499,0,1,1,0,1223223,3356,8196,11616,21019,65535,6974,33356,46668,59641,35227,65535,6982
1686466505,0,1,1,0,1223223,3355,8191,11606,20999,65535,6972,33340,46636,59619,35225,65535,6980
1686466511,0,1,1,0,1223223,3354,8191,11605,21001,65535,6974,33344,46644,59636,35238,65535,6984
1686466517,0,1,1,0,1223223,3356,8198,11610,21007,65535,6972,33350,46650,59648,35222,65535,6983
1686466523,0,1,1,0,1223223,3356,8195,11609,21005,65535,6973,33359,46654,59660,35233,65535,6984
1686466529,0,1,1,0,1223223,3356,8195,11611,21014,65535,6974,33347,46640,59616,35227,65535,6974
1686466535,0,1,1,0,1223223,3346,8168,11567,20938,65535,6948,33151,46361,59301,35035,65535,6940
1686466541,0,1,1,0,1223223,3352,8185,11598,20985,65535,6966,33307,46593,59573,35172,65535,6970
1686466547,0,1,1,0,1223223,3357,8196,11608,21009,65535,6970,33357,46670,59671,35245,65535,6984
1686466553,0,1,1,0,1223223,3357,8193,11605,21017,65535,6970,33348,46658,59630,35222,65535,6980
1686466559,0,1,1,0,1223223,3353,8186,11596,20986,65535,6967,33231,46484,59431,35112,65535,6957
1686466565,0,1,1,0,1223223,3356,8195,11609,21005,65535,6972,33344,46644,59623,35220,65535,6982
1686466571,0,1,1,0,1223223,3357,8203,11614,21010,65535,6975,33350,46661,59653,35232,65535,6982
1686466577,0,1,1,0,1223223,3355,8194,11613,21019,65535,6976,33365,46675,59679,35229,65535,6980
1686466583,0,1,1,0,1223223,3357,8197,11612,21006,65535,6973,33363,46687,59691,35240,65535,6985
1686466589,0,1,1,0,1223223,3356,8196,11604,21011,65535,6972,33338,46651,59638,35225,65535,6978
1686466595,0,1,1,0,1223223,3356,8194,11611,21029,65535,6975,33362,46682,59655,35239,65535,6979
1686466601,0,1,1,0,1223223,3354,8192,11605,21000,65535,6973,33326,46651,59620,35241,65535,6983
1686466607,0,1,1,0,1223223,3355,8192,11608,21002,65535,6970,33363,46687,59651,35230,65535,6981
1686466613,0,1,1,0,1223223,3357,8198,11612,21011,65535,6974,33305,46641,59622,35198,65535,6975
1686466619,0,1,1,0,1223223,3349,8179,11585,20963,65535,6957,33132,46340,59256,35013,65535,6935
1686466625,0,1,1,0,1223223,3357,8196,11613,21023,65535,6974,33348,46646,59651,35226,65535,6982
1686466631,0,1,1,0,1223223,3355,8197,11618,21013,65535,6974,33368,46682,59674,35246,65535,6982
1686466637,0,1,1,0,1223223,3358,8200,11608,21012,65535,6972,33363,46674,59690,35228,65535,6981
1686466643,0,1,1,0,1223223,3357,8198,11613,21019,65535,6976,33337,46646,59685,35223,65535,6982
1686466649,0,1,1,0,1223223,3356,8193,11610,21003,65535,6976,33368,46652,59665,35249,65535,6980
1686466655,0,1,1,0,1223223,3356,8191,11606,20999,65535,6970,33358,46675,59659,35230,65535,6982
1686466661,0,1,1,0,1223223,3353,8186,11595,20989,65535,6964,33241,46519,59460,35129,65535,6958
1686466667,0,1,1,0,1223223,3350,8184,11591,20978,65535,6964,33348,46664,59633,35233,65535,6978
1686466673,0,1,1,0,1223223,3355,8196,11608,20998,65535,6971,33357,46674,59669,35238,65535,6981
1686466679,0,1,1,0,1223223,3354,8193,11610,20995,65535,6972,33354,46671,59665,35241,65535,6982
1686466685,0,1,1,0,1223223,3352,8186,11601,20993,65535,6966,33371,46671,59639,35239,65535,6981
1686466691,0,1,1,0,1223223,3357,8199,11613,21017,65535,6972,33373,46671,59687,35249,65535,6984
1686466697,0,1,1,0,1223223,3355,8199,11614,21016,65535,6974,33340,46663,59645,35211,65535,6978
1686466703,0,1,1,0,1223223,3356,8196,11612,21017,65535,6976,33358,46671,59662,35248,65535,6984
1686466709,0,1,1,0,1223223,3348,8172,11580,20949,65535,6954,33352,46664,59659,35220,65535,6978
1686466715,0,1,1,0,1223223,3357,8195,11618,21010,65535,6976,33350,46671,59657,35242,65535,6980
1686466721,0,1,1,0,1223223,3346,8169,11577,20934,65535,6948,33179,46395,59342,35043,65535,6944
1686466727,0,1,1,0,1223223,3356,8193,11608,21009,65535,6970,33336,46642,59658,35231,65535,6978
1686466733,0,1,1,0,1223223,3356,8193,11614,21017,65535,6974,33337,46646,59637,35206,65535,6982
1686466739,0,1,1,0,1223223,3354,8188,11602,20995,65535,6966,33177,46426,59362,35056,65535,6946
1686466745,0,1,1,0,1223223,3357,8188,11609,21006,65535,6972,33340,46640,59668,35234,65535,6984
1686466751,0,1,1,0,1223223,3345,8169,11567,20951,65535,6950,33354,46664,59683,35228,65535,6984
1686466757,0,1,1,0,1223223,3353,8185,11595,20998,65535,6964,33328,46633,59617,35195,65535,6978
1686466763,0,1,1,0,1223223,3357,8197,11614,21017,65535,6976,33338,46657,59657,35236,65535,6981
1686466769,0,1,1,0,1223223,3331,8138,11515,20853,65535,6920,33305,46575,59570,35180,65535,6972
1686466775,0,1,1,0,1223223,3357,8199,11621,21031,65535,6971,33351,46664,59689,35234,65535,6982
1686466781,0,1,1,0,1223223,3357,8197,11615,21009,65535,6974,33352,46659,59663,35226,65535,6984
1686466787,0,1,1,0,1223223,3355,8194,11611,21026,65535,6976,33350,46677,59675,35237,65535,6984
1686466793,0,1,1,0,1223223,3354,8189,11597,20994,65535,6962,33366,46673,59678,35228,65535,6982
1686466799,0,1,1,0,1223223,3354,8191,11605,20994,65535,6970,33356,46668,59666,35249,65535,6982
