Timestamp,Amber,White,On,Override,Intensity,AS00,AS01,AS02,AS03,AS04,AS05,AS06,AS07,AS08,AS09,AS10,AS11
1686477605,0,1,1,0,1223223,3358,8198,11625,21024,65535,6979,33385,46695,59719,35268,65535,6989
1686477611,0,1,1,0,1223223,3359,8205,11630,21037,65535,6980,33385,46705,59727,35261,65535,6988
1686477617,0,1,1,0,1223223,3359,8206,11627,21034,65535,6979,33364,46712,59699,35249,65535,6990
1686477623,0,1,1,0,1223223,3351,8183,11595,20967,65535,6956,33265,46530,59539,35153,65535,6964
1686477629,0,1,1,0,1223223,3360,8206,11634,21038,65535,6982,33400,46722,59716,35258,65535,6989
1686477635,0,1,1,0,1223223,3360,8207,11630,21039,65535,6976,33379,46709,59701,35253,65535,6990
1686477641,0,1,1,0,1223223,3360,8209,11637,21034,65535,6984,33390,46715,59729,35272,65535,6992
1686477647,0,1,1,0,1223223,3351,8178,11599,20966,65535,6964,33251,46505,59510,35142,65535,6962
1686477653,0,1,1,0,1223223,3359,8204,11624,21019,65535,6982,33397,46735,59755,35286,65535,6990
1686477659,0,1,1,0,1223223,3358,8208,11628,21029,65535,6986,33378,46717,59714,35272,65535,6990
1686477665,0,1,1,0,1223223,3357,8196,11628,21017,65535,6976,33375,46703,59706,35248,65535,6988
1686477671,0,1,1,0,1223223,3360,8204,11633,21025,65535,6982,33386,46715,59723,35247,65535,6986
1686477677,0,1,1,0,1223223,3359,8205,11632,21022,65535,6979,33389,46729,59726,35278,65535,6990
1686477683,0,1,1,0,1223223,3360,8207,11636,21025,65535,6980,33382,46717,59717,35259,65535,6990
1686477689,0,1,1,0,1223223,3359,8205,11629,21018,65535,6979,33384,46703,59715,35275,65535,6990
1686477695,0,1,1,0,1223223,3360,8208,11634,21037,65535,6980,33389,46705,59721,35259,65535,6993
1686477701,0,1,1,0,1223223,3357,8200,11621,21015,65535,6974,33390,46728,59737,35253,65535,6990
1686477707,0,1,1,0,1223223,3359,8203,11628,21018,65535,6978,33379,46707,59691,35250,65535,6987
1686477713,0,1,1,0,1223223,3361,8206,11630,21023,65535,6981,33387,46726,59706,35281,65535,6992
1686477719,0,1,1,0,1223223,3359,8207,11632,21025,65535,6980,33386,46717,59721,35258,65535,6986
1686477725,0,1,1,0,1223223,3361,8211,11639,21037,65535,6983,33392,46722,59714,35272,65535,6990
1686477731,0,1,1,0,1223223,3359,8204,11620,21015,65535,6976,33394,46733,59738,35263,65535,6990
1686477737,0,1,1,0,1223223,3360,8211,11633,21039,65535,6983,33380,46721,59696,35252,65535,6987
1686477743,0,1,1,0,1223223,3358,8205,11629,21034,65535,6982,33371,46705,59683,35265,65535,6988
1686477749,0,1,1,0,1223223,3360,8205,11628,21034,65535,6980,33374,46708,59710,35265,65535,6987
1686477755,0,1,1,0,1223223,3361,8205,11629,21026,65535,6978,33397,46733,59716,35280,65535,6991
1686477761,0,1,1,0,1223223,3353,8190,11605,20982,65535,6966,33290,46590,59553,35173,65535,6972
1686477767,0,1,1,0,1223223,3361,8204,11631,21033,65535,6981,33350,46699,59691,35250,65535,6984
1686477773,0,1,1,0,1223223,3361,8212,11631,21035,65535,6982,33404,46742,59729,35284,65535,6994
1686477779,0,1,1,0,1223223,3361,8211,11635,21038,65535,6984,33398,46738,59748,35277,65535,6992
1686477785,0,1,1,0,1223223,3361,8206,11637,21027,65535,6982,33399,46736,59718,35275,65535,6990
1686477791,0,1,1,0,1223223,3360,8207,11631,21024,65535,6978,33386,46718,59704,35274,65535,6990
1686477797,0,1,1,0,1223223,3360,8201,11632,21031,65535,6980,33378,46705,59713,35259,65535,6986
1686477803,0,1,1,0,1223223,3361,8209,11632,21036,65535,6980,33390,46729,59689,35274,65535,6992
1686477809,0,1,1,0,1223223,3348,8173,11583,20937,65535,6952,33372,46702,59702,35241,65535,6986
1686477815,0,1,1,0,1223223,3361,8208,11634,21033,65535,6980,33375,46713,59718,35268,65535,6990
1686477821,0,1,1,0,1223223,3361,8208,11638,21037,65535,6981,33391,46721,59725,35270,65535,6996
1686477827,0,1,1,0,1223223,3361,8207,11635,21025,65535,6978,33393,46721,59706,35269,65535,6992
1686477833,0,1,1,0,1223223,3361,8207,11634,21027,65535,6984,33406,46742,59726,35284,65535,6986
1686477839,0,1,1,0,1223223,3359,8206,11633,21035,65535,6981,33383,46702,59717,35271,65535,6990
1686477845,0,1,1,0,1223223,3360,8204,11630,21025,65535,6980,33378,46704,59706,35250,65535,6990
1686477851,0,1,1,0,1223223,3359,8205,11625,21032,65535,6977,33379,46711,59712,35250,65535,6991
1686477857,0,1,1,0,1223223,3360,8208,11634,21026,65535,6980,33402,46715,59712,35261,65535,6990
1686477863,0,1,1,0,1223223,3359,8204,11631,21022,65535,6978,33374,46700,59690,35242,65535,6990
1686477869,0,1,1,0,1223223,3349,8173,11589,20944,65535,6952,33265,46546,59495,35146,65535,6966
1686477875,0,1,1,0,1223223,3359,8199,11624,21025,65535,6978,33379,46668,59710,35243,65535,6988
1686477881,0,1,1,0,1223223,3359,8205,11623,21033,65535,6978,33377,46700,59707,35253,65535,6986
1686477887,0,1,1,0,1223223,3353,8183,11603,20982,65535,6964,33358,46669,59668,35224,65535,6986
1686477893,0,1,1,0,1223223,3360,8203,11631,21032,65535,6980,33213,46465,59399,35084,65535,6956
1686477899,0,1,1,0,1223223,3358,8205,11628,21028,65535,6980,33391,46725,59718,35273,65535,6990
1686477905,0,1,1,0,1223223,3360,8206,11631,21038,65535,6980,33382,46715,59704,35266,65535,6988
1686477911,0,1,1,0,1223223,3356,8195,11614,20999,65535,6968,33346,46651,59670,35224,65535,6979
1686477917,0,1,1,0,1223223,3359,8203,11625,21020,65535,6982,33386,46702,59733,35254,65535,6986
1686477923,0,1,1,0,1223223,3360,8207,11631,21028,65535,6982,33392,46724,59707,35263,65535,6990
1686477929,0,1,1,0,1223223,3356,8191,11611,21000,65535,6972,33395,46719,59737,35277,65535,6988
1686477935,0,1,1,0,1223223,3360,8208,11628,21038,65535,6981,33394,46705,59737,35264,65535,6990
1686477941,0,1,1,0,1223223,3359,8205,11628,21029,65535,6977,33386,46687,59713,35275,65535,6988
1686477947,0,1,1,0,1223223,3359,8199,11627,21033,65535,6978,33380,46691,59718,35251,65535,6990
1686477953,0,1,1,0,1223223,3360,8202,11628,21030,65535,6980,33388,46691,59682,35251,65535,6992
1686477959,0,1,1,0,1223223,3360,8204,11625,21021,65535,6982,33381,46696,59693,35266,65535,6988
1686477965,0,1,1,0,1223223,3361,8206,11629,21028,65535,6979,33391,46695,59708,35262,65535,6988
1686477971,0,1,1,0,1223223,3359,8200,11626,21026,65535,6980,33394,46721,59706,35277,65535,6988
1686477977,0,1,1,0,1223223,3341,8154,11551,20902,65535,6940,33286,46574,59530,35166,65535,6970
1686477983,0,1,1,0,1223223,3347,8168,11578,20947,65535,6952,33232,46489,59417,35094,65535,6956
1686477989,0,1,1,0,1223223,3358,8201,11627,21014,65535,6977,33378,46699,59718,35264,65535,6990
1686477995,0,1,1,0,1223223,3360,8203,11626,21022,65535,6982,33350,46679,59668,35250,65535,6986
1686478001,0,1,1,0,1223223,3357,8205,11627,21023,65535,6980,33382,46696,59726,35253,65535,6986
1686478007,0,1,1,0,1223223,3360,8201,11630,21031,65535,6980,33359,46690,59721,35247,65535,6988
1686478013,0,1,1,0,1223223,3359,8204,11632,21025,65535,6982,33385,46711,59699,35253,65535,6988
1686478019,0,1,1,0,1223223,3359,8204,11630,21017,65535,6978,33387,46712,59723,35259,65535,6990
1686478025,0,1,1,0,1223223,3359,8198,11630,21029,65535,6980,33391,46713,59704,35277,65535,6990
1686478031,0,1,1,0,1223223,3358,8198,11619,21007,65535,6972,33391,46692,59739,35256,65535,6990
1686478037,0,1,1,0,1223223,3355,8195,11614,21011,65535,6965,33397,46722,59741,35265,65535,6990
1686478043,0,1,1,0,1223223,3358,8205,11620,21030,65535,6977,33364,46688,59659,35243,65535,6985
1686478049,0,1,1,0,1223223,3358,8203,11623,21019,65535,6980,33379,46704,59718,35268,65535,6988
1686478055,0,1,1,0,1223223,3359,8205,11628,21034,65535,6980,33378,46677,59697,35242,65535,6988
1686478061,0,1,1,0,1223223,3360,8202,11629,21028,65535,6980,33355,46689,59681,35244,65535,6987
1686478067,0,1,1,0,1223223,3359,8203,11626,21021,65535,6980,33378,46697,59696,35251,65535,6984
1686478073,0,1,1,0,1223223,3350,8180,11590,20964,65535,6961,33248,46520,59495,35133,65535,6964
1686478079,0,1,1,0,1223223,3358,8198,11623,21026,65535,6977,33382,46691,59717,35250,65535,6987
1686478085,0,1,1,0,1223223,3359,8201,11625,21029,65535,6980,33372,46693,59687,35256,65535,6986
1686478091,0,1,1,0,1223223,3352,8184,11597,20967,65535,6958,33364,46676,59690,35246,65535,6980
1686478097,0,1,1,0,1223223,3358,8205,11625,21023,65535,6978,33380,46723,59716,35269,65535,6988
1686478103,0,1,1,0,1223223,3359,8205,11630,21020,65535,6980,33381,46701,59723,35244,65535,6989
1686478109,0,1,1,0,1223223,3360,8203,11630,21032,65535,6980,33377,46701,59706,35265,65535,6985
1686478115,0,1,1,0,1223223,3355,8189,11611,20993,65535,6968,33344,46673,59647,35217,65535,6979
1686478121,0,1,1,0,1223223,3360,8204,11631,21035,65535,6978,33390,46708,59715,35271,65535,6987
1686478127,0,1,1,0,1223223,3360,8204,11624,21032,65535,6979,33395,46726,59727,35260,65535,6989
1686478133,0,1,1,0,1223223,3361,8204,11633,21028,65535,6980,33385,46710,59694,35271,65535,6990
1686478139,0,1,1,0,1223223,3358,8200,11624,21010,65535,6978,33369,46692,59709,35251,65535,6990
1686478145,0,1,1,0,1223223,3359,8204,11623,21032,65535,6980,33394,46712,59733,35259,65535,6992
1686478151,0,1,1,0,1223223,3360,8204,11628,21031,65535,6978,33390,46705,59688,35251,65535,6990
1686478157,0,1,1,0,1223223,3359,8204,11630,21024,65535,6980,33387,46704,59718,35273,65535,6988
1686478163,0,1,1,0,1223223,3340,8149,11547,20897,65535,6934,33160,46395,59311,35036,65535,6942
1686478169,0,1,1,0,1223223,3360,8205,11626,21036,65535,6979,33378,46690,59704,35244,65535,6988
1686478175,0,1,1,0,1223223,3353,8190,11605,20990,65535,6964,33298,46583,59552,35167,65535,6972
1686478181,0,1,1,0,1223223,3358,8197,11620,21016,65535,6974,33294,46576,59567,35152,65535,6967
1686478187,0,1,1,0,1223223,3360,8205,11629,21035,65535,6980,33388,46715,59708,35269,65535,6989
1686478193,0,1,1,0,1223223,3359,8202,11627,21030,65535,6976,33316,46615,59606,35195,65535,6972
1686478199,0,1,1,0,1223223,3360,8200,11628,21020,65535,6981,33382,46707,59697,35266,65535,6988
1686478205,0,1,1,0,1223223,3360,8204,11626,21030,65535,6979,33390,46713,59725,35273,65535,6990
1686478211,0,1,1,0,1223223,3359,8203,11628,21021,65535,6980,33375,46695,59680,35264,65535,6988
1686478217,0,1,1,0,1223223,3348,8171,11582,20945,65535,6955,33390,46717,59726,35255,65535,6985
1686478223,0,1,1,0,1223223,3359,8199,11623,21022,65535,6978,33259,46545,59490,35138,65535,6961
1686478229,0,1,1,0,1223223,3356,8205,11627,21030,65535,6977,33386,46715,59719,35255,65535,6986
1686478235,0,1,1,0,1223223,3359,8204,11628,21024,65535,6978,33376,46703,59717,35254,65535,6988
1686478241,0,1,1,0,1223223,3336,8140,11531,20877,65535,6926,33262,46551,59502,35152,65535,6967
1686478247,0,1,1,0,1223223,3359,8204,11622,21018,65535,6980,33382,46699,59695,35262,65535,6988
1686478253,0,1,1,0,1223223,3360,8205,11629,21022,65535,6978,33380,46697,59690,35242,65535,6990
1686478259,0,1,1,0,1223223,3360,8199,11621,21033,65535,6979,33382,46705,59691,35237,65535,6986
1686478265,0,1,1,0,1223223,3358,8203,11625,21029,65535,6977,33378,46680,59684,35263,65535,6988
1686478271,0,1,1,0,1223223,3358,8201,11621,21016,65535,6980,33396,46717,59704,35269,65535,6990
1686478277,0,1,1,0,1223223,3360,8202,11623,21017,65535,6978,33384,46704,59689,35262,65535,6988
1686478283,0,1,1,0,1223223,3360,8203,11626,21030,65535,6977,33383,46704,59708,35243,65535,6986
1686478289,0,1,1,0,1223223,3359,8200,11624,21026,65535,6974,33350,46652,59656,35222,65535,6982
1686478295,0,1,1,0,1223223,3358,8200,11622,21008,65535,6976,33392,46709,59721,35250,65535,6990
1686478301,0,1,1,0,1223223,3360,8204,11629,21020,65535,6980,33380,46689,59701,35262,65535,6987
1686478307,0,1,1,0,1223223,3341,8150,11549,20892,65535,6936,33270,46543,59517,35148,65535,6960
1686478313,0,1,1,0,1223223,3358,8198,11634,21016,65535,6977,33335,46636,59629,35204,65535,6978
1686478319,0,1,1,0,1223223,3360,8203,11630,21014,65535,6978,33387,46693,59701,35260,65535,6990
1686478325,0,1,1,0,1223223,3361,8201,11628,21031,65535,6980,33390,46715,59710,35260,65535,6988
1686478331,0,1,1,0,1223223,3359,8202,11631,21029,65535,6976,33367,46688,59681,35235,65535,6988
1686478337,0,1,1,0,1223223,3359,8204,11620,21026,65535,6978,33362,46712,59707,35259,65535,6989
1686478343,0,1,1,0,1223223,3359,8206,11630,21028,65535,6979,33383,46693,59681,35249,65535,6986
1686478349,0,1,1,0,1223223,3358,8202,11626,21014,65535,6979,33387,46705,59690,35268,65535,6988
1686478355,0,1,1,0,1223223,3359,8204,11627,21015,65535,6978,33388,46708,59751,35268,65535,6990
1686478361,0,1,1,0,1223223,3345,8162,11571,20933,65535,6948,33368,46686,59684,35225,65535,6983
1686478367,0,1,1,0,1223223,3358,8198,11628,21018,65535,6978,33378,46673,59704,35260,65535,6988
1686478373,0,1,1,0,1223223,3359,8204,11624,21018,65535,6978,33364,46685,59671,35222,65535,6986
1686478379,0,1,1,0,1223223,3359,8205,11629,21031,65535,6980,33382,46696,59704,35247,65535,6988
1686478385,0,1,1,0,1223223,3357,8199,11620,21016,65535,6973,33375,46702,59708,35253,65535,6988
1686478391,0,1,1,0,1223223,3358,8202,11630,21029,65535,6980,33379,46701,59703,35261,65535,6986
1686478397,0,1,1,0,1223223,3359,8201,11629,21029,65535,6980,33278,46553,59536,35148,65535,6964
1686478403,0,1,1,0,1223223,3355,8192,11612,20996,65535,6968,33380,46698,59706,35243,65535,6984
1686478409,0,1,1,0,1223223,3344,8160,11568,20914,65535,6947,33355,46670,59674,35219,65535,6980
1686478415,0,1,1,0,1223223,3360,8203,11628,21023,65535,6980,33372,46691,59702,35246,65535,6988
1686478421,0,1,1,0,1223223,3343,8164,11567,20920,65535,6944,33340,46657,59643,35221,65535,6976
1686478427,0,1,1,0,1223223,3359,8202,11628,21017,65535,6976,33377,46698,59703,35261,65535,6988
1686478433,0,1,1,0,1223223,3357,8196,11620,21016,65535,6974,33376,46698,59699,35258,65535,6990
1686478439,0,1,1,0,1223223,3359,8202,11629,21027,65535,6976,33390,46707,59720,35266,65535,6988
1686478445,0,1,1,0,1223223,3358,8198,11624,21019,65535,6978,33385,46700,59709,35257,65535,6987
1686478451,0,1,1,0,1223223,3359,8202,11628,21026,65535,6980,33366,46708,59717,35265,65535,6987
1686478457,0,1,1,0,1223223,3359,8202,11628,21029,65535,6979,33378,46700,59705,35256,65535,6988
1686478463,0,1,1,0,1223223,3359,8200,11621,21018,65535,6978,33377,46695,59694,35265,65535,6989
1686478469,0,1,1,0,1223223,3359,8203,11626,21022,65535,6979,33376,46697,59695,35256,65535,6988
1686478475,0,1,1,0,1223223,3358,8197,11622,21019,65535,6976,33359,46677,59684,35242,65535,6982
1686478481,0,1,1,0,1223223,3359,8204,11628,21020,65535,6978,33374,46693,59699,35245,65535,6988
1686478487,0,1,1,0,1223223,3343,8161,11567,20916,65535,6946,33225,46488,59450,35105,65535,6958
1686478493,0,1,1,0,1223223,3359,8202,11624,21026,65535,6978,33373,46690,59714,35261,65535,6988
1686478499,0,1,1,0,1223223,3360,8203,11627,21024,65535,6982,33283,46565,59561,35168,65535,6968
1686478505,0,1,1,0,1223223,3358,8201,11627,21017,65535,6975,33369,46682,59695,35259,65535,6988
1686478511,0,1,1,0,1223223,3358,8205,11631,21026,65535,6979,33366,46694,59674,35239,65535,6991
1686478517,0,1,1,0,1223223,3340,8149,11550,20902,65535,6934,33383,46696,59682,35263,65535,6985
1686478523,0,1,1,0,1223223,3359,8195,11621,21017,65535,6970,33382,46694,59712,35263,65535,6989
1686478529,0,1,1,0,1223223,3356,8196,11620,20998,65535,6978,33342,46648,59656,35214,65535,6978
1686478535,0,1,1,0,1223223,3359,8204,11626,21031,65535,6980,33376,46680,59698,35250,65535,6981
1686478541,0,1,1,0,1223223,3355,8197,11625,21022,65535,6976,33377,46688,59711,35238,65535,6984
1686478547,0,1,1,0,1223223,3359,8203,11625,21027,65535,6979,33373,46686,59696,35269,65535,6988
1686478553,0,1,1,0,1223223,3358,8202,11622,21022,65535,6979,33330,46633,59598,35211,65535,6977
1686478559,0,1,1,0,1223223,3359,8201,11627,21028,65535,6980,33379,46692,59677,35255,65535,6985
1686478565,0,1,1,0,1223223,3358,8201,11625,21022,65535,6979,33370,46683,59661,35238,65535,6982
1686478571,0,1,1,0,1223223,3346,8171,11574,20937,65535,6949,33308,46596,59589,35198,65535,6974
1686478577,0,1,1,0,1223223,3360,8202,11629,21019,65535,6979,33369,46696,59693,35247,65535,6986
1686478583,0,1,1,0,1223223,3360,8201,11627,21014,65535,6974,33353,46665,59693,35231,65535,6982
1686478589,0,1,1,0,1223223,3350,8175,11586,20963,65535,6956,33365,46678,59692,35235,65535,6986
1686478595,0,1,1,0,1223223,3360,8203,11630,21041,65535,6978,33376,46701,59675,35261,65535,6990
1686478601,0,1,1,0,1223223,3358,8197,11624,21022,65535,6976,33363,46685,59678,35240,65535,6984
1686478607,0,1,1,0,1223223,3360,8202,11628,21029,65535,6978,33384,46700,59709,35259,65535,6988
1686478613,0,1,1,0,1223223,3351,8184,11602,20976,65535,6964,33373,46693,59704,35258,65535,6985
1686478619,0,1,1,0,1223223,3358,8196,11624,21017,65535,6978,33379,46696,59719,35259,65535,6990
1686478625,0,1,1,0,1223223,3357,8204,11627,21028,65535,6979,33376,46685,59693,35254,65535,6985
1686478631,0,1,1,0,1223223,3359,8196,11626,21022,65535,6976,33359,46674,59671,35225,65535,6984
1686478637,0,1,1,0,1223223,3360,8198,11625,21026,65535,6980,33382,46705,59691,35261,65535,6988
1686478643,0,1,1,0,1223223,3347,8171,11580,20940,65535,6950,33384,46709,59689,35262,65535,6986
1686478649,0,1,1,0,1223223,3359,8201,11626,21025,65535,6976,33369,46694,59695,35236,65535,6988
1686478655,0,1,1,0,1223223,3359,8202,11623,21017,65535,6979,33370,46687,59670,35233,65535,6986
1686478661,0,1,1,0,1223223,3360,8202,11631,21021,65535,6980,33387,46691,59723,35243,65535,6988
1686478667,0,1,1,0,1223223,3347,8172,11582,20950,65535,6952,33361,46676,59672,35240,65535,6986
1686478673,0,1,1,0,1223223,3356,8195,11612,21003,65535,6972,33249,46518,59481,35127,65535,6964
1686478679,0,1,1,0,1223223,3359,8201,11625,21017,65535,6978,33380,46695,59708,35264,65535,6990
1686478685,0,1,1,0,1223223,3360,8200,11628,21037,65535,6978,33377,46671,59692,35261,65535,6986
1686478691,0,1,1,0,1223223,3344,8164,11573,20929,65535,6950,33374,46683,59683,35262,65535,6984
1686478697,0,1,1,0,1223223,3358,8200,11624,21026,65535,6980,33361,46656,59659,35243,65535,6984
1686478703,0,1,1,0,1223223,3360,8203,11628,21033,65535,6982,33390,46707,59706,35247,65535,6990
1686478709,0,1,1,0,1223223,3347,8167,11571,20944,65535,6949,33337,46613,59599,35194,65535,6978
1686478715,0,1,1,0,1223223,3360,8203,11626,21028,65535,6980,33361,46702,59693,35260,65535,6986
1686478721,0,1,1,0,1223223,3356,8194,11617,21009,65535,6972,33281,46572,59556,35153,65535,6969
1686478727,0,1,1,0,1223223,3358,8203,11620,21014,65535,6978,33386,46709,59707,35263,65535,6988
1686478733,0,1,1,0,1223223,3357,8196,11618,21020,65535,6972,33345,46648,59646,35221,65535,6980
1686478739,0,1,1,0,1223223,3358,8197,11623,21012,65535,6975,33382,46691,59712,35255,65535,6990
1686478745,0,1,1,0,1223223,3360,8203,11631,21020,65535,6976,33386,46709,59715,35268,65535,6986
1686478751,0,1,1,0,1223223,3360,8204,11629,21033,65535,6977,33383,46713,59703,35265,65535,6988
1686478757,0,1,1,0,1223223,3356,8200,11625,21012,65535,6978,33384,46694,59677,35262,65535,6984
1686478763,0,1,1,0,1223223,3359,8198,11629,21028,65535,6978,33372,46683,59693,35239,65535,6985
1686478769,0,1,1,0,1223223,3359,8201,11624,21025,65535,6980,33380,46694,59690,35243,65535,6988
1686478775,0,1,1,0,1223223,3358,8199,11621,21017,65535,6976,33329,46604,59630,35201,65535,6977
1686478781,0,1,1,0,1223223,3359,8202,11630,21028,65535,6979,33372,46696,59701,35256,65535,6987
1686478787,0,1,1,0,1223223,3353,8188,11603,20983,65535,6964,33356,46670,59652,35230,65535,6982
1686478793,0,1,1,0,1223223,3358,8199,11623,21012,65535,6976,33369,46675,59688,35254,65535,6985
1686478799,0,1,1,0,1223223,3347,8168,11577,20932,65535,6952,33206,46472,59416,35083,65535,6952
1686478805,0,1,1,0,1223223,3359,8204,11626,21026,65535,6980,33297,46588,59560,35174,65535,6970
1686478811,0,1,1,0,1223223,3359,8204,11627,21032,65535,6980,33376,46704,59715,35267,65535,6988
1686478817,0,1,1,0,1223223,3359,8203,11627,21026,65535,6978,33346,46664,59659,35229,65535,6980
1686478823,0,1,1,0,1223223,3360,8202,11630,21029,65535,6978,33381,46703,59730,35262,65535,6988
1686478829,0,1,1,0,1223223,3359,8204,11630,21033,65535,6980,33383,46701,59709,35268,65535,6984
1686478835,0,1,1,0,1223223,3361,8206,11628,21029,65535,6978,33379,46699,59687,35258,65535,6988
1686478841,0,1,1,0,1223223,3359,8208,11627,21032,65535,6979,33390,46710,59740,35253,65535,6990
1686478847,0,1,1,0,1223223,3359,8198,11621,21026,65535,6978,33349,46661,59680,35234,65535,6980
1686478853,0,1,1,0,1223223,3359,8204,11629,21032,65535,6978,33349,46658,59642,35234,65535,6986
1686478859,0,1,1,0,1223223,3361,8210,11632,21029,65535,6978,33386,46696,59695,35276,65535,6988
1686478865,0,1,1,0,1223223,3356,8194,11618,20999,65535,6972,33378,46711,59709,35253,65535,6988
1686478871,0,1,1,0,1223223,3359,8205,11624,21030,65535,6976,33391,46715,59724,35259,65535,6994
1686478877,0,1,1,0,1223223,3358,8201,11621,21006,65535,6975,33277,46567,59526,35153,65535,6966
1686478883,0,1,1,0,1223223,3343,8162,11566,20906,65535,6944,33333,46644,59645,35231,65535,6976
1686478889,0,1,1,0,1223223,3358,8201,11624,21020,65535,6978,33374,46697,59690,35256,65535,6985
1686478895,0,1,1,0,1223223,3360,8207,11636,21036,65535,6980,33388,46705,59702,35252,65535,6990
1686478901,0,1,1,0,1223223,3359,8205,11630,21031,65535,6979,33382,46712,59714,35266,65535,6988
1686478907,0,1,1,0,1223223,3357,8192,11610,21005,65535,6970,33366,46693,59683,35253,65535,6985
1686478913,0,1,1,0,1223223,3358,8205,11627,21016,65535,6978,33387,46699,59715,35267,65535,6992
1686478919,0,1,1,0,1223223,3358,8205,11631,21024,65535,6979,33388,46713,59728,35266,65535,6987
1686478925,0,1,1,0,1223223,3359,8198,11630,21016,65535,6978,33373,46696,59709,35263,65535,6988
1686478931,0,1,1,0,1223223,3360,8206,11631,21021,65535,6977,33383,46715,59698,35263,65535,6987
1686478937,0,1,1,0,1223223,3359,8204,11629,21027,65535,6980,33319,46626,59589,35202,65535,6974
1686478943,0,1,1,0,1223223,3361,8208,11638,21031,65535,6982,33390,46721,59734,35274,65535,6992
1686478949,0,1,1,0,1223223,3361,8205,11630,21033,65535,6979,33403,46722,59716,35275,65535,6990
1686478955,0,1,1,0,1223223,3359,8205,11625,21020,65535,6978,33381,46708,59694,35262,65535,6988
1686478961,0,1,1,0,1223223,3360,8199,11627,21023,65535,6978,33373,46695,59679,35258,65535,6984
1686478967,0,1,1,0,1223223,3359,8202,11626,21021,65535,6980,33365,46660,59653,35229,65535,6986
1686478973,0,1,1,0,1223223,3356,8200,11626,21010,65535,6976,33356,46667,59644,35238,65535,6984
1686478979,0,1,1,0,1223223,3358,8197,11622,21017,65535,6972,33352,46657,59655,35225,65535,6982
1686478985,0,1,1,0,1223223,3346,8169,11573,20938,65535,6950,33220,46483,59435,35093,65535,6952
1686478991,0,1,1,0,1223223,3358,8200,11626,21029,65535,6980,33393,46699,59724,35270,65535,6988
1686478997,0,1,1,0,1223223,3353,8185,11605,20974,65535,6964,33282,46575,59551,35147,65535,6970
1686479003,0,1,1,0,1223223,3360,8203,11628,21017,65535,6980,33387,46699,59723,35268,65535,6988
1686479009,0,1,1,0,1223223,3353,8183,11603,20987,65535,6963,33261,46529,59479,35123,65535,6964
1686479015,0,1,1,0,1223223,3359,8207,11630,21023,65535,6979,33362,46688,59703,35244,65535,6990
1686479021,0,1,1,0,1223223,3360,8202,11623,21029,65535,6982,33361,46686,59682,35248,65535,6991
1686479027,0,1,1,0,1223223,3357,8202,11629,21028,65535,6979,33373,46687,59703,35254,65535,6986
1686479033,0,1,1,0,1223223,3357,8201,11623,21010,65535,6976,33257,46521,59477,35133,65535,6960
1686479039,0,1,1,0,1223223,3360,8204,11625,21030,65535,6981,33385,46704,59709,35243,65535,6988
1686479045,0,1,1,0,1223223,3360,8202,11627,21031,65535,6980,33359,46693,59701,35260,65535,6985
1686479051,0,1,1,0,1223223,3358,8207,11628,21030,65535,6977,33368,46700,59718,35266,65535,6988
1686479057,0,1,1,0,1223223,3358,8202,11624,21031,65535,6976,33352,46686,59673,35257,65535,6988
1686479063,0,1,1,0,1223223,3359,8203,11625,21018,65535,6979,33377,46692,59709,35261,65535,6988
1686479069,0,1,1,0,1223223,3360,8202,11634,21033,65535,6979,33384,46699,59692,35246,65535,6988
1686479075,0,1,1,0,1223223,3362,8203,11634,21035,65535,6978,33389,46728,59714,35270,65535,6990
1686479081,0,1,1,0,1223223,3361,8206,11630,21024,65535,6980,33393,46711,59717,35249,65535,6987
1686479087,0,1,1,0,1223223,3357,8198,11619,21005,65535,6974,33259,46536,59488,35118,65535,6960
1686479093,0,1,1,0,1223223,3360,8204,11632,21034,65535,6981,33389,46713,59732,35275,65535,6986
1686479099,0,1,1,0,1223223,3357,8200,11632,21013,65535,6980,33376,46695,59699,35241,65535,6988
1686479105,0,1,1,0,1223223,3360,8201,11626,21027,65535,6978,33386,46699,59715,35273,65535,6986
1686479111,0,1,1,0,1223223,3360,8202,11629,21028,65535,6978,33377,46700,59708,35271,65535,6989
1686479117,0,1,1,0,1223223,3359,8205,11630,21031,65535,6978,33385,46696,59714,35253,65535,6990
1686479123,0,1,1,0,1223223,3358,8199,11621,21020,65535,6970,33249,46523,59486,35112,65535,6962
1686479129,0,1,1,0,1223223,3344,8160,11565,20911,65535,6938,33217,46493,59426,35089,65535,6957
1686479135,0,1,1,0,1223223,3360,8203,11626,21034,65535,6974,33387,46702,59700,35274,65535,6988
1686479141,0,1,1,0,1223223,3359,8201,11626,21019,65535,6973,33386,46711,59707,35249,65535,6988
1686479147,0,1,1,0,1223223,3360,8204,11629,21022,65535,6980,33372,46684,59676,35239,65535,6986
1686479153,0,1,1,0,1223223,3357,8195,11612,21013,65535,6970,33386,46705,59698,35258,65535,6985
1686479159,0,1,1,0,1223223,3356,8201,11630,21033,65535,6978,33300,46585,59550,35175,65535,6971
1686479165,0,1,1,0,1223223,3350,8175,11594,20969,65535,6957,33349,46632,59623,35223,65535,6978
1686479171,0,1,1,0,1223223,3359,8201,11620,21024,65535,6976,33357,46691,59672,35260,65535,6986
1686479177,0,1,1,0,1223223,3357,8205,11627,21026,65535,6978,33352,46691,59700,35234,65535,6986
1686479183,0,1,1,0,1223223,3359,8199,11621,21019,65535,6979,33384,46712,59679,35271,65535,6987
1686479189,0,1,1,0,1223223,3358,8200,11621,21015,65535,6978,33369,46686,59655,35262,65535,6988
1686479195,0,1,1,0,1223223,3357,8203,11627,21018,65535,6978,33377,46693,59685,35266,65535,6988
1686479201,0,1,1,0,1223223,3356,8194,11616,21015,65535,6974,33379,46720,59708,35265,65535,6984
1686479207,0,1,1,0,1223223,3358,8207,11626,21039,65535,6979,33387,46708,59730,35258,65535,6987
1686479213,0,1,1,0,1223223,3359,8205,11630,21030,65535,6980,33364,46704,59690,35254,65535,6986
1686479219,0,1,1,0,1223223,3359,8201,11628,21021,65535,6980,33381,46704,59720,35257,65535,6989
1686479225,0,1,1,0,1223223,3358,8202,11626,21022,65535,6979,33379,46700,59701,35274,65535,6990
1686479231,0,1,1,0,1223223,3360,8203,11632,21025,65535,6980,33379,46699,59710,35262,65535,6988
1686479237,0,1,1,0,1223223,3357,8204,11621,21021,65535,6980,33396,46711,59718,35275,65535,6990
1686479243,0,1,1,0,1223223,3355,8189,11601,20995,65535,6965,33302,46593,59542,35176,65535,6970
1686479249,0,1,1,0,1223223,3359,8203,11620,21028,65535,6980,33379,46703,59708,35262,65535,6986
1686479255,0,1,1,0,1223223,3352,8183,11607,20975,65535,6966,33271,46553,59522,35145,65535,6966
1686479261,0,1,1,0,1223223,3340,8152,11544,20892,65535,6934,33370,46698,59684,35251,65535,6986
1686479267,0,1,1,0,1223223,3359,8204,11626,21029,65535,6975,33368,46697,59682,35259,65535,6986
1686479273,0,1,1,0,1223223,3358,8200,11625,21024,65535,6976,33362,46675,59675,35247,65535,6982
1686479279,0,1,1,0,1223223,3358,8201,11623,21028,65535,6978,33343,46685,59668,35238,65535,6988
1686479285,0,1,1,0,1223223,3351,8182,11595,20963,65535,6962,33375,46702,59690,35243,65535,6988
1686479291,0,1,1,0,1223223,3359,8204,11626,21033,65535,6976,33356,46710,59710,35240,65535,6987
1686479297,0,1,1,0,1223223,3358,8201,11623,21019,65535,6979,33002,46201,58990,34859,65535,6909
1686479303,0,1,1,0,1223223,3360,8199,11628,21031,65535,6976,33383,46703,59711,35266,65535,6988
1686479309,0,1,1,0,1223223,3359,8201,11626,21020,65535,6978,33214,46463,59377,35090,65535,6950
1686479315,0,1,1,0,1223223,3360,8203,11625,21023,65535,6978,33384,46700,59697,35254,65535,6986
1686479321,0,1,1,0,1223223,3357,8198,11621,21020,65535,6974,33380,46708,59686,35266,65535,6987
1686479327,0,1,1,0,1223223,3358,8203,11624,21032,65535,6978,33361,46699,59681,35242,65535,6985
1686479333,0,1,1,0,1223223,3360,8199,11629,21025,65535,6978,33368,46711,59713,35265,65535,6985
1686479339,0,1,1,0,1223223,3360,8205,11632,21035,65535,6978,33383,46695,59707,35257,65535,6984
1686479345,0,1,1,0,1223223,3360,8203,11624,21031,65535,6978,33388,46706,59686,35243,65535,6988
1686479351,0,1,1,0,1223223,3357,8206,11629,21033,65535,6978,33378,46700,59704,35256,65535,6988
1686479357,0,1,1,0,1223223,3359,8204,11623,21032,65535,6978,33370,46705,59691,35270,65535,6988
1686479363,0,1,1,0,1223223,3357,8202,11627,21018,65535,6976,33334,46640,59646,35222,65535,6980
1686479369,0,1,1,0,1223223,3360,8204,11626,21027,65535,6978,33381,46701,59700,35257,65535,6985
1686479375,0,1,1,0,1223223,3359,8202,11623,21032,65535,6976,33384,46682,59709,35270,65535,6988
1686479381,0,1,1,0,1223223,3357,8202,11626,21032,65535,6976,33353,46662,59666,35227,65535,6980
1686479387,0,1,1,0,1223223,3359,8195,11625,21021,65535,6976,33278,46551,59543,35153,65535,6964
1686479393,0,1,1,0,1223223,3359,8206,11631,21037,65535,6980,33375,46701,59719,35267,65535,6990
1686479399,0,1,1,0,1223223,3347,8175,11582,20956,65535,6954,33375,46682,59695,35254,65535,6986
1686479405,0,1,1,0,1223223,3361,8210,11636,21039,65535,6982,33396,46733,59725,35270,65535,6990
1686479411,0,1,1,0,1223223,3357,8201,11624,21026,65535,6976,33373,46688,59685,35255,65535,6986
1686479417,0,1,1,0,1223223,3360,8204,11624,21028,65535,6978,33391,46717,59712,35278,65535,6990
1686479423,0,1,1,0,1223223,3357,8203,11623,21024,65535,6979,33379,46702,59706,35246,65535,6990
1686479429,0,1,1,0,1223223,3361,8204,11629,21034,65535,6980,33404,46731,59745,35282,65535,6992
1686479435,0,1,1,0,1223223,3359,8201,11622,21023,65535,6978,33392,46703,59701,35266,65535,6988
1686479441,0,1,1,0,1223223,3359,8206,11628,21039,65535,6981,33381,46720,59715,35282,65535,6992
1686479447,0,1,1,0,1223223,3351,8184,11598,20977,65535,6960,33311,46594,59586,35182,65535,6972
1686479453,0,1,1,0,1223223,3360,8204,11625,21029,65535,6978,33366,46715,59698,35270,65535,6986
1686479459,0,1,1,0,1223223,3361,8208,11633,21042,65535,6980,33397,46727,59721,35282,65535,6992
1686479465,0,1,1,0,1223223,3359,8205,11633,21032,65535,6978,33392,46702,59727,35268,65535,6990
1686479471,0,1,1,0,1223223,3361,8206,11632,21027,65535,6979,33308,46604,59587,35184,65535,6970
1686479477,0,1,1,0,1223223,3358,8206,11623,21029,65535,6980,33378,46696,59680,35266,65535,6988
1686479483,0,1,1,0,1223223,3360,8209,11626,21034,65535,6980,33379,46696,59709,35257,65535,6986
1686479489,0,1,1,0,1223223,3360,8205,11628,21024,65535,6980,33384,46709,59728,35263,65535,6990
1686479495,0,1,1,0,1223223,3351,8182,11596,20972,65535,6960,33341,46634,59624,35203,65535,6980
1686479501,0,1,1,0,1223223,3357,8198,11620,21013,65535,6976,33385,46708,59709,35245,65535,6988
1686479507,0,1,1,0,1223223,3359,8198,11622,21020,65535,6974,33378,46698,59713,35262,65535,6986
1686479513,0,1,1,0,1223223,3346,8169,11572,20941,65535,6952,33206,46463,59395,35062,65535,6951
1686479519,0,1,1,0,1223223,3350,8174,11587,20959,65535,6954,33223,46483,59440,35097,65535,6954
1686479525,0,1,1,0,1223223,3360,8206,11636,21034,65535,6980,33239,46482,59457,35112,65535,6951
1686479531,0,1,1,0,1223223,3357,8202,11629,21034,65535,6980,33265,46544,59499,35122,65535,6964
1686479537,0,1,1,0,1223223,3359,8204,11626,21029,65535,6978,33393,46711,59706,35270,65535,6988
1686479543,0,1,1,0,1223223,3360,8209,11627,21037,65535,6982,33382,46699,59687,35242,65535,6988
1686479549,0,1,1,0,1223223,3359,8204,11624,21030,65535,6978,33382,46701,59686,35265,65535,6988
1686479555,0,1,1,0,1223223,3359,8201,11626,21025,65535,6978,33379,46695,59704,35242,65535,6988
1686479561,0,1,1,0,1223223,3361,8204,11628,21025,65535,6977,33394,46724,59710,35285,65535,6990
1686479567,0,1,1,0,1223223,3359,8203,11629,21032,65535,6978,33320,46623,59587,35198,65535,6976
1686479573,0,1,1,0,1223223,3357,8206,11627,21026,65535,6982,33373,46703,59714,35268,65535,6990
1686479579,0,1,1,0,1223223,3357,8203,11622,21016,65535,6976,33337,46648,59608,35203,65535,6979
1686479585,0,1,1,0,1223223,3360,8207,11626,21039,65535,6978,33383,46716,59707,35281,65535,6988
1686479591,0,1,1,0,1223223,3359,8203,11625,21026,65535,6980,33386,46710,59704,35267,65535,6990
1686479597,0,1,1,0,1223223,3360,8205,11629,21035,65535,6982,33392,46741,59722,35273,65535,6988
1686479603,0,1,1,0,1223223,3359,8201,11629,21032,65535,6978,33378,46702,59687,35267,65535,6988
1686479609,0,1,1,0,1223223,3344,8166,11571,20927,65535,6944,33268,46565,59512,35132,65535,6966
1686479615,0,1,1,0,1223223,3359,8204,11623,21020,65535,6980,33391,46714,59709,35261,65535,6990
1686479621,0,1,1,0,1223223,3360,8208,11630,21029,65535,6982,33393,46721,59740,35258,65535,6988
1686479627,0,1,1,0,1223223,3359,8208,11627,21019,65535,6980,33370,46693,59693,35255,65535,6986
1686479633,0,1,1,0,1223223,3359,8205,11625,21030,65535,6975,33389,46736,59695,35268,65535,6988
1686479639,0,1,1,0,1223223,3355,8194,11605,20989,65535,6968,33386,46692,59723,35269,65535,6990
1686479645,0,1,1,0,1223223,3359,8205,11624,21024,65535,6979,33374,46705,59705,35247,65535,6988
1686479651,0,1,1,0,1223223,3359,8204,11628,21027,65535,6979,33381,46710,59722,35274,65535,6988
1686479657,0,1,1,0,1223223,3342,8159,11557,20912,65535,6936,33248,46527,59454,35106,65535,6960
1686479663,0,1,1,0,1223223,3359,8205,11623,21028,65535,6978,33377,46714,59710,35270,65535,6986
1686479669,0,1,1,0,1223223,3360,8207,11630,21039,65535,6980,33370,46715,59669,35256,65535,6985
1686479675,0,1,1,0,1223223,3360,8206,11630,21030,65535,6979,33379,46698,59693,35262,65535,6986
1686479681,0,1,1,0,1223223,3360,8203,11632,21029,65535,6982,33381,46702,59710,35249,65535,6990
1686479687,0,1,1,0,1223223,3359,8201,11622,21016,65535,6976,33212,46470,59429,35088,65535,6954
1686479693,0,1,1,0,1223223,3361,8205,11636,21027,65535,6980,33384,46716,59729,35271,65535,6989
1686479699,0,1,1,0,1223223,3360,8200,11621,21027,65535,6978,33355,46663,59653,35218,65535,6982
1686479705,0,1,1,0,1223223,3359,8206,11633,21038,65535,6982,33384,46715,59713,35252,65535,6986
1686479711,0,1,1,0,1223223,3359,8204,11625,21028,65535,6978,33333,46622,59637,35206,65535,6975
1686479717,0,1,1,0,1223223,3359,8204,11625,21019,65535,6978,33081,46293,59179,34945,65535,6926
1686479723,0,1,1,0,1223223,3348,8172,11584,20939,65535,6952,33271,46588,59537,35173,65535,6968
1686479729,0,1,1,0,1223223,3360,8207,11627,21029,65535,6978,33384,46706,59717,35267,65535,6988
1686479735,0,1,1,0,1223223,3359,8205,11626,21029,65535,6978,33385,46692,59699,35265,65535,6991
1686479741,0,1,1,0,1223223,3357,8205,11623,21019,65535,6978,33377,46747,59692,35255,65535,6990
1686479747,0,1,1,0,1223223,3359,8205,11624,21032,65535,6978,33397,46695,59713,35248,65535,6990
1686479753,0,1,1,0,1223223,3359,8208,11622,21034,65535,6978,33379,46691,59695,35244,65535,6986
1686479759,0,1,1,0,1223223,3360,8208,11626,21023,65535,6978,33381,46710,59680,35260,65535,6988
1686479765,0,1,1,0,1223223,3360,8207,11627,21036,65535,6980,33373,46709,59720,35268,65535,6993
1686479771,0,1,1,0,1223223,3360,8206,11629,21029,65535,6984,33293,46580,59563,35171,65535,6968
1686479777,0,1,1,0,1223223,3358,8202,11625,21016,65535,6980,33382,46704,59700,35265,65535,6988
1686479783,0,1,1,0,1223223,3361,8209,11628,21038,65535,6982,33394,46717,59711,35263,65535,6991
1686479789,0,1,1,0,1223223,3350,8178,11589,20959,65535,6958,33213,46477,59413,35069,65535,6954
1686479795,0,1,1,0,1223223,3360,8205,11623,21021,65535,6980,33384,46707,59690,35274,65535,6986
1686479801,0,1,1,0,1223223,3358,8203,11623,21014,65535,6974,33391,46727,59705,35251,65535,6987
1686479807,0,1,1,0,1223223,3358,8200,11620,21019,65535,6973,33361,46703,59686,35267,65535,6990
1686479813,0,1,1,0,1223223,3359,8203,11626,21032,65535,6980,33394,46760,59697,35257,65535,6988
1686479819,0,1,1,0,1223223,3359,8206,11631,21019,65535,6978,33386,46716,59713,35263,65535,6984
1686479825,0,1,1,0,1223223,3360,8204,11630,21017,65535,6978,33229,46496,59438,35094,65535,6958
1686479831,0,1,1,0,1223223,3360,8202,11630,21040,65535,6980,33370,46682,59696,35256,65535,6984
1686479837,0,1,1,0,1223223,3359,8205,11629,21039,65535,6982,33389,46722,59734,35277,65535,6986
1686479843,0,1,1,0,1223223,3361,8207,11629,21049,65535,6982,33369,46683,59651,35233,65535,6986
1686479849,0,1,1,0,1223223,3343,8159,11561,20909,65535,6938,33359,46682,59659,35226,65535,6980
1686479855,0,1,1,0,1223223,3360,8205,11632,21029,65535,6976,33392,46714,59730,35260,65535,6990
1686479861,0,1,1,0,1223223,3359,8202,11629,21031,65535,6978,33385,46707,59722,35260,65535,6988
1686479867,0,1,1,0,1223223,3359,8207,11631,21028,65535,6982,33385,46733,59700,35256,65535,6990
1686479873,0,1,1,0,1223223,3343,8167,11562,20924,65535,6942,33375,46706,59674,35245,65535,6986
1686479879,0,1,1,0,1223223,3357,8195,11614,21011,65535,6974,33368,46708,59691,35242,65535,6984
1686479885,0,1,1,0,1223223,3358,8203,11622,21017,65535,6980,33345,46664,59643,35218,65535,6982
1686479891,0,1,1,0,1223223,3361,8209,11628,21046,65535,6979,33395,46727,59739,35261,65535,6991
1686479897,0,1,1,0,1223223,3358,8203,11633,21025,65535,6978,33382,46706,59713,35253,65535,6987
1686479903,0,1,1,0,1223223,3358,8203,11626,21031,65535,6978,33358,46688,59680,35247,65535,6984
1686479909,0,1,1,0,1223223,3359,8206,11624,21034,65535,6980,33382,46711,59724,35269,65535,6988
1686479915,0,1,1,0,1223223,3359,8205,11626,21037,65535,6980,33388,46703,59687,35268,65535,6984
1686479921,0,1,1,0,1223223,3359,8204,11621,21024,65535,6980,33374,46696,59696,35250,65535,6988
1686479927,0,1,1,0,1223223,3359,8206,11626,21028,65535,6978,33387,46705,59696,35263,65535,6988
1686479933,0,1,1,0,1223223,3359,8203,11623,21032,65535,6980,33364,46687,59677,35258,65535,6985
1686479939,0,1,1,0,1223223,3357,8203,11620,21031,65535,6980,33376,46701,59683,35255,65535,6986
1686479945,0,1,1,0,1223223,3356,8198,11625,21034,65535,6978,33372,46700,59701,35252,65535,6986
1686479951,0,1,1,0,1223223,3361,8201,11626,21037,65535,6980,33384,46724,59727,35273,65535,6990
1686479957,0,1,1,0,1223223,3361,8208,11635,21041,65535,6980,33379,46709,59734,35270,65535,6988
1686479963,0,1,1,0,1223223,3350,8181,11593,20963,65535,6960,33377,46707,59709,35264,65535,6986
1686479969,0,1,1,0,1223223,3359,8204,11623,21030,65535,6977,33377,46703,59680,35263,65535,6988
1686479975,0,1,1,0,1223223,3359,8204,11624,21031,65535,6978,33386,46719,59707,35251,65535,6990
1686479981,0,1,1,0,1223223,3359,8203,11619,21018,65535,6976,33053,46265,59111,34936,65535,6920
1686479987,0,1,1,0,1223223,3359,8201,11619,21037,65535,6978,33371,46691,59690,35242,65535,6984
1686479993,0,1,1,0,1223223,3358,8201,11623,21039,65535,6980,33391,46726,59716,35285,65535,6988
1686479999,0,1,1,0,1223223,3360,8202,11627,21027,65535,6982,33252,46519,59487,35130,65535,6964
1686480005,0,1,1,0,1223223,3359,8209,11626,21036,65535,6979,33388,46723,59706,35269,65535,6988
1686480011,0,1,1,0,1223223,3360,8203,11630,21035,65535,6982,33393,46722,59735,35263,65535,6990
1686480017,0,1,1,0,1223223,3361,8209,11629,21032,65535,6982,33368,46700,59690,35233,65535,6984
1686480023,0,1,1,0,1223223,3360,8208,11637,21040,65535,6979,33373,46708,59716,35268,65535,6988
1686480029,0,1,1,0,1223223,3358,8207,11622,21028,65535,6976,33381,46713,59718,35269,65535,6986
1686480035,0,1,1,0,1223223,3360,8208,11624,21024,65535,6978,33358,46709,59694,35246,65535,6989
1686480041,0,1,1,0,1223223,3360,8201,11627,21029,65535,6978,33366,46710,59691,35257,65535,6990
1686480047,0,1,1,0,1223223,3359,8204,11624,21021,65535,6980,33375,46704,59707,35236,65535,6982
1686480053,0,1,1,0,1223223,3360,8205,11631,21031,65535,6978,33385,46714,59692,35265,65535,6983
1686480059,0,1,1,0,1223223,3358,8204,11629,21031,65535,6976,33385,46707,59719,35270,65535,6986
1686480065,0,1,1,0,1223223,3361,8208,11632,21034,65535,6980,33396,46730,59706,35276,65535,6988
1686480071,0,1,1,0,1223223,3359,8204,11620,21029,65535,6978,33388,46712,59716,35261,65535,6986
1686480077,0,1,1,0,1223223,3360,8205,11623,21025,65535,6978,33386,46711,59713,35268,65535,6990
1686480083,0,1,1,0,1223223,3360,8206,11625,21035,65535,6977,33384,46696,59688,35251,65535,6983
1686480089,0,1,1,0,1223223,3359,8203,11620,21028,65535,6980,33386,46703,59700,35250,65535,6988
1686480095,0,1,1,0,1223223,3360,8206,11630,21039,65535,6981,33384,46699,59690,35260,65535,6986
1686480101,0,1,1,0,1223223,3360,8206,11624,21037,65535,6984,33384,46703,59718,35255,65535,6990
1686480107,0,1,1,0,1223223,3359,8205,11625,21035,65535,6978,33391,46726,59721,35276,65535,6990
1686480113,0,1,1,0,1223223,3358,8203,11628,21032,65535,6982,33367,46691,59707,35259,65535,6990
1686480119,0,1,1,0,1223223,3360,8201,11624,21023,65535,6980,33381,46707,59681,35272,65535,6984
1686480125,0,1,1,0,1223223,3360,8207,11626,21039,65535,6980,33375,46691,59697,35248,65535,6986
1686480131,0,1,1,0,1223223,3360,8205,11630,21028,65535,6980,33381,46709,59701,35245,65535,6986
1686480137,0,1,1,0,1223223,3358,8203,11624,21023,65535,6978,33357,46670,59696,35257,65535,6986
1686480143,0,1,1,0,1223223,3361,8207,11628,21028,65535,6980,33402,46728,59743,35281,65535,6994
1686480149,0,1,1,0,1223223,3360,8210,11630,21039,65535,6980,33403,46728,59745,35273,65535,6990
1686480155,0,1,1,0,1223223,3350,8180,11589,20971,65535,6958,33361,46688,59691,35246,65535,6985
1686480161,0,1,1,0,1223223,3359,8203,11621,21014,65535,6977,33384,46711,59688,35246,65535,6986
1686480167,0,1,1,0,1223223,3358,8208,11626,21028,65535,6977,33386,46705,59703,35240,65535,6984
1686480173,0,1,1,0,1223223,3360,8206,11631,21023,65535,6978,33378,46695,59708,35261,65535,6986
1686480179,0,1,1,0,1223223,3359,8202,11627,21021,65535,6976,33376,46712,59708,35246,65535,6986
1686480185,0,1,1,0,1223223,3359,8207,11624,21023,65535,6980,33378,46716,59697,35244,65535,6986
1686480191,0,1,1,0,1223223,3359,8203,11629,21032,65535,6980,33372,46697,59705,35252,65535,6985
1686480197,0,1,1,0,1223223,3359,8202,11625,21032,65535,6977,33388,46706,59699,35267,65535,6986
1686480203,0,1,1,0,1223223,3360,8203,11630,21021,65535,6978,33306,46573,59590,35162,65535,6969
1686480209,0,1,1,0,1223223,3358,8204,11627,21018,65535,6978,33382,46688,59696,35266,65535,6986
1686480215,0,1,1,0,1223223,3358,8201,11628,21016,65535,6976,33248,46525,59466,35124,65535,6962
1686480221,0,1,1,0,1223223,3355,8197,11617,21001,65535,6976,33372,46691,59700,35254,65535,6984
1686480227,0,1,1,0,1223223,3359,8210,11627,21033,65535,6977,33379,46703,59700,35228,65535,6984
1686480233,0,1,1,0,1223223,3360,8205,11630,21028,65535,6976,33370,46703,59678,35242,65535,6984
1686480239,0,1,1,0,1223223,3358,8204,11628,21028,65535,6978,33380,46694,59689,35247,65535,6986
1686480245,0,1,1,0,1223223,3358,8204,11622,21029,65535,6980,33377,46704,59715,35257,65535,6987
1686480251,0,1,1,0,1223223,3359,8205,11620,21030,65535,6980,33373,46714,59691,35247,65535,6986
1686480257,0,1,1,0,1223223,3359,8204,11623,21035,65535,6977,33337,46664,59637,35227,65535,6979
1686480263,0,1,1,0,1223223,3359,8201,11629,21014,65535,6978,33370,46706,59679,35239,65535,6987
1686480269,0,1,1,0,1223223,3345,8167,11566,20921,65535,6948,33252,46537,59480,35130,65535,6961
1686480275,0,1,1,0,1223223,3354,8192,11609,20998,65535,6970,33260,46527,59514,35125,65535,6960
1686480281,0,1,1,0,1223223,3360,8204,11628,21025,65535,6977,33369,46701,59669,35249,65535,6988
1686480287,0,1,1,0,1223223,3352,8181,11596,20975,65535,6964,33408,46731,59719,35264,65535,6990
1686480293,0,1,1,0,1223223,3359,8207,11630,21033,65535,6979,33393,46720,59742,35270,65535,6992
1686480299,0,1,1,0,1223223,3359,8209,11630,21039,65535,6982,33400,46727,59738,35278,65535,6992
1686480305,0,1,1,0,1223223,3360,8209,11633,21035,65535,6978,33392,46724,59735,35266,65535,6990
1686480311,0,1,1,0,1223223,3361,8205,11628,21028,65535,6980,33227,46519,59458,35106,65535,6960
1686480317,0,1,1,0,1223223,3358,8208,11634,21037,65535,6980,33397,46724,59739,35270,65535,6990
1686480323,0,1,1,0,1223223,3360,8205,11628,21021,65535,6980,33386,46717,59701,35244,65535,6988
1686480329,0,1,1,0,1223223,3359,8206,11631,21036,65535,6980,33386,46711,59699,35267,65535,6990
1686480335,0,1,1,0,1223223,3360,8202,11625,21033,65535,6980,33390,46729,59732,35274,65535,6992
1686480341,0,1,1,0,1223223,3350,8173,11586,20950,65535,6956,33222,46495,59449,35095,65535,6954
1686480347,0,1,1,0,1223223,3350,8181,11594,20956,65535,6956,33327,46623,59608,35180,65535,6976
1686480353,0,1,1,0,1223223,3358,8204,11629,21017,65535,6978,33377,46715,59718,35258,65535,6987
1686480359,0,1,1,0,1223223,3359,8205,11624,21024,65535,6978,33381,46678,59693,35256,65535,6988
1686480365,0,1,1,0,1223223,3359,8202,11629,21018,65535,6976,33363,46693,59683,35245,65535,6987
1686480371,0,1,1,0,1223223,3361,8209,11634,21040,65535,6980,33395,46723,59712,35274,65535,6990
1686480377,0,1,1,0,1223223,3360,8211,11628,21035,65535,6979,33386,46719,59712,35265,65535,6988
1686480383,0,1,1,0,1223223,3362,8208,11630,21032,65535,6982,33394,46722,59711,35256,65535,6990
1686480389,0,1,1,0,1223223,3360,8207,11630,21036,65535,6981,33391,46718,59718,35270,65535,6990
1686480395,0,1,1,0,1223223,3358,8202,11624,21027,65535,6974,33372,46700,59701,35241,65535,6986
1686480401,0,1,1,0,1223223,3359,8204,11624,21018,65535,6979,33381,46710,59707,35264,65535,6986
1686480407,0,1,1,0,1223223,3358,8201,11631,21032,65535,6978,33383,46712,59690,35265,65535,6988
1686480413,0,1,1,0,1223223,3358,8204,11622,21027,65535,6974,33380,46711,59721,35266,65535,6988
1686480419,0,1,1,0,1223223,3358,8204,11630,21018,65535,6980,33387,46725,59724,35272,65535,6991
1686480425,0,1,1,0,1223223,3359,8206,11624,21028,65535,6978,33312,46623,59585,35178,65535,6972
1686480431,0,1,1,0,1223223,3360,8204,11622,21033,65535,6978,33377,46686,59682,35266,65535,6982
1686480437,0,1,1,0,1223223,3360,8202,11623,21014,65535,6976,33394,46721,59722,35255,65535,6992
1686480443,0,1,1,0,1223223,3359,8207,11633,21028,65535,6981,33368,46706,59692,35246,65535,6983
1686480449,0,1,1,0,1223223,3360,8206,11635,21026,65535,6982,33372,46695,59679,35245,65535,6989
1686480455,0,1,1,0,1223223,3359,8204,11629,21023,65535,6979,33375,46703,59713,35264,65535,6987
1686480461,0,1,1,0,1223223,3350,8181,11588,20958,65535,6956,33380,46720,59719,35246,65535,6986
1686480467,0,1,1,0,1223223,3359,8206,11624,21035,65535,6982,33351,46680,59681,35227,65535,6982
1686480473,0,1,1,0,1223223,3359,8205,11627,21038,65535,6976,33362,46687,59698,35257,65535,6990
1686480479,0,1,1,0,1223223,3359,8204,11631,21016,65535,6978,33388,46717,59715,35251,65535,6986
1686480485,0,1,1,0,1223223,3359,8204,11619,21026,65535,6974,33275,46572,59535,35162,65535,6964
1686480491,0,1,1,0,1223223,3358,8202,11625,21021,65535,6978,33382,46704,59708,35255,65535,6986
1686480497,0,1,1,0,1223223,3359,8204,11628,21016,65535,6976,33391,46705,59728,35275,65535,6986
1686480503,0,1,1,0,1223223,3358,8199,11627,21029,65535,6977,33382,46703,59708,35258,65535,6986
1686480509,0,1,1,0,1223223,3359,8209,11629,21021,65535,6982,33386,46701,59710,35249,65535,6990
1686480515,0,1,1,0,1223223,3359,8206,11627,21021,65535,6980,33361,46690,59709,35258,65535,6984
1686480521,0,1,1,0,1223223,3360,8202,11627,21033,65535,6978,33374,46704,59687,35260,65535,6990
1686480527,0,1,1,0,1223223,3359,8205,11625,21018,65535,6978,33381,46706,59692,35254,65535,6986
1686480533,0,1,1,0,1223223,3360,8207,11624,21018,65535,6976,33389,46714,59712,35250,65535,6988
1686480539,0,1,1,0,1223223,3359,8206,11634,21021,65535,6980,33362,46686,59675,35232,65535,6988
1686480545,0,1,1,0,1223223,3359,8207,11625,21029,65535,6980,33384,46715,59692,35265,65535,6990
1686480551,0,1,1,0,1223223,3358,8200,11620,21029,65535,6976,33390,46717,59727,35271,65535,6990
1686480557,0,1,1,0,1223223,3359,8203,11628,21031,65535,6980,33378,46711,59691,35264,65535,6990
1686480563,0,1,1,0,1223223,3360,8203,11629,21039,65535,6980,33382,46699,59721,35254,65535,6990
1686480569,0,1,1,0,1223223,3359,8203,11624,21031,65535,6979,33377,46695,59687,35260,65535,6988
1686480575,0,1,1,0,1223223,3357,8201,11623,21029,65535,6976,33376,46725,59737,35260,65535,6984
1686480581,0,1,1,0,1223223,3357,8203,11622,21025,65535,6979,33393,46708,59719,35269,65535,6988
1686480587,0,1,1,0,1223223,3360,8206,11627,21038,65535,6980,33380,46693,59682,35257,65535,6990
1686480593,0,1,1,0,1223223,3360,8205,11627,21034,65535,6980,33385,46714,59706,35271,65535,6990
1686480599,0,1,1,0,1223223,3359,8199,11625,21015,65535,6976,33380,46705,59681,35266,65535,6984
1686480605,0,1,1,0,1223223,3359,8206,11628,21024,65535,6978,33368,46687,59702,35258,65535,6986
1686480611,0,1,1,0,1223223,3358,8197,11626,21009,65535,6976,33373,46689,59709,35249,65535,6983
1686480617,0,1,1,0,1223223,3359,8202,11629,21027,65535,6978,33378,46698,59712,35261,65535,6984
1686480623,0,1,1,0,1223223,3351,8177,11591,20955,65535,6960,33353,46664,59676,35214,65535,6980
1686480629,0,1,1,0,1223223,3357,8196,11620,21013,65535,6972,33354,46684,59646,35212,65535,6982
1686480635,0,1,1,0,1223223,3356,8196,11613,21006,65535,6970,33354,46677,59663,35219,65535,6986
1686480641,0,1,1,0,1223223,3355,8190,11607,20987,65535,6968,33328,46626,59630,35202,65535,6976
1686480647,0,1,1,0,1223223,3356,8195,11614,21008,65535,6970,33378,46700,59685,35267,65535,6986
1686480653,0,1,1,0,1223223,3349,8182,11599,20968,65535,6960,33096,46314,59159,34957,65535,6930
1686480659,0,1,1,0,1223223,3359,8206,11622,21029,65535,6976,33360,46681,59678,35224,65535,6984
1686480665,0,1,1,0,1223223,3353,8186,11599,20981,65535,6962,33342,46663,59653,35206,65535,6980
1686480671,0,1,1,0,1223223,3358,8204,11627,21018,65535,6980,33368,46697,59694,35250,65535,6988
1686480677,0,1,1,0,1223223,3359,8203,11632,21033,65535,6978,33372,46699,59701,35233,65535,6986
1686480683,0,1,1,0,1223223,3357,8201,11626,21025,65535,6976,33379,46708,59716,35240,65535,6986
1686480689,0,1,1,0,1223223,3358,8202,11616,21026,65535,6978,33370,46676,59669,35237,65535,6988
1686480695,0,1,1,0,1223223,3360,8205,11632,21035,65535,6980,33361,46676,59696,35235,65535,6981
1686480701,0,1,1,0,1223223,3358,8203,11628,21015,65535,6978,33374,46709,59693,35235,65535,6986
1686480707,0,1,1,0,1223223,3358,8206,11627,21022,65535,6980,33376,46710,59666,35238,65535,6986
1686480713,0,1,1,0,1223223,3352,8186,11599,20980,65535,6964,33352,46708,59664,35238,65535,6984
1686480719,0,1,1,0,1223223,3358,8200,11625,21021,65535,6978,33370,46694,59696,35244,65535,6986
1686480725,0,1,1,0,1223223,3360,8205,11630,21033,65535,6978,33370,46709,59674,35237,65535,6988
1686480731,0,1,1,0,1223223,3358,8200,11625,21018,65535,6976,33368,46706,59681,35236,65535,6986
1686480737,0,1,1,0,1223223,3358,8204,11625,21025,65535,6976,33263,46562,59531,35140,65535,6962
1686480743,0,1,1,0,1223223,3359,8203,11622,21019,65535,6978,33371,46690,59691,35238,65535,6985
1686480749,0,1,1,0,1223223,3357,8198,11620,21027,65535,6975,33368,46674,59703,35229,65535,6986
1686480755,0,1,1,0,1223223,3357,8200,11622,21020,65535,6975,33336,46652,59624,35214,65535,6980
1686480761,0,1,1,0,1223223,3358,8200,11622,21017,65535,6973,33271,46553,59498,35143,65535,6964
1686480767,0,1,1,0,1223223,3357,8200,11615,21008,65535,6976,33351,46690,59667,35257,65535,6986
1686480773,0,1,1,0,1223223,3359,8206,11630,21020,65535,6978,33377,46690,59676,35255,65535,6988
1686480779,0,1,1,0,1223223,3357,8196,11617,21018,65535,6973,33367,46703,59706,35233,65535,6984
1686480785,0,1,1,0,1223223,3359,8206,11627,21028,65535,6979,33372,46704,59686,35255,65535,6987
1686480791,0,1,1,0,1223223,3357,8203,11620,21017,65535,6974,33369,46697,59682,35245,65535,6986
1686480797,0,1,1,0,1223223,3358,8202,11621,21015,65535,6978,33376,46707,59685,35262,65535,6986
1686480803,0,1,1,0,1223223,3356,8200,11620,21025,65535,6976,33371,46694,59683,35253,65535,6982
1686480809,0,1,1,0,1223223,3358,8204,11624,21027,65535,6976,33367,46707,59692,35237,65535,6988
1686480815,0,1,1,0,1223223,3354,8193,11602,20996,65535,6968,33186,46436,59362,35061,65535,6948
1686480821,0,1,1,0,1223223,3358,8199,11621,21025,65535,6978,33363,46697,59685,35235,65535,6986
1686480827,0,1,1,0,1223223,3358,8206,11621,21031,65535,6976,33362,46693,59663,35246,65535,6988
1686480833,0,1,1,0,1223223,3356,8199,11624,21022,65535,6974,33169,46417,59314,35049,65535,6944
1686480839,0,1,1,0,1223223,3358,8203,11627,21031,65535,6978,33380,46720,59697,35267,65535,6988
1686480845,0,1,1,0,1223223,3358,8204,11629,21023,65535,6978,33376,46708,59694,35245,65535,6990
1686480851,0,1,1,0,1223223,3359,8206,11621,21023,65535,6980,33384,46712,59713,35253,65535,6986
1686480857,0,1,1,0,1223223,3357,8204,11626,21020,65535,6978,33370,46698,59698,35260,65535,6986
1686480863,0,1,1,0,1223223,3359,8203,11622,21023,65535,6980,33356,46669,59661,35215,65535,6980
1686480869,0,1,1,0,1223223,3359,8206,11631,21024,65535,6980,33372,46702,59703,35240,65535,6988
1686480875,0,1,1,0,1223223,3359,8209,11631,21029,65535,6975,33379,46736,59706,35252,65535,6986
1686480881,0,1,1,0,1223223,3354,8195,11609,20997,65535,6968,33343,46658,59663,35205,65535,6980
1686480887,0,1,1,0,1223223,3356,8198,11612,21006,65535,6970,33232,46490,59406,35082,65535,6956
1686480893,0,1,1,0,1223223,3358,8204,11623,21023,65535,6980,33382,46719,59718,35248,65535,6986
1686480899,0,1,1,0,1223223,3358,8205,11627,21037,65535,6982,33383,46725,59734,35247,65535,6986
1686480905,0,1,1,0,1223223,3357,8203,11627,21030,65535,6978,33375,46704,59709,35263,65535,6990
1686480911,0,1,1,0,1223223,3359,8205,11627,21023,65535,6980,33385,46708,59730,35261,65535,6989
1686480917,0,1,1,0,1223223,3358,8207,11626,21023,65535,6980,33386,46713,59727,35270,65535,6988
1686480923,0,1,1,0,1223223,3359,8206,11632,21023,65535,6980,33373,46712,59711,35260,65535,6988
1686480929,0,1,1,0,1223223,3359,8207,11625,21024,65535,6978,33374,46714,59678,35243,65535,6986
1686480935,0,1,1,0,1223223,3360,8207,11626,21024,65535,6978,33381,46709,59703,35240,65535,6985
1686480941,0,1,1,0,1223223,3356,8194,11620,21005,65535,6974,33363,46694,59686,35250,65535,6984
1686480947,0,1,1,0,1223223,3359,8205,11629,21018,65535,6977,33386,46707,59705,35248,65535,6988
1686480953,0,1,1,0,1223223,3327,8128,11505,20816,65535,6908,33346,46660,59644,35220,65535,6980
1686480959,0,1,1,0,1223223,3351,8179,11588,20957,65535,6958,33370,46686,59702,35257,65535,6988
1686480965,0,1,1,0,1223223,3357,8202,11624,21023,65535,6978,33366,46688,59648,35250,65535,6986
1686480971,0,1,1,0,1223223,3359,8205,11626,21032,65535,6981,33373,46703,59677,35243,65535,6986
1686480977,0,1,1,0,1223223,3356,8200,11615,21017,65535,6976,33366,46697,59700,35240,65535,6989
1686480983,0,1,1,0,1223223,3362,8207,11631,21032,65535,6975,33375,46718,59730,35244,65535,6984
1686480989,0,1,1,0,1223223,3359,8205,11627,21022,65535,6978,33387,46715,59703,35266,65535,6987
1686480995,0,1,1,0,1223223,3359,8204,11631,21022,65535,6978,33384,46711,59692,35253,65535,6992
1686481001,0,1,1,0,1223223,3358,8204,11628,21016,65535,6978,33367,46697,59678,35259,65535,6986
1686481007,0,1,1,0,1223223,3358,8204,11623,21016,65535,6978,33353,46704,59713,35239,65535,6986
1686481013,0,1,1,0,1223223,3358,8202,11622,21029,65535,6978,33376,46705,59695,35235,65535,6986
1686481019,0,1,1,0,1223223,3358,8201,11621,21015,65535,6976,33363,46687,59699,35236,65535,6984
1686481025,0,1,1,0,1223223,3351,8184,11590,20973,65535,6958,33294,46573,59553,35157,65535,6966
1686481031,0,1,1,0,1223223,3359,8205,11626,21023,65535,6979,33303,46601,59580,35174,65535,6972
1686481037,0,1,1,0,1223223,3359,8201,11626,21031,65535,6978,33372,46708,59679,35256,65535,6988
1686481043,0,1,1,0,1223223,3357,8204,11621,21016,65535,6978,33367,46692,59668,35232,65535,6985
1686481049,0,1,1,0,1223223,3358,8205,11625,21030,65535,6978,33365,46701,59700,35253,65535,6986
1686481055,0,1,1,0,1223223,3349,8181,11587,20954,65535,6958,33300,46609,59592,35184,65535,6972
1686481061,0,1,1,0,1223223,3357,8197,11624,21025,65535,6976,33361,46691,59685,35254,65535,6985
1686481067,0,1,1,0,1223223,3358,8201,11626,21013,65535,6978,33367,46701,59705,35239,65535,6988
1686481073,0,1,1,0,1223223,3359,8201,11623,21032,65535,6978,33368,46706,59700,35257,65535,6988
1686481079,0,1,1,0,1223223,3354,8187,11607,20994,65535,6968,32992,46158,58969,34844,65535,6906
1686481085,0,1,1,0,1223223,3358,8204,11629,21025,65535,6980,33368,46711,59705,35233,65535,6986
1686481091,0,1,1,0,1223223,3359,8203,11625,21025,65535,6976,33380,46709,59700,35258,65535,6988
1686481097,0,1,1,0,1223223,3358,8203,11630,21027,65535,6976,33375,46705,59709,35244,65535,6987
1686481103,0,1,1,0,1223223,3359,8203,11622,21015,65535,6982,33376,46711,59696,35245,65535,6988
1686481109,0,1,1,0,1223223,3358,8207,11621,21021,65535,6975,33382,46705,59697,35261,65535,6986
1686481115,0,1,1,0,1223223,3359,8206,11631,21029,65535,6978,33382,46706,59723,35269,65535,6990
1686481121,0,1,1,0,1223223,3351,8185,11596,20974,65535,6962,33381,46693,59727,35257,65535,6988
1686481127,0,1,1,0,1223223,3359,8203,11627,21025,65535,6978,33366,46694,59697,35247,65535,6986
1686481133,0,1,1,0,1223223,3353,8189,11602,20979,65535,6966,33381,46705,59678,35257,65535,6988
1686481139,0,1,1,0,1223223,3359,8206,11628,21038,65535,6980,33393,46717,59697,35255,65535,6988
1686481145,0,1,1,0,1223223,3358,8202,11630,21022,65535,6980,33382,46703,59725,35267,65535,6988
1686481151,0,1,1,0,1223223,3354,8191,11604,20993,65535,6966,33399,46732,59733,35274,65535,6990
1686481157,0,1,1,0,1223223,3354,8187,11604,20995,65535,6964,33172,46419,59325,35034,65535,6944
1686481163,0,1,1,0,1223223,3360,8208,11627,21034,65535,6980,33393,46727,59737,35275,65535,6989
1686481169,0,1,1,0,1223223,3357,8197,11614,21015,65535,6972,33376,46695,59711,35262,65535,6984
1686481175,0,1,1,0,1223223,3359,8208,11629,21034,65535,6982,33387,46722,59705,35280,65535,6990
1686481181,0,1,1,0,1223223,3352,8189,11608,20993,65535,6968,33239,46520,59451,35104,65535,6960
1686481187,0,1,1,0,1223223,3359,8206,11626,21025,65535,6980,33378,46710,59683,35267,65535,6988
1686481193,0,1,1,0,1223223,3357,8198,11623,21023,65535,6976,33392,46712,59717,35273,65535,6990
1686481199,0,1,1,0,1223223,3358,8198,11622,21020,65535,6976,33194,46446,59393,35072,65535,6950
