Timestamp,Amber,White,On,Override,Intensity,AS00,AS01,AS02,AS03,AS04,AS05,AS06,AS07,AS08,AS09,AS10,AS11
1686502805,0,1,0,0,0,15,18,24,32,368,350,39,38,42,45,368,350
1686502811,0,1,0,0,0,16,19,25,34,389,376,41,39,43,47,391,378
1686502817,0,1,0,0,0,20,22,30,39,467,468,47,46,50,54,472,472
1686502823,0,1,0,0,0,21,24,31,41,504,512,50,49,53,57,504,512
1686502829,0,1,0,0,0,18,20,27,36,434,430,44,42,46,49,431,428
1686502835,0,1,0,0,0,16,20,25,34,398,388,41,40,44,46,397,388
1686502841,0,1,0,0,0,19,21,28,37,443,442,46,45,49,52,454,454
1686502847,0,1,0,0,1,27,30,37,50,642,682,61,60,64,69,638,676
1686502853,0,1,0,0,0,19,22,29,38,458,460,46,45,48,51,453,454
1686502859,0,1,0,0,0,17,19,26,34,404,400,41,40,43,47,405,400
1686502865,0,1,0,0,0,17,19,26,34,407,404,42,41,44,47,409,406
1686502871,0,1,0,0,0,20,23,30,39,486,498,48,47,51,55,491,502
1686502877,0,1,0,0,0,19,22,28,37,447,452,44,43,46,50,445,448
1686502883,0,1,0,0,0,15,17,24,31,365,356,38,36,39,42,364,354
1686502889,0,1,0,0,0,21,23,31,41,503,520,49,48,52,56,505,522
1686502895,0,1,0,0,0,18,20,27,35,429,430,43,42,45,49,430,432
1686502901,0,1,0,0,0,23,26,33,43,551,578,53,52,56,60,550,576
1686502907,0,1,0,0,0,17,19,26,34,406,400,43,41,45,48,413,406
1686502913,0,1,0,0,1,26,28,35,46,594,628,56,56,60,65,591,624
1686502919,0,1,0,0,1,25,28,36,46,588,618,57,56,60,66,588,618
1686502925,0,1,0,0,1,22,26,33,43,539,556,53,53,57,62,540,556
1686502931,0,1,0,0,1,26,29,37,48,611,642,59,59,63,69,612,642
1686502937,0,1,0,0,1,28,30,39,51,645,682,62,62,67,73,647,684
1686502943,0,1,0,0,1,27,30,38,50,640,674,62,62,67,73,648,682
1686502949,0,1,0,0,1,25,29,36,48,602,626,60,59,64,69,608,632
1686502955,0,1,0,0,1,27,30,38,50,634,666,61,61,66,71,632,662
1686502961,0,1,0,0,1,30,33,41,54,697,744,66,65,70,77,693,738
1686502967,0,1,0,0,1,27,29,38,49,632,664,61,60,64,71,623,656
1686502973,0,1,0,0,1,23,26,33,43,537,550,52,52,56,61,531,542
1686502979,0,1,0,0,0,19,22,29,38,460,460,47,45,50,53,458,456
1686502985,0,1,0,0,0,18,21,28,37,439,434,45,44,48,51,438,432
1686502991,0,1,0,0,0,17,20,26,35,409,400,42,41,45,48,405,394
1686502997,0,1,0,0,0,15,17,24,31,367,350,39,37,41,44,366,350
1686503003,0,1,0,0,0,15,17,23,31,353,336,38,36,40,42,354,336
1686503009,0,1,0,0,0,15,18,24,32,369,354,40,37,41,44,372,356
1686503015,0,1,0,0,0,18,21,28,37,443,442,46,44,48,52,451,450
1686503021,0,1,0,0,0,19,22,28,37,455,456,45,44,48,52,452,452
1686503027,0,1,0,0,0,20,22,29,38,467,472,47,46,50,54,471,476
1686503033,0,1,0,0,0,21,24,30,39,490,496,49,47,52,56,490,498
1686503039,0,1,0,0,0,19,22,28,38,455,458,45,43,48,51,445,446
1686503045,0,1,0,0,0,16,19,25,34,392,382,41,40,44,47,396,384
1686503051,0,1,0,0,0,23,26,34,44,549,568,54,54,58,63,556,574
1686503057,0,1,0,0,1,24,26,34,44,560,582,54,54,57,63,557,578
1686503063,0,1,0,0,0,20,22,29,38,470,472,47,46,50,54,470,472
1686503069,0,1,0,0,0,23,25,33,43,540,558,53,53,57,62,547,566
1686503075,0,1,0,0,1,25,28,35,47,592,622,57,56,61,66,588,618
1686503081,0,1,0,0,0,17,20,27,34,406,398,42,41,45,49,404,394
1686503087,0,1,0,0,0,20,23,30,40,487,494,49,48,52,56,489,496
1686503093,0,1,0,0,0,23,25,32,43,537,556,53,52,57,61,537,556
1686503099,0,1,0,0,0,22,25,32,43,535,550,53,52,56,61,535,552
1686503105,0,1,0,0,1,23,25,33,43,533,548,52,51,56,61,526,538
1686503111,0,1,0,0,1,27,29,37,49,623,654,60,60,65,71,620,650
1686503117,0,1,0,0,1,25,28,36,48,601,624,58,58,63,68,587,606
1686503123,0,1,0,0,1,23,26,34,45,550,556,55,54,60,65,546,550
1686503129,0,1,0,0,1,25,28,37,49,609,626,61,61,66,73,614,634
1686503135,0,1,0,0,1,29,31,40,53,663,690,65,65,71,78,664,692
1686503141,0,1,0,0,1,29,32,41,54,677,706,66,66,73,79,677,706
1686503147,0,1,0,0,1,29,32,42,54,683,708,67,67,74,80,684,710
1686503153,0,1,0,0,1,30,33,42,55,693,724,67,68,75,81,693,726
1686503159,0,1,0,0,1,30,33,42,57,714,748,69,70,76,84,714,748
1686503165,0,1,0,0,1,31,34,43,57,721,754,70,70,77,84,721,754
1686503171,0,1,0,0,1,29,32,41,55,681,704,66,67,73,80,674,696
1686503177,0,1,0,0,1,27,31,40,52,647,662,65,65,71,77,647,660
1686503183,0,1,0,0,1,24,26,35,46,560,556,57,56,63,68,552,548
1686503189,0,1,0,0,1,27,30,38,52,632,644,63,62,69,75,625,636
1686503195,0,1,0,0,1,25,27,36,48,582,584,58,58,64,70,569,568
1686503201,0,1,0,0,0,20,23,31,41,483,464,52,51,57,62,486,468
1686503207,0,1,0,0,1,26,29,38,51,621,632,63,63,70,75,631,644
1686503213,0,1,0,0,1,27,30,39,51,631,644,63,64,70,76,637,650
1686503219,0,1,0,0,1,29,32,41,54,685,712,67,67,74,81,683,710
1686503225,0,1,0,0,1,29,32,41,54,679,706,68,68,74,81,693,722
1686503231,0,1,0,0,1,32,34,44,57,732,776,71,71,77,84,734,778
1686503237,0,1,0,0,1,28,32,40,54,668,694,66,65,72,77,666,692
1686503243,0,1,0,0,1,28,30,40,51,648,672,64,63,69,75,646,670
1686503249,0,1,0,0,0,21,24,32,42,498,490,51,50,56,60,488,478
1686503255,0,1,0,0,0,21,24,32,42,498,492,52,51,57,61,504,498
1686503261,0,1,0,0,0,21,24,32,42,508,504,52,51,56,61,501,496
1686503267,0,1,0,0,1,22,25,33,43,530,532,54,53,58,64,532,534
1686503273,0,1,0,0,1,23,26,34,45,552,560,56,55,60,65,553,560
1686503279,0,1,0,0,1,27,30,39,50,635,660,62,61,66,72,630,656
1686503285,0,1,0,0,1,27,30,39,51,636,660,63,62,68,73,639,664
1686503291,0,1,0,0,1,27,30,38,51,634,660,62,62,67,73,635,660
1686503297,0,1,0,0,1,29,31,40,53,666,698,65,65,70,76,665,698
1686503303,0,1,0,0,1,28,31,40,52,660,690,64,65,69,76,660,690
1686503309,0,1,0,0,1,28,31,40,52,660,688,64,64,70,76,660,690
1686503315,0,1,0,0,1,28,31,40,53,665,696,65,64,70,76,664,694
1686503321,0,1,0,0,1,28,31,40,53,670,702,65,65,70,77,672,704
1686503327,0,1,0,0,1,29,32,41,53,675,710,66,65,71,77,677,710
1686503333,0,1,0,0,1,27,29,38,50,625,646,62,62,67,73,626,648
1686503339,0,1,0,0,1,27,30,39,51,634,656,62,61,67,73,626,646
1686503345,0,1,0,0,1,25,28,37,48,587,598,59,58,65,70,591,602
1686503351,0,1,0,0,1,29,32,41,54,690,726,66,66,72,78,685,722
1686503357,0,1,0,0,1,25,29,37,49,602,618,61,60,66,71,610,626
1686503363,0,1,0,0,1,30,33,42,55,702,738,67,68,73,80,699,736
1686503369,0,1,0,0,1,23,26,34,45,552,552,55,55,60,65,543,542
1686503375,0,1,0,0,1,22,25,33,43,516,510,53,52,58,62,513,506
1686503381,0,1,0,0,1,22,25,34,44,527,520,56,54,60,65,534,528
1686503387,0,1,0,0,1,28,31,40,52,659,682,65,65,71,77,662,684
1686503393,0,1,0,0,1,28,31,40,53,653,672,65,65,71,77,657,676
1686503399,0,1,0,0,1,30,33,42,55,693,722,68,69,74,81,698,728
1686503405,0,1,0,0,1,31,34,44,57,721,758,70,70,77,83,722,760
1686503411,0,1,0,0,1,31,35,45,57,732,768,71,71,77,84,732,770
1686503417,0,1,0,0,1,32,35,45,59,745,782,73,73,80,87,751,790
1686503423,0,1,0,0,1,32,34,45,59,741,776,71,71,78,85,735,770
1686503429,0,1,0,0,1,28,31,41,53,661,678,65,64,71,77,651,666
1686503435,0,1,0,0,1,24,26,35,46,554,548,57,56,63,67,552,548
1686503441,0,1,0,0,1,28,31,41,53,660,680,66,66,73,78,674,696
1686503447,0,1,0,0,1,24,27,36,48,582,586,60,59,65,70,587,592
1686503453,0,1,0,0,1,25,28,37,49,595,604,60,59,66,71,600,610
1686503459,0,1,0,0,1,26,29,38,50,617,630,62,61,67,72,615,628
1686503465,0,1,0,0,1,22,26,34,45,537,532,55,54,60,65,533,528
1686503471,0,1,0,0,0,21,23,32,42,497,486,51,51,56,61,494,480
1686503477,0,1,0,0,0,18,22,30,39,461,442,49,48,54,58,461,440
1686503483,0,1,0,0,0,20,23,31,41,471,448,51,49,55,59,472,450
1686503489,0,1,0,0,0,20,23,31,41,480,460,52,50,57,61,483,464
1686503495,0,1,0,0,1,23,27,35,46,551,542,57,57,64,68,553,544
1686503501,0,1,0,0,1,30,33,43,57,711,736,70,70,77,84,718,744
1686503507,0,1,0,0,1,27,30,39,52,638,646,63,63,69,75,631,640
1686503513,0,1,0,0,1,24,27,36,48,577,574,59,58,65,69,573,568
1686503519,0,1,0,0,1,22,25,34,45,525,508,55,54,61,65,522,504
1686503525,0,1,0,0,0,19,22,31,40,464,434,50,50,57,60,465,436
1686503531,0,1,0,0,0,20,24,32,43,491,464,53,52,59,63,492,466
1686503537,0,1,0,0,1,23,27,36,47,556,540,59,58,66,70,560,546
1686503543,0,1,0,0,1,22,26,35,46,538,522,56,56,63,68,534,516
1686503549,0,1,0,0,1,23,27,36,47,555,542,59,58,66,71,566,554
1686503555,0,1,0,0,1,23,26,35,47,548,528,57,57,65,70,544,524
1686503561,0,1,0,0,1,20,24,33,43,496,468,54,53,61,65,498,470
1686503567,0,1,0,0,1,21,25,34,44,515,490,55,55,62,67,514,488
1686503573,0,1,0,0,1,23,26,35,47,543,524,59,58,66,71,552,534
1686503579,0,1,0,0,1,27,31,41,54,650,652,66,65,73,79,648,650
1686503585,0,1,0,0,1,28,31,41,53,651,654,65,64,72,77,640,642
1686503591,0,1,0,0,0,20,24,32,43,488,458,53,53,59,64,488,458
1686503597,0,1,0,0,1,23,26,35,46,547,526,58,57,64,69,541,520
1686503603,0,1,0,0,0,20,23,32,42,484,452,53,52,60,63,484,452
1686503609,0,1,0,0,0,20,23,32,42,474,440,52,52,58,62,473,440
1686503615,0,1,0,0,0,20,24,32,43,486,456,54,52,60,64,490,460
1686503621,0,1,0,0,1,23,27,36,47,557,544,58,57,64,69,553,538
1686503627,0,1,0,0,1,24,28,36,48,576,568,60,60,66,72,580,572
1686503633,0,1,0,0,1,26,29,38,50,603,604,62,61,68,73,604,604
1686503639,0,1,0,0,1,23,26,35,46,550,544,58,57,63,68,556,550
1686503645,0,1,0,0,1,26,29,38,49,600,604,61,60,66,71,598,602
1686503651,0,1,0,0,0,22,24,33,44,510,498,53,52,59,62,508,496
1686503657,0,1,0,0,1,22,25,34,44,529,520,54,53,59,63,523,512
1686503663,0,1,0,0,0,18,20,29,37,425,402,46,44,50,53,425,402
1686503669,0,1,0,0,0,19,22,31,39,461,444,49,47,53,56,460,442
1686503675,0,1,0,0,0,19,22,29,40,455,438,48,47,52,56,456,440
1686503681,0,1,0,0,0,20,24,32,41,488,478,51,49,55,59,489,480
1686503687,0,1,0,0,1,25,28,36,48,587,598,58,58,63,67,585,596
1686503693,0,1,0,0,1,26,29,37,50,616,636,61,60,65,71,618,638
1686503699,0,1,0,0,1,30,33,42,55,709,754,67,67,72,79,709,752
1686503705,0,1,0,0,1,32,35,44,57,738,792,70,70,75,82,744,798
1686503711,0,1,0,0,1,32,36,45,58,755,814,71,71,76,82,757,816
1686503717,0,1,0,0,1,32,35,44,57,745,800,70,71,75,81,745,802
1686503723,0,1,0,0,1,30,33,42,54,696,742,65,65,69,76,691,738
1686503729,0,1,0,0,1,29,31,40,53,669,710,64,64,68,73,671,712
1686503735,0,1,0,0,1,30,33,42,55,702,750,67,66,71,76,700,748
1686503741,0,1,0,0,1,30,32,41,53,688,736,65,65,69,75,688,734
1686503747,0,1,0,0,1,30,32,41,54,685,732,65,64,69,75,686,732
1686503753,0,1,0,0,1,31,33,42,55,710,764,67,66,71,77,711,766
1686503759,0,1,0,0,1,30,33,41,54,691,740,65,65,69,75,687,736
1686503765,0,1,0,0,1,30,32,41,53,686,734,65,64,69,75,685,734
1686503771,0,1,0,0,1,30,32,41,53,689,738,65,65,69,75,692,742
1686503777,0,1,0,0,1,29,32,41,53,688,738,65,64,68,74,689,740
1686503783,0,1,0,0,1,31,33,42,55,717,776,67,66,71,77,718,776
1686503789,0,1,0,0,1,29,33,41,53,684,736,64,64,68,74,686,736
1686503795,0,1,0,0,1,28,31,40,51,666,712,62,61,66,72,658,702
1686503801,0,1,0,0,1,25,28,36,48,609,640,58,57,62,66,607,638
1686503807,0,1,0,0,1,23,26,33,44,547,566,54,53,57,62,551,570
1686503813,0,1,0,0,1,25,28,35,47,592,620,57,56,60,65,587,614
1686503819,0,1,0,0,0,22,24,32,42,520,530,51,51,54,59,516,526
1686503825,0,1,0,0,0,22,25,32,42,519,526,52,51,55,60,521,528
1686503831,0,1,0,0,0,22,25,32,43,523,530,52,52,56,60,523,532
1686503837,0,1,0,0,1,26,29,37,48,614,642,60,60,65,70,620,650
1686503843,0,1,0,0,1,31,34,43,55,722,774,68,68,73,79,721,772
1686503849,0,1,0,0,1,31,34,43,56,726,780,68,68,73,80,725,778
1686503855,0,1,0,0,1,31,33,41,55,717,768,68,68,73,79,716,768
1686503861,0,1,0,0,1,31,34,42,55,718,768,68,68,73,79,719,772
1686503867,0,1,0,0,1,30,33,42,54,713,764,67,67,72,79,712,762
1686503873,0,1,0,0,1,31,33,42,55,711,760,67,68,72,79,712,762
1686503879,0,1,0,0,1,31,33,42,55,719,770,68,68,73,80,718,768
1686503885,0,1,0,0,1,31,33,43,55,717,766,68,68,73,80,716,766
1686503891,0,1,0,0,1,31,33,42,55,718,768,68,68,74,80,719,768
1686503897,0,1,0,0,1,30,33,41,55,703,750,67,67,72,78,701,746
1686503903,0,1,0,0,1,29,32,40,53,678,720,65,65,70,76,678,720
1686503909,0,1,0,0,1,29,32,41,53,686,726,65,65,71,77,684,724
1686503915,0,1,0,0,1,30,32,42,54,693,736,66,66,72,78,694,738
1686503921,0,1,0,0,1,27,30,39,51,644,676,62,62,67,72,640,672
1686503927,0,1,0,0,1,30,33,41,55,705,750,67,67,73,79,706,752
1686503933,0,1,0,0,1,30,33,42,55,713,760,68,68,73,80,713,760
1686503939,0,1,0,0,1,28,31,39,52,661,696,63,63,68,74,657,692
1686503945,0,1,0,0,1,29,32,40,53,685,724,66,66,71,77,689,732
1686503951,0,1,0,0,1,29,32,41,53,685,724,65,65,71,77,684,724
1686503957,0,1,0,0,1,25,28,36,48,599,620,58,58,63,68,593,612
1686503963,0,1,0,0,1,23,25,34,44,543,550,55,54,59,64,545,554
1686503969,0,1,0,0,1,23,26,34,45,557,564,56,55,60,65,550,556
1686503975,0,1,0,0,0,21,24,31,41,495,490,51,50,55,60,498,492
1686503981,0,1,0,0,0,19,22,29,38,458,446,48,47,53,56,459,448
1686503987,0,1,0,0,1,26,30,37,49,611,628,60,61,66,72,619,638
1686503993,0,1,0,0,1,23,26,35,46,557,566,56,55,61,65,554,562
1686503999,0,1,0,0,1,25,28,37,48,595,610,58,57,64,68,589,604
1686504005,0,1,0,0,1,27,29,38,51,628,648,63,63,69,75,638,658
1686504011,0,1,0,0,1,28,31,40,52,661,688,64,64,71,76,660,686
1686504017,0,1,0,0,1,29,32,42,55,694,730,67,67,74,80,696,732
1686504023,0,1,0,0,1,30,33,43,56,712,750,68,69,75,81,709,746
1686504029,0,1,0,0,1,27,31,40,52,651,672,64,64,71,76,648,668
1686504035,0,1,0,0,1,28,31,40,53,665,688,66,66,73,79,674,700
1686504041,0,1,0,0,1,32,35,45,59,744,784,72,73,80,87,745,784
1686504047,0,1,0,0,1,32,35,45,59,750,790,73,73,81,88,750,790
1686504053,0,1,0,0,1,32,35,45,59,748,784,73,73,80,88,748,784
1686504059,0,1,0,0,1,32,35,45,59,753,788,74,74,81,88,753,788
1686504065,0,1,0,0,1,32,35,45,59,750,782,73,73,81,88,749,782
1686504071,0,1,0,0,1,32,35,45,60,755,790,73,74,81,89,752,788
1686504077,0,1,0,0,1,32,35,45,60,757,792,74,74,82,89,757,792
1686504083,0,1,0,0,1,33,36,46,60,765,798,75,75,83,90,764,798
1686504089,0,1,0,0,1,32,36,46,61,770,802,76,76,84,91,770,804
1686504095,0,1,0,0,1,33,36,46,61,770,804,76,76,83,92,773,808
1686504101,0,1,0,0,1,33,36,47,62,781,816,76,77,84,91,778,814
1686504107,0,1,0,0,1,33,37,48,63,790,824,77,78,85,93,790,824
1686504113,0,1,0,0,1,35,38,49,65,817,852,80,81,89,97,819,854
1686504119,0,1,0,0,1,34,37,48,63,800,838,77,78,86,93,794,830
1686504125,0,1,0,0,1,33,37,47,62,779,812,76,77,85,91,778,812
1686504131,0,1,0,0,1,33,36,47,61,768,798,75,75,83,90,762,792
1686504137,0,1,0,0,1,32,36,46,60,754,782,75,75,83,90,755,780
1686504143,0,1,0,0,1,32,35,46,60,750,774,74,75,83,90,753,778
1686504149,0,1,0,0,1,28,31,41,54,663,666,67,67,75,81,662,664
1686504155,0,1,0,0,1,31,35,45,59,734,754,74,74,82,89,742,762
1686504161,0,1,0,0,1,32,36,46,60,755,780,74,75,83,89,754,780
1686504167,0,1,0,0,1,34,37,48,64,805,842,79,79,87,94,804,842
1686504173,0,1,0,0,1,34,37,48,62,789,824,76,77,85,91,785,820
1686504179,0,1,0,0,1,33,37,47,61,773,808,76,76,84,90,776,810
1686504185,0,1,0,0,1,34,37,48,63,800,842,77,78,85,92,801,844
1686504191,0,1,0,0,1,33,37,47,61,784,824,76,76,83,90,782,820
1686504197,0,1,0,0,1,27,30,39,51,636,644,63,63,70,75,629,634
1686504203,0,1,0,0,1,22,25,34,44,515,498,54,52,60,64,510,494
1686504209,0,1,0,0,1,24,27,36,47,568,564,59,58,65,70,572,568
1686504215,0,1,0,0,1,25,29,38,50,603,608,61,61,68,73,605,612
1686504221,0,1,0,0,1,28,31,41,54,666,686,66,66,73,79,670,692
1686504227,0,1,0,0,1,30,33,43,56,703,734,68,69,75,82,701,730
1686504233,0,1,0,0,1,28,31,40,53,662,684,66,66,72,78,667,692
1686504239,0,1,0,0,1,31,35,44,57,730,766,70,71,77,84,725,760
1686504245,0,1,0,0,1,25,28,37,48,585,590,59,58,64,69,579,582
1686504251,0,1,0,0,1,23,27,36,47,567,566,58,57,64,69,569,568
1686504257,0,1,0,0,1,26,29,38,50,617,630,62,61,67,73,617,630
1686504263,0,1,0,0,1,29,34,42,55,687,718,68,67,73,80,690,722
1686504269,0,1,0,0,1,33,37,46,60,779,828,74,74,81,88,780,830
1686504275,0,1,0,0,1,34,36,46,60,780,832,75,74,80,87,777,828
1686504281,0,1,0,0,1,32,36,45,58,747,790,72,72,79,85,748,790
1686504287,0,1,0,0,1,31,34,45,57,729,768,70,70,76,83,726,764
1686504293,0,1,0,0,1,33,35,46,59,766,812,73,74,80,86,766,814
1686504299,0,1,0,0,1,33,36,46,60,772,820,73,74,80,87,769,818
1686504305,0,1,0,0,1,32,35,45,58,740,780,71,72,77,84,740,780
1686504311,0,1,0,0,1,33,36,46,60,765,810,73,73,79,86,765,810
1686504317,0,1,0,0,1,29,33,42,55,694,726,67,66,72,78,687,718
1686504323,0,1,0,0,1,29,33,43,56,695,726,68,68,73,80,700,732
1686504329,0,1,0,0,1,32,35,45,58,740,784,72,71,77,83,743,788
1686504335,0,1,0,0,1,33,37,47,61,784,838,75,75,80,87,785,838
1686504341,0,1,0,0,1,34,37,46,61,785,842,74,75,80,86,785,842
1686504347,0,1,0,0,1,34,37,47,61,786,844,74,75,80,87,786,844
1686504353,0,1,0,0,1,34,37,47,61,788,846,74,75,80,86,788,848
1686504359,0,1,0,0,1,34,37,46,60,781,840,74,74,79,86,783,842
1686504365,0,1,0,0,1,33,36,46,60,779,838,73,73,78,85,780,840
1686504371,0,1,0,0,1,34,36,46,60,779,840,73,73,78,85,779,838
1686504377,0,1,0,0,1,33,36,46,59,775,834,72,73,78,84,775,834
1686504383,0,1,0,0,1,33,36,45,59,764,826,72,72,77,83,766,826
1686504389,0,1,0,0,1,32,35,45,58,763,824,71,71,76,82,762,826
1686504395,0,1,0,0,1,33,35,45,59,758,820,71,70,75,81,756,818
1686504401,0,1,0,0,1,32,35,45,57,752,814,70,70,75,80,751,810
1686504407,0,1,0,0,1,31,34,43,57,735,794,70,69,74,79,740,798
1686504413,0,1,0,0,1,33,35,44,57,757,822,71,70,75,81,758,822
1686504419,0,1,0,0,1,33,35,44,58,761,826,70,71,75,81,760,826
1686504425,0,1,0,0,1,32,35,43,57,736,796,69,69,73,79,735,796
1686504431,0,1,0,0,1,31,34,43,56,722,780,68,68,72,78,724,782
1686504437,0,1,0,0,1,28,31,40,52,665,708,63,62,67,72,659,700
1686504443,0,1,0,0,1,25,28,35,47,582,602,57,56,60,65,581,602
1686504449,0,1,0,0,1,25,28,36,47,590,610,58,57,61,67,593,614
1686504455,0,1,0,0,1,29,31,40,52,665,706,64,63,68,74,672,714
1686504461,0,1,0,0,1,33,36,44,58,761,820,71,71,76,83,760,818
1686504467,0,1,0,0,1,32,35,44,58,755,814,70,70,76,82,753,812
1686504473,0,1,0,0,1,31,35,44,56,741,798,70,69,74,80,742,800
1686504479,0,1,0,0,1,32,34,43,56,731,786,69,69,74,80,733,786
1686504485,0,1,0,0,1,32,34,44,57,739,794,70,70,75,81,739,794
1686504491,0,1,0,0,1,31,34,43,56,721,772,68,68,73,80,720,770
1686504497,0,1,0,0,1,30,34,43,56,721,770,68,69,74,80,723,772
1686504503,0,1,0,0,1,32,35,44,58,744,796,71,70,75,83,745,798
1686504509,0,1,0,0,1,33,35,45,59,759,812,72,72,77,84,760,814
1686504515,0,1,0,0,1,33,35,45,59,759,814,72,72,77,84,760,814
1686504521,0,1,0,0,1,33,36,45,59,766,822,72,73,78,85,766,820
1686504527,0,1,0,0,1,33,36,45,59,768,824,73,73,78,85,768,824
1686504533,0,1,0,0,1,33,36,46,60,776,834,73,73,78,85,777,836
1686504539,0,1,0,0,1,33,36,45,60,769,826,73,73,78,85,770,826
1686504545,0,1,0,0,1,33,37,46,59,773,836,73,72,78,85,775,840
1686504551,0,1,0,0,1,33,36,46,58,770,834,72,72,76,83,770,836
1686504557,0,1,0,0,1,32,35,43,56,736,796,69,69,73,79,735,796
1686504563,0,1,0,0,1,33,36,45,58,768,836,71,71,75,81,767,834
1686504569,0,1,0,0,1,32,34,43,56,735,800,68,68,71,77,734,798
1686504575,0,1,0,0,1,31,34,43,56,730,794,68,67,71,76,730,796
1686504581,0,1,0,0,1,32,34,43,56,733,800,67,67,71,76,732,798
1686504587,0,1,0,0,1,31,34,43,55,724,790,67,66,70,75,724,792
1686504593,0,1,0,0,1,32,35,43,56,743,816,68,68,71,77,743,816
1686504599,0,1,0,0,1,31,34,42,55,722,792,66,65,69,74,719,790
1686504605,0,1,0,0,1,30,34,42,54,710,776,64,64,67,73,703,766
1686504611,0,1,0,0,1,27,30,38,48,631,678,59,58,61,66,629,676
1686504617,0,1,0,0,1,24,27,35,45,576,608,54,53,56,60,568,600
1686504623,0,1,0,0,1,28,30,38,49,638,686,60,59,62,68,642,692
1686504629,0,1,0,0,1,30,33,41,53,700,764,64,64,67,73,700,764
1686504635,0,1,0,0,1,30,33,41,53,698,762,65,64,67,73,699,760
1686504641,0,1,0,0,1,30,32,41,52,696,758,64,64,67,72,696,758
1686504647,0,1,0,0,1,30,32,41,53,695,752,64,64,67,73,693,752
1686504653,0,1,0,0,1,30,32,41,53,696,752,65,64,68,73,695,752
1686504659,0,1,0,0,1,30,32,41,53,694,750,64,64,68,73,693,750
1686504665,0,1,0,0,1,29,32,41,53,691,746,64,64,68,73,691,746
1686504671,0,1,0,0,1,30,33,41,53,690,744,65,64,68,73,690,746
1686504677,0,1,0,0,1,29,32,41,53,692,746,65,64,68,73,692,746
1686504683,0,1,0,0,1,30,32,41,53,694,746,65,64,68,74,693,746
1686504689,0,1,0,0,1,30,33,42,55,704,758,66,65,70,75,705,760
1686504695,0,1,0,0,1,30,33,42,54,709,766,66,65,69,75,710,766
1686504701,0,1,0,0,1,31,33,42,54,710,770,66,65,69,75,711,770
1686504707,0,1,0,0,1,31,33,42,54,717,780,66,66,69,75,716,780
1686504713,0,1,0,0,1,31,34,43,54,723,788,67,66,70,75,724,788
1686504719,0,1,0,0,1,31,34,43,55,733,800,67,67,70,76,734,800
1686504725,0,1,0,0,1,22,25,32,41,525,542,49,47,50,54,503,516
1686504731,0,1,0,0,0,18,21,27,36,430,426,44,42,44,48,429,424
1686504737,0,1,0,0,0,13,15,21,28,312,288,34,32,35,37,314,290
1686504743,0,1,0,0,0,11,14,20,26,278,248,32,29,32,34,281,250
1686504749,0,1,0,0,1,27,29,37,49,624,658,61,60,63,68,635,670
1686504755,0,1,0,0,1,28,30,38,50,642,686,61,60,64,69,650,694
1686504761,0,1,0,0,1,30,33,42,54,709,774,65,65,68,74,709,772
1686504767,0,1,0,0,1,29,32,40,52,677,734,63,62,65,70,677,734
1686504773,0,1,0,0,1,29,31,39,51,663,718,61,61,64,68,662,718
1686504779,0,1,0,0,1,29,31,39,51,673,732,62,61,64,70,673,732
1686504785,0,1,0,0,1,29,32,40,52,678,738,63,62,64,70,679,740
1686504791,0,1,0,0,1,29,31,39,51,674,734,62,61,64,70,673,734
1686504797,0,1,0,0,1,28,31,39,51,669,728,62,61,64,68,668,726
1686504803,0,1,0,0,1,28,31,39,51,665,722,61,61,63,68,664,724
1686504809,0,1,0,0,1,28,31,39,50,660,718,61,61,63,68,660,718
1686504815,0,1,0,0,1,28,31,38,50,656,716,60,61,62,67,657,716
1686504821,0,1,0,0,1,28,31,39,50,655,712,60,59,61,66,654,714
1686504827,0,1,0,0,1,28,30,38,49,651,708,60,59,61,66,650,708
1686504833,0,1,0,0,1,28,31,38,49,650,708,59,59,61,66,649,708
1686504839,0,1,0,0,1,28,31,39,49,651,708,60,59,61,66,653,710
1686504845,0,1,0,0,1,28,31,38,50,650,707,60,59,61,65,649,706
1686504851,0,1,0,0,1,28,30,38,49,647,706,59,58,60,65,646,706
1686504857,0,1,0,0,1,28,30,37,49,640,700,59,58,61,64,641,698
1686504863,0,1,0,0,1,28,30,38,49,642,700,59,59,60,65,641,698
1686504869,0,1,0,0,1,28,30,38,49,645,704,59,58,60,65,645,704
1686504875,0,1,0,0,1,28,31,38,49,646,704,59,58,61,65,648,704
1686504881,0,1,0,0,1,28,31,38,49,645,704,59,58,60,65,645,704
1686504887,0,1,0,0,1,28,30,38,48,641,702,59,58,59,64,642,702
1686504893,0,1,0,0,1,27,30,37,48,638,698,58,57,59,64,638,696
1686504899,0,1,0,0,1,28,30,38,49,635,694,58,57,59,63,636,696
1686504905,0,1,0,0,1,27,30,37,48,638,696,58,57,59,64,638,696
1686504911,0,1,0,0,1,28,30,37,48,639,698,59,57,60,64,640,698
1686504917,0,1,0,0,1,28,30,38,48,641,700,59,57,59,64,641,700
1686504923,0,1,0,0,1,28,30,37,48,638,696,58,57,59,64,638,696
1686504929,0,1,0,0,1,27,29,37,48,633,692,58,57,59,64,632,692
1686504935,0,1,0,0,1,28,30,37,48,635,694,58,57,59,63,635,694
1686504941,0,1,0,0,1,27,30,37,49,639,700,58,57,59,64,640,700
1686504947,0,1,0,0,1,28,30,38,48,636,696,58,57,59,63,636,696
1686504953,0,1,0,0,1,27,30,37,48,639,696,58,57,59,64,638,696
1686504959,0,1,0,0,1,28,30,37,48,641,702,58,57,59,64,640,702
1686504965,0,1,0,0,1,27,30,38,48,635,696,58,57,58,63,635,696
1686504971,0,1,0,0,1,28,31,38,48,642,704,59,57,59,64,643,704
1686504977,0,1,0,0,1,28,30,38,49,645,708,59,57,59,64,644,708
1686504983,0,1,0,0,1,28,30,38,49,646,710,59,57,59,64,646,708
1686504989,0,1,0,0,1,28,31,38,49,650,712,59,58,60,65,650,714
1686504995,0,1,0,0,1,28,30,38,49,645,706,59,58,60,64,644,708
1686505001,0,1,0,0,1,28,30,37,49,641,704,58,57,59,63,639,702
1686505007,0,1,0,0,1,24,26,34,43,562,602,51,50,51,55,553,590
1686505013,0,1,0,0,0,20,23,29,38,475,498,46,44,46,49,479,502
1686505019,0,1,0,0,1,26,29,36,45,595,646,55,54,55,59,599,652
1686505025,0,1,0,0,1,26,30,35,46,607,662,56,54,56,60,605,660
1686505031,0,1,0,0,1,27,29,36,48,632,694,57,56,58,62,632,694
1686505037,0,1,0,0,1,27,29,37,47,627,688,57,56,57,62,627,688
1686505043,0,1,0,0,1,27,29,37,47,629,690,58,56,58,62,629,688
1686505049,0,1,0,0,1,27,29,37,48,624,682,57,56,58,62,625,684
1686505055,0,1,0,0,1,27,29,37,47,624,682,57,56,58,63,625,684
1686505061,0,1,0,0,1,27,30,37,48,632,690,57,57,58,63,632,692
1686505067,0,1,0,0,1,27,30,37,48,629,688,57,56,58,63,629,688
1686505073,0,1,0,0,1,27,30,37,48,631,690,57,56,58,62,632,690
1686505079,0,1,0,0,1,27,29,36,48,629,688,58,56,58,62,629,688
1686505085,0,1,0,0,1,27,29,37,47,630,688,58,56,59,62,630,690
1686505091,0,1,0,0,1,27,30,37,47,629,690,58,56,58,62,630,690
1686505097,0,1,0,0,1,27,30,37,48,631,690,58,56,58,62,630,690
1686505103,0,1,0,0,1,27,30,37,48,635,694,58,57,58,62,634,694
1686505109,0,1,0,0,1,27,30,37,47,631,692,58,56,58,63,632,692
1686505115,0,1,0,0,1,27,30,37,48,632,692,57,56,58,63,631,692
1686505121,0,1,0,0,1,27,30,37,48,637,694,58,57,59,63,637,696
1686505127,0,1,0,0,1,28,30,37,48,631,692,57,57,58,62,632,690
1686505133,0,1,0,0,1,27,30,37,47,629,688,57,55,58,62,628,688
1686505139,0,1,0,0,1,27,30,36,48,627,688,57,56,58,63,628,688
1686505145,0,1,0,0,1,27,29,37,47,632,690,58,57,58,62,631,690
1686505151,0,1,0,0,1,27,30,37,47,636,696,58,57,58,63,635,696
1686505157,0,1,0,0,1,27,29,37,47,634,696,58,57,58,63,635,696
1686505163,0,1,0,0,1,28,30,37,48,636,696,58,57,59,63,635,696
1686505169,0,1,0,0,1,27,30,38,49,640,700,59,57,59,64,640,700
1686505175,0,1,0,0,1,27,30,37,48,638,698,59,57,59,64,638,698
1686505181,0,1,0,0,1,27,30,37,48,637,698,59,57,59,64,637,696
1686505187,0,1,0,0,1,27,30,37,48,640,700,58,57,59,64,640,700
1686505193,0,1,0,0,1,27,29,37,48,634,696,58,57,58,63,636,696
1686505199,0,1,0,0,1,27,30,37,48,638,700,59,57,59,64,638,700
1686505205,0,1,0,0,1,28,30,37,48,640,698,59,57,59,64,640,698
1686505211,0,1,0,0,1,27,30,37,48,638,696,59,57,59,64,638,698
1686505217,0,1,0,0,1,27,30,38,48,642,702,58,58,59,64,641,702
1686505223,0,1,0,0,1,27,30,38,48,640,700,58,57,59,64,640,700
1686505229,0,1,0,0,1,28,30,37,48,642,702,59,57,59,64,642,702
1686505235,0,1,0,0,1,27,30,38,48,637,696,58,57,59,65,639,698
1686505241,0,1,0,0,1,28,30,38,48,639,698,58,58,59,64,639,700
1686505247,0,1,0,0,1,27,30,38,48,639,700,59,58,59,65,639,700
1686505253,0,1,0,0,1,27,30,37,48,640,700,59,58,59,64,639,698
1686505259,0,1,0,0,1,27,29,37,48,640,700,58,57,59,65,640,700
1686505265,0,1,0,0,1,28,30,37,48,636,694,58,57,59,64,636,696
1686505271,0,1,0,0,1,28,30,38,48,644,706,59,58,60,64,643,702
1686505277,0,1,0,0,1,28,30,37,48,639,700,58,57,59,64,639,698
1686505283,0,1,0,0,1,27,30,37,48,637,698,58,57,59,63,639,700
1686505289,0,1,0,0,1,28,30,37,48,643,704,59,57,59,64,643,704
1686505295,0,1,0,0,1,28,30,39,49,646,708,59,58,60,64,646,708
1686505301,0,1,0,0,1,27,30,38,48,641,702,58,58,60,63,640,700
1686505307,0,1,0,0,1,27,30,38,49,642,702,59,57,60,64,642,702
1686505313,0,1,0,0,1,28,31,38,49,648,708,59,59,59,64,648,708
1686505319,0,1,0,0,1,27,30,37,48,634,696,57,56,58,62,634,696
1686505325,0,1,0,0,1,27,29,37,48,635,696,58,57,59,63,635,696
1686505331,0,1,0,0,1,27,30,37,48,634,696,58,57,58,63,633,694
1686505337,0,1,0,0,1,27,30,37,48,634,696,58,57,58,63,634,696
1686505343,0,1,0,0,1,28,30,37,48,637,698,58,56,59,63,638,698
1686505349,0,1,0,0,1,28,30,37,48,635,696,58,56,59,63,636,698
1686505355,0,1,0,0,1,28,30,37,48,639,700,58,57,58,63,638,700
1686505361,0,1,0,0,1,27,30,37,48,638,700,58,57,59,63,638,700
1686505367,0,1,0,0,1,27,30,37,48,639,700,58,57,58,63,638,700
1686505373,0,1,0,0,1,27,29,37,48,639,702,58,57,58,64,639,702
1686505379,0,1,0,0,1,28,30,38,49,645,708,58,58,59,64,645,708
1686505385,0,1,0,0,1,28,31,37,48,645,708,59,57,60,64,645,708
1686505391,0,1,0,0,1,28,30,37,48,647,710,59,58,60,64,647,712
1686505397,0,1,0,0,1,28,30,38,48,644,708,59,57,59,64,643,708
1686505403,0,1,0,0,1,27,30,37,48,641,706,58,57,59,63,640,704
1686505409,0,1,0,0,1,28,30,38,48,645,708,59,57,59,64,644,710
1686505415,0,1,0,0,1,27,30,37,48,646,708,59,58,60,64,648,712
1686505421,0,1,0,0,1,28,30,38,49,652,718,59,58,60,65,652,716
1686505427,0,1,0,0,1,28,30,38,49,649,712,59,57,59,64,649,714
1686505433,0,1,0,0,1,28,30,38,48,647,710,59,58,60,64,647,710
1686505439,0,1,0,0,1,27,30,37,48,644,708,59,57,59,64,643,706
1686505445,0,1,0,0,1,28,30,38,48,643,704,59,57,59,64,644,706
1686505451,0,1,0,0,1,28,31,38,48,644,710,59,57,60,64,645,708
1686505457,0,1,0,0,1,27,30,38,48,645,708,58,57,59,64,645,710
1686505463,0,1,0,0,1,28,30,38,49,647,710,59,58,59,64,646,710
1686505469,0,1,0,0,1,28,30,37,48,644,708,59,57,59,64,644,708
1686505475,0,1,0,0,1,28,30,38,49,648,710,59,59,60,65,648,710
1686505481,0,1,0,0,1,28,30,38,49,649,712,59,57,59,64,649,712
1686505487,0,1,0,0,1,28,30,38,49,649,712,59,58,60,64,647,712
1686505493,0,1,0,0,1,28,31,38,48,647,710,59,58,60,64,647,708
1686505499,0,1,0,0,1,28,30,38,49,649,710,59,58,59,64,648,712
1686505505,0,1,0,0,1,28,30,38,49,647,708,59,58,60,64,647,710
1686505511,0,1,0,0,1,28,30,38,49,650,712,59,58,60,64,650,714
1686505517,0,1,0,0,1,28,31,38,49,657,720,60,59,61,65,657,720
1686505523,0,1,0,0,1,28,30,39,49,648,712,59,58,60,65,649,712
1686505529,0,1,0,0,1,28,30,38,49,651,716,59,58,60,65,650,716
1686505535,0,1,0,0,1,28,30,38,49,653,716,59,58,60,64,652,716
1686505541,0,1,0,0,1,28,30,38,49,652,716,60,58,60,65,651,714
1686505547,0,1,0,0,1,28,31,38,49,657,722,59,59,60,65,657,722
1686505553,0,1,0,0,1,28,30,38,49,650,716,59,58,60,65,650,714
1686505559,0,1,0,0,1,28,30,38,49,654,718,60,58,60,65,656,720
1686505565,0,1,0,0,1,28,30,38,49,654,718,60,58,60,65,654,718
1686505571,0,1,0,0,1,27,30,38,49,644,708,58,58,59,64,645,708
1686505577,0,1,0,0,1,28,30,38,50,652,718,59,58,60,64,653,720
1686505583,0,1,0,0,1,28,30,37,49,650,716,59,58,59,64,650,716
1686505589,0,1,0,0,1,27,31,38,48,651,718,59,58,59,63,650,716
1686505595,0,1,0,0,1,28,30,38,49,645,712,58,57,58,63,645,712
1686505601,0,1,0,0,1,28,30,38,49,656,722,60,58,60,65,655,722
1686505607,0,1,0,0,1,28,31,38,49,649,716,59,59,60,64,650,716
1686505613,0,1,0,0,1,28,30,38,49,646,712,59,57,59,64,647,712
1686505619,0,1,0,0,1,28,30,38,48,648,712,59,57,59,64,647,712
1686505625,0,1,0,0,1,28,30,38,49,648,712,59,58,60,64,648,712
1686505631,0,1,0,0,1,28,30,38,49,649,714,59,58,60,64,649,714
1686505637,0,1,0,0,1,28,31,38,49,649,715,59,58,59,64,650,714
1686505643,0,1,0,0,1,28,30,38,49,649,716,59,58,59,64,650,716
1686505649,0,1,0,0,1,28,30,38,49,653,718,59,58,60,64,652,716
1686505655,0,1,0,0,1,28,30,38,49,649,716,59,58,59,64,649,716
1686505661,0,1,0,0,1,28,31,38,48,650,716,59,58,60,64,650,716
1686505667,0,1,0,0,1,28,30,38,48,645,712,58,58,58,63,645,710
1686505673,0,1,0,0,1,28,30,38,49,650,716,58,58,59,64,649,714
1686505679,0,1,0,0,1,28,30,38,49,651,716,59,58,59,64,650,716
1686505685,0,1,0,0,1,28,30,38,49,651,716,59,58,59,64,651,716
1686505691,0,1,0,0,1,28,31,38,49,654,720,59,58,60,64,653,718
1686505697,0,1,0,0,1,28,31,38,49,650,716,59,57,59,64,651,716
1686505703,0,1,0,0,1,28,30,38,49,648,714,59,58,59,64,650,714
1686505709,0,1,0,0,1,28,30,38,49,652,716,59,58,60,64,653,718
1686505715,0,1,0,0,1,28,31,38,49,652,716,59,58,60,64,651,718
1686505721,0,1,0,0,1,27,30,38,48,652,716,59,58,59,65,652,718
1686505727,0,1,0,0,1,28,31,38,49,653,718,59,58,60,64,653,718
1686505733,0,1,0,0,1,28,31,38,49,652,718,59,58,60,64,651,716
1686505739,0,1,0,0,1,28,30,38,49,652,716,59,58,60,64,652,716
1686505745,0,1,0,0,1,28,30,38,49,653,716,59,58,59,64,652,718
1686505751,0,1,0,0,1,28,30,38,49,654,720,59,58,60,64,654,720
1686505757,0,1,0,0,1,28,30,38,49,649,714,59,58,59,64,650,716
1686505763,0,1,0,0,1,28,30,38,48,647,712,58,57,59,64,645,710
1686505769,0,1,0,0,1,28,30,38,49,653,720,59,58,59,64,654,720
1686505775,0,1,0,0,1,28,31,38,49,653,718,59,58,60,64,653,718
1686505781,0,1,0,0,1,28,30,38,49,655,722,60,58,60,64,654,720
1686505787,0,1,0,0,1,28,31,38,49,654,720,59,58,60,65,654,718
1686505793,0,1,0,0,1,28,30,38,49,652,718,59,58,60,65,652,718
1686505799,0,1,0,0,1,28,31,38,49,655,722,59,58,60,64,655,722
1686505805,0,1,0,0,1,28,31,39,49,661,728,59,59,60,65,661,730
1686505811,0,1,0,0,1,29,31,39,49,663,730,60,59,61,65,661,728
1686505817,0,1,0,0,1,28,30,39,50,663,732,60,59,61,65,664,732
1686505823,0,1,0,0,1,28,31,38,50,659,726,60,59,60,65,660,728
1686505829,0,1,0,0,1,28,31,39,50,665,734,60,60,61,66,666,734
1686505835,0,1,0,0,1,28,31,38,49,658,726,60,59,60,66,659,726
1686505841,0,1,0,0,1,28,31,38,49,656,724,59,59,60,65,657,726
1686505847,0,1,0,0,1,29,31,38,49,656,722,59,58,60,65,656,720
1686505853,0,1,0,0,1,28,31,38,49,657,724,59,58,60,65,657,724
1686505859,0,1,0,0,1,28,31,38,49,657,724,59,59,60,65,658,724
1686505865,0,1,0,0,1,28,31,38,49,655,720,60,58,60,64,654,720
1686505871,0,1,0,0,1,28,30,38,49,650,716,59,58,59,64,650,716
1686505877,0,1,0,0,1,27,31,38,49,651,718,59,58,60,64,652,718
1686505883,0,1,0,0,1,28,30,38,49,655,722,60,58,60,65,656,722
1686505889,0,1,0,0,1,28,30,38,49,653,720,59,59,61,64,654,722
1686505895,0,1,0,0,1,28,30,38,49,654,720,59,58,60,65,654,720
1686505901,0,1,0,0,1,28,30,38,49,653,720,59,59,60,65,654,720
1686505907,0,1,0,0,1,28,31,38,49,655,722,59,59,59,65,655,722
1686505913,0,1,0,0,1,28,31,38,49,659,726,60,58,60,65,659,726
1686505919,0,1,0,0,1,28,31,38,50,656,722,59,58,60,64,656,722
1686505925,0,1,0,0,1,28,31,38,49,656,722,59,58,60,64,656,722
1686505931,0,1,0,0,1,28,31,38,49,657,724,60,59,60,64,657,722
1686505937,0,1,0,0,1,28,31,38,49,656,722,60,58,60,64,656,720
1686505943,0,1,0,0,1,28,30,38,49,655,722,59,58,60,64,655,720
1686505949,0,1,0,0,1,28,31,38,49,655,722,59,58,60,64,655,722
1686505955,0,1,0,0,1,28,30,38,49,655,722,59,58,60,65,656,722
1686505961,0,1,0,0,1,28,31,38,49,651,718,59,58,60,64,651,718
1686505967,0,1,0,0,1,28,32,38,49,657,724,60,59,60,64,657,724
1686505973,0,1,0,0,1,28,32,38,49,654,722,59,58,60,64,655,722
1686505979,0,1,0,0,1,28,31,38,49,654,720,59,58,60,64,655,722
1686505985,0,1,0,0,1,28,30,38,49,653,722,59,58,59,64,653,720
1686505991,0,1,0,0,1,28,31,38,49,655,724,59,58,59,64,656,724
1686505997,0,1,0,0,1,28,30,38,49,656,724,60,58,60,64,656,724
1686506003,0,1,0,0,1,28,30,38,49,658,726,60,58,60,65,659,726
1686506009,0,1,0,0,1,28,30,38,49,661,728,60,59,61,65,661,728
1686506015,0,1,0,0,1,29,31,38,50,659,728,60,58,60,65,659,726
1686506021,0,1,0,0,1,28,31,38,49,659,726,60,59,61,65,659,724
1686506027,0,1,0,0,1,28,31,38,49,660,728,60,59,60,65,661,728
1686506033,0,1,0,0,1,29,31,39,49,661,728,60,59,60,65,661,728
1686506039,0,1,0,0,1,28,31,38,50,660,726,60,58,60,65,658,726
1686506045,0,1,0,0,1,29,31,39,50,660,726,59,59,60,65,660,728
1686506051,0,1,0,0,1,29,30,38,49,660,728,59,58,61,65,660,728
1686506057,0,1,0,0,1,29,31,39,50,665,732,60,60,61,65,664,732
1686506063,0,1,0,0,1,29,31,39,50,667,734,61,60,62,66,668,734
1686506069,0,1,0,0,1,29,31,39,50,672,738,61,60,62,67,675,742
1686506075,0,1,0,0,1,29,31,39,51,675,744,61,60,62,66,674,744
1686506081,0,1,0,0,1,29,31,39,50,670,738,60,59,61,66,669,738
1686506087,0,1,0,0,1,28,31,39,50,668,736,61,59,61,66,668,736
1686506093,0,1,0,0,1,29,31,39,50,671,740,61,60,61,66,672,742
1686506099,0,1,0,0,1,29,31,39,51,672,742,61,60,61,66,672,742
1686506105,0,1,0,0,1,29,31,39,50,673,742,61,60,61,66,673,744
1686506111,0,1,0,0,1,29,31,39,50,674,746,60,60,61,67,675,748
1686506117,0,1,0,0,1,29,31,39,50,672,744,61,60,61,66,671,742
1686506123,0,1,0,0,1,29,31,39,50,667,736,60,60,61,66,668,738
1686506129,0,1,0,0,1,29,31,39,51,675,746,61,60,62,66,674,746
1686506135,0,1,0,0,1,29,31,39,50,674,744,61,60,61,66,674,744
1686506141,0,1,0,0,1,29,31,39,51,668,740,60,59,61,65,668,738
1686506147,0,1,0,0,1,28,31,39,50,665,734,60,59,61,65,664,734
1686506153,0,1,0,0,1,28,31,38,50,663,734,60,60,61,65,663,732
1686506159,0,1,0,0,1,29,31,39,50,668,738,60,59,61,66,667,736
1686506165,0,1,0,0,1,28,31,38,49,663,732,60,59,60,66,664,734
1686506171,0,1,0,0,1,29,31,38,49,664,732,60,59,61,65,664,732
1686506177,0,1,0,0,1,29,31,39,50,669,738,60,59,61,66,669,738
1686506183,0,1,0,0,1,29,31,39,50,670,738,61,60,61,66,670,738
1686506189,0,1,0,0,1,29,31,39,50,670,738,60,60,61,65,669,740
1686506195,0,1,0,0,1,28,31,39,50,666,738,61,59,61,66,668,738
1686506201,0,1,0,0,1,29,31,39,50,668,740,60,59,61,66,668,738
1686506207,0,1,0,0,1,29,31,39,50,672,744,61,60,61,66,672,742
1686506213,0,1,0,0,1,29,33,39,50,670,742,61,59,61,66,670,742
1686506219,0,1,0,0,1,29,31,38,50,670,740,61,59,61,65,669,740
1686506225,0,1,0,0,1,29,32,39,50,670,742,61,59,61,66,669,742
1686506231,0,1,0,0,1,28,31,39,50,670,740,61,59,61,65,669,740
1686506237,0,1,0,0,1,29,31,39,50,668,738,60,59,61,66,668,738
1686506243,0,1,0,0,1,29,31,38,49,668,738,60,59,61,66,668,740
1686506249,0,1,0,0,1,28,31,39,50,668,738,60,59,61,65,668,740
1686506255,0,1,0,0,1,29,31,38,50,669,740,60,59,61,65,669,740
1686506261,0,1,0,0,1,29,31,38,50,669,738,60,60,61,66,668,738
1686506267,0,1,0,0,1,29,31,39,51,671,742,61,60,61,66,672,742
1686506273,0,1,0,0,1,28,31,38,49,667,736,60,60,61,65,666,736
1686506279,0,1,0,0,1,28,31,39,50,666,736,60,59,60,66,665,736
1686506285,0,1,0,0,1,28,30,38,50,664,734,60,59,60,66,665,734
1686506291,0,1,0,0,1,29,31,39,50,669,740,61,59,61,66,670,740
1686506297,0,1,0,0,1,29,31,39,50,668,738,60,60,61,65,667,738
1686506303,0,1,0,0,1,28,31,39,50,666,736,60,59,61,65,666,736
1686506309,0,1,0,0,1,29,31,39,50,666,736,60,59,61,65,666,736
1686506315,0,1,0,0,1,29,31,39,50,672,742,60,59,61,66,672,742
1686506321,0,1,0,0,1,28,31,38,50,666,736,60,59,61,66,666,736
1686506327,0,1,0,0,1,29,31,39,50,671,740,60,59,61,66,670,740
1686506333,0,1,0,0,1,29,32,39,51,669,738,60,59,61,65,668,738
1686506339,0,1,0,0,1,28,31,39,50,669,738,60,59,61,65,669,740
1686506345,0,1,0,0,1,29,31,39,50,672,742,60,60,61,66,672,742
1686506351,0,1,0,0,1,29,31,39,50,671,742,61,59,61,66,673,744
1686506357,0,1,0,0,1,29,31,39,50,670,740,60,60,61,66,670,740
1686506363,0,1,0,0,1,29,31,39,50,669,740,60,59,61,66,668,740
1686506369,0,1,0,0,1,29,31,39,50,670,740,60,59,61,66,669,740
1686506375,0,1,0,0,1,29,31,39,50,670,742,61,59,61,65,670,742
1686506381,0,1,0,0,1,29,31,39,50,670,742,60,59,61,66,671,742
1686506387,0,1,0,0,1,28,31,39,50,671,742,61,59,61,65,671,742
1686506393,0,1,0,0,1,29,31,39,50,671,740,60,59,61,66,669,740
1686506399,0,1,0,0,1,28,31,39,50,671,740,60,59,61,66,670,740
