Timestamp,Amber,White,On,Override,Intensity,AS00,AS01,AS02,AS03,AS04,AS05,AS06,AS07,AS08,AS09,AS10,AS11
1686506405,0,1,0,0,1,29,31,39,50,671,744,61,59,61,65,672,744
1686506411,0,1,0,0,1,29,31,39,50,673,746,61,60,61,65,672,746
1686506417,0,1,0,0,1,29,31,39,50,673,744,61,59,62,66,674,744
1686506423,0,1,0,0,1,29,31,39,50,676,748,61,60,62,67,676,748
1686506429,0,1,0,0,1,29,31,39,50,671,744,60,60,61,66,672,744
1686506435,0,1,0,0,1,29,31,39,50,675,746,61,60,61,66,674,746
1686506441,0,1,0,0,1,29,32,40,50,673,744,61,60,61,66,673,744
1686506447,0,1,0,0,1,29,31,39,50,676,746,61,61,62,67,676,746
1686506453,0,1,0,0,1,29,31,39,50,672,742,60,60,61,66,672,744
1686506459,0,1,0,0,1,29,32,39,50,672,744,60,60,61,66,672,744
1686506465,0,1,0,0,1,29,31,39,51,674,746,61,59,62,66,673,746
1686506471,0,1,0,0,1,29,32,39,50,675,748,61,60,61,66,676,750
1686506477,0,1,0,0,1,29,31,39,50,675,748,61,60,62,66,675,748
1686506483,0,1,0,0,1,29,31,40,50,677,748,61,60,61,66,677,750
1686506489,0,1,0,0,1,29,31,39,51,675,748,60,60,61,66,675,748
1686506495,0,1,0,0,1,29,31,39,50,674,748,61,60,61,66,674,746
1686506501,0,1,0,0,1,29,32,39,51,677,748,61,60,62,67,676,750
1686506507,0,1,0,0,1,29,32,39,50,678,748,61,60,62,66,677,750
1686506513,0,1,0,0,1,30,31,39,50,676,750,61,60,61,66,676,748
1686506519,0,1,0,0,1,29,31,39,50,674,746,61,60,61,66,674,748
1686506525,0,1,0,0,1,29,31,39,51,673,746,60,60,61,66,673,746
1686506531,0,1,0,0,1,29,32,39,50,673,746,61,60,61,66,672,746
1686506537,0,1,0,0,1,29,31,39,50,672,746,60,59,61,66,671,744
1686506543,0,1,0,0,1,29,31,39,50,674,746,61,60,61,66,674,748
1686506549,0,1,0,0,1,29,31,39,51,674,748,61,60,61,67,674,748
1686506555,0,1,0,0,1,29,31,39,50,675,748,60,60,61,66,675,748
1686506561,0,1,0,0,1,29,32,39,50,675,748,61,59,61,66,676,748
1686506567,0,1,0,0,1,29,31,40,50,677,750,61,61,62,67,676,750
1686506573,0,1,0,0,1,29,32,39,51,678,750,61,60,61,67,677,752
1686506579,0,1,0,0,1,29,32,40,51,679,754,62,60,61,67,679,752
1686506585,0,1,0,0,1,29,31,39,50,676,750,61,60,61,66,676,750
1686506591,0,1,0,0,1,29,32,39,50,678,750,61,60,61,66,677,752
1686506597,0,1,0,0,1,29,32,39,50,677,750,61,60,62,66,676,750
1686506603,0,1,0,0,1,29,31,39,50,676,748,61,60,61,66,676,750
1686506609,0,1,0,0,1,29,31,39,50,676,748,61,60,61,66,676,748
1686506615,0,1,0,0,1,29,31,39,51,677,750,60,60,61,66,676,748
1686506621,0,1,0,0,1,29,31,39,50,674,748,61,60,61,66,676,748
1686506627,0,1,0,0,1,29,32,39,50,677,752,61,60,61,66,677,752
1686506633,0,1,0,0,1,29,31,39,51,676,750,61,61,62,66,677,750
1686506639,0,1,0,0,1,29,31,39,51,677,752,61,60,61,66,678,750
1686506645,0,1,0,0,1,29,31,39,50,679,752,61,60,61,66,678,752
1686506651,0,1,0,0,1,29,32,39,51,681,754,61,60,62,66,682,756
1686506657,0,1,0,0,1,29,32,39,51,681,754,61,60,62,67,680,754
1686506663,0,1,0,0,1,29,32,39,51,680,754,61,60,62,66,680,754
1686506669,0,1,0,0,1,29,32,39,51,679,754,61,60,61,66,680,754
1686506675,0,1,0,0,1,29,31,39,50,680,754,61,60,62,66,679,754
1686506681,0,1,0,0,1,29,32,40,51,684,760,62,60,62,67,684,760
1686506687,0,1,0,0,1,30,31,39,51,683,758,62,60,62,67,683,758
1686506693,0,1,0,0,1,30,32,39,51,684,758,61,60,62,67,684,758
1686506699,0,1,0,0,1,30,32,39,51,683,756,61,60,62,67,683,756
1686506705,0,1,0,0,1,29,32,39,51,683,756,61,61,62,67,683,756
1686506711,0,1,0,0,1,29,32,39,51,683,756,61,60,62,67,682,758
1686506717,0,1,0,0,1,29,32,39,50,682,756,62,60,61,66,683,758
1686506723,0,1,0,0,1,29,32,39,51,684,758,62,60,62,67,683,758
1686506729,0,1,0,0,1,29,32,40,51,685,760,61,61,62,67,685,758
1686506735,0,1,0,0,1,29,31,39,51,684,758,62,60,62,67,683,758
1686506741,0,1,0,0,1,29,31,39,50,678,752,61,60,61,66,678,752
1686506747,0,1,0,0,1,29,31,40,51,682,756,61,60,62,67,682,756
1686506753,0,1,0,0,1,29,32,39,50,681,756,61,61,62,67,681,754
1686506759,0,1,0,0,1,29,31,39,51,682,756,61,60,62,66,681,756
1686506765,0,1,0,0,1,29,32,40,50,682,756,61,61,62,66,682,756
1686506771,0,1,0,0,1,29,32,40,51,684,758,61,61,62,67,684,758
1686506777,0,1,0,0,1,30,32,40,51,685,758,62,61,62,67,684,760
1686506783,0,1,0,0,1,30,32,40,50,683,758,61,60,62,67,683,756
1686506789,0,1,0,0,1,29,32,39,51,681,756,61,60,62,66,682,756
1686506795,0,1,0,0,1,30,32,39,51,679,754,61,60,61,66,678,752
1686506801,0,1,0,0,1,29,31,40,51,682,756,61,60,62,66,682,756
1686506807,0,1,0,0,1,30,31,39,51,681,756,61,60,61,67,682,756
1686506813,0,1,0,0,1,29,32,39,50,682,754,61,60,62,66,681,756
1686506819,0,1,0,0,1,29,32,39,51,682,756,61,60,62,67,680,754
1686506825,0,1,0,0,1,29,32,39,51,683,758,61,60,62,67,682,758
1686506831,0,1,0,0,1,29,32,39,51,683,756,62,60,62,67,682,758
1686506837,0,1,0,0,1,29,32,40,51,685,758,62,60,62,67,684,758
1686506843,0,1,0,0,1,29,32,40,51,687,762,62,60,62,67,686,760
1686506849,0,1,0,0,1,29,32,40,51,687,762,62,61,63,67,688,762
1686506855,0,1,0,0,1,30,32,40,51,686,760,62,61,62,67,686,762
1686506861,0,1,0,0,1,30,32,41,51,687,760,62,61,63,68,688,762
1686506867,0,1,0,0,1,30,32,40,51,687,760,61,61,63,67,687,762
1686506873,0,1,0,0,1,29,32,39,51,689,762,62,61,63,68,687,762
1686506879,0,1,0,0,1,30,32,40,52,689,764,62,61,63,68,689,764
1686506885,0,1,0,0,1,29,32,40,51,688,762,62,61,63,68,688,762
1686506891,0,1,0,0,1,30,32,40,51,689,764,62,61,63,67,689,764
1686506897,0,1,0,0,1,30,32,39,51,690,764,62,62,63,68,691,764
1686506903,0,1,0,0,1,30,32,40,51,689,764,62,61,63,68,689,764
1686506909,0,1,0,0,1,30,32,40,52,693,766,62,62,63,69,694,768
1686506915,0,1,0,0,1,30,32,40,51,689,760,63,61,64,68,687,760
1686506921,0,1,0,0,1,30,32,40,52,694,768,63,61,63,68,693,768
1686506927,0,1,0,0,1,30,32,40,52,693,768,62,61,63,68,694,768
1686506933,0,1,0,0,1,30,32,40,52,695,770,63,62,63,68,695,770
1686506939,0,1,0,0,1,30,32,40,52,696,772,62,62,63,69,696,770
1686506945,0,1,0,0,1,30,32,40,52,695,770,63,62,64,68,695,770
1686506951,0,1,0,0,1,30,32,40,52,694,770,63,62,64,69,694,770
1686506957,0,1,0,0,1,30,32,40,51,696,770,63,62,64,68,696,772
1686506963,0,1,0,0,1,30,32,40,52,697,772,63,62,63,69,697,774
1686506969,0,1,0,0,1,30,32,40,52,697,772,63,62,64,69,697,772
1686506975,0,1,0,0,1,30,33,41,52,697,774,63,62,64,69,698,772
1686506981,0,1,0,0,1,30,32,41,52,698,772,63,62,64,69,698,772
1686506987,0,1,0,0,1,30,32,40,52,699,776,63,62,64,70,700,774
1686506993,0,1,0,0,1,30,33,41,53,700,776,63,63,64,69,701,774
1686506999,0,1,0,0,1,30,32,41,53,701,776,63,62,64,69,701,778
1686507005,0,1,0,0,1,30,32,40,52,702,776,63,62,65,69,701,776
1686507011,0,1,0,0,1,30,33,41,54,712,786,64,63,66,71,713,788
1686507017,0,1,0,0,1,31,33,41,53,705,780,64,63,65,70,706,782
1686507023,0,1,0,0,1,31,33,42,53,703,780,64,63,65,70,704,780
1686507029,0,1,0,0,1,30,34,41,52,702,778,64,63,64,70,702,778
1686507035,0,1,0,0,1,30,33,41,53,704,778,63,63,65,70,704,780
1686507041,0,1,0,0,1,30,33,42,53,714,788,64,64,66,71,714,790
1686507047,0,1,0,0,1,30,33,41,53,712,788,65,63,65,71,711,786
1686507053,0,1,0,0,1,30,33,41,52,708,784,64,63,65,70,708,784
1686507059,0,1,0,0,1,30,32,41,53,705,780,64,62,65,70,705,780
1686507065,0,1,0,0,1,30,33,40,53,705,780,64,63,65,70,704,782
1686507071,0,1,0,0,1,30,33,40,53,703,780,63,63,64,69,703,780
1686507077,0,1,0,0,1,30,34,41,52,705,780,63,63,65,70,705,782
1686507083,0,1,0,0,1,30,33,40,53,705,782,63,63,64,69,706,782
1686507089,0,1,0,0,1,31,33,40,53,707,784,63,63,64,70,707,784
1686507095,0,1,0,0,1,30,33,41,52,706,784,64,63,65,70,706,784
1686507101,0,1,0,0,1,30,33,41,53,705,782,63,62,64,69,705,782
1686507107,0,1,0,0,1,30,33,41,53,707,784,63,63,65,70,707,782
1686507113,0,1,0,0,1,30,33,41,53,708,784,64,62,65,70,707,784
1686507119,0,1,0,0,1,30,33,41,53,709,786,64,63,65,70,709,786
1686507125,0,1,0,0,1,30,33,41,52,708,784,64,63,64,70,707,786
1686507131,0,1,0,0,1,30,33,41,53,708,788,64,63,64,70,709,786
1686507137,0,1,0,0,1,30,33,40,53,707,784,64,63,64,70,707,784
1686507143,0,1,0,0,1,30,33,40,53,705,782,63,63,65,70,707,784
1686507149,0,1,0,0,1,30,33,41,53,710,788,64,63,65,70,710,788
1686507155,0,1,0,0,1,30,33,41,52,706,784,64,63,64,70,705,782
1686507161,0,1,0,0,1,31,33,41,53,712,792,64,63,65,71,712,790
1686507167,0,1,0,0,1,31,33,41,53,708,786,63,63,65,70,707,784
1686507173,0,1,0,0,1,31,33,41,53,710,790,64,63,65,70,710,788
1686507179,0,1,0,0,1,30,32,41,53,709,788,64,62,64,69,709,788
1686507185,0,1,0,0,1,30,33,41,53,709,788,64,63,65,69,709,788
1686507191,0,1,0,0,1,30,33,41,52,709,790,63,63,65,69,710,788
1686507197,0,1,0,0,1,30,33,41,53,712,794,64,63,65,70,712,792
1686507203,0,1,0,0,1,30,33,40,53,712,794,64,63,65,70,712,794
1686507209,0,1,0,0,1,31,33,41,53,719,802,64,63,65,71,720,804
1686507215,0,1,0,0,1,31,33,41,52,715,798,64,63,64,70,715,798
1686507221,0,1,0,0,1,31,33,41,53,710,792,64,63,64,69,710,792
1686507227,0,1,0,0,1,30,33,41,53,708,790,63,62,64,69,708,790
1686507233,0,1,0,0,1,30,33,41,52,702,782,62,63,63,68,702,782
1686507239,0,1,0,0,1,30,33,40,52,702,782,63,62,64,69,702,782
1686507245,0,1,0,0,1,30,33,40,52,701,780,63,62,63,69,700,780
1686507251,0,1,0,0,1,30,32,40,52,699,780,63,62,64,68,700,778
1686507257,0,1,0,0,1,30,33,40,52,700,780,63,62,64,68,700,778
1686507263,0,1,0,0,1,30,32,40,52,699,778,63,62,63,68,700,778
1686507269,0,1,0,0,1,30,32,40,52,698,778,62,61,63,68,699,778
1686507275,0,1,0,0,1,30,32,40,52,701,780,63,62,64,68,702,782
1686507281,0,1,0,0,1,30,33,40,51,700,778,63,61,63,67,700,780
1686507287,0,1,0,0,1,30,32,40,52,701,782,63,62,63,68,701,780
1686507293,0,1,0,0,1,30,32,40,52,701,780,63,62,63,68,701,780
1686507299,0,1,0,0,1,30,33,40,51,700,778,63,62,64,68,700,780
1686507305,0,1,0,0,1,30,33,40,52,701,780,62,61,63,68,700,778
1686507311,0,1,0,0,1,30,32,40,52,699,778,63,61,63,69,699,778
1686507317,0,1,0,0,1,30,32,40,52,703,782,63,62,63,69,702,782
1686507323,0,1,0,0,1,30,33,40,52,701,782,62,62,63,68,702,780
1686507329,0,1,0,0,1,30,33,40,52,701,782,62,61,63,68,702,780
1686507335,0,1,0,0,1,31,32,40,52,706,784,63,62,64,68,704,784
1686507341,0,1,0,0,1,30,32,40,52,702,782,63,62,63,68,702,780
1686507347,0,1,0,0,1,30,32,40,52,701,780,62,62,63,68,700,780
1686507353,0,1,0,0,1,30,33,40,52,700,780,63,62,63,68,700,778
1686507359,0,1,0,0,1,30,33,40,52,701,780,63,61,63,68,701,780
1686507365,0,1,0,0,1,30,32,40,52,700,780,63,62,63,68,700,780
1686507371,0,1,0,0,1,30,33,40,52,700,780,63,62,63,68,700,780
1686507377,0,1,0,0,1,30,32,40,52,700,780,63,61,63,68,700,780
1686507383,0,1,0,0,1,30,32,40,52,699,780,62,62,63,68,699,780
1686507389,0,1,0,0,1,30,33,40,52,700,780,63,62,63,69,701,780
1686507395,0,1,0,0,1,30,33,40,52,701,780,62,62,64,68,701,780
1686507401,0,1,0,0,1,30,32,41,52,702,782,63,61,63,68,703,782
1686507407,0,1,0,0,1,30,33,41,52,706,784,63,62,64,69,705,786
1686507413,0,1,0,0,1,30,33,41,52,706,784,63,62,64,69,706,784
1686507419,0,1,0,0,1,30,33,41,53,707,786,63,62,64,69,707,786
1686507425,0,1,0,0,1,30,33,40,52,704,783,63,62,64,68,704,784
1686507431,0,1,0,0,1,30,33,40,52,704,784,63,62,64,69,705,784
1686507437,0,1,0,0,1,30,33,41,52,707,786,63,62,64,69,706,784
1686507443,0,1,0,0,1,31,33,41,53,710,788,64,63,64,69,710,790
1686507449,0,1,0,0,1,30,33,40,52,705,782,63,62,64,69,704,782
1686507455,0,1,0,0,1,31,33,40,53,706,786,63,62,64,69,706,784
1686507461,0,1,0,0,1,30,33,40,52,707,786,64,62,64,69,707,786
1686507467,0,1,0,0,1,30,33,40,52,706,784,63,62,64,69,704,784
1686507473,0,1,0,0,1,30,33,40,52,701,782,63,62,63,68,701,780
1686507479,0,1,0,0,1,30,33,40,52,700,778,63,61,63,68,701,780
1686507485,0,1,0,0,1,30,33,41,52,706,786,63,63,64,69,705,784
1686507491,0,1,0,0,1,30,33,40,52,706,784,63,62,64,69,705,786
1686507497,0,1,0,0,1,31,33,41,53,707,786,63,62,64,69,707,786
1686507503,0,1,0,0,1,30,33,40,52,709,788,64,63,64,69,709,790
1686507509,0,1,0,0,1,31,32,41,52,710,790,63,63,64,69,710,790
1686507515,0,1,0,0,1,30,33,41,53,711,790,64,63,64,70,710,792
1686507521,0,1,0,0,1,30,33,41,52,712,792,64,63,65,70,712,792
1686507527,0,1,0,0,1,30,33,41,53,712,792,64,63,64,69,711,792
1686507533,0,1,0,0,1,30,33,41,52,708,790,63,63,64,69,707,788
1686507539,0,1,0,0,1,31,33,41,53,711,792,64,62,65,69,712,794
1686507545,0,1,0,0,1,31,33,41,53,714,796,64,63,65,70,714,796
1686507551,0,1,0,0,1,31,33,41,53,717,798,64,63,65,70,716,798
1686507557,0,1,0,0,1,30,33,41,53,717,800,64,63,65,70,717,800
1686507563,0,1,0,0,1,31,33,41,53,718,800,64,63,65,70,719,800
1686507569,0,1,0,0,1,31,33,41,53,719,802,64,63,64,70,717,802
1686507575,0,1,0,0,1,31,34,41,53,715,800,64,63,64,69,713,796
1686507581,0,1,0,0,1,30,33,41,52,705,786,63,62,64,69,705,786
1686507587,0,1,0,0,1,31,33,41,53,719,804,65,64,65,70,720,804
1686507593,0,1,0,0,1,31,33,41,53,721,804,65,63,65,70,721,804
1686507599,0,1,0,0,1,31,33,41,53,718,800,64,63,65,70,718,800
1686507605,0,1,0,0,1,31,33,41,53,718,800,64,63,65,70,717,802
1686507611,0,1,0,0,1,31,33,41,53,718,800,64,63,64,69,717,798
1686507617,0,1,0,0,1,31,33,41,53,716,800,64,63,64,70,717,800
1686507623,0,1,0,0,1,31,33,41,52,714,798,64,62,64,69,714,798
1686507629,0,1,0,0,1,31,33,41,53,716,798,64,63,64,70,715,796
1686507635,0,1,0,0,1,31,33,41,53,715,796,64,63,64,69,716,798
1686507641,0,1,0,0,1,31,33,41,52,714,798,64,63,65,70,714,798
1686507647,0,1,0,0,1,31,33,41,53,714,796,64,63,64,70,714,796
1686507653,0,1,0,0,1,30,33,41,52,714,796,64,63,64,69,714,796
1686507659,0,1,0,0,1,30,33,41,53,712,794,64,63,64,69,713,796
1686507665,0,1,0,0,1,31,33,41,53,714,796,64,63,64,69,712,796
1686507671,0,1,0,0,1,31,33,41,52,713,794,63,63,65,69,711,796
1686507677,0,1,0,0,1,30,33,41,53,713,796,64,63,64,69,713,796
1686507683,0,1,0,0,1,30,33,41,52,712,794,64,62,64,69,712,794
1686507689,0,1,0,0,1,31,33,41,52,713,794,64,62,64,69,713,796
1686507695,0,1,0,0,1,31,32,41,52,713,794,64,63,64,69,713,796
1686507701,0,1,0,0,1,31,33,41,53,714,796,64,63,64,69,714,796
1686507707,0,1,0,0,1,31,33,41,53,715,798,64,63,65,69,714,798
1686507713,0,1,0,0,1,30,33,41,53,714,796,64,63,65,70,713,794
1686507719,0,1,0,0,1,31,33,41,53,716,796,64,63,65,70,716,796
1686507725,0,1,0,0,1,31,33,41,53,714,796,64,63,64,69,714,796
1686507731,0,1,0,0,1,31,33,41,52,715,798,64,63,64,70,715,796
1686507737,0,1,0,0,1,31,33,41,53,718,800,64,63,65,70,716,800
1686507743,0,1,0,0,1,31,33,41,53,715,798,64,63,65,69,714,798
1686507749,0,1,0,0,1,30,33,41,53,712,796,63,63,64,70,713,794
1686507755,0,1,0,0,1,31,33,41,53,716,798,64,63,64,69,715,798
1686507761,0,1,0,0,1,30,33,41,53,716,798,63,63,65,69,715,798
1686507767,0,1,0,0,1,31,33,41,53,716,800,64,63,64,69,716,800
1686507773,0,1,0,0,1,31,33,41,52,715,798,64,62,64,69,715,798
1686507779,0,1,0,0,1,31,33,41,53,717,802,63,63,64,69,716,802
1686507785,0,1,0,0,1,31,33,41,53,716,800,64,63,64,70,717,800
1686507791,0,1,0,0,1,31,33,41,52,718,802,64,64,64,70,719,800
1686507797,0,1,0,0,1,31,34,41,53,720,804,65,63,65,70,720,804
1686507803,0,1,0,0,1,31,33,41,53,721,804,64,64,65,70,721,804
1686507809,0,1,0,0,1,31,34,41,53,719,802,64,63,65,70,719,802
1686507815,0,1,0,0,1,31,33,42,54,723,806,65,64,65,71,723,806
1686507821,0,1,0,0,1,31,34,42,54,726,808,65,64,66,71,727,808
1686507827,0,1,0,0,1,31,33,42,54,724,806,65,64,66,71,724,806
1686507833,0,1,0,0,1,31,34,42,53,725,806,65,64,66,71,725,806
1686507839,0,1,0,0,1,31,34,42,54,726,808,65,64,66,71,726,808
1686507845,0,1,0,0,1,31,34,42,54,727,810,65,64,65,71,727,810
1686507851,0,1,0,0,1,32,34,42,54,728,810,65,64,66,71,727,810
1686507857,0,1,0,0,1,31,34,42,54,730,814,65,66,66,72,731,814
1686507863,0,1,0,0,1,31,34,42,54,731,814,65,65,66,71,731,814
1686507869,0,1,0,0,1,32,34,42,54,734,818,66,65,66,72,734,818
1686507875,0,1,0,0,1,31,33,42,54,732,816,66,64,66,71,732,816
1686507881,0,1,0,0,1,32,34,42,54,731,816,65,64,66,71,731,816
1686507887,0,1,0,0,1,32,33,42,54,729,814,65,64,66,71,730,814
1686507893,0,1,0,0,1,31,33,41,53,719,804,64,63,65,70,717,802
1686507899,0,1,0,0,1,31,33,41,53,724,810,64,64,66,70,726,810
1686507905,0,1,0,0,1,31,33,42,53,725,810,65,63,65,70,724,810
1686507911,0,1,0,0,1,31,33,41,52,712,796,63,63,64,69,710,792
1686507917,0,1,0,0,1,30,33,40,53,716,800,64,63,65,69,718,802
1686507923,0,1,0,0,1,30,33,40,53,708,790,63,62,63,69,706,788
1686507929,0,1,0,0,1,30,33,41,52,714,796,64,63,64,69,715,798
1686507935,0,1,0,0,1,31,33,41,53,717,802,64,63,65,70,717,800
1686507941,0,1,0,0,1,31,33,41,53,720,804,64,63,65,70,720,802
1686507947,0,1,0,0,1,31,33,41,53,723,808,65,64,65,71,724,808
1686507953,0,1,0,0,1,31,33,41,53,724,808,64,64,66,71,723,808
1686507959,0,1,0,0,1,31,34,41,53,725,810,65,63,65,70,723,810
1686507965,0,1,0,0,1,31,33,41,53,724,808,64,64,66,70,724,808
1686507971,0,1,0,0,1,31,34,41,53,725,810,65,64,66,71,726,810
1686507977,0,1,0,0,1,31,33,42,54,728,812,65,64,66,71,727,810
1686507983,0,1,0,0,1,31,34,42,54,727,810,64,64,65,71,726,810
1686507989,0,1,0,0,1,31,34,41,53,725,810,65,64,65,70,725,810
1686507995,0,1,0,0,1,31,34,41,53,726,810,65,64,66,70,726,812
1686508001,0,1,0,0,1,32,34,42,54,726,810,65,64,65,71,727,810
1686508007,0,1,0,0,1,31,34,42,53,726,810,65,64,66,71,727,812
1686508013,0,1,0,0,1,31,34,42,54,727,812,64,64,66,70,726,812
1686508019,0,1,0,0,1,31,33,42,53,726,812,65,64,65,71,725,810
1686508025,0,1,0,0,1,31,34,42,54,725,808,65,64,66,70,725,810
1686508031,0,1,0,0,1,31,33,41,53,725,810,65,64,66,70,724,810
1686508037,0,1,0,0,1,31,33,42,54,725,810,64,64,65,71,724,808
1686508043,0,1,0,0,1,31,33,42,54,725,810,65,64,65,70,724,810
1686508049,0,1,0,0,1,31,33,42,53,724,810,64,65,65,71,724,810
1686508055,0,1,0,0,1,31,34,42,53,725,810,64,63,66,70,725,810
1686508061,0,1,0,0,1,32,33,41,53,726,812,65,64,65,71,726,810
1686508067,0,1,0,0,1,31,33,41,53,725,810,64,64,66,70,725,810
1686508073,0,1,0,0,1,31,33,41,53,718,802,64,63,65,70,718,800
1686508079,0,1,0,0,1,31,34,42,54,726,812,65,64,65,71,726,812
1686508085,0,1,0,0,1,31,33,41,53,727,810,65,64,66,70,725,810
1686508091,0,1,0,0,1,32,34,41,53,725,810,64,64,65,70,725,810
1686508097,0,1,0,0,1,31,33,42,53,727,812,64,64,66,71,727,812
1686508103,0,1,0,0,1,31,33,41,53,728,812,65,64,66,71,728,812
1686508109,0,1,0,0,1,31,34,42,54,729,814,66,64,66,72,728,812
1686508115,0,1,0,0,1,31,33,42,54,728,812,65,64,65,72,728,812
1686508121,0,1,0,0,1,31,34,42,54,729,814,65,64,66,72,730,814
1686508127,0,1,0,0,1,31,34,42,54,729,814,65,64,66,71,730,814
1686508133,0,1,0,0,1,31,34,42,54,730,814,65,64,66,72,730,816
1686508139,0,1,0,0,1,31,34,42,54,731,814,65,64,66,72,731,816
1686508145,0,1,0,0,1,31,34,42,54,732,816,66,65,66,71,732,818
1686508151,0,1,0,0,1,32,34,42,54,732,818,65,65,66,72,732,818
1686508157,0,1,0,0,1,32,34,42,54,732,818,66,66,66,71,733,818
1686508163,0,1,0,0,1,31,34,42,54,734,820,66,64,66,72,733,818
1686508169,0,1,0,0,1,32,34,41,53,730,816,65,64,66,71,730,816
1686508175,0,1,0,0,1,31,34,41,54,731,818,65,64,66,71,731,818
1686508181,0,1,0,0,1,32,35,41,54,733,820,65,64,66,71,733,818
1686508187,0,1,0,0,1,31,34,42,54,733,818,66,65,66,71,733,818
1686508193,0,1,0,0,1,31,33,42,54,734,820,65,65,66,72,734,820
1686508199,0,1,0,0,1,31,34,42,54,733,818,66,65,66,71,733,820
1686508205,0,1,0,0,1,31,34,42,54,731,818,65,65,66,72,732,818
1686508211,0,1,0,0,1,31,34,42,54,731,816,66,65,67,71,731,816
1686508217,0,1,0,0,1,31,34,42,54,733,818,65,64,67,71,734,818
1686508223,0,1,0,0,1,31,34,42,54,731,816,65,64,66,71,731,816
1686508229,0,1,0,0,1,32,34,42,54,731,816,65,65,66,71,731,816
1686508235,0,1,0,0,1,31,33,42,54,730,818,65,65,66,71,731,818
1686508241,0,1,0,0,1,31,34,42,53,726,812,65,63,65,70,724,808
1686508247,0,1,0,0,1,30,33,41,53,713,794,64,63,65,69,717,798
1686508253,0,1,0,0,1,31,33,41,52,711,792,64,63,65,69,714,794
1686508259,0,1,0,0,1,31,34,41,54,733,820,65,64,66,70,732,818
1686508265,0,1,0,0,1,31,33,41,53,724,810,65,64,65,70,725,810
1686508271,0,1,0,0,1,32,34,42,54,734,822,65,64,65,71,734,820
1686508277,0,1,0,0,1,31,34,42,54,734,820,65,64,67,71,735,822
1686508283,0,1,0,0,1,31,34,42,54,735,824,65,65,67,71,736,824
1686508289,0,1,0,0,1,31,34,42,54,735,824,65,64,66,71,735,824
1686508295,0,1,0,0,1,32,34,42,54,738,828,65,64,66,71,738,828
1686508301,0,1,0,0,1,32,34,42,54,740,830,66,65,66,71,740,830
1686508307,0,1,0,0,1,31,34,42,54,730,818,65,64,65,70,731,820
1686508313,0,1,0,0,1,32,34,41,54,734,822,65,65,66,70,734,822
1686508319,0,1,0,0,1,32,34,42,53,732,822,64,64,65,71,733,820
1686508325,0,1,0,0,1,31,34,41,53,728,816,65,64,65,70,729,818
1686508331,0,1,0,0,1,32,33,42,53,732,820,65,64,65,71,732,820
1686508337,0,1,0,0,1,31,33,42,54,732,820,65,64,66,71,733,820
1686508343,0,1,0,0,1,31,33,41,52,720,804,64,63,64,69,715,798
1686508349,0,1,0,0,1,30,32,39,52,691,766,63,62,63,68,704,782
1686508355,0,1,0,0,1,31,34,42,54,732,818,65,64,66,71,733,820
1686508361,0,1,0,0,1,31,34,42,54,736,824,65,65,66,71,737,824
1686508367,0,1,0,0,1,32,35,43,55,747,834,66,65,67,72,746,834
1686508373,0,1,0,0,1,32,35,43,55,748,838,66,66,67,72,748,840
1686508379,0,1,0,0,1,29,31,39,50,677,752,61,59,61,66,677,750
1686508385,0,1,0,0,1,31,33,41,53,709,792,64,63,64,70,715,798
1686508391,0,1,0,0,1,31,34,41,53,726,814,65,63,65,71,723,810
1686508397,0,1,0,0,1,29,31,38,50,676,748,61,60,61,66,679,752
1686508403,0,1,0,0,1,31,33,41,53,722,806,64,64,64,70,717,802
1686508409,0,1,0,0,1,32,35,43,56,755,850,67,65,67,73,752,846
1686508415,0,1,0,0,1,33,35,43,56,759,854,67,66,68,74,760,856
1686508421,0,1,0,0,1,31,33,42,53,728,816,64,64,65,70,727,812
1686508427,0,1,0,0,1,29,32,39,51,693,772,62,60,62,67,688,766
1686508433,0,1,0,0,1,30,33,41,53,710,792,64,63,64,69,715,798
1686508439,0,1,0,0,1,32,34,43,55,748,838,66,65,67,72,747,838
1686508445,0,1,0,0,1,31,34,42,54,733,820,65,64,66,72,734,822
1686508451,0,1,0,0,1,32,34,42,54,737,826,65,65,66,71,737,826
1686508457,0,1,0,0,1,31,35,42,54,736,824,65,64,65,71,736,824
1686508463,0,1,0,0,1,32,34,42,54,739,828,66,64,66,71,739,828
1686508469,0,1,0,0,1,31,34,42,54,742,832,66,65,67,72,741,832
1686508475,0,1,0,0,1,31,33,42,53,723,810,64,64,65,71,726,812
1686508481,0,1,0,0,1,32,34,42,54,739,830,66,65,66,71,739,830
1686508487,0,1,0,0,1,32,34,42,54,741,830,66,65,66,71,741,832
1686508493,0,1,0,0,1,31,34,42,54,736,824,65,65,66,71,738,828
1686508499,0,1,0,0,1,32,34,42,54,742,832,66,65,66,71,740,832
1686508505,0,1,0,0,1,27,30,37,48,634,698,59,57,59,65,657,726
1686508511,0,1,0,0,1,32,34,43,54,746,838,66,65,66,72,746,838
1686508517,0,1,0,0,1,32,35,43,55,748,840,66,65,67,73,749,840
1686508523,0,1,0,0,1,32,35,44,54,750,842,66,66,67,73,750,844
1686508529,0,1,0,0,1,32,35,43,56,758,854,67,66,68,73,757,852
1686508535,0,1,0,0,1,32,34,42,54,744,836,65,64,66,71,740,830
1686508541,0,1,0,0,1,31,33,41,53,718,802,65,65,67,71,741,828
1686508547,0,1,0,0,1,31,34,42,54,733,820,65,64,65,71,733,818
1686508553,0,1,0,0,1,33,35,44,56,767,860,68,67,69,74,769,862
1686508559,0,1,0,0,1,32,35,43,56,763,854,67,67,68,74,762,854
1686508565,0,1,0,0,1,32,34,42,55,748,838,67,65,67,72,748,840
1686508571,0,1,0,0,1,31,34,42,54,741,832,66,65,67,71,741,832
1686508577,0,1,0,0,1,32,34,42,55,743,834,65,64,67,72,743,834
1686508583,0,1,0,0,1,32,34,43,55,745,836,66,65,66,72,744,836
1686508589,0,1,0,0,1,32,34,42,54,743,834,66,65,67,72,744,834
1686508595,0,1,0,0,1,31,34,42,54,742,832,66,65,66,72,743,832
1686508601,0,1,0,0,1,31,34,42,54,738,828,66,65,66,71,739,828
1686508607,0,1,0,0,1,31,34,42,54,739,828,66,64,67,71,740,828
1686508613,0,1,0,0,1,31,34,42,54,736,826,65,65,66,71,735,824
1686508619,0,1,0,0,1,32,34,42,53,737,826,65,64,66,71,736,826
1686508625,0,1,0,0,1,31,34,42,54,735,824,65,64,66,71,736,824
1686508631,0,1,0,0,1,32,34,42,54,736,826,65,64,65,71,735,826
1686508637,0,1,0,0,1,31,34,41,54,733,822,65,64,66,71,734,822
1686508643,0,1,0,0,1,32,34,42,54,735,824,65,64,65,71,734,824
1686508649,0,1,0,0,1,31,35,42,54,736,824,66,64,66,71,736,826
1686508655,0,1,0,0,1,32,34,42,54,736,826,66,64,66,71,736,826
1686508661,0,1,0,0,1,31,34,41,54,736,824,65,64,66,71,736,826
1686508667,0,1,0,0,1,31,34,42,54,737,826,65,65,66,72,736,826
1686508673,0,1,0,0,1,32,34,42,54,738,828,65,64,66,71,738,828
1686508679,0,1,0,0,1,31,34,42,54,737,826,65,64,65,71,736,826
1686508685,0,1,0,0,1,32,34,42,54,735,826,65,64,66,71,735,824
1686508691,0,1,0,0,1,32,34,42,54,736,826,66,65,66,71,736,826
1686508697,0,1,0,0,1,31,34,42,54,737,824,65,65,66,71,737,824
1686508703,0,1,0,0,1,32,34,42,54,737,826,65,64,65,71,737,826
1686508709,0,1,0,0,1,31,34,42,54,738,828,66,64,66,71,737,828
1686508715,0,1,0,0,1,32,34,42,54,738,828,65,64,66,71,738,826
1686508721,0,1,0,0,1,32,35,43,55,750,840,66,65,66,72,748,840
1686508727,0,1,0,0,1,32,34,42,54,739,830,65,65,66,71,740,830
1686508733,0,1,0,0,1,32,34,41,54,739,830,65,64,67,71,739,828
1686508739,0,1,0,0,1,31,34,42,54,740,830,66,65,66,72,739,830
1686508745,0,1,0,0,1,32,34,42,54,740,830,66,65,66,71,740,830
1686508751,0,1,0,0,1,32,34,42,54,742,832,66,66,66,72,742,832
1686508757,0,1,0,0,1,32,35,43,54,745,836,66,64,66,72,744,834
1686508763,0,1,0,0,1,32,34,42,54,746,838,66,65,66,72,746,836
1686508769,0,1,0,0,1,32,34,42,54,743,834,66,65,66,72,744,834
1686508775,0,1,0,0,1,32,34,42,54,746,838,66,65,67,72,746,836
1686508781,0,1,0,0,1,32,34,42,55,749,840,67,66,67,72,751,842
1686508787,0,1,0,0,1,32,34,43,54,750,842,66,66,67,72,750,842
1686508793,0,1,0,0,1,31,34,42,54,736,826,65,64,66,71,732,820
1686508799,0,1,0,0,1,30,33,40,52,715,796,64,63,65,69,714,796
1686508805,0,1,0,0,1,32,34,42,55,752,844,67,66,67,73,752,844
1686508811,0,1,0,0,1,32,35,43,55,754,846,67,67,68,74,754,844
1686508817,0,1,0,0,1,33,35,43,55,755,846,67,66,68,73,754,846
1686508823,0,1,0,0,1,32,35,43,55,754,844,67,66,69,73,753,844
1686508829,0,1,0,0,1,33,35,43,55,753,842,67,67,68,74,754,844
1686508835,0,1,0,0,1,33,35,43,56,758,850,67,67,68,74,758,848
1686508841,0,1,0,0,1,33,35,43,55,759,850,68,67,69,74,760,850
1686508847,0,1,0,0,1,33,35,44,56,762,854,67,67,69,74,761,854
1686508853,0,1,0,0,1,33,35,44,56,763,854,68,67,69,74,763,856
1686508859,0,1,0,0,1,33,35,44,56,763,856,67,67,68,74,763,856
1686508865,0,1,0,0,1,32,35,43,56,753,844,67,66,67,72,750,838
1686508871,0,1,0,0,1,33,35,44,56,764,856,67,66,69,74,766,858
1686508877,0,1,0,0,1,33,36,44,56,770,866,68,68,69,75,770,868
1686508883,0,1,0,0,1,33,36,44,57,776,872,68,68,70,75,777,872
1686508889,0,1,0,0,1,33,35,43,56,762,856,67,66,68,74,759,852
1686508895,0,1,0,0,1,32,35,43,55,762,856,67,66,67,73,757,850
1686508901,0,1,0,0,1,27,30,37,48,642,706,58,57,59,63,645,710
1686508907,0,1,0,0,1,31,33,41,53,727,812,65,65,66,71,733,820
1686508913,0,1,0,0,1,33,36,43,56,772,868,69,67,69,75,773,872
1686508919,0,1,0,0,1,33,35,44,56,772,870,68,68,69,74,773,870
1686508925,0,1,0,0,1,33,37,44,57,779,878,69,68,70,75,779,878
1686508931,0,1,0,0,1,32,34,43,55,750,842,67,65,67,72,750,842
1686508937,0,1,0,0,1,31,34,41,54,734,824,64,63,64,69,718,804
1686508943,0,1,0,0,1,29,31,39,50,673,746,60,58,60,65,672,744
1686508949,0,1,0,0,1,26,28,35,45,601,658,53,51,53,56,580,632
1686508955,0,1,0,0,1,30,32,39,51,684,758,63,62,63,68,701,778
1686508961,0,1,0,0,1,34,36,45,57,788,888,69,69,70,76,787,888
1686508967,0,1,0,0,1,34,36,44,58,789,892,69,68,71,76,788,890
1686508973,0,1,0,0,1,34,36,45,58,797,900,70,69,71,76,793,896
1686508979,0,1,0,0,1,33,36,44,56,770,864,68,68,69,74,771,866
1686508985,0,1,0,0,1,33,35,44,56,777,874,70,69,71,76,791,892
1686508991,0,1,0,0,1,24,26,33,43,564,610,51,49,51,54,550,594
1686508997,0,1,0,0,0,23,25,33,42,548,592,51,49,51,54,551,596
1686509003,0,1,0,0,1,26,28,35,46,605,661,54,52,54,58,586,638
1686509009,0,1,0,0,1,27,30,37,48,639,704,57,56,58,61,627,688
1686509015,0,1,0,0,1,31,34,42,54,729,814,67,66,68,73,754,844
1686509021,0,1,0,0,1,35,37,45,58,807,912,70,71,72,78,805,912
1686509027,0,1,0,0,1,30,32,40,51,692,768,62,61,62,67,691,766
1686509033,0,1,0,0,1,27,29,36,46,621,680,59,57,59,63,645,710
1686509039,0,1,0,0,1,33,36,44,57,782,880,69,69,70,76,782,880
1686509045,0,1,0,0,1,32,34,43,55,752,842,66,65,67,72,748,838
1686509051,0,1,0,0,1,33,36,44,56,769,864,68,68,69,74,771,866
1686509057,0,1,0,0,1,32,34,43,55,757,850,67,66,68,73,755,848
1686509063,0,1,0,0,1,30,33,41,52,718,802,65,63,65,70,725,810
1686509069,0,1,0,0,1,32,33,41,54,734,822,65,65,66,71,734,822
1686509075,0,1,0,0,1,32,35,43,55,759,852,67,66,68,73,759,852
1686509081,0,1,0,0,1,33,35,43,55,759,854,67,66,68,74,760,854
1686509087,0,1,0,0,1,33,35,43,55,759,850,67,66,68,74,759,852
1686509093,0,1,0,0,1,32,35,43,55,754,846,67,66,68,73,755,846
1686509099,0,1,0,0,1,32,35,43,55,754,846,67,66,68,73,754,848
1686509105,0,1,0,0,1,32,34,43,54,749,840,66,65,67,72,748,840
1686509111,0,1,0,0,1,32,34,43,54,748,840,66,65,67,72,747,840
1686509117,0,1,0,0,1,32,35,43,55,753,848,66,66,67,73,753,846
1686509123,0,1,0,0,1,32,35,43,54,753,846,66,65,67,72,753,846
1686509129,0,1,0,0,1,32,35,43,55,756,852,67,66,67,73,756,850
1686509135,0,1,0,0,1,32,35,43,54,749,842,66,65,66,72,748,842
1686509141,0,1,0,0,1,31,34,41,53,731,820,65,64,65,71,735,824
1686509147,0,1,0,0,1,32,35,43,54,752,846,66,66,67,72,753,848
1686509153,0,1,0,0,1,32,35,43,55,752,846,66,66,67,72,752,848
1686509159,0,1,0,0,1,32,34,43,55,753,848,66,65,67,72,753,846
1686509165,0,1,0,0,1,32,34,42,55,751,846,66,66,67,72,751,846
1686509171,0,1,0,0,1,32,34,43,55,751,846,67,65,67,72,752,846
1686509177,0,1,0,0,1,33,35,43,56,758,852,67,66,67,73,758,854
1686509183,0,1,0,0,1,33,36,43,55,764,860,68,66,68,73,765,860
1686509189,0,1,0,0,1,31,34,42,53,735,824,64,63,65,69,726,812
1686509195,0,1,0,0,1,33,35,43,56,771,870,68,67,68,73,772,872
1686509201,0,1,0,0,1,33,35,42,55,764,862,68,66,68,74,766,864
1686509207,0,1,0,0,1,32,35,43,55,766,864,67,66,68,73,765,862
1686509213,0,1,0,0,1,33,35,44,55,764,860,67,66,68,73,764,860
1686509219,0,1,0,0,1,32,35,43,55,762,858,67,67,67,73,762,858
1686509225,0,1,0,0,1,32,35,43,55,758,854,66,65,67,72,758,854
1686509231,0,1,0,0,1,32,35,43,55,754,850,67,65,67,72,755,850
1686509237,0,1,0,0,1,32,35,43,55,760,856,67,66,68,73,759,856
1686509243,0,1,0,0,1,33,35,43,56,766,864,67,67,68,73,767,864
1686509249,0,1,0,0,1,33,36,43,55,763,862,67,67,67,73,764,864
1686509255,0,1,0,0,1,32,33,42,54,736,824,65,64,66,71,737,828
1686509261,0,1,0,0,1,33,35,43,56,770,870,67,66,68,73,769,868
1686509267,0,1,0,0,1,31,33,41,53,723,810,64,63,64,69,723,810
1686509273,0,1,0,0,1,32,34,42,54,743,834,65,64,66,71,740,830
1686509279,0,1,0,0,1,33,35,42,55,760,858,67,66,67,73,760,856
1686509285,0,1,0,0,1,32,35,43,55,756,852,67,66,67,73,756,852
1686509291,0,1,0,0,1,31,33,40,52,715,800,64,62,64,69,718,802
1686509297,0,1,0,0,1,32,35,43,55,759,854,67,66,67,72,758,854
1686509303,0,1,0,0,1,32,35,43,55,757,852,66,66,67,73,757,854
1686509309,0,1,0,0,1,32,35,43,55,758,854,66,65,67,72,757,854
1686509315,0,1,0,0,1,33,34,43,55,760,856,67,66,68,73,760,856
1686509321,0,1,0,0,1,32,35,43,55,757,852,67,65,67,73,757,852
1686509327,0,1,0,0,1,32,34,43,55,755,852,66,65,67,73,755,850
1686509333,0,1,0,0,1,33,35,43,54,756,850,67,65,67,73,755,850
1686509339,0,1,0,0,1,32,34,43,55,753,848,66,65,67,73,753,848
1686509345,0,1,0,0,1,32,34,42,55,750,844,66,65,67,72,751,846
1686509351,0,1,0,0,1,32,35,42,55,751,846,66,65,66,72,749,844
1686509357,0,1,0,0,1,32,34,42,55,751,848,65,65,66,72,749,844
1686509363,0,1,0,0,1,32,36,43,55,755,850,66,66,67,72,756,852
1686509369,0,1,0,0,1,32,35,43,54,750,846,66,65,66,71,748,842
1686509375,0,1,0,0,1,31,33,41,53,723,812,65,63,65,69,726,816
1686509381,0,1,0,0,1,32,35,43,55,756,854,67,66,67,73,757,854
1686509387,0,1,0,0,1,32,35,43,55,754,850,66,65,67,73,754,850
1686509393,0,1,0,0,1,33,35,43,55,754,850,66,66,67,72,753,850
1686509399,0,1,0,0,1,32,34,43,55,754,848,67,66,68,72,754,848
1686509405,0,1,0,0,1,32,34,43,55,755,850,67,66,67,72,755,852
1686509411,0,1,0,0,1,33,34,42,55,754,850,66,65,67,72,754,850
1686509417,0,1,0,0,1,32,34,43,55,753,848,66,65,67,72,752,848
1686509423,0,1,0,0,1,32,35,43,55,755,850,67,66,67,72,755,850
1686509429,0,1,0,0,1,32,34,43,55,753,848,66,65,67,72,753,848
1686509435,0,1,0,0,1,32,35,43,55,755,852,66,65,68,73,755,852
1686509441,0,1,0,0,1,32,35,42,55,754,850,66,66,67,72,755,852
1686509447,0,1,0,0,1,32,34,43,55,757,852,66,66,67,72,757,854
1686509453,0,1,0,0,1,32,35,43,55,759,856,67,66,67,73,759,856
1686509459,0,1,0,0,1,33,35,43,55,760,856,67,67,68,72,761,856
1686509465,0,1,0,0,1,31,33,41,53,725,814,65,64,66,70,732,822
1686509471,0,1,0,0,1,32,36,43,55,760,858,67,66,67,73,759,856
1686509477,0,1,0,0,1,33,35,43,55,768,866,67,67,68,73,768,866
1686509483,0,1,0,0,1,33,36,43,56,771,870,67,67,69,73,771,870
1686509489,0,1,0,0,1,33,36,44,56,775,876,69,67,69,74,778,880
1686509495,0,1,0,0,1,34,36,44,57,785,888,69,68,70,75,786,888
1686509501,0,1,0,0,1,32,34,42,54,744,840,65,64,66,71,738,830
1686509507,0,1,0,0,1,24,27,33,44,578,632,52,50,51,55,565,616
1686509513,0,1,0,0,0,21,23,30,38,495,530,49,49,49,52,531,572
1686509519,0,1,0,0,1,33,36,44,56,773,872,68,67,69,74,771,872
1686509525,0,1,0,0,1,33,35,43,55,764,862,67,66,67,73,764,862
1686509531,0,1,0,0,1,33,35,43,55,761,858,67,66,68,73,760,858
1686509537,0,1,0,0,1,33,35,43,55,758,856,66,66,68,72,758,854
1686509543,0,1,0,0,1,33,34,43,54,759,856,66,66,67,72,759,856
1686509549,0,1,0,0,1,32,35,43,55,758,854,66,66,67,72,758,854
1686509555,0,1,0,0,1,32,35,43,54,758,854,67,66,67,73,758,854
1686509561,0,1,0,0,1,32,35,43,55,758,856,67,66,67,73,759,856
1686509567,0,1,0,0,1,33,35,43,55,762,858,67,66,67,72,760,858
1686509573,0,1,0,0,1,33,35,43,55,760,858,67,66,67,73,759,856
1686509579,0,1,0,0,1,33,35,43,55,758,854,67,66,68,72,757,856
1686509585,0,1,0,0,1,33,35,43,55,760,858,67,66,67,72,759,856
1686509591,0,1,0,0,1,33,35,43,55,761,858,67,66,67,73,761,860
1686509597,0,1,0,0,1,32,35,43,55,760,858,67,66,67,72,761,858
1686509603,0,1,0,0,1,33,35,43,55,758,858,66,66,68,72,759,856
1686509609,0,1,0,0,1,32,35,42,55,756,854,67,66,67,72,758,854
1686509615,0,1,0,0,1,33,34,43,55,759,856,67,66,67,72,759,856
1686509621,0,1,0,0,1,32,35,44,55,759,856,66,66,67,73,761,858
1686509627,0,1,0,0,1,33,35,43,55,763,860,67,66,68,73,764,860
1686509633,0,1,0,0,1,33,35,43,55,764,860,67,66,67,73,763,860
1686509639,0,1,0,0,1,32,35,43,55,761,858,66,66,68,73,761,858
1686509645,0,1,0,0,1,32,35,43,55,756,854,66,66,68,72,757,854
1686509651,0,1,0,0,1,33,35,43,55,761,858,68,67,68,72,762,858
1686509657,0,1,0,0,1,32,35,43,55,759,856,66,66,67,73,759,856
1686509663,0,1,0,0,1,33,35,43,55,757,854,66,66,67,73,757,854
1686509669,0,1,0,0,1,32,35,43,55,757,854,66,66,67,73,756,854
1686509675,0,1,0,0,1,32,35,43,55,755,852,66,65,67,72,756,854
1686509681,0,1,0,0,1,32,34,42,55,751,848,66,65,67,71,753,850
1686509687,0,1,0,0,1,32,35,43,55,758,856,67,66,67,73,759,856
1686509693,0,1,0,0,1,32,35,43,55,759,856,66,66,67,72,758,856
1686509699,0,1,0,0,1,32,34,43,55,757,852,66,66,67,72,757,854
1686509705,0,1,0,0,1,32,35,43,55,758,858,67,66,67,72,760,856
1686509711,0,1,0,0,1,32,35,43,55,757,856,66,66,67,73,758,854
1686509717,0,1,0,0,1,32,35,43,55,759,858,67,66,68,73,761,856
1686509723,0,1,0,0,1,33,35,43,55,755,850,66,66,67,73,755,850
1686509729,0,1,0,0,1,33,35,43,55,759,856,66,66,67,73,759,856
1686509735,0,1,0,0,1,32,35,43,55,759,858,67,66,68,73,760,858
1686509741,0,1,0,0,1,33,34,43,55,761,858,67,66,68,73,762,860
1686509747,0,1,0,0,1,32,35,43,55,761,858,67,67,67,73,761,860
1686509753,0,1,0,0,1,33,35,43,55,764,862,67,66,68,73,764,862
1686509759,0,1,0,0,1,33,36,43,55,764,862,67,66,68,74,764,862
1686509765,0,1,0,0,1,33,35,43,56,765,862,67,67,68,73,765,862
1686509771,0,1,0,0,1,33,36,43,55,767,864,67,67,68,74,767,864
1686509777,0,1,0,0,1,33,35,43,55,766,862,68,66,68,74,765,864
1686509783,0,1,0,0,1,32,35,43,55,763,862,67,66,68,73,763,860
1686509789,0,1,0,0,1,32,35,43,55,760,858,66,67,67,73,760,858
1686509795,0,1,0,0,1,32,35,43,55,762,860,67,66,67,73,762,860
1686509801,0,1,0,0,1,33,34,43,55,759,858,66,66,67,72,758,858
1686509807,0,1,0,0,1,33,35,43,55,761,860,67,67,68,72,761,860
1686509813,0,1,0,0,1,33,35,43,55,759,858,66,66,67,72,760,856
1686509819,0,1,0,0,1,33,35,43,54,758,856,66,65,67,73,758,854
1686509825,0,1,0,0,1,32,35,43,55,761,858,66,66,67,73,760,860
1686509831,0,1,0,0,1,32,35,43,55,759,858,66,66,67,73,759,858
1686509837,0,1,0,0,1,33,35,43,55,761,860,67,66,67,73,762,860
1686509843,0,1,0,0,1,33,35,43,55,760,858,66,67,67,71,759,856
1686509849,0,1,0,0,1,33,35,43,55,761,860,67,66,67,73,762,860
1686509855,0,1,0,0,1,33,35,43,55,761,860,67,66,67,73,761,860
1686509861,0,1,0,0,1,33,35,44,56,767,864,67,67,68,73,767,864
1686509867,0,1,0,0,1,33,35,43,55,765,864,67,66,68,73,764,862
1686509873,0,1,0,0,1,33,35,43,56,763,862,67,66,67,73,764,862
1686509879,0,1,0,0,1,32,35,43,55,761,860,67,66,67,72,762,860
1686509885,0,1,0,0,1,33,35,43,55,761,860,66,66,67,73,761,860
1686509891,0,1,0,0,1,33,35,43,55,761,858,67,66,67,73,761,858
1686509897,0,1,0,0,1,32,35,43,56,765,864,67,66,68,73,764,862
1686509903,0,1,0,0,1,33,35,43,55,762,860,67,65,68,72,764,860
1686509909,0,1,0,0,1,33,35,43,55,763,862,66,66,68,73,762,860
1686509915,0,1,0,0,1,33,35,42,55,761,860,67,65,67,73,761,860
1686509921,0,1,0,0,1,33,35,43,55,764,864,67,66,68,73,765,864
1686509927,0,1,0,0,1,33,36,43,55,761,860,66,66,68,72,761,862
1686509933,0,1,0,0,1,33,35,43,55,764,864,67,66,67,73,767,866
1686509939,0,1,0,0,1,33,35,43,55,765,864,67,66,68,73,765,862
1686509945,0,1,0,0,1,33,35,43,56,765,866,67,66,68,73,764,864
1686509951,0,1,0,0,1,33,35,43,55,761,860,66,65,67,72,761,860
1686509957,0,1,0,0,1,33,36,43,56,766,864,67,66,68,73,765,862
1686509963,0,1,0,0,1,33,35,44,55,768,866,68,67,69,74,769,866
1686509969,0,1,0,0,1,33,35,43,55,769,868,67,67,68,73,769,868
1686509975,0,1,0,0,1,33,35,43,56,765,864,67,67,68,73,766,864
1686509981,0,1,0,0,1,33,35,43,55,762,862,67,66,67,73,762,862
1686509987,0,1,0,0,1,33,35,43,55,760,860,66,66,67,73,762,860
1686509993,0,1,0,0,1,33,35,43,55,762,862,67,66,67,73,762,862
1686509999,0,1,0,0,1,33,35,43,55,760,860,66,65,67,72,760,860
