Timestamp,Amber,White,On,Override,Intensity,AS00,AS01,AS02,AS03,AS04,AS05,AS06,AS07,AS08,AS09,AS10,AS11
1686456005,0,1,0,0,0,0,0,0,0,2,0,0,0,0,0,2,0
1686456011,0,1,0,0,0,0,0,0,0,2,0,0,0,0,0,3,0
1686456017,0,1,0,0,0,0,0,0,0,2,0,0,0,0,0,2,0
1686456023,0,1,0,0,0,0,0,0,0,2,0,0,0,0,0,2,0
1686456029,0,1,0,0,0,0,0,0,0,2,0,0,0,0,0,2,0
1686456035,0,1,0,0,0,0,0,0,0,2,0,0,0,0,0,2,0
1686456041,0,1,0,0,0,0,0,0,0,2,0,0,0,0,0,3,0
1686456047,0,1,0,0,0,0,0,0,0,2,0,0,0,0,0,2,0
1686456053,0,1,0,0,0,0,0,0,0,2,0,0,0,0,0,2,0
1686456059,0,1,0,0,0,0,0,0,0,2,0,0,0,0,0,2,0
1686456065,0,1,0,0,0,0,0,0,0,2,0,0,0,0,0,2,0
1686456071,0,1,0,0,0,0,0,0,0,2,0,0,0,0,0,2,0
1686456077,0,1,0,0,0,0,0,0,0,2,0,0,0,0,0,3,0
1686456083,0,1,0,0,0,0,0,0,0,2,0,0,0,0,0,2,0
1686456089,0,1,0,0,0,0,0,0,0,2,0,0,0,0,0,2,0
1686456095,0,1,0,0,0,0,0,0,0,2,0,0,0,0,0,2,0
1686456101,0,1,0,0,0,0,0,0,0,3,0,0,0,0,0,2,0
1686456107,0,1,0,0,0,0,0,0,0,2,0,0,0,0,0,3,0
1686456113,0,1,0,0,0,0,0,0,0,2,0,0,0,0,0,3,0
1686456119,0,1,0,0,0,0,0,0,0,2,0,0,0,0,0,3,0
1686456125,0,1,0,0,0,0,0,0,0,2,0,0,0,0,0,2,0
1686456131,0,1,0,0,0,0,0,0,0,2,0,0,0,0,0,3,0
1686456137,0,1,0,0,0,0,0,0,0,2,0,0,0,0,0,2,0
1686456143,0,1,0,0,0,0,0,0,0,2,0,0,0,0,0,2,0
1686456149,0,1,0,0,0,0,0,0,0,2,0,0,0,0,0,2,0
1686456155,0,1,0,0,0,0,0,0,0,2,0,0,0,0,0,2,0
1686456161,0,1,0,0,0,0,0,0,0,2,0,0,0,0,0,2,0
1686456167,0,1,0,0,0,0,0,0,0,2,0,0,0,0,0,2,0
1686456173,0,1,0,0,0,0,0,0,0,2,0,0,0,0,0,2,0
1686456179,0,1,0,0,0,0,0,0,0,2,0,0,0,0,0,3,0
1686456185,0,1,0,0,0,0,0,0,0,2,0,0,0,0,0,2,0
1686456191,0,1,0,0,0,0,0,0,0,2,0,0,0,0,0,2,0
1686456197,0,1,0,0,0,0,0,0,0,2,0,0,0,0,0,2,0
1686456203,0,1,0,0,0,0,0,0,0,3,0,0,0,0,0,2,0
1686456209,0,1,0,0,0,0,0,0,0,2,0,0,0,0,0,2,0
1686456215,0,1,0,0,0,0,0,0,0,2,0,0,0,0,0,2,0
1686456221,0,1,0,0,0,0,0,0,0,2,0,0,0,0,0,2,0
1686456227,0,1,0,0,0,0,0,0,0,2,0,0,0,0,0,2,0
1686456233,0,1,0,0,0,0,0,0,0,2,0,0,0,0,0,2,0
1686456239,0,1,0,0,0,0,0,0,0,2,0,0,0,0,0,2,0
1686456245,0,1,0,0,0,0,0,0,0,2,0,0,0,0,0,2,0
1686456251,0,1,0,0,0,0,0,0,0,2,0,0,0,0,0,2,0
1686456257,0,1,0,0,0,0,0,0,0,2,0,0,0,0,0,2,0
1686456263,0,1,0,0,0,0,0,0,0,2,0,0,0,0,0,2,0
1686456269,0,1,0,0,0,0,0,0,0,2,0,0,0,0,0,2,0
1686456275,0,1,0,0,0,0,0,0,0,1,0,0,0,0,0,2,0
1686456281,0,1,0,0,0,0,0,0,0,2,0,0,0,0,0,2,0
1686456287,0,1,0,0,0,0,0,0,0,2,0,0,0,0,0,2,0
1686456293,0,1,0,0,0,0,0,0,0,2,0,0,0,0,0,2,0
1686456299,0,1,0,0,0,0,0,0,0,2,0,0,0,0,0,2,0
1686456305,0,1,0,0,0,0,0,0,0,2,0,0,0,0,0,2,0
1686456311,0,1,0,0,0,0,0,0,0,2,0,0,0,0,0,2,0
1686456317,0,1,0,0,0,0,0,0,0,2,0,0,0,0,0,2,0
1686456323,0,1,0,0,0,0,0,0,0,2,0,0,0,0,0,2,0
1686456329,0,1,0,0,0,0,0,0,0,2,0,0,0,0,0,2,0
1686456335,0,1,0,0,0,0,0,0,0,2,0,0,0,0,0,2,0
1686456341,0,1,0,0,0,0,0,0,0,1,0,0,0,0,0,2,0
1686456347,0,1,0,0,0,0,0,0,0,2,0,0,0,0,0,2,0
1686456353,0,1,0,0,0,0,0,0,0,2,0,0,0,0,0,2,0
1686456359,0,1,0,0,0,0,0,0,0,2,0,0,0,0,0,2,0
1686456365,0,1,0,0,0,0,0,0,0,1,0,0,0,0,0,2,0
1686456371,0,1,0,0,0,0,0,0,0,2,0,0,0,0,0,1,0
1686456377,0,1,0,0,0,0,0,0,0,2,0,0,0,0,0,2,0
1686456383,0,1,0,0,0,0,0,0,0,1,0,0,0,0,0,1,0
1686456389,0,1,0,0,0,0,0,0,0,2,0,0,0,0,0,2,0
1686456395,0,1,0,0,0,0,0,0,0,2,0,0,0,0,0,2,0
1686456401,0,1,0,0,0,0,0,0,0,2,0,0,0,0,0,2,0
1686456407,0,1,0,0,0,0,0,0,0,2,0,0,0,0,0,2,0
1686456413,0,1,0,0,0,0,0,0,0,1,0,0,0,0,0,1,0
1686456419,0,1,0,0,0,0,0,0,0,1,0,0,0,0,0,2,0
1686456425,0,1,0,0,0,0,0,0,0,1,0,0,0,0,0,1,0
1686456431,0,1,0,0,0,0,0,0,0,2,0,0,0,0,0,1,0
1686456437,0,1,0,0,0,0,0,0,0,2,0,0,0,0,0,2,0
1686456443,0,1,0,0,0,0,0,0,0,2,0,0,0,0,0,2,0
1686456449,0,1,0,0,0,0,0,0,0,2,0,0,0,0,0,1,0
1686456455,0,1,0,0,0,0,0,0,0,1,0,0,0,0,0,1,0
1686456461,0,1,0,0,0,0,0,0,0,1,0,0,0,0,0,2,0
1686456467,0,1,0,0,0,0,0,0,0,2,0,0,0,0,0,1,0
1686456473,0,1,0,0,0,0,0,0,0,1,0,0,0,0,0,1,0
1686456479,0,1,0,0,0,0,0,0,0,1,0,0,0,0,0,1,0
1686456485,0,1,0,0,0,0,0,0,0,1,0,0,0,0,0,1,0
1686456491,0,1,0,0,0,0,0,0,0,1,0,0,0,0,0,1,0
1686456497,0,1,0,0,0,0,0,0,0,1,0,0,0,0,0,1,0
1686456503,0,1,0,0,0,0,0,0,0,1,0,0,0,0,0,1,0
1686456509,0,1,0,0,0,0,0,0,0,1,0,0,0,0,0,1,0
1686456515,0,1,0,0,0,0,0,0,0,1,0,0,0,0,0,1,0
1686456521,0,1,0,0,0,0,0,0,0,1,0,0,0,0,0,1,0
1686456527,0,1,0,0,0,0,0,0,0,1,0,0,0,0,0,1,0
1686456533,0,1,0,0,0,0,0,0,0,1,0,0,0,0,0,1,0
1686456539,0,1,0,0,0,0,0,0,0,1,0,0,0,0,0,1,0
1686456545,0,1,0,0,0,0,0,0,0,1,0,0,0,0,0,1,0
1686456551,0,1,0,0,0,0,0,0,0,1,0,0,0,0,0,1,0
1686456557,0,1,0,0,0,0,0,0,0,1,0,0,0,0,0,1,0
1686456563,0,1,0,0,0,0,0,0,0,1,0,0,0,0,0,1,0
1686456569,0,1,0,0,0,0,0,0,0,1,0,0,0,0,0,1,0
1686456575,0,1,0,0,0,0,0,0,0,1,0,0,0,0,0,1,0
1686456581,0,1,0,0,0,0,0,0,0,1,0,0,0,0,0,1,0
1686456587,0,1,0,0,0,0,0,0,0,1,0,0,0,0,0,1,0
1686456593,0,1,0,0,0,0,0,0,0,1,0,0,0,0,0,1,0
1686456599,0,1,0,0,0,0,0,0,0,1,0,0,0,0,0,1,0
1686456605,0,1,0,0,0,0,0,0,0,1,0,0,0,0,0,1,0
1686456611,0,1,0,0,0,0,0,0,0,1,0,0,0,0,0,1,0
1686456617,0,1,0,0,0,0,0,0,0,1,0,0,0,0,0,1,0
1686456623,0,1,0,0,0,0,0,0,0,1,0,0,0,0,0,1,0
1686456629,0,1,0,0,0,0,0,0,0,1,0,0,0,0,0,1,0
1686456635,0,1,0,0,0,0,0,0,0,1,0,0,0,0,0,1,0
1686456641,0,1,0,0,0,0,0,0,0,1,0,0,0,0,0,1,0
1686456647,0,1,0,0,0,0,0,0,0,1,0,0,0,0,0,1,0
1686456653,0,1,0,0,0,0,0,0,0,0,0,0,0,0,0,0,0
1686456659,0,1,0,0,0,0,0,0,0,1,0,0,0,0,0,1,0
1686456665,0,1,0,0,0,0,0,0,0,0,0,0,0,0,0,0,0
1686456671,0,1,0,0,0,0,0,0,0,0,0,0,0,0,0,1,0
1686456677,0,1,0,0,0,0,0,0,0,1,0,0,0,0,0,1,0
1686456683,0,1,0,0,0,0,0,0,0,1,0,0,0,0,0,1,0
1686456689,0,1,0,0,0,0,0,0,0,1,0,0,0,0,0,1,0
1686456695,0,1,0,0,0,0,0,0,0,1,0,0,0,0,0,1,0
1686456701,0,1,0,0,0,0,0,0,0,1,0,0,0,0,0,0,0
1686456707,0,1,0,0,0,0,0,0,0,1,0,0,0,0,0,0,0
1686456713,0,1,0,0,0,0,0,0,0,0,0,0,0,0,0,0,0
1686456719,0,1,0,0,0,0,0,0,0,1,0,0,0,0,0,0,0
1686456725,0,1,0,0,0,0,0,0,0,0,0,0,0,0,0,1,0
1686456731,0,1,0,0,0,0,0,0,0,0,0,0,0,0,0,0,0
1686456737,0,1,0,0,0,0,0,0,0,0,0,0,0,0,0,0,0
1686456743,0,1,0,0,0,0,0,0,0,0,0,0,0,0,0,0,0
1686456749,0,1,0,0,0,0,0,0,0,0,0,0,0,0,0,1,0
1686456755,0,1,0,0,0,0,0,0,0,0,0,0,0,0,0,0,0
1686456761,0,1,0,0,0,0,0,0,0,0,0,0,0,0,0,0,0
1686456767,0,1,0,0,0,0,0,0,0,0,0,0,0,0,0,0,0
1686456773,0,1,0,0,0,0,0,0,0,1,0,0,0,0,0,0,0
1686456779,0,1,0,0,0,0,0,0,0,0,0,0,0,0,0,1,0
1686456785,0,1,0,0,0,0,0,0,0,0,0,0,0,0,0,0,0
1686456791,0,1,0,0,0,0,0,0,0,0,0,0,0,0,0,0,0
1686456797,0,1,0,0,0,0,0,0,0,0,0,0,0,0,0,0,0
1686456803,0,1,0,0,0,0,0,0,0,0,0,0,0,0,0,0,0
1686456809,0,1,0,0,0,0,0,0,0,0,0,0,0,0,0,1,0
1686456815,0,1,0,0,0,0,0,0,0,0,0,0,0,0,0,0,0
1686456821,0,1,0,0,0,0,0,0,0,1,0,0,0,0,0,1,0
1686456827,0,1,0,0,0,0,0,0,0,1,0,0,0,0,0,0,0
1686456833,0,1,0,0,0,0,0,0,0,0,0,0,0,0,0,0,0
1686456839,0,1,0,0,0,0,0,0,0,0,0,0,0,0,0,0,0
1686456845,0,1,0,0,0,0,0,0,0,1,0,0,0,0,0,0,0
1686456851,0,1,0,0,0,0,0,0,0,0,0,0,0,0,0,0,0
1686456857,0,1,0,0,0,0,0,0,0,0,0,0,0,0,0,0,0
1686456863,0,1,0,0,0,0,0,0,0,0,0,0,0,0,0,0,0
1686456869,0,1,0,0,0,0,0,0,0,0,0,0,0,0,0,0,0
1686456875,0,1,0,0,0,0,0,0,0,0,0,0,0,0,0,1,0
1686456881,0,1,0,0,0,0,0,0,0,0,0,0,0,0,0,0,0
1686456887,0,1,0,0,0,0,0,0,0,0,0,0,0,0,0,0,0
1686456893,0,1,0,0,0,0,0,0,0,0,0,0,0,0,0,0,0
1686456899,0,1,0,0,0,0,0,0,0,0,0,0,0,0,0,0,0
1686456905,0,1,0,0,0,0,0,0,0,0,0,0,0,0,0,0,0
1686456911,0,1,0,0,0,0,0,0,0,0,0,0,0,0,0,0,0
1686456917,0,1,0,0,0,0,0,0,0,0,0,0,0,0,0,0,0
1686456923,0,1,0,0,0,0,0,0,0,0,0,0,0,0,0,0,0
1686456929,0,1,0,0,0,0,0,0,0,0,0,0,0,0,0,0,0
1686456935,0,1,0,0,0,0,0,0,0,0,0,0,0,0,0,0,0
1686456941,0,1,0,0,0,0,0,0,0,0,0,0,0,0,0,0,0
1686456947,0,1,0,0,0,0,0,0,0,0,0,0,0,0,0,0,0
1686456953,0,1,0,0,0,0,0,0,0,0,0,0,0,0,0,0,0
1686456959,0,1,0,0,0,0,0,0,0,0,0,0,0,0,0,0,0
1686456965,0,1,0,0,0,0,0,0,0,0,0,0,0,0,0,0,0
1686456971,0,1,0,0,0,0,0,0,0,0,0,0,0,0,0,0,0
1686456977,0,1,0,0,0,0,0,0,0,0,0,0,0,0,0,0,0
1686456983,0,1,0,0,0,0,0,0,0,0,0,0,0,0,0,0,0
1686456989,0,1,0,0,0,0,0,0,0,0,0,0,0,0,0,0,0
1686456995,0,1,0,0,0,0,0,0,0,0,0,0,0,0,0,0,0
1686457001,0,1,0,0,0,0,0,0,0,0,0,0,0,0,0,0,0
1686457007,0,1,0,0,0,0,0,0,0,0,0,0,0,0,0,0,0
1686457013,0,1,0,0,0,0,0,0,0,0,0,0,0,0,0,0,0
1686457019,0,1,0,0,0,0,0,0,0,0,0,0,0,0,0,0,0
1686457025,0,1,0,0,0,0,0,0,0,0,0,0,0,0,0,0,0
1686457031,0,1,0,0,0,0,0,0,0,0,0,0,0,0,0,0,0
1686457037,0,1,0,0,0,0,0,0,0,0,0,0,0,0,0,0,0
1686457043,0,1,0,0,0,0,0,0,0,0,0,0,0,0,0,0,0
1686457049,0,1,0,0,0,0,0,0,0,0,0,0,0,0,0,0,0
1686457055,0,1,0,0,0,0,0,0,0,0,0,0,0,0,0,0,0
1686457061,0,1,0,0,0,0,0,0,0,0,0,0,0,0,0,0,0
1686457067,0,1,0,0,0,0,0,0,0,0,0,0,0,0,0,0,0
1686457073,0,1,0,0,0,0,0,0,0,0,0,0,0,0,0,0,0
1686457079,0,1,0,0,0,0,0,0,0,0,0,0,0,0,0,0,0
1686457085,0,1,0,0,0,0,0,0,0,0,0,0,0,0,0,0,0
1686457091,0,1,0,0,0,0,0,0,0,0,0,0,0,0,0,0,0
1686457097,0,1,0,0,0,0,0,0,0,0,0,0,0,0,0,0,0
1686457103,0,1,1,0,1223223,2882,7088,9852,18923,65535,6082,29510,40573,52621,31002,65535,6112
1686457109,0,1,1,0,1223223,3006,7373,10278,19480,65535,6322,30507,42179,54526,32158,65535,6346
1686457115,0,1,1,0,1223223,3052,7488,10450,19690,65535,6412,30858,42729,55188,32536,65535,6424
1686457121,0,1,1,0,1223223,3071,7528,10512,19767,65535,6448,30894,42829,55265,32597,65535,6438
1686457127,0,1,1,0,1223223,3091,7578,10587,19861,65535,6486,31142,43179,55691,32864,65535,6494
1686457133,0,1,1,0,1223223,3101,7601,10627,19910,65535,6506,31240,43330,55885,32981,65535,6516
1686457139,0,1,1,0,1223223,3083,7545,10546,19745,65535,6460,31092,43123,55598,32816,65535,6484
1686457145,0,1,1,0,1223223,3117,7633,10676,19970,65535,6530,31360,43507,56091,33096,65535,6540
1686457151,0,1,1,0,1223223,3098,7585,10600,19824,65535,6486,31333,43481,56017,33063,65535,6534
1686457157,0,1,1,0,1223223,3128,7659,10721,20023,65535,6554,31391,43570,56148,33139,65535,6548
1686457163,0,1,1,0,1223223,3130,7672,10732,20039,65535,6564,31486,43722,56321,33234,65535,6566
1686457169,0,1,1,0,1223223,3126,7661,10714,20008,65535,6548,31413,43625,56198,33149,65535,6554
1686457175,0,1,1,0,1223223,3139,7691,10767,20082,65535,6578,31550,43826,56471,33338,65535,6584
1686457181,0,1,1,0,1223223,3143,7700,10780,20105,65535,6582,31571,43872,56496,33359,65535,6592
1686457187,0,1,1,0,1223223,3141,7695,10773,20094,65535,6582,31617,43922,56576,33402,65535,6600
1686457193,0,1,1,0,1223223,3114,7620,10659,19891,65535,6512,31540,43834,56443,33331,65535,6584
1686457199,0,1,1,0,1223223,3155,7723,10812,20147,65535,6604,31662,44005,56674,33451,65535,6608
1686457205,0,1,1,0,1223223,3144,7693,10771,20061,65535,6578,31477,43752,56346,33251,65535,6574
1686457211,0,1,1,0,1223223,3161,7740,10845,20182,65535,6620,31731,44069,56778,33528,65535,6620
1686457217,0,1,1,0,1223223,3161,7739,10842,20177,65535,6616,31675,44052,56720,33483,65535,6616
1686457223,0,1,1,0,1223223,3167,7753,10865,20195,65535,6626,31646,43970,56636,33425,65535,6606
1686457229,0,1,1,0,1223223,3167,7756,10865,20198,65535,6630,31800,44216,56938,33628,65535,6642
1686457235,0,1,1,0,1223223,3170,7767,10888,20213,65535,6640,31823,44239,56961,33648,65535,6647
1686457241,0,1,1,0,1223223,3176,7773,10890,20238,65535,6644,31831,44270,57000,33665,65535,6652
1686457247,0,1,1,0,1223223,3178,7779,10903,20251,65535,6652,31876,44302,57033,33666,65535,6656
1686457253,0,1,1,0,1223223,3180,7786,10912,20260,65535,6656,31892,44340,57079,33666,65535,6658
1686457259,0,1,1,0,1223223,3163,7741,10846,20147,65535,6616,31810,44236,56925,33592,65535,6646
1686457265,0,1,1,0,1223223,3185,7795,10930,20268,65535,6663,31927,44397,57141,33687,65535,6670
1686457271,0,1,1,0,1223223,3188,7804,10941,20287,65535,6668,31942,44443,57168,33726,65535,6674
1686457277,0,1,1,0,1223223,3190,7808,10952,20296,65535,6672,31968,44463,57195,33741,65535,6682
1686457283,0,1,1,0,1223223,3172,7758,10880,20174,65535,6628,31770,44197,56864,33570,65535,6638
1686457289,0,1,1,0,1223223,3195,7813,10960,20315,65535,6676,32001,44523,57270,33782,65535,6686
1686457295,0,1,1,0,1223223,3197,7822,10975,20340,65535,6684,32013,44544,57297,33783,65535,6690
1686457301,0,1,1,0,1223223,3188,7803,10943,20267,65535,6662,32019,44569,57320,33801,65535,6692
1686457307,0,1,1,0,1223223,3201,7832,10991,20345,65535,6690,32035,44580,57367,33813,65535,6696
1686457313,0,1,1,0,1223223,3204,7833,11000,20365,65535,6696,32079,44627,57411,33878,65535,6702
1686457319,0,1,1,0,1223223,3205,7842,11003,20362,65535,6702,32069,44635,57380,33863,65535,6702
1686457325,0,1,1,0,1223223,3203,7836,11002,20361,65535,6700,32080,44652,57412,33877,65535,6708
1686457331,0,1,1,0,1223223,3206,7851,11014,20373,65535,6706,32112,44697,57482,33906,65535,6712
1686457337,0,1,1,0,1223223,3211,7856,11027,20402,65535,6714,32140,44738,57528,33956,65535,6716
1686457343,0,1,1,0,1223223,3213,7860,11038,20400,65535,6716,32122,44708,57497,33923,65535,6716
1686457349,0,1,1,0,1223223,3212,7862,11045,20403,65535,6718,32179,44786,57589,33978,65535,6726
1686457355,0,1,1,0,1223223,3212,7853,11028,20378,65535,6710,32162,44765,57566,33950,65535,6718
1686457361,0,1,1,0,1223223,3218,7870,11054,20415,65535,6720,32203,44830,57634,34017,65535,6730
1686457367,0,1,1,0,1223223,3221,7877,11068,20430,65535,6730,32218,44845,57662,34021,65535,6736
1686457373,0,1,1,0,1223223,3222,7880,11069,20438,65535,6732,32224,44860,57702,34034,65535,6742
1686457379,0,1,1,0,1223223,3207,7840,11010,20344,65535,6700,31991,44563,57236,33757,65535,6690
1686457385,0,1,1,0,1223223,3224,7886,11083,20465,65535,6736,32256,44931,57732,34065,65535,6745
1686457391,0,1,1,0,1223223,3228,7894,11094,20461,65535,6742,32278,44954,57773,34083,65535,6746
1686457397,0,1,1,0,1223223,3227,7894,11089,20466,65535,6746,32261,44934,57712,34076,65535,6750
1686457403,0,1,1,0,1223223,3228,7899,11103,20480,65535,6752,32310,45012,57855,34154,65535,6758
1686457409,0,1,1,0,1223223,3232,7904,11107,20477,65535,6746,32295,44991,57867,34143,65535,6756
1686457415,0,1,1,0,1223223,3232,7907,11109,20482,65535,6752,32312,44993,57827,34122,65535,6758
1686457421,0,1,1,0,1223223,3231,7905,11111,20495,65535,6752,32331,45032,57880,34147,65535,6762
1686457427,0,1,1,0,1223223,3236,7913,11121,20496,65535,6756,32358,45080,57895,34186,65535,6764
1686457433,0,1,1,0,1223223,3238,7918,11133,20518,65535,6762,32357,45083,57924,34180,65535,6768
1686457439,0,1,1,0,1223223,3239,7926,11133,20508,65535,6766,32375,45105,57953,34193,65535,6772
1686457445,0,1,1,0,1223223,3239,7924,11135,20525,65535,6764,32361,45110,57962,34195,65535,6774
1686457451,0,1,1,0,1223223,3237,7925,11143,20525,65535,6764,32364,45095,57930,34203,65535,6772
1686457457,0,1,1,0,1223223,3243,7930,11149,20536,65535,6768,32412,45167,57987,34246,65535,6778
1686457463,0,1,1,0,1223223,3228,7891,11094,20420,65535,6740,32404,45160,58004,34215,65535,6776
1686457469,0,1,1,0,1223223,3245,7938,11165,20539,65535,6776,32430,45191,58056,34269,65535,6784
1686457475,0,1,1,0,1223223,3245,7937,11166,20540,65535,6779,32430,45202,58060,34259,65535,6786
1686457481,0,1,1,0,1223223,3216,7855,11041,20328,65535,6706,32415,45167,58002,34238,65535,6781
1686457487,0,1,1,0,1223223,3246,7935,11163,20539,65535,6778,32450,45226,58090,34267,65535,6788
1686457493,0,1,1,0,1223223,3249,7944,11181,20549,65535,6782,32473,45272,58128,34313,65535,6794
1686457499,0,1,1,0,1223223,3248,7941,11173,20546,65535,6776,32437,45230,58073,34271,65535,6790
1686457505,0,1,1,0,1223223,3253,7952,11193,20574,65535,6790,32487,45280,58153,34323,65535,6801
1686457511,0,1,1,0,1223223,3253,7953,11196,20585,65535,6790,32489,45315,58166,34320,65535,6796
1686457517,0,1,1,0,1223223,3254,7957,11198,20586,65535,6792,32426,45206,58049,34247,65535,6784
1686457523,0,1,1,0,1223223,3254,7960,11201,20591,65535,6794,32510,45330,58226,34349,65535,6802
1686457529,0,1,1,0,1223223,3257,7962,11204,20592,65535,6796,32494,45307,58173,34317,65535,6798
1686457535,0,1,1,0,1223223,3236,7914,11130,20466,65535,6754,32395,45174,57993,34233,65535,6779
1686457541,0,1,1,0,1223223,3247,7935,11168,20520,65535,6774,32546,45384,58231,34375,65535,6813
1686457547,0,1,1,0,1223223,3254,7962,11209,20588,65535,6796,32447,45243,58090,34270,65535,6790
1686457553,0,1,1,0,1223223,3262,7975,11225,20618,65535,6806,32555,45405,58279,34392,65535,6809
1686457559,0,1,1,0,1223223,3250,7939,11181,20524,65535,6778,32554,45418,58274,34404,65535,6812
1686457565,0,1,1,0,1223223,3264,7979,11231,20617,65535,6808,32578,45431,58314,34414,65535,6816
1686457571,0,1,1,0,1223223,3263,7980,11234,20626,65535,6810,32583,45440,58323,34412,65535,6818
1686457577,0,1,1,0,1223223,3265,7982,11238,20622,65535,6812,32588,45440,58350,34454,65535,6820
1686457583,0,1,1,0,1223223,3262,7981,11246,20624,65535,6812,32605,45483,58376,34460,65535,6824
1686457589,0,1,1,0,1223223,3265,7974,11227,20618,65535,6808,32568,45426,58288,34418,65535,6814
1686457595,0,1,1,0,1223223,3266,7989,11253,20638,65535,6818,32527,45376,58227,34368,65535,6811
1686457601,0,1,1,0,1223223,3268,7989,11254,20638,65535,6820,32621,45528,58394,34467,65535,6829
1686457607,0,1,1,0,1223223,3269,7993,11256,20642,65535,6822,32597,45490,58386,34462,65535,6826
1686457613,0,1,1,0,1223223,3269,7993,11261,20640,65535,6821,32644,45535,58433,34481,65535,6832
1686457619,0,1,1,0,1223223,3269,7994,11260,20651,65535,6820,32624,45519,58381,34475,65535,6830
1686457625,0,1,1,0,1223223,3268,7989,11254,20640,65535,6820,32527,45375,58246,34363,65535,6810
1686457631,0,1,1,0,1223223,3251,7948,11200,20540,65535,6786,32564,45441,58280,34412,65535,6817
1686457637,0,1,1,0,1223223,3273,8000,11267,20661,65535,6828,32649,45561,58432,34519,65535,6836
1686457643,0,1,1,0,1223223,3274,8002,11276,20671,65535,6826,32606,45496,58355,34460,65535,6824
1686457649,0,1,1,0,1223223,3271,7990,11262,20636,65535,6824,32661,45586,58474,34515,65535,6836
1686457655,0,1,1,0,1223223,3275,8007,11281,20665,65535,6832,32674,45607,58482,34523,65535,6840
1686457661,0,1,1,0,1223223,3274,8011,11282,20684,65535,6834,32674,45608,58499,34545,65535,6840
1686457667,0,1,1,0,1223223,3277,8011,11283,20679,65535,6832,32663,45587,58468,34507,65535,6838
1686457673,0,1,1,0,1223223,3275,8013,11288,20670,65535,6835,32694,45634,58546,34563,65535,6846
1686457679,0,1,1,0,1223223,3279,8013,11291,20680,65535,6840,32674,45607,58476,34539,65535,6836
1686457685,0,1,1,0,1223223,3279,8014,11295,20675,65535,6836,32601,45525,58394,34475,65535,6824
1686457691,0,1,1,0,1223223,3276,8002,11284,20658,65535,6828,32626,45549,58398,34477,65535,6832
1686457697,0,1,1,0,1223223,3278,8017,11305,20684,65535,6842,32707,45667,58595,34580,65535,6846
1686457703,0,1,1,0,1223223,3280,8016,11301,20680,65535,6840,32726,45648,58580,34577,65535,6848
1686457709,0,1,1,0,1223223,3280,8016,11299,20687,65535,6838,32754,45706,58637,34601,65535,6854
1686457715,0,1,1,0,1223223,3285,8026,11317,20709,65535,6848,32725,45708,58626,34595,65535,6854
1686457721,0,1,1,0,1223223,3262,7975,11236,20563,65535,6800,32735,45699,58606,34602,65535,6854
1686457727,0,1,1,0,1223223,3260,7963,11230,20551,65535,6796,32762,45718,58646,34621,65535,6858
1686457733,0,1,1,0,1223223,3286,8030,11324,20709,65535,6851,32751,45723,58648,34609,65535,6860
1686457739,0,1,1,0,1223223,3276,8007,11288,20658,65535,6834,32750,45749,58649,34618,65535,6860
1686457745,0,1,1,0,1223223,3285,8028,11323,20705,65535,6854,32749,45735,58665,34641,65535,6860
1686457751,0,1,1,0,1223223,3287,8027,11325,20720,65535,6854,32697,45637,58530,34563,65535,6845
1686457757,0,1,1,0,1223223,3272,7993,11266,20614,65535,6819,32697,45652,58531,34559,65535,6844
1686457763,0,1,1,0,1223223,3289,8037,11338,20733,65535,6856,32764,45764,58683,34649,65535,6862
1686457769,0,1,1,0,1223223,3288,8040,11340,20732,65535,6858,32804,45794,58715,34664,65535,6866
1686457775,0,1,1,0,1223223,3289,8040,11344,20736,65535,6856,32808,45820,58729,34658,65535,6870
1686457781,0,1,1,0,1223223,3289,8038,11335,20733,65535,6860,32632,45574,58452,34493,65535,6835
1686457787,0,1,1,0,1223223,3293,8043,11344,20745,65535,6864,32682,45628,58476,34543,65535,6845
1686457793,0,1,1,0,1223223,3292,8042,11344,20739,65535,6862,32788,45813,58729,34657,65535,6872
1686457799,0,1,1,0,1223223,3291,8045,11341,20738,65535,6858,32817,45820,58734,34675,65535,6870
1686457805,0,1,1,0,1223223,3293,8048,11348,20731,65535,6866,32823,45831,58769,34696,65535,6870
1686457811,0,1,1,0,1223223,3295,8046,11360,20751,65535,6866,32796,45789,58722,34648,65535,6868
1686457817,0,1,1,0,1223223,3289,8033,11331,20710,65535,6856,32554,45449,58272,34395,65535,6814
1686457823,0,1,1,0,1223223,3294,8047,11359,20735,65535,6868,32828,45837,58755,34704,65535,6872
1686457829,0,1,1,0,1223223,3287,8024,11327,20693,65535,6850,32844,45862,58771,34713,65535,6876
1686457835,0,1,1,0,1223223,3297,8052,11367,20746,65535,6868,32844,45863,58782,34721,65535,6880
1686457841,0,1,1,0,1223223,3297,8052,11373,20765,65535,6868,32819,45857,58777,34713,65535,6878
1686457847,0,1,1,0,1223223,3297,8056,11365,20760,65535,6870,32855,45896,58824,34729,65535,6882
1686457853,0,1,1,0,1223223,3298,8062,11369,20757,65535,6873,32867,45894,58837,34738,65535,6885
1686457859,0,1,1,0,1223223,3300,8062,11377,20776,65535,6876,32866,45912,58844,34728,65535,6884
1686457865,0,1,1,0,1223223,3301,8064,11384,20776,65535,6876,32854,45923,58820,34744,65535,6882
1686457871,0,1,1,0,1223223,3299,8059,11370,20747,65535,6872,32889,45946,58858,34741,65535,6886
1686457877,0,1,1,0,1223223,3299,8064,11388,20783,65535,6882,32883,45946,58884,34754,65535,6890
1686457883,0,1,1,0,1223223,3299,8065,11383,20769,65535,6878,32881,45962,58884,34769,65535,6884
1686457889,0,1,1,0,1223223,3299,8066,11386,20766,65535,6880,32865,45938,58869,34744,65535,6888
1686457895,0,1,1,0,1223223,3302,8067,11383,20770,65535,6882,32896,45948,58859,34770,65535,6888
1686457901,0,1,1,0,1223223,3302,8066,11391,20778,65535,6882,32890,45966,58905,34786,65535,6888
1686457907,0,1,1,0,1223223,3301,8065,11382,20774,65535,6881,32886,45942,58882,34766,65535,6886
1686457913,0,1,1,0,1223223,3297,8055,11371,20744,65535,6871,32546,45472,58229,34397,65535,6814
1686457919,0,1,1,0,1223223,3302,8064,11388,20784,65535,6882,32898,45939,58905,34759,65535,6890
1686457925,0,1,1,0,1223223,3304,8073,11397,20785,65535,6882,32860,45913,58832,34715,65535,6880
1686457931,0,1,1,0,1223223,3305,8074,11402,20795,65535,6886,32913,45985,58924,34773,65535,6896
1686457937,0,1,1,0,1223223,3303,8071,11389,20777,65535,6880,32854,45928,58836,34740,65535,6882
1686457943,0,1,1,0,1223223,3306,8073,11399,20791,65535,6886,32911,45970,58898,34789,65535,6892
1686457949,0,1,1,0,1223223,3301,8064,11382,20762,65535,6872,32849,45901,58788,34723,65535,6880
1686457955,0,1,1,0,1223223,3295,8046,11352,20714,65535,6862,32850,45935,58819,34741,65535,6882
1686457961,0,1,1,0,1223223,3305,8081,11408,20791,65535,6890,32921,46009,58923,34802,65535,6896
1686457967,0,1,1,0,1223223,3306,8081,11408,20804,65535,6887,32945,46028,58967,34819,65535,6898
1686457973,0,1,1,0,1223223,3294,8045,11364,20716,65535,6859,32908,45983,58926,34782,65535,6890
1686457979,0,1,1,0,1223223,3308,8082,11411,20808,65535,6892,32843,45900,58795,34717,65535,6878
1686457985,0,1,1,0,1223223,3308,8080,11413,20803,65535,6890,32947,46041,58977,34822,65535,6900
1686457991,0,1,1,0,1223223,3286,8025,11326,20658,65535,6842,32877,45938,58863,34742,65535,6878
1686457997,0,1,1,0,1223223,3309,8085,11414,20807,65535,6894,32927,46054,58988,34831,65535,6904
1686458003,0,1,1,0,1223223,3309,8089,11422,20816,65535,6896,32931,46018,58931,34809,65535,6894
1686458009,0,1,1,0,1223223,3310,8088,11422,20819,65535,6899,32954,46057,58972,34834,65535,6901
1686458015,0,1,1,0,1223223,3311,8087,11422,20818,65535,6893,32921,45989,58924,34770,65535,6894
1686458021,0,1,1,0,1223223,3311,8088,11428,20818,65535,6896,32955,46102,59025,34847,65535,6902
1686458027,0,1,1,0,1223223,3311,8092,11432,20821,65535,6900,32874,45960,58866,34752,65535,6886
1686458033,0,1,1,0,1223223,3311,8092,11430,20821,65535,6896,32963,46095,59042,34860,65535,6906
1686458039,0,1,1,0,1223223,3312,8087,11431,20830,65535,6898,32948,46074,59008,34839,65535,6904
1686458045,0,1,1,0,1223223,3293,8039,11352,20682,65535,6854,32872,45927,58849,34742,65535,6882
1686458051,0,1,1,0,1223223,3314,8098,11433,20831,65535,6898,32986,46112,59048,34866,65535,6906
1686458057,0,1,1,0,1223223,3312,8094,11432,20819,65535,6900,32966,46112,59032,34878,65535,6910
1686458063,0,1,1,0,1223223,3312,8090,11429,20823,65535,6899,32987,46091,59035,34862,65535,6911
1686458069,0,1,1,0,1223223,3315,8097,11442,20823,65535,6902,32989,46113,59067,34884,65535,6908
1686458075,0,1,1,0,1223223,3314,8095,11435,20831,65535,6904,32985,46106,59056,34857,65535,6911
1686458081,0,1,1,0,1223223,3316,8099,11451,20837,65535,6907,33001,46136,59084,34875,65535,6912
1686458087,0,1,1,0,1223223,3315,8097,11441,20829,65535,6900,32998,46103,59068,34881,65535,6912
1686458093,0,1,1,0,1223223,3315,8098,11449,20832,65535,6904,33002,46115,59065,34892,65535,6914
1686458099,0,1,1,0,1223223,3317,8106,11449,20838,65535,6900,33021,46143,59120,34908,65535,6914
1686458105,0,1,1,0,1223223,3317,8105,11449,20844,65535,6908,33010,46144,59072,34894,65535,6916
1686458111,0,1,1,0,1223223,3318,8108,11456,20840,65535,6908,33023,46149,59123,34912,65535,6918
1686458117,0,1,1,0,1223223,3317,8100,11453,20830,65535,6903,33000,46144,59113,34906,65535,6918
1686458123,0,1,1,0,1223223,3319,8106,11454,20842,65535,6910,32886,45977,58873,34738,65535,6885
1686458129,0,1,1,0,1223223,3318,8104,11459,20852,65535,6912,33042,46189,59128,34919,65535,6916
1686458135,0,1,1,0,1223223,3317,8097,11445,20825,65535,6904,33042,46181,59137,34927,65535,6920
1686458141,0,1,1,0,1223223,3320,8109,11463,20864,65535,6914,33050,46203,59127,34916,65535,6922
1686458147,0,1,1,0,1223223,3319,8107,11462,20863,65535,6908,33041,46194,59122,34940,65535,6922
1686458153,0,1,1,0,1223223,3319,8102,11456,20845,65535,6910,33048,46208,59166,34929,65535,6920
1686458159,0,1,1,0,1223223,3316,8098,11440,20824,65535,6904,33059,46218,59152,34942,65535,6922
1686458165,0,1,1,0,1223223,3323,8114,11471,20853,65535,6915,33063,46221,59180,34946,65535,6923
1686458171,0,1,1,0,1223223,3322,8113,11469,20864,65535,6914,33007,46157,59062,34897,65535,6913
1686458177,0,1,1,0,1223223,3321,8112,11473,20846,65535,6916,33059,46223,59173,34944,65535,6924
1686458183,0,1,1,0,1223223,3319,8111,11463,20850,65535,6914,32996,46136,59051,34878,65535,6912
1686458189,0,1,1,0,1223223,3321,8113,11470,20851,65535,6914,33063,46234,59170,34947,65535,6924
1686458195,0,1,1,0,1223223,3323,8115,11470,20863,65535,6914,33077,46253,59191,34961,65535,6927
1686458201,0,1,1,0,1223223,3323,8117,11480,20867,65535,6920,32996,46140,59059,34883,65535,6914
1686458207,0,1,1,0,1223223,3322,8107,11473,20842,65535,6912,33056,46210,59186,34934,65535,6921
1686458213,0,1,1,0,1223223,3321,8113,11471,20858,65535,6910,33074,46246,59201,34953,65535,6928
1686458219,0,1,1,0,1223223,3317,8108,11462,20831,65535,6908,33077,46247,59200,34957,65535,6924
1686458225,0,1,1,0,1223223,3322,8120,11482,20873,65535,6920,33080,46232,59189,34968,65535,6930
1686458231,0,1,1,0,1223223,3325,8123,11478,20863,65535,6924,33091,46245,59250,34973,65535,6931
1686458237,0,1,1,0,1223223,3324,8123,11486,20872,65535,6920,33042,46209,59173,34930,65535,6918
1686458243,0,1,1,0,1223223,3325,8124,11486,20875,65535,6918,33069,46249,59203,34956,65535,6925
1686458249,0,1,1,0,1223223,3311,8080,11422,20767,65535,6886,32995,46129,59068,34863,65535,6908
1686458255,0,1,1,0,1223223,3324,8122,11480,20877,65535,6920,33097,46286,59244,34966,65535,6932
1686458261,0,1,1,0,1223223,3325,8122,11483,20874,65535,6924,33087,46265,59197,34968,65535,6928
1686458267,0,1,1,0,1223223,3326,8118,11488,20875,65535,6918,33092,46271,59239,34974,65535,6932
1686458273,0,1,1,0,1223223,3325,8124,11486,20882,65535,6922,33103,46275,59235,34982,65535,6930
1686458279,0,1,1,0,1223223,3328,8127,11493,20883,65535,6926,33105,46285,59241,34981,65535,6933
1686458285,0,1,1,0,1223223,3328,8125,11494,20884,65535,6924,33108,46282,59249,34986,65535,6933
1686458291,0,1,1,0,1223223,3312,8090,11432,20780,65535,6894,32894,45991,58876,34766,65535,6886
1686458297,0,1,1,0,1223223,3328,8126,11493,20881,65535,6923,33105,46283,59251,34987,65535,6934
1686458303,0,1,1,0,1223223,3325,8127,11493,20870,65535,6922,33113,46308,59260,34997,65535,6932
1686458309,0,1,1,0,1223223,3317,8103,11458,20819,65535,6904,33015,46140,59078,34887,65535,6912
1686458315,0,1,1,0,1223223,3328,8134,11495,20877,65535,6928,33098,46304,59277,35000,65535,6932
1686458321,0,1,1,0,1223223,3326,8131,11497,20890,65535,6925,33109,46300,59254,34995,65535,6934
1686458327,0,1,1,0,1223223,3317,8091,11440,20794,65535,6898,33032,46192,59123,34903,65535,6917
1686458333,0,1,1,0,1223223,3330,8134,11499,20898,65535,6930,33101,46300,59259,34988,65535,6933
1686458339,0,1,1,0,1223223,3330,8134,11503,20900,65535,6930,33118,46319,59265,34986,65535,6936
1686458345,0,1,1,0,1223223,3325,8117,11480,20844,65535,6914,33085,46283,59249,34982,65535,6926
1686458351,0,1,1,0,1223223,3330,8134,11507,20898,65535,6932,33067,46263,59219,34955,65535,6928
1686458357,0,1,1,0,1223223,3330,8137,11503,20902,65535,6929,33120,46341,59307,35001,65535,6940
1686458363,0,1,1,0,1223223,3330,8134,11505,20896,65535,6929,33130,46339,59271,35014,65535,6938
1686458369,0,1,1,0,1223223,3330,8133,11504,20893,65535,6928,33134,46334,59293,35002,65535,6939
1686458375,0,1,1,0,1223223,3332,8142,11513,20900,65535,6931,33139,46350,59313,35019,65535,6940
1686458381,0,1,1,0,1223223,3332,8139,11511,20900,65535,6932,33128,46311,59290,35018,65535,6940
1686458387,0,1,1,0,1223223,3332,8137,11515,20903,65535,6932,33137,46339,59290,35021,65535,6940
1686458393,0,1,1,0,1223223,3330,8131,11501,20899,65535,6926,33138,46353,59333,35023,65535,6936
1686458399,0,1,1,0,1223223,3333,8140,11517,20897,65535,6934,33144,46359,59290,35006,65535,6940
1686458405,0,1,1,0,1223223,3320,8100,11457,20804,65535,6902,33146,46357,59343,35033,65535,6942
1686458411,0,1,1,0,1223223,3333,8132,11513,20902,65535,6936,33162,46377,59326,35040,65535,6942
1686458417,0,1,1,0,1223223,3330,8132,11506,20890,65535,6927,33165,46379,59327,35045,65535,6942
1686458423,0,1,1,0,1223223,3331,8138,11511,20896,65535,6932,33144,46345,59321,35033,65535,6944
1686458429,0,1,1,0,1223223,3333,8137,11516,20909,65535,6936,33133,46342,59341,35039,65535,6944
1686458435,0,1,1,0,1223223,3335,8144,11521,20910,65535,6937,33145,46352,59315,35027,65535,6941
1686458441,0,1,1,0,1223223,3334,8141,11518,20908,65535,6936,33159,46366,59343,35053,65535,6942
1686458447,0,1,1,0,1223223,3334,8145,11520,20914,65535,6936,33175,46391,59372,35060,65535,6946
1686458453,0,1,1,0,1223223,3328,8133,11504,20888,65535,6924,33159,46366,59350,35047,65535,6944
1686458459,0,1,1,0,1223223,3336,8144,11527,20919,65535,6938,33145,46351,59324,35030,65535,6940
1686458465,0,1,1,0,1223223,3335,8146,11530,20916,65535,6936,33175,46378,59359,35060,65535,6946
1686458471,0,1,1,0,1223223,3334,8142,11516,20901,65535,6934,33144,46353,59321,35039,65535,6940
1686458477,0,1,1,0,1223223,3335,8145,11524,20920,65535,6940,33169,46394,59354,35057,65535,6948
1686458483,0,1,1,0,1223223,3334,8144,11523,20917,65535,6938,33179,46388,59372,35061,65535,6948
1686458489,0,1,1,0,1223223,3329,8127,11492,20858,65535,6921,33179,46379,59383,35058,65535,6948
1686458495,0,1,1,0,1223223,3336,8146,11528,20911,65535,6938,33183,46413,59391,35070,65535,6948
1686458501,0,1,1,0,1223223,3335,8143,11526,20913,65535,6936,33144,46335,59326,35026,65535,6938
1686458507,0,1,1,0,1223223,3337,8150,11525,20916,65535,6939,33159,46393,59365,35049,65535,6948
1686458513,0,1,1,0,1223223,3334,8147,11527,20917,65535,6937,33161,46360,59350,35026,65535,6946
1686458519,0,1,1,0,1223223,3331,8131,11497,20876,65535,6926,32938,46071,58948,34808,65535,6898
1686458525,0,1,1,0,1223223,3335,8149,11534,20924,65535,6942,33174,46410,59378,35062,65535,6948
1686458531,0,1,1,0,1223223,3327,8124,11497,20872,65535,6924,33186,46418,59381,35066,65535,6951
1686458537,0,1,1,0,1223223,3336,8149,11533,20924,65535,6940,33148,46395,59330,35054,65535,6947
1686458543,0,1,1,0,1223223,3336,8145,11526,20919,65535,6938,33174,46419,59422,35076,65535,6950
1686458549,0,1,1,0,1223223,3336,8148,11532,20911,65535,6938,33187,46426,59392,35081,65535,6952
1686458555,0,1,1,0,1223223,3334,8138,11512,20898,65535,6932,33042,46213,59149,34898,65535,6918
1686458561,0,1,1,0,1223223,3337,8153,11531,20923,65535,6942,33164,46391,59320,35042,65535,6944
1686458567,0,1,1,0,1223223,3340,8152,11538,20936,65535,6944,33212,46458,59425,35095,65535,6952
1686458573,0,1,1,0,1223223,3337,8151,11531,20930,65535,6942,33198,46428,59398,35082,65535,6954
1686458579,0,1,1,0,1223223,3339,8154,11537,20934,65535,6942,33194,46431,59398,35063,65535,6952
1686458585,0,1,1,0,1223223,3338,8151,11540,20932,65535,6938,33187,46415,59405,35081,65535,6954
1686458591,0,1,1,0,1223223,3339,8156,11543,20925,65535,6945,33186,46437,59418,35069,65535,6954
1686458597,0,1,1,0,1223223,3341,8157,11551,20934,65535,6944,32885,45978,58813,34741,65535,6884
1686458603,0,1,1,0,1223223,3340,8154,11540,20936,65535,6945,33193,46450,59416,35096,65535,6952
1686458609,0,1,1,0,1223223,3340,8156,11543,20938,65535,6945,33199,46444,59422,35079,65535,6949
1686458615,0,1,1,0,1223223,3341,8157,11540,20934,65535,6944,33161,46388,59346,35040,65535,6944
1686458621,0,1,1,0,1223223,3337,8151,11539,20924,65535,6940,33207,46452,59398,35089,65535,6950
1686458627,0,1,1,0,1223223,3338,8151,11536,20922,65535,6941,33203,46447,59437,35079,65535,6950
1686458633,0,1,1,0,1223223,3339,8164,11545,20948,65535,6948,33231,46486,59462,35098,65535,6960
1686458639,0,1,1,0,1223223,3341,8161,11550,20950,65535,6950,33214,46466,59439,35102,65535,6958
1686458645,0,1,1,0,1223223,3341,8152,11546,20935,65535,6946,33183,46431,59390,35066,65535,6950
1686458651,0,1,1,0,1223223,3340,8162,11549,20950,65535,6948,33222,46478,59434,35108,65535,6956
1686458657,0,1,1,0,1223223,3341,8157,11550,20936,65535,6948,33220,46468,59457,35097,65535,6958
1686458663,0,1,1,0,1223223,3342,8161,11550,20939,65535,6948,33219,46474,59454,35097,65535,6956
1686458669,0,1,1,0,1223223,3333,8143,11523,20889,65535,6934,33181,46420,59355,35067,65535,6946
1686458675,0,1,1,0,1223223,3341,8159,11548,20938,65535,6946,33223,46482,59466,35115,65535,6958
1686458681,0,1,1,0,1223223,3341,8163,11547,20948,65535,6948,33231,46483,59469,35121,65535,6958
1686458687,0,1,1,0,1223223,3333,8134,11516,20884,65535,6930,33228,46473,59423,35110,65535,6960
1686458693,0,1,1,0,1223223,3342,8162,11549,20946,65535,6948,33215,46467,59404,35100,65535,6957
1686458699,0,1,1,0,1223223,3340,8160,11551,20936,65535,6949,33199,46455,59443,35109,65535,6952
1686458705,0,1,1,0,1223223,3342,8163,11551,20948,65535,6948,33229,46478,59455,35118,65535,6958
1686458711,0,1,1,0,1223223,3333,8136,11519,20874,65535,6928,33228,46482,59449,35102,65535,6958
1686458717,0,1,1,0,1223223,3341,8160,11558,20952,65535,6951,33108,46312,59224,34993,65535,6934
1686458723,0,1,1,0,1223223,3342,8160,11557,20950,65535,6949,33222,46463,59438,35113,65535,6958
1686458729,0,1,1,0,1223223,3330,8128,11511,20866,65535,6922,33236,46492,59460,35112,65535,6962
1686458735,0,1,1,0,1223223,3340,8161,11552,20952,65535,6949,33137,46341,59281,35013,65535,6939
1686458741,0,1,1,0,1223223,3343,8167,11558,20954,65535,6952,33245,46494,59501,35130,65535,6958
1686458747,0,1,1,0,1223223,3343,8161,11556,20939,65535,6950,33243,46499,59485,35134,65535,6956
1686458753,0,1,1,0,1223223,3344,8166,11557,20949,65535,6951,33232,46507,59488,35133,65535,6960
1686458759,0,1,1,0,1223223,3341,8160,11552,20935,65535,6950,33222,46485,59481,35127,65535,6960
1686458765,0,1,1,0,1223223,3344,8164,11560,20950,65535,6952,33241,46500,59480,35123,65535,6960
1686458771,0,1,1,0,1223223,3344,8164,11558,20941,65535,6951,33226,46484,59453,35115,65535,6956
1686458777,0,1,1,0,1223223,3341,8156,11551,20937,65535,6948,33200,46473,59450,35106,65535,6955
1686458783,0,1,1,0,1223223,3320,8104,11469,20800,65535,6899,33210,46479,59453,35129,65535,6956
1686458789,0,1,1,0,1223223,3343,8163,11550,20948,65535,6946,33229,46490,59466,35123,65535,6960
1686458795,0,1,1,0,1223223,3333,8140,11516,20884,65535,6930,33201,46439,59385,35093,65535,6950
1686458801,0,1,1,0,1223223,3345,8166,11562,20961,65535,6952,33245,46511,59477,35118,65535,6959
1686458807,0,1,1,0,1223223,3341,8162,11558,20943,65535,6950,33242,46500,59469,35134,65535,6960
1686458813,0,1,1,0,1223223,3344,8165,11557,20957,65535,6950,33233,46496,59458,35127,65535,6958
1686458819,0,1,1,0,1223223,3344,8167,11560,20958,65535,6954,33243,46500,59477,35134,65535,6962
1686458825,0,1,1,0,1223223,3343,8165,11557,20949,65535,6952,33235,46479,59443,35127,65535,6960
1686458831,0,1,1,0,1223223,3344,8166,11559,20943,65535,6950,33243,46506,59483,35121,65535,6960
1686458837,0,1,1,0,1223223,3340,8153,11539,20906,65535,6940,33243,46499,59476,35143,65535,6959
1686458843,0,1,1,0,1223223,3344,8166,11561,20958,65535,6954,33229,46514,59470,35129,65535,6962
1686458849,0,1,1,0,1223223,3345,8172,11570,20962,65535,6952,33244,46521,59466,35134,65535,6964
1686458855,0,1,1,0,1223223,3344,8167,11566,20950,65535,6955,33248,46521,59474,35144,65535,6959
1686458861,0,1,1,0,1223223,3347,8170,11567,20962,65535,6954,33260,46538,59494,35152,65535,6968
1686458867,0,1,1,0,1223223,3346,8171,11569,20962,65535,6954,33268,46523,59516,35153,65535,6966
1686458873,0,1,1,0,1223223,3344,8167,11563,20953,65535,6951,33179,46416,59354,35050,65535,6946
1686458879,0,1,1,0,1223223,3341,8156,11545,20936,65535,6944,33260,46531,59501,35149,65535,6966
1686458885,0,1,1,0,1223223,3345,8168,11565,20952,65535,6952,33270,46537,59513,35142,65535,6964
1686458891,0,1,1,0,1223223,3345,8168,11567,20961,65535,6956,33264,46543,59511,35142,65535,6966
1686458897,0,1,1,0,1223223,3346,8171,11565,20950,65535,6958,33262,46516,59516,35150,65535,6962
1686458903,0,1,1,0,1223223,3347,8169,11566,20967,65535,6960,33247,46495,59492,35136,65535,6962
1686458909,0,1,1,0,1223223,3345,8171,11569,20962,65535,6953,33250,46540,59515,35143,65535,6964
1686458915,0,1,1,0,1223223,3346,8172,11567,20961,65535,6955,33261,46541,59511,35152,65535,6964
1686458921,0,1,1,0,1223223,3346,8169,11572,20963,65535,6954,33257,46541,59514,35148,65535,6964
1686458927,0,1,1,0,1223223,3346,8170,11566,20955,65535,6953,33257,46544,59508,35128,65535,6964
1686458933,0,1,1,0,1223223,3346,8170,11568,20962,65535,6954,33264,46545,59512,35153,65535,6966
1686458939,0,1,1,0,1223223,3347,8170,11571,20965,65535,6958,33258,46563,59537,35158,65535,6968
1686458945,0,1,1,0,1223223,3345,8173,11564,20965,65535,6958,33273,46543,59540,35165,65535,6969
1686458951,0,1,1,0,1223223,3346,8173,11572,20965,65535,6956,33255,46524,59513,35152,65535,6966
1686458957,0,1,1,0,1223223,3332,8134,11517,20861,65535,6926,33267,46572,59526,35159,65535,6966
1686458963,0,1,1,0,1223223,3345,8169,11562,20958,65535,6954,33244,46525,59547,35164,65535,6966
1686458969,0,1,1,0,1223223,3345,8173,11574,20967,65535,6956,33258,46536,59484,35156,65535,6963
1686458975,0,1,1,0,1223223,3333,8133,11521,20877,65535,6926,33156,46385,59320,35037,65535,6940
1686458981,0,1,1,0,1223223,3346,8168,11566,20954,65535,6952,33198,46472,59473,35109,65535,6955
1686458987,0,1,1,0,1223223,3310,8080,11428,20729,65535,6872,33218,46473,59435,35091,65535,6956
1686458993,0,1,1,0,1223223,3337,8142,11529,20880,65535,6928,33257,46535,59535,35149,65535,6962
1686458999,0,1,1,0,1223223,3335,8138,11528,20887,65535,6926,33280,46546,59538,35169,65535,6970
1686459005,0,1,1,0,1223223,3348,8177,11581,20973,65535,6958,33283,46556,59542,35149,65535,6966
1686459011,0,1,1,0,1223223,3348,8175,11575,20974,65535,6958,33273,46549,59544,35149,65535,6972
1686459017,0,1,1,0,1223223,3344,8166,11560,20950,65535,6948,33271,46533,59559,35162,65535,6966
1686459023,0,1,1,0,1223223,3348,8175,11574,20970,65535,6958,33270,46551,59521,35141,65535,6966
1686459029,0,1,1,0,1223223,3315,8089,11445,20750,65535,6884,33274,46551,59528,35157,65535,6966
1686459035,0,1,1,0,1223223,3349,8177,11578,20973,65535,6958,33279,46561,59571,35167,65535,6967
1686459041,0,1,1,0,1223223,3350,8177,11577,20972,65535,6961,33284,46564,59568,35167,65535,6968
1686459047,0,1,1,0,1223223,3348,8174,11577,20958,65535,6960,33282,46552,59531,35168,65535,6964
1686459053,0,1,1,0,1223223,3349,8181,11577,20978,65535,6960,33164,46385,59309,35043,65535,6942
1686459059,0,1,1,0,1223223,3348,8175,11572,20954,65535,6956,33270,46530,59518,35156,65535,6966
1686459065,0,1,1,0,1223223,3348,8178,11579,20975,65535,6958,33275,46536,59530,35158,65535,6965
1686459071,0,1,1,0,1223223,3350,8179,11577,20968,65535,6960,33175,46415,59352,35038,65535,6944
1686459077,0,1,1,0,1223223,3349,8176,11576,20977,65535,6958,33283,46564,59516,35167,65535,6968
1686459083,0,1,1,0,1223223,3346,8175,11574,20966,65535,6958,33272,46539,59526,35142,65535,6965
1686459089,0,1,1,0,1223223,3346,8172,11572,20962,65535,6954,33278,46548,59535,35148,65535,6965
1686459095,0,1,1,0,1223223,3348,8174,11574,20967,65535,6958,33279,46563,59535,35142,65535,6968
1686459101,0,1,1,0,1223223,3349,8173,11567,20963,65535,6956,33262,46526,59514,35155,65535,6967
1686459107,0,1,1,0,1223223,3337,8141,11527,20888,65535,6932,33253,46512,59492,35130,65535,6959
1686459113,0,1,1,0,1223223,3329,8125,11496,20835,65535,6915,33227,46481,59445,35104,65535,6956
1686459119,0,1,1,0,1223223,3348,8178,11579,20966,65535,6960,33273,46573,59522,35169,65535,6968
1686459125,0,1,1,0,1223223,3349,8175,11572,20954,65535,6956,33284,46564,59542,35164,65535,6968
1686459131,0,1,1,0,1223223,3347,8178,11576,20968,65535,6960,33280,46573,59571,35173,65535,6968
1686459137,0,1,1,0,1223223,3347,8176,11576,20970,65535,6958,33277,46558,59531,35166,65535,6968
1686459143,0,1,1,0,1223223,3348,8177,11578,20957,65535,6958,33267,46547,59558,35150,65535,6966
1686459149,0,1,1,0,1223223,3345,8167,11562,20944,65535,6948,33280,46571,59551,35168,65535,6968
1686459155,0,1,1,0,1223223,3348,8175,11576,20960,65535,6961,33287,46570,59564,35156,65535,6970
1686459161,0,1,1,0,1223223,3348,8178,11581,20973,65535,6957,33276,46551,59547,35159,65535,6966
1686459167,0,1,1,0,1223223,3349,8176,11584,20980,65535,6960,33287,46554,59562,35177,65535,6970
1686459173,0,1,1,0,1223223,3349,8178,11583,20977,65535,6962,33273,46558,59544,35165,65535,6967
1686459179,0,1,1,0,1223223,3332,8136,11514,20861,65535,6918,33177,46438,59366,35062,65535,6950
1686459185,0,1,1,0,1223223,3347,8169,11572,20961,65535,6952,33277,46572,59547,35168,65535,6970
1686459191,0,1,1,0,1223223,3348,8175,11576,20973,65535,6959,33274,46565,59560,35167,65535,6968
1686459197,0,1,1,0,1223223,3348,8176,11577,20968,65535,6959,32932,46077,58906,34799,65535,6894
1686459203,0,1,1,0,1223223,3348,8178,11581,20972,65535,6960,33274,46549,59556,35177,65535,6966
1686459209,0,1,1,0,1223223,3347,8176,11578,20958,65535,6962,33246,46526,59504,35141,65535,6964
1686459215,0,1,1,0,1223223,3349,8177,11580,20962,65535,6962,33282,46574,59555,35177,65535,6970
1686459221,0,1,1,0,1223223,3349,8179,11583,20968,65535,6961,33293,46590,59573,35165,65535,6972
1686459227,0,1,1,0,1223223,3349,8181,11583,20969,65535,6960,33279,46590,59547,35164,65535,6970
1686459233,0,1,1,0,1223223,3345,8177,11579,20969,65535,6958,33253,46578,59542,35177,65535,6969
1686459239,0,1,1,0,1223223,3346,8174,11575,20957,65535,6956,33271,46579,59552,35160,65535,6972
1686459245,0,1,1,0,1223223,3347,8176,11575,20969,65535,6952,33222,46503,59457,35120,65535,6958
1686459251,0,1,1,0,1223223,3347,8176,11578,20966,65535,6960,33266,46567,59542,35176,65535,6968
1686459257,0,1,1,0,1223223,3324,8112,11478,20799,65535,6899,33255,46541,59528,35169,65535,6968
1686459263,0,1,1,0,1223223,3347,8178,11579,20960,65535,6960,33288,46572,59559,35178,65535,6970
1686459269,0,1,1,0,1223223,3349,8177,11580,20961,65535,6960,33121,46355,59274,34988,65535,6934
1686459275,0,1,1,0,1223223,3348,8175,11581,20972,65535,6960,33271,46555,59539,35167,65535,6966
1686459281,0,1,1,0,1223223,3340,8151,11545,20914,65535,6942,33286,46583,59569,35171,65535,6966
1686459287,0,1,1,0,1223223,3350,8181,11586,20975,65535,6960,33298,46585,59574,35161,65535,6971
1686459293,0,1,1,0,1223223,3346,8171,11571,20960,65535,6950,33155,46393,59330,35038,65535,6942
1686459299,0,1,1,0,1223223,3349,8180,11585,20980,65535,6962,33278,46559,59545,35177,65535,6968
1686459305,0,1,1,0,1223223,3347,8177,11579,20966,65535,6961,33253,46530,59501,35138,65535,6966
1686459311,0,1,1,0,1223223,3347,8171,11571,20964,65535,6958,33277,46560,59538,35176,65535,6968
1686459317,0,1,1,0,1223223,3349,8182,11588,20984,65535,6960,33283,46583,59532,35167,65535,6967
1686459323,0,1,1,0,1223223,3343,8161,11555,20920,65535,6944,33169,46430,59358,35044,65535,6946
1686459329,0,1,1,0,1223223,3350,8181,11582,20981,65535,6960,33291,46588,59561,35187,65535,6972
1686459335,0,1,1,0,1223223,3350,8180,11587,20984,65535,6962,33286,46592,59553,35161,65535,6970
1686459341,0,1,1,0,1223223,3350,8181,11582,20984,65535,6962,33060,46265,59126,34926,65535,6924
1686459347,0,1,1,0,1223223,3350,8183,11582,20982,65535,6960,33294,46600,59575,35194,65535,6972
1686459353,0,1,1,0,1223223,3350,8178,11584,20981,65535,6960,33302,46612,59590,35184,65535,6975
1686459359,0,1,1,0,1223223,3350,8182,11587,20986,65535,6960,33290,46590,59556,35185,65535,6970
1686459365,0,1,1,0,1223223,3351,8183,11589,20987,65535,6962,33123,46375,59316,35022,65535,6938
1686459371,0,1,1,0,1223223,3350,8180,11587,20984,65535,6964,33279,46573,59543,35159,65535,6969
1686459377,0,1,1,0,1223223,3322,8109,11475,20789,65535,6898,33309,46620,59600,35180,65535,6974
1686459383,0,1,1,0,1223223,3348,8180,11583,20965,65535,6960,33175,46408,59363,35045,65535,6944
1686459389,0,1,1,0,1223223,3351,8184,11587,20986,65535,6964,33287,46590,59554,35170,65535,6970
1686459395,0,1,1,0,1223223,3350,8185,11591,20990,65535,6966,33311,46610,59608,35202,65535,6974
1686459401,0,1,1,0,1223223,3352,8185,11588,20988,65535,6964,33290,46598,59565,35185,65535,6976
1686459407,0,1,1,0,1223223,3350,8182,11592,20984,65535,6963,33301,46605,59571,35193,65535,6969
1686459413,0,1,1,0,1223223,3350,8183,11599,20989,65535,6968,33297,46589,59582,35194,65535,6976
1686459419,0,1,1,0,1223223,3351,8187,11591,20993,65535,6964,33297,46574,59570,35191,65535,6972
1686459425,0,1,1,0,1223223,3339,8159,11551,20920,65535,6942,33299,46601,59580,35193,65535,6972
1686459431,0,1,1,0,1223223,3352,8184,11597,20979,65535,6964,33311,46615,59599,35207,65535,6974
1686459437,0,1,1,0,1223223,3353,8189,11604,20996,65535,6968,33301,46597,59588,35195,65535,6974
1686459443,0,1,1,0,1223223,3352,8189,11594,20994,65535,6965,33303,46606,59590,35178,65535,6972
1686459449,0,1,1,0,1223223,3352,8187,11590,20989,65535,6968,33314,46608,59597,35178,65535,6975
1686459455,0,1,1,0,1223223,3352,8183,11593,20980,65535,6966,33303,46595,59589,35204,65535,6974
1686459461,0,1,1,0,1223223,3351,8186,11595,20989,65535,6966,33306,46607,59601,35191,65535,6974
1686459467,0,1,1,0,1223223,3352,8183,11592,20987,65535,6964,33314,46602,59594,35185,65535,6971
1686459473,0,1,1,0,1223223,3338,8147,11540,20881,65535,6933,33272,46566,59533,35147,65535,6968
1686459479,0,1,1,0,1223223,3346,8173,11572,20955,65535,6952,33303,46612,59616,35197,65535,6974
1686459485,0,1,1,0,1223223,3333,8132,11513,20846,65535,6920,33207,46470,59428,35082,65535,6954
1686459491,0,1,1,0,1223223,3351,8186,11602,20979,65535,6966,33293,46609,59587,35200,65535,6972
1686459497,0,1,1,0,1223223,3345,8165,11561,20939,65535,6948,33259,46565,59539,35164,65535,6967
1686459503,0,1,1,0,1223223,3342,8163,11558,20926,65535,6948,33305,46617,59591,35204,65535,6974
1686459509,0,1,1,0,1223223,3351,8182,11591,20984,65535,6966,33290,46588,59548,35185,65535,6970
1686459515,0,1,1,0,1223223,3339,8153,11544,20902,65535,6934,33047,46266,59157,34946,65535,6924
1686459521,0,1,1,0,1223223,3351,8191,11597,20991,65535,6970,33314,46621,59595,35188,65535,6972
1686459527,0,1,1,0,1223223,3353,8186,11594,20974,65535,6968,33318,46626,59586,35205,65535,6976
1686459533,0,1,1,0,1223223,3351,8181,11593,20989,65535,6964,33297,46601,59581,35178,65535,6976
1686459539,0,1,1,0,1223223,3351,8186,11592,20986,65535,6965,33319,46636,59637,35211,65535,6976
1686459545,0,1,1,0,1223223,3338,8152,11538,20888,65535,6934,33142,46391,59291,35037,65535,6944
1686459551,0,1,1,0,1223223,3353,8190,11596,20996,65535,6968,33327,46637,59617,35218,65535,6979
1686459557,0,1,1,0,1223223,3334,8139,11523,20868,65535,6928,33227,46476,59461,35109,65535,6956
1686459563,0,1,1,0,1223223,3352,8184,11595,20984,65535,6966,33324,46636,59631,35214,65535,6978
1686459569,0,1,1,0,1223223,3353,8189,11599,20998,65535,6966,33315,46620,59599,35207,65535,6977
1686459575,0,1,1,0,1223223,3353,8188,11595,20991,65535,6968,33311,46613,59589,35198,65535,6971
1686459581,0,1,1,0,1223223,3353,8181,11593,20986,65535,6964,33162,46434,59386,35058,65535,6946
1686459587,0,1,1,0,1223223,3348,8171,11569,20946,65535,6952,33305,46603,59571,35178,65535,6968
1686459593,0,1,1,0,1223223,3355,8191,11600,20996,65535,6972,33319,46626,59626,35203,65535,6978
1686459599,0,1,1,0,1223223,3352,8183,11591,20976,65535,6968,33331,46631,59610,35212,65535,6972
