Timestamp,Amber,White,On,Override,Intensity,AS00,AS01,AS02,AS03,AS04,AS05,AS06,AS07,AS08,AS09,AS10,AS11
1686459605,0,1,1,0,1223223,3354,8191,11598,20996,65535,6968,33312,46643,59620,35219,65535,6976
1686459611,0,1,1,0,1223223,3332,8132,11511,20844,65535,6918,33323,46623,59602,35208,65535,6978
1686459617,0,1,1,0,1223223,3351,8180,11588,20972,65535,6960,33301,46624,59617,35204,65535,6974
1686459623,0,1,1,0,1223223,3354,8187,11596,20990,65535,6968,33305,46605,59610,35189,65535,6976
1686459629,0,1,1,0,1223223,3353,8189,11602,20997,65535,6966,33318,46642,59635,35221,65535,6978
1686459635,0,1,1,0,1223223,3356,8193,11604,21001,65535,6970,33326,46637,59621,35214,65535,6978
1686459641,0,1,1,0,1223223,3351,8180,11588,20960,65535,6959,33298,46579,59581,35172,65535,6974
1686459647,0,1,1,0,1223223,3350,8183,11595,20983,65535,6963,33303,46631,59613,35204,65535,6976
1686459653,0,1,1,0,1223223,3354,8186,11599,20990,65535,6962,33311,46629,59632,35209,65535,6978
1686459659,0,1,1,0,1223223,3353,8190,11600,20997,65535,6968,33125,46336,59258,35003,65535,6938
1686459665,0,1,1,0,1223223,3352,8187,11592,20975,65535,6962,33241,46524,59497,35106,65535,6958
1686459671,0,1,1,0,1223223,3354,8189,11603,20995,65535,6966,33312,46627,59628,35190,65535,6974
1686459677,0,1,1,0,1223223,3354,8193,11602,20985,65535,6968,33330,46615,59613,35196,65535,6978
1686459683,0,1,1,0,1223223,3351,8182,11583,20969,65535,6962,33245,46519,59492,35125,65535,6958
1686459689,0,1,1,0,1223223,3354,8193,11605,20998,65535,6970,33342,46632,59657,35223,65535,6980
1686459695,0,1,1,0,1223223,3354,8191,11602,20994,65535,6968,33332,46648,59630,35213,65535,6976
1686459701,0,1,1,0,1223223,3353,8188,11601,20992,65535,6970,33331,46636,59644,35228,65535,6978
1686459707,0,1,1,0,1223223,3354,8188,11603,20997,65535,6974,33332,46626,59623,35197,65535,6974
1686459713,0,1,1,0,1223223,3355,8192,11601,20995,65535,6970,33329,46631,59636,35221,65535,6978
1686459719,0,1,1,0,1223223,3351,8186,11602,20987,65535,6972,33320,46617,59635,35199,65535,6974
1686459725,0,1,1,0,1223223,3353,8186,11599,20983,65535,6968,33319,46596,59622,35221,65535,6974
1686459731,0,1,1,0,1223223,3355,8187,11606,20991,65535,6972,33335,46606,59624,35222,65535,6974
1686459737,0,1,1,0,1223223,3355,8191,11605,20998,65535,6970,33342,46642,59642,35231,65535,6980
1686459743,0,1,1,0,1223223,3355,8188,11597,20999,65535,6966,33328,46629,59622,35222,65535,6978
1686459749,0,1,1,0,1223223,3349,8170,11572,20944,65535,6952,33239,46489,59461,35122,65535,6956
1686459755,0,1,1,0,1223223,3357,8193,11610,20996,65535,6969,33334,46622,59645,35227,65535,6980
1686459761,0,1,1,0,1223223,3352,8190,11608,21002,65535,6972,33335,46645,59636,35228,65535,6976
1686459767,0,1,1,0,1223223,3355,8189,11606,21003,65535,6966,33340,46636,59647,35212,65535,6980
1686459773,0,1,1,0,1223223,3340,8154,11544,20895,65535,6932,33322,46604,59611,35194,65535,6978
1686459779,0,1,1,0,1223223,3357,8190,11614,21004,65535,6972,33356,46654,59660,35242,65535,6982
1686459785,0,1,1,0,1223223,3356,8193,11607,21007,65535,6972,33354,46661,59662,35247,65535,6983
1686459791,0,1,1,0,1223223,3355,8192,11607,20998,65535,6970,33344,46642,59656,35232,65535,6982
1686459797,0,1,1,0,1223223,3355,8190,11602,20989,65535,6964,33342,46648,59648,35225,65535,6979
1686459803,0,1,1,0,1223223,3354,8179,11594,20990,65535,6966,33313,46605,59607,35195,65535,6972
1686459809,0,1,1,0,1223223,3354,8187,11602,20992,65535,6968,33344,46645,59656,35235,65535,6982
1686459815,0,1,1,0,1223223,3351,8179,11584,20957,65535,6959,33321,46625,59647,35218,65535,6980
1686459821,0,1,1,0,1223223,3356,8191,11604,20996,65535,6968,33358,46634,59648,35238,65535,6981
1686459827,0,1,1,0,1223223,3338,8145,11531,20884,65535,6930,33339,46643,59644,35216,65535,6978
1686459833,0,1,1,0,1223223,3355,8192,11608,21004,65535,6967,33323,46642,59641,35231,65535,6981
1686459839,0,1,1,0,1223223,3355,8196,11608,20998,65535,6968,33345,46633,59618,35213,65535,6978
1686459845,0,1,1,0,1223223,3356,8192,11607,21005,65535,6974,33336,46642,59637,35224,65535,6980
1686459851,0,1,1,0,1223223,3356,8189,11607,21001,65535,6968,33273,46560,59532,35162,65535,6968
1686459857,0,1,1,0,1223223,3355,8190,11607,21005,65535,6969,33334,46627,59607,35194,65535,6976
1686459863,0,1,1,0,1223223,3356,8188,11604,20987,65535,6972,33117,46336,59264,35012,65535,6936
1686459869,0,1,1,0,1223223,3356,8191,11605,21000,65535,6966,33321,46612,59626,35199,65535,6980
1686459875,0,1,1,0,1223223,3355,8187,11600,21002,65535,6970,33342,46645,59647,35228,65535,6980
1686459881,0,1,1,0,1223223,3349,8172,11579,20961,65535,6954,33342,46632,59639,35231,65535,6979
1686459887,0,1,1,0,1223223,3356,8191,11605,21004,65535,6965,33316,46648,59637,35221,65535,6981
1686459893,0,1,1,0,1223223,3354,8190,11606,21012,65535,6972,33333,46616,59609,35209,65535,6976
1686459899,0,1,1,0,1223223,3321,8104,11474,20780,65535,6892,33265,46542,59506,35125,65535,6964
1686459905,0,1,1,0,1223223,3356,8194,11604,21002,65535,6968,33333,46645,59635,35229,65535,6980
1686459911,0,1,1,0,1223223,3355,8186,11606,20995,65535,6968,33323,46647,59648,35228,65535,6978
1686459917,0,1,1,0,1223223,3334,8139,11528,20871,65535,6929,33303,46599,59587,35191,65535,6970
1686459923,0,1,1,0,1223223,3354,8188,11602,20997,65535,6972,33339,46628,59643,35217,65535,6978
1686459929,0,1,1,0,1223223,3354,8190,11603,21002,65535,6969,33313,46618,59591,35213,65535,6975
1686459935,0,1,1,0,1223223,3353,8184,11596,20989,65535,6964,33266,46557,59507,35142,65535,6968
1686459941,0,1,1,0,1223223,3350,8176,11586,20975,65535,6960,33137,46392,59293,35041,65535,6938
1686459947,0,1,1,0,1223223,3356,8187,11603,20992,65535,6969,33328,46613,59626,35221,65535,6978
1686459953,0,1,1,0,1223223,3354,8192,11606,21000,65535,6970,33326,46636,59617,35240,65535,6979
1686459959,0,1,1,0,1223223,3347,8168,11571,20947,65535,6948,33342,46657,59619,35237,65535,6979
1686459965,0,1,1,0,1223223,3355,8190,11603,21001,65535,6968,33325,46623,59612,35220,65535,6980
1686459971,0,1,1,0,1223223,3355,8193,11607,20993,65535,6970,33322,46627,59606,35218,65535,6979
1686459977,0,1,1,0,1223223,3354,8193,11608,20996,65535,6968,33333,46631,59628,35219,65535,6978
1686459983,0,1,1,0,1223223,3355,8186,11608,21005,65535,6972,33345,46657,59653,35237,65535,6982
1686459989,0,1,1,0,1223223,3335,8133,11521,20852,65535,6924,33117,46345,59296,35003,65535,6938
1686459995,0,1,1,0,1223223,3346,8172,11576,20949,65535,6952,33339,46637,59642,35214,65535,6979
1686460001,0,1,1,0,1223223,3356,8195,11610,21001,65535,6972,33327,46638,59627,35223,65535,6981
1686460007,0,1,1,0,1223223,3353,8187,11599,20985,65535,6968,33263,46552,59482,35148,65535,6962
1686460013,0,1,1,0,1223223,3353,8187,11598,20995,65535,6968,33347,46655,59651,35221,65535,6979
1686460019,0,1,1,0,1223223,3354,8189,11611,21010,65535,6970,33332,46648,59612,35231,65535,6980
1686460025,0,1,1,0,1223223,3355,8191,11605,21007,65535,6970,33348,46655,59644,35223,65535,6981
1686460031,0,1,1,0,1223223,3356,8193,11606,21006,65535,6970,33332,46653,59619,35210,65535,6978
1686460037,0,1,1,0,1223223,3356,8195,11603,21011,65535,6971,33324,46651,59656,35239,65535,6978
1686460043,0,1,1,0,1223223,3355,8192,11606,20989,65535,6970,33339,46657,59646,35235,65535,6980
1686460049,0,1,1,0,1223223,3355,8187,11601,21006,65535,6970,33332,46643,59607,35230,65535,6979
1686460055,0,1,1,0,1223223,3345,8160,11563,20925,65535,6943,33331,46643,59637,35223,65535,6978
1686460061,0,1,1,0,1223223,3357,8194,11612,20996,65535,6974,33335,46644,59647,35212,65535,6980
1686460067,0,1,1,0,1223223,3353,8185,11596,20985,65535,6964,33348,46665,59633,35224,65535,6984
1686460073,0,1,1,0,1223223,3357,8194,11614,21006,65535,6970,33350,46665,59665,35232,65535,6981
1686460079,0,1,1,0,1223223,3357,8197,11612,21010,65535,6972,33341,46632,59650,35237,65535,6980
1686460085,0,1,1,0,1223223,3355,8199,11615,21011,65535,6975,33354,46668,59675,35241,65535,6984
1686460091,0,1,1,0,1223223,3357,8191,11613,21011,65535,6974,33218,46513,59465,35131,65535,6962
1686460097,0,1,1,0,1223223,3354,8194,11611,21006,65535,6970,33356,46651,59674,35244,65535,6982
1686460103,0,1,1,0,1223223,3358,8196,11614,21017,65535,6970,33350,46683,59677,35252,65535,6985
1686460109,0,1,1,0,1223223,3357,8195,11616,21015,65535,6976,33351,46670,59662,35249,65535,6984
1686460115,0,1,1,0,1223223,3358,8192,11610,21000,65535,6970,33215,46478,59425,35109,65535,6958
1686460121,0,1,1,0,1223223,3332,8135,11522,20849,65535,6919,33278,46592,59574,35173,65535,6968
1686460127,0,1,1,0,1223223,3352,8186,11598,20981,65535,6963,33278,46588,59547,35180,65535,6972
1686460133,0,1,1,0,1223223,3356,8193,11611,21010,65535,6968,33354,46664,59675,35240,65535,6984
1686460139,0,1,1,0,1223223,3347,8175,11582,20959,65535,6956,33215,46496,59455,35116,65535,6956
1686460145,0,1,1,0,1223223,3356,8189,11607,21007,65535,6972,33342,46664,59661,35248,65535,6980
1686460151,0,1,1,0,1223223,3358,8194,11616,21015,65535,6972,33341,46658,59651,35229,65535,6978
1686460157,0,1,1,0,1223223,3355,8193,11605,20997,65535,6972,33343,46653,59676,35231,65535,6978
1686460163,0,1,1,0,1223223,3355,8190,11611,21005,65535,6972,33352,46648,59644,35231,65535,6979
1686460169,0,1,1,0,1223223,3340,8152,11543,20888,65535,6938,33305,46586,59562,35166,65535,6968
1686460175,0,1,1,0,1223223,3357,8191,11611,21000,65535,6970,33329,46652,59636,35233,65535,6978
1686460181,0,1,1,0,1223223,3354,8192,11604,21000,65535,6970,33347,46651,59652,35246,65535,6982
1686460187,0,1,1,0,1223223,3357,8196,11610,21003,65535,6970,33357,46668,59658,35234,65535,6982
1686460193,0,1,1,0,1223223,3355,8186,11603,21000,65535,6970,33330,46661,59662,35239,65535,6982
1686460199,0,1,1,0,1223223,3347,8169,11573,20944,65535,6948,33254,46533,59534,35123,65535,6961
1686460205,0,1,1,0,1223223,3344,8157,11555,20916,65535,6942,33326,46654,59647,35236,65535,6980
1686460211,0,1,1,0,1223223,3352,8188,11603,20997,65535,6968,33291,46595,59581,35170,65535,6974
1686460217,0,1,1,0,1223223,3357,8193,11614,21009,65535,6972,33358,46666,59675,35247,65535,6980
1686460223,0,1,1,0,1223223,3356,8187,11606,21002,65535,6972,33331,46639,59619,35219,65535,6977
1686460229,0,1,1,0,1223223,3349,8178,11578,20957,65535,6956,33236,46520,59460,35112,65535,6956
1686460235,0,1,1,0,1223223,3357,8192,11609,21012,65535,6976,33349,46650,59648,35240,65535,6982
1686460241,0,1,1,0,1223223,3357,8197,11615,21001,65535,6974,33350,46661,59653,35237,65535,6980
1686460247,0,1,1,0,1223223,3354,8192,11610,20996,65535,6971,33343,46642,59645,35235,65535,6978
1686460253,0,1,1,0,1223223,3356,8197,11613,21011,65535,6972,33353,46665,59667,35240,65535,6980
1686460259,0,1,1,0,1223223,3356,8195,11611,21005,65535,6967,33358,46679,59643,35237,65535,6980
1686460265,0,1,1,0,1223223,3358,8200,11617,21026,65535,6974,33357,46680,59679,35250,65535,6981
1686460271,0,1,1,0,1223223,3358,8199,11610,21012,65535,6974,33332,46669,59653,35238,65535,6980
1686460277,0,1,1,0,1223223,3356,8194,11606,21010,65535,6973,33343,46661,59655,35239,65535,6982
1686460283,0,1,1,0,1223223,3358,8191,11612,21010,65535,6972,33344,46662,59660,35239,65535,6982
1686460289,0,1,1,0,1223223,3351,8183,11595,20976,65535,6958,33338,46651,59641,35232,65535,6976
1686460295,0,1,1,0,1223223,3357,8193,11609,21007,65535,6970,33349,46665,59651,35240,65535,6980
1686460301,0,1,1,0,1223223,3358,8198,11616,21012,65535,6970,33338,46675,59671,35256,65535,6979
1686460307,0,1,1,0,1223223,3356,8195,11610,21011,65535,6972,33350,46664,59691,35249,65535,6980
1686460313,0,1,1,0,1223223,3351,8182,11591,20985,65535,6958,33356,46665,59670,35242,65535,6980
1686460319,0,1,1,0,1223223,3355,8194,11609,21011,65535,6972,33348,46661,59663,35242,65535,6980
1686460325,0,1,1,0,1223223,3354,8196,11612,21013,65535,6972,33361,46665,59661,35226,65535,6980
1686460331,0,1,1,0,1223223,3355,8197,11612,21014,65535,6968,33341,46659,59693,35241,65535,6980
1686460337,0,1,1,0,1223223,3339,8153,11546,20901,65535,6932,33263,46534,59494,35131,65535,6960
1686460343,0,1,1,0,1223223,3353,8194,11608,21006,65535,6968,33336,46655,59661,35245,65535,6982
1686460349,0,1,1,0,1223223,3357,8197,11614,21015,65535,6968,33344,46655,59623,35233,65535,6980
1686460355,0,1,1,0,1223223,3356,8196,11609,21000,65535,6970,33334,46648,59656,35230,65535,6976
1686460361,0,1,1,0,1223223,3356,8193,11613,21018,65535,6970,33335,46617,59592,35218,65535,6974
1686460367,0,1,1,0,1223223,3358,8195,11605,21010,65535,6970,33357,46665,59656,35244,65535,6980
1686460373,0,1,1,0,1223223,3356,8194,11610,20997,65535,6970,33343,46678,59680,35236,65535,6982
1686460379,0,1,1,0,1223223,3357,8196,11615,21002,65535,6973,33357,46663,59679,35251,65535,6982
1686460385,0,1,1,0,1223223,3355,8188,11605,20987,65535,6964,33341,46647,59652,35231,65535,6978
1686460391,0,1,1,0,1223223,3342,8163,11567,20929,65535,6942,33338,46672,59645,35243,65535,6983
1686460397,0,1,1,0,1223223,3355,8192,11607,21003,65535,6968,33067,46278,59178,34950,65535,6921
1686460403,0,1,1,0,1223223,3356,8194,11610,21006,65535,6968,33358,46671,59644,35240,65535,6982
1686460409,0,1,1,0,1223223,3355,8197,11614,21014,65535,6974,33349,46661,59670,35240,65535,6980
1686460415,0,1,1,0,1223223,3346,8167,11570,20938,65535,6944,33192,46433,59378,35064,65535,6946
1686460421,0,1,1,0,1223223,3357,8194,11610,21010,65535,6968,33312,46605,59609,35194,65535,6972
1686460427,0,1,1,0,1223223,3345,8157,11560,20920,65535,6940,33342,46652,59645,35227,65535,6975
1686460433,0,1,1,0,1223223,3356,8192,11604,20994,65535,6972,33346,46667,59657,35235,65535,6982
1686460439,0,1,1,0,1223223,3358,8196,11610,21009,65535,6970,33342,46657,59655,35236,65535,6978
1686460445,0,1,1,0,1223223,3353,8183,11593,20978,65535,6958,33338,46651,59648,35241,65535,6980
1686460451,0,1,1,0,1223223,3350,8183,11593,20983,65535,6960,33315,46636,59624,35219,65535,6976
1686460457,0,1,1,0,1223223,3354,8185,11599,20987,65535,6962,33282,46567,59545,35162,65535,6966
1686460463,0,1,1,0,1223223,3356,8196,11607,21012,65535,6967,33316,46606,59591,35201,65535,6972
1686460469,0,1,1,0,1223223,3357,8195,11612,21010,65535,6972,33338,46650,59626,35223,65535,6974
1686460475,0,1,1,0,1223223,3356,8195,11612,21011,65535,6970,33352,46661,59654,35240,65535,6980
1686460481,0,1,1,0,1223223,3357,8199,11613,21012,65535,6968,33344,46683,59719,35240,65535,6980
1686460487,0,1,1,0,1223223,3357,8189,11609,21003,65535,6968,33302,46626,59615,35191,65535,6975
1686460493,0,1,1,0,1223223,3357,8196,11614,21015,65535,6976,33167,46411,59354,35047,65535,6944
1686460499,0,1,1,0,1223223,3357,8196,11608,21012,65535,6974,33351,46669,59660,35244,65535,6982
1686460505,0,1,1,0,1223223,3352,8189,11602,20991,65535,6964,33350,46663,59665,35242,65535,6980
1686460511,0,1,1,0,1223223,3358,8191,11610,21009,65535,6973,33322,46660,59656,35229,65535,6982
1686460517,0,1,1,0,1223223,3354,8191,11616,21008,65535,6974,33343,46662,59663,35234,65535,6982
1686460523,0,1,1,0,1223223,3357,8196,11613,21012,65535,6974,33360,46671,59680,35246,65535,6984
1686460529,0,1,1,0,1223223,3356,8196,11617,21006,65535,6972,33326,46631,59633,35229,65535,6980
1686460535,0,1,1,0,1223223,3356,8192,11611,21006,65535,6971,33303,46608,59595,35184,65535,6970
1686460541,0,1,1,0,1223223,3357,8197,11619,21011,65535,6973,33351,46666,59652,35240,65535,6982
1686460547,0,1,1,0,1223223,3357,8198,11620,21021,65535,6976,33348,46675,59664,35231,65535,6986
1686460553,0,1,1,0,1223223,3356,8192,11614,21010,65535,6974,33361,46673,59693,35253,65535,6984
1686460559,0,1,1,0,1223223,3357,8196,11618,21013,65535,6976,33361,46671,59693,35234,65535,6978
1686460565,0,1,1,0,1223223,3352,8182,11596,20977,65535,6959,33177,46413,59376,35039,65535,6944
1686460571,0,1,1,0,1223223,3357,8197,11617,21014,65535,6972,33359,46652,59689,35248,65535,6981
1686460577,0,1,1,0,1223223,3358,8200,11620,21016,65535,6974,33354,46681,59683,35251,65535,6982
1686460583,0,1,1,0,1223223,3357,8198,11618,21015,65535,6974,33354,46660,59686,35245,65535,6982
1686460589,0,1,1,0,1223223,3358,8200,11616,21017,65535,6974,33342,46660,59665,35240,65535,6982
1686460595,0,1,1,0,1223223,3357,8198,11619,21017,65535,6974,33350,46677,59658,35247,65535,6986
1686460601,0,1,1,0,1223223,3357,8194,11619,21008,65535,6973,33338,46654,59637,35226,65535,6980
1686460607,0,1,1,0,1223223,3358,8204,11618,21020,65535,6976,33347,46659,59660,35245,65535,6984
1686460613,0,1,1,0,1223223,3353,8184,11593,20980,65535,6964,33364,46676,59696,35250,65535,6985
1686460619,0,1,1,0,1223223,3358,8195,11619,21014,65535,6974,33361,46684,59663,35251,65535,6984
1686460625,0,1,1,0,1223223,3357,8200,11620,21019,65535,6975,33351,46673,59675,35246,65535,6982
1686460631,0,1,1,0,1223223,3338,8144,11533,20879,65535,6927,33300,46590,59577,35183,65535,6968
1686460637,0,1,1,0,1223223,3354,8192,11613,21004,65535,6971,33321,46628,59633,35216,65535,6972
1686460643,0,1,1,0,1223223,3357,8197,11608,20995,65535,6970,33356,46676,59701,35256,65535,6981
1686460649,0,1,1,0,1223223,3347,8170,11572,20947,65535,6949,33286,46597,59592,35187,65535,6970
1686460655,0,1,1,0,1223223,3359,8196,11621,21021,65535,6974,33361,46657,59694,35249,65535,6984
1686460661,0,1,1,0,1223223,3355,8197,11624,21019,65535,6972,33355,46659,59659,35250,65535,6985
1686460667,0,1,1,0,1223223,3343,8161,11561,20913,65535,6940,33309,46608,59596,35184,65535,6969
1686460673,0,1,1,0,1223223,3358,8197,11614,21014,65535,6974,33361,46681,59667,35242,65535,6986
1686460679,0,1,1,0,1223223,3359,8200,11626,21021,65535,6978,33368,46691,59696,35277,65535,6986
1686460685,0,1,1,0,1223223,3356,8200,11620,21013,65535,6974,33352,46682,59670,35251,65535,6984
1686460691,0,1,1,0,1223223,3357,8201,11623,21021,65535,6975,33256,46563,59533,35147,65535,6964
1686460697,0,1,1,0,1223223,3358,8198,11623,21020,65535,6976,33367,46696,59681,35240,65535,6984
1686460703,0,1,1,0,1223223,3356,8193,11610,21007,65535,6970,33358,46688,59683,35250,65535,6986
1686460709,0,1,1,0,1223223,3357,8199,11616,21015,65535,6972,33353,46674,59670,35229,65535,6980
1686460715,0,1,1,0,1223223,3359,8197,11627,21018,65535,6972,33365,46678,59722,35253,65535,6986
1686460721,0,1,1,0,1223223,3351,8181,11590,20975,65535,6960,33190,46448,59390,35077,65535,6951
1686460727,0,1,1,0,1223223,3357,8198,11617,21015,65535,6975,33355,46681,59670,35253,65535,6986
1686460733,0,1,1,0,1223223,3347,8172,11573,20945,65535,6950,33356,46684,59679,35245,65535,6982
1686460739,0,1,1,0,1223223,3358,8199,11615,21015,65535,6974,33338,46661,59680,35255,65535,6984
1686460745,0,1,1,0,1223223,3357,8199,11615,21013,65535,6974,33357,46653,59672,35248,65535,6983
1686460751,0,1,1,0,1223223,3358,8199,11618,21018,65535,6976,33309,46612,59602,35200,65535,6972
1686460757,0,1,1,0,1223223,3359,8201,11619,21008,65535,6978,33376,46699,59701,35284,65535,6984
1686460763,0,1,1,0,1223223,3356,8193,11607,20999,65535,6965,33331,46639,59626,35202,65535,6978
1686460769,0,1,1,0,1223223,3357,8198,11619,21016,65535,6974,33363,46683,59684,35256,65535,6984
1686460775,0,1,1,0,1223223,3355,8190,11601,20993,65535,6962,33375,46707,59702,35267,65535,6986
1686460781,0,1,1,0,1223223,3357,8193,11609,21013,65535,6972,33333,46643,59636,35225,65535,6980
1686460787,0,1,1,0,1223223,3355,8199,11618,21006,65535,6975,33362,46680,59687,35244,65535,6984
1686460793,0,1,1,0,1223223,3357,8198,11624,21018,65535,6976,33353,46675,59680,35249,65535,6982
1686460799,0,1,1,0,1223223,3357,8196,11622,21019,65535,6974,33360,46685,59690,35252,65535,6988
1686460805,0,1,1,0,1223223,3358,8199,11623,21026,65535,6974,33353,46662,59663,35251,65535,6982
1686460811,0,1,1,0,1223223,3354,8186,11599,20991,65535,6965,33361,46673,59701,35261,65535,6985
1686460817,0,1,1,0,1223223,3346,8172,11578,20955,65535,6956,33358,46662,59678,35232,65535,6984
1686460823,0,1,1,0,1223223,3350,8177,11585,20966,65535,6958,33346,46662,59660,35246,65535,6981
1686460829,0,1,1,0,1223223,3357,8196,11613,21011,65535,6972,33354,46669,59676,35249,65535,6982
1686460835,0,1,1,0,1223223,3353,8186,11601,20990,65535,6960,33356,46670,59672,35232,65535,6982
1686460841,0,1,1,0,1223223,3357,8199,11619,21026,65535,6976,33344,46662,59665,35228,65535,6982
1686460847,0,1,1,0,1223223,3340,8153,11551,20902,65535,6938,33361,46688,59695,35254,65535,6983
1686460853,0,1,1,0,1223223,3358,8198,11619,21022,65535,6976,33361,46680,59683,35260,65535,6987
1686460859,0,1,1,0,1223223,3358,8197,11618,21010,65535,6974,33358,46676,59664,35238,65535,6986
1686460865,0,1,1,0,1223223,3357,8200,11622,21004,65535,6974,33274,46566,59538,35170,65535,6966
1686460871,0,1,1,0,1223223,3357,8195,11615,21028,65535,6976,33353,46678,59672,35243,65535,6984
1686460877,0,1,1,0,1223223,3349,8176,11583,20964,65535,6954,33296,46597,59587,35184,65535,6972
1686460883,0,1,1,0,1223223,3358,8198,11612,21008,65535,6972,33333,46656,59642,35217,65535,6976
1686460889,0,1,1,0,1223223,3358,8201,11615,21017,65535,6974,33351,46671,59668,35251,65535,6982
1686460895,0,1,1,0,1223223,3358,8196,11610,21016,65535,6971,33361,46685,59693,35257,65535,6986
1686460901,0,1,1,0,1223223,3359,8193,11621,21023,65535,6972,33342,46654,59664,35214,65535,6978
1686460907,0,1,1,0,1223223,3355,8192,11606,20989,65535,6966,33352,46677,59673,35224,65535,6981
1686460913,0,1,1,0,1223223,3353,8185,11598,20986,65535,6964,33326,46630,59625,35209,65535,6976
1686460919,0,1,1,0,1223223,3359,8197,11618,21009,65535,6973,33356,46650,59645,35234,65535,6977
1686460925,0,1,1,0,1223223,3355,8198,11613,21018,65535,6976,33363,46680,59657,35256,65535,6982
1686460931,0,1,1,0,1223223,3358,8201,11618,21015,65535,6974,33364,46655,59678,35234,65535,6986
1686460937,0,1,1,0,1223223,3357,8199,11616,21009,65535,6974,33365,46670,59678,35236,65535,6981
1686460943,0,1,1,0,1223223,3358,8197,11614,21022,65535,6973,33350,46663,59656,35233,65535,6980
1686460949,0,1,1,0,1223223,3358,8197,11616,21017,65535,6971,33356,46658,59681,35233,65535,6984
1686460955,0,1,1,0,1223223,3357,8198,11617,21015,65535,6976,33354,46694,59706,35265,65535,6984
1686460961,0,1,1,0,1223223,3358,8198,11617,21010,65535,6974,33365,46685,59687,35257,65535,6986
1686460967,0,1,1,0,1223223,3358,8199,11615,21007,65535,6974,33354,46671,59665,35244,65535,6984
1686460973,0,1,1,0,1223223,3356,8197,11612,21016,65535,6972,33343,46639,59658,35228,65535,6984
1686460979,0,1,1,0,1223223,3356,8198,11615,21012,65535,6970,33345,46670,59647,35243,65535,6980
1686460985,0,1,1,0,1223223,3357,8200,11617,21017,65535,6972,33312,46623,59639,35224,65535,6978
1686460991,0,1,1,0,1223223,3358,8201,11619,21019,65535,6974,33354,46652,59682,35255,65535,6984
1686460997,0,1,1,0,1223223,3355,8188,11607,21000,65535,6968,33351,46669,59674,35244,65535,6983
1686461003,0,1,1,0,1223223,3358,8198,11619,21021,65535,6976,33343,46645,59681,35247,65535,6984
1686461009,0,1,1,0,1223223,3356,8199,11617,21007,65535,6975,33353,46683,59681,35238,65535,6982
1686461015,0,1,1,0,1223223,3357,8198,11614,21012,65535,6974,33329,46669,59667,35239,65535,6980
1686461021,0,1,1,0,1223223,3358,8200,11616,21021,65535,6974,33354,46670,59677,35230,65535,6981
1686461027,0,1,1,0,1223223,3343,8158,11561,20918,65535,6944,33298,46600,59592,35187,65535,6968
1686461033,0,1,1,0,1223223,3357,8198,11619,21009,65535,6974,33354,46668,59685,35245,65535,6984
1686461039,0,1,1,0,1223223,3357,8195,11612,21015,65535,6972,33358,46667,59672,35251,65535,6982
1686461045,0,1,1,0,1223223,3353,8190,11609,21009,65535,6966,33364,46662,59698,35255,65535,6985
1686461051,0,1,1,0,1223223,3357,8199,11617,21023,65535,6976,33349,46666,59662,35239,65535,6980
1686461057,0,1,1,0,1223223,3358,8199,11617,21022,65535,6970,33365,46678,59676,35254,65535,6984
1686461063,0,1,1,0,1223223,3357,8196,11616,21006,65535,6970,33364,46679,59700,35253,65535,6986
1686461069,0,1,1,0,1223223,3358,8199,11619,21024,65535,6975,33366,46693,59689,35261,65535,6988
1686461075,0,1,1,0,1223223,3357,8194,11615,21022,65535,6974,33355,46653,59661,35237,65535,6982
1686461081,0,1,1,0,1223223,3358,8197,11616,21022,65535,6978,33362,46693,59677,35256,65535,6986
1686461087,0,1,1,0,1223223,3355,8195,11609,21005,65535,6974,33342,46648,59670,35251,65535,6984
1686461093,0,1,1,0,1223223,3358,8197,11618,21021,65535,6978,33364,46684,59677,35237,65535,6988
1686461099,0,1,1,0,1223223,3358,8198,11612,21017,65535,6974,33317,46621,59593,35192,65535,6974
1686461105,0,1,1,0,1223223,3358,8201,11617,21021,65535,6977,33354,46677,59664,35238,65535,6980
1686461111,0,1,1,0,1223223,3358,8196,11614,21019,65535,6974,33353,46667,59674,35237,65535,6980
1686461117,0,1,1,0,1223223,3344,8162,11555,20921,65535,6942,33340,46674,59667,35240,65535,6980
1686461123,0,1,1,0,1223223,3358,8201,11617,21022,65535,6974,33368,46702,59690,35263,65535,6988
1686461129,0,1,1,0,1223223,3357,8199,11614,21019,65535,6975,33353,46688,59675,35249,65535,6981
1686461135,0,1,1,0,1223223,3360,8203,11625,21025,65535,6976,33332,46622,59627,35217,65535,6976
1686461141,0,1,1,0,1223223,3359,8201,11621,21017,65535,6974,33369,46687,59681,35258,65535,6984
1686461147,0,1,1,0,1223223,3358,8198,11615,21016,65535,6974,33323,46609,59618,35200,65535,6972
1686461153,0,1,1,0,1223223,3358,8202,11620,21023,65535,6973,33384,46702,59706,35264,65535,6986
1686461159,0,1,1,0,1223223,3360,8199,11623,21028,65535,6976,33368,46688,59691,35258,65535,6985
1686461165,0,1,1,0,1223223,3359,8201,11625,21009,65535,6976,33365,46666,59718,35252,65535,6986
1686461171,0,1,1,0,1223223,3321,8111,11478,20794,65535,6894,33066,46259,59128,34939,65535,6922
1686461177,0,1,1,0,1223223,3350,8170,11584,20957,65535,6960,33352,46672,59679,35256,65535,6982
1686461183,0,1,1,0,1223223,3360,8198,11620,21021,65535,6978,33356,46674,59699,35259,65535,6981
1686461189,0,1,1,0,1223223,3358,8200,11616,21016,65535,6976,33349,46648,59697,35236,65535,6984
1686461195,0,1,1,0,1223223,3358,8199,11615,21014,65535,6972,33354,46670,59671,35224,65535,6982
1686461201,0,1,1,0,1223223,3359,8197,11621,21023,65535,6976,33344,46668,59683,35257,65535,6983
1686461207,0,1,1,0,1223223,3359,8201,11619,21022,65535,6978,33356,46678,59675,35254,65535,6984
1686461213,0,1,1,0,1223223,3349,8173,11581,20947,65535,6954,33291,46590,59568,35163,65535,6970
1686461219,0,1,1,0,1223223,3351,8181,11589,20962,65535,6958,33373,46692,59692,35254,65535,6984
1686461225,0,1,1,0,1223223,3358,8202,11615,21010,65535,6976,33368,46698,59699,35262,65535,6986
1686461231,0,1,1,0,1223223,3359,8201,11619,21023,65535,6974,33381,46700,59706,35266,65535,6984
1686461237,0,1,1,0,1223223,3350,8174,11583,20959,65535,6956,33281,46570,59543,35157,65535,6970
1686461243,0,1,1,0,1223223,3353,8186,11595,20972,65535,6962,33375,46693,59735,35260,65535,6984
1686461249,0,1,1,0,1223223,3359,8203,11621,21023,65535,6974,33366,46688,59685,35261,65535,6982
1686461255,0,1,1,0,1223223,3358,8198,11616,21017,65535,6973,33375,46700,59712,35251,65535,6984
1686461261,0,1,1,0,1223223,3359,8200,11617,21025,65535,6976,33366,46677,59707,35242,65535,6980
1686461267,0,1,1,0,1223223,3349,8172,11579,20961,65535,6953,33365,46687,59692,35251,65535,6986
1686461273,0,1,1,0,1223223,3358,8197,11616,21016,65535,6970,33374,46700,59713,35270,65535,6984
1686461279,0,1,1,0,1223223,3354,8188,11605,20996,65535,6964,33277,46562,59556,35165,65535,6964
1686461285,0,1,1,0,1223223,3357,8190,11614,20993,65535,6971,33328,46629,59616,35198,65535,6972
1686461291,0,1,1,0,1223223,3357,8191,11609,21006,65535,6970,33364,46674,59689,35257,65535,6984
1686461297,0,1,1,0,1223223,3359,8199,11617,21022,65535,6976,33348,46664,59658,35239,65535,6981
1686461303,0,1,1,0,1223223,3357,8199,11612,21014,65535,6973,33359,46674,59667,35226,65535,6980
1686461309,0,1,1,0,1223223,3356,8197,11620,21022,65535,6978,33360,46663,59690,35234,65535,6984
1686461315,0,1,1,0,1223223,3357,8196,11613,21014,65535,6972,33358,46661,59704,35236,65535,6984
1686461321,0,1,1,0,1223223,3357,8201,11612,21005,65535,6976,33358,46674,59662,35235,65535,6982
1686461327,0,1,1,0,1223223,3360,8201,11616,21016,65535,6976,33346,46656,59630,35232,65535,6980
1686461333,0,1,1,0,1223223,3358,8198,11614,21020,65535,6974,33380,46678,59723,35268,65535,6987
1686461339,0,1,1,0,1223223,3345,8167,11566,20934,65535,6946,33079,46294,59208,34958,65535,6926
1686461345,0,1,1,0,1223223,3359,8204,11621,21016,65535,6978,33356,46693,59684,35259,65535,6986
1686461351,0,1,1,0,1223223,3359,8200,11619,21026,65535,6979,33365,46684,59680,35246,65535,6984
1686461357,0,1,1,0,1223223,3359,8200,11617,21013,65535,6976,33361,46662,59671,35239,65535,6986
1686461363,0,1,1,0,1223223,3360,8198,11620,21030,65535,6974,33353,46696,59696,35248,65535,6988
1686461369,0,1,1,0,1223223,3340,8151,11540,20882,65535,6934,33294,46591,59559,35165,65535,6970
1686461375,0,1,1,0,1223223,3357,8200,11617,21024,65535,6976,33370,46685,59694,35249,65535,6985
1686461381,0,1,1,0,1223223,3358,8200,11618,21009,65535,6976,33340,46656,59643,35224,65535,6974
1686461387,0,1,1,0,1223223,3357,8194,11619,21024,65535,6976,33314,46613,59611,35214,65535,6975
1686461393,0,1,1,0,1223223,3349,8181,11585,20968,65535,6956,33369,46666,59694,35257,65535,6986
1686461399,0,1,1,0,1223223,3358,8200,11621,21015,65535,6972,33362,46681,59663,35242,65535,6982
1686461405,0,1,1,0,1223223,3332,8133,11515,20837,65535,6916,33352,46683,59692,35260,65535,6983
1686461411,0,1,1,0,1223223,3331,8129,11512,20833,65535,6914,33320,46619,59628,35209,65535,6974
1686461417,0,1,1,0,1223223,3358,8197,11613,21017,65535,6974,33368,46677,59678,35261,65535,6980
1686461423,0,1,1,0,1223223,3358,8203,11620,21024,65535,6976,33341,46658,59651,35231,65535,6980
1686461429,0,1,1,0,1223223,3358,8202,11618,21018,65535,6976,33362,46656,59674,35247,65535,6983
1686461435,0,1,1,0,1223223,3358,8201,11614,21019,65535,6974,33364,46688,59671,35247,65535,6983
1686461441,0,1,1,0,1223223,3357,8198,11609,21017,65535,6974,33359,46660,59652,35249,65535,6984
1686461447,0,1,1,0,1223223,3356,8205,11625,21028,65535,6976,33346,46690,59670,35254,65535,6984
1686461453,0,1,1,0,1223223,3359,8198,11617,21019,65535,6974,33370,46693,59692,35267,65535,6984
1686461459,0,1,1,0,1223223,3342,8151,11553,20905,65535,6938,33379,46701,59701,35261,65535,6985
1686461465,0,1,1,0,1223223,3355,8198,11616,21004,65535,6972,33121,46318,59242,34992,65535,6932
1686461471,0,1,1,0,1223223,3352,8182,11595,20980,65535,6962,33341,46651,59640,35217,65535,6976
1686461477,0,1,1,0,1223223,3353,8183,11594,20980,65535,6960,33258,46540,59515,35138,65535,6962
1686461483,0,1,1,0,1223223,3355,8193,11609,21005,65535,6970,33293,46579,59579,35172,65535,6966
1686461489,0,1,1,0,1223223,3358,8200,11620,21027,65535,6974,33360,46675,59684,35250,65535,6979
1686461495,0,1,1,0,1223223,3336,8141,11538,20879,65535,6928,33192,46438,59363,35074,65535,6944
1686461501,0,1,1,0,1223223,3358,8204,11618,21019,65535,6974,33243,46497,59461,35116,65535,6954
1686461507,0,1,1,0,1223223,3359,8199,11617,21018,65535,6974,33349,46651,59662,35247,65535,6982
1686461513,0,1,1,0,1223223,3357,8195,11611,21010,65535,6972,33191,46467,59392,35084,65535,6948
1686461519,0,1,1,0,1223223,3358,8198,11619,21020,65535,6974,33355,46679,59651,35252,65535,6986
1686461525,0,1,1,0,1223223,3359,8199,11615,21010,65535,6975,33367,46684,59696,35234,65535,6986
1686461531,0,1,1,0,1223223,3357,8203,11621,21026,65535,6975,33374,46693,59692,35236,65535,6983
1686461537,0,1,1,0,1223223,3359,8199,11614,21010,65535,6973,33358,46680,59659,35248,65535,6980
1686461543,0,1,1,0,1223223,3357,8198,11617,21019,65535,6974,33363,46683,59712,35258,65535,6986
1686461549,0,1,1,0,1223223,3346,8167,11570,20946,65535,6950,33362,46657,59647,35228,65535,6980
1686461555,0,1,1,0,1223223,3359,8197,11609,21007,65535,6972,33367,46676,59681,35257,65535,6982
1686461561,0,1,1,0,1223223,3355,8194,11610,21008,65535,6974,33336,46672,59663,35227,65535,6982
1686461567,0,1,1,0,1223223,3353,8184,11596,20972,65535,6960,33373,46679,59682,35240,65535,6984
1686461573,0,1,1,0,1223223,3349,8180,11587,20969,65535,6958,33370,46667,59680,35253,65535,6984
1686461579,0,1,1,0,1223223,3350,8178,11579,20969,65535,6958,33235,46509,59433,35127,65535,6960
1686461585,0,1,1,0,1223223,3346,8169,11572,20950,65535,6946,33331,46626,59620,35219,65535,6978
1686461591,0,1,1,0,1223223,3357,8197,11613,21008,65535,6973,33363,46684,59687,35255,65535,6984
1686461597,0,1,1,0,1223223,3356,8198,11620,21024,65535,6977,33345,46676,59690,35235,65535,6986
1686461603,0,1,1,0,1223223,3356,8199,11618,21020,65535,6976,33334,46644,59679,35223,65535,6982
1686461609,0,1,1,0,1223223,3356,8194,11617,21013,65535,6974,33359,46678,59693,35232,65535,6984
1686461615,0,1,1,0,1223223,3357,8195,11612,21009,65535,6974,33352,46653,59679,35226,65535,6982
1686461621,0,1,1,0,1223223,3355,8198,11618,21017,65535,6973,33360,46673,59667,35252,65535,6980
1686461627,0,1,1,0,1223223,3357,8198,11619,21021,65535,6973,33357,46654,59679,35230,65535,6982
1686461633,0,1,1,0,1223223,3357,8198,11615,21011,65535,6972,33360,46681,59680,35251,65535,6984
1686461639,0,1,1,0,1223223,3359,8199,11619,21009,65535,6972,33357,46646,59683,35244,65535,6982
1686461645,0,1,1,0,1223223,3354,8188,11595,20985,65535,6964,33373,46683,59691,35256,65535,6984
1686461651,0,1,1,0,1223223,3358,8198,11616,21006,65535,6974,33362,46678,59688,35253,65535,6984
1686461657,0,1,1,0,1223223,3360,8202,11616,21026,65535,6976,33374,46688,59708,35249,65535,6986
1686461663,0,1,1,0,1223223,3357,8197,11616,21019,65535,6976,33379,46700,59735,35262,65535,6986
1686461669,0,1,1,0,1223223,3359,8203,11618,21025,65535,6976,33326,46668,59666,35229,65535,6980
1686461675,0,1,1,0,1223223,3357,8199,11613,21015,65535,6976,33337,46658,59657,35234,65535,6978
1686461681,0,1,1,0,1223223,3354,8192,11615,21004,65535,6966,33306,46602,59588,35173,65535,6970
1686461687,0,1,1,0,1223223,3356,8196,11613,21011,65535,6970,33372,46687,59698,35258,65535,6985
1686461693,0,1,1,0,1223223,3357,8196,11619,21019,65535,6973,33364,46693,59698,35259,65535,6986
1686461699,0,1,1,0,1223223,3356,8196,11613,21006,65535,6972,33328,46664,59681,35248,65535,6980
1686461705,0,1,1,0,1223223,3359,8204,11623,21030,65535,6976,33365,46682,59683,35259,65535,6984
1686461711,0,1,1,0,1223223,3358,8199,11620,21013,65535,6974,33366,46686,59688,35258,65535,6984
1686461717,0,1,1,0,1223223,3357,8197,11612,21008,65535,6970,33253,46553,59559,35141,65535,6966
1686461723,0,1,1,0,1223223,3357,8197,11614,21010,65535,6974,33355,46681,59666,35228,65535,6984
1686461729,0,1,1,0,1223223,3357,8196,11615,21020,65535,6976,33361,46674,59678,35252,65535,6986
1686461735,0,1,1,0,1223223,3359,8202,11620,21027,65535,6977,33364,46691,59682,35235,65535,6986
1686461741,0,1,1,0,1223223,3359,8202,11616,21018,65535,6978,33367,46688,59707,35256,65535,6984
1686461747,0,1,1,0,1223223,3349,8179,11587,20970,65535,6958,33308,46616,59601,35214,65535,6970
1686461753,0,1,1,0,1223223,3355,8195,11606,20992,65535,6967,33368,46671,59699,35253,65535,6984
1686461759,0,1,1,0,1223223,3358,8202,11621,21026,65535,6976,33363,46663,59681,35238,65535,6984
1686461765,0,1,1,0,1223223,3356,8201,11616,21011,65535,6972,33361,46676,59669,35233,65535,6984
1686461771,0,1,1,0,1223223,3357,8197,11607,21011,65535,6968,33321,46617,59597,35211,65535,6978
1686461777,0,1,1,0,1223223,3357,8200,11612,21022,65535,6975,33345,46675,59679,35250,65535,6984
1686461783,0,1,1,0,1223223,3356,8198,11614,21000,65535,6974,33358,46680,59670,35232,65535,6980
1686461789,0,1,1,0,1223223,3347,8169,11581,20946,65535,6950,33275,46557,59517,35137,65535,6962
1686461795,0,1,1,0,1223223,3358,8200,11621,21027,65535,6975,33356,46679,59681,35255,65535,6980
1686461801,0,1,1,0,1223223,3358,8204,11621,21021,65535,6974,33308,46604,59602,35193,65535,6970
1686461807,0,1,1,0,1223223,3359,8204,11623,21033,65535,6978,33366,46681,59692,35256,65535,6986
1686461813,0,1,1,0,1223223,3359,8199,11620,21024,65535,6972,33248,46520,59499,35125,65535,6959
1686461819,0,1,1,0,1223223,3358,8196,11619,21023,65535,6976,33366,46681,59685,35256,65535,6986
1686461825,0,1,1,0,1223223,3359,8203,11624,21027,65535,6976,33375,46690,59702,35251,65535,6986
1686461831,0,1,1,0,1223223,3327,8119,11487,20813,65535,6900,33342,46641,59642,35215,65535,6978
1686461837,0,1,1,0,1223223,3359,8200,11620,21026,65535,6976,33380,46702,59697,35266,65535,6986
1686461843,0,1,1,0,1223223,3359,8204,11623,21016,65535,6974,33176,46410,59325,35053,65535,6942
1686461849,0,1,1,0,1223223,3356,8197,11614,21016,65535,6973,33226,46482,59433,35089,65535,6956
1686461855,0,1,1,0,1223223,3353,8185,11599,20986,65535,6960,33208,46470,59432,35086,65535,6952
1686461861,0,1,1,0,1223223,3343,8158,11562,20921,65535,6938,33249,46506,59459,35106,65535,6959
1686461867,0,1,1,0,1223223,3357,8198,11615,21015,65535,6971,33321,46603,59619,35198,65535,6974
1686461873,0,1,1,0,1223223,3359,8201,11619,21011,65535,6976,33367,46679,59698,35262,65535,6986
1686461879,0,1,1,0,1223223,3357,8198,11614,21019,65535,6973,33366,46670,59675,35254,65535,6984
1686461885,0,1,1,0,1223223,3358,8201,11621,21023,65535,6978,33369,46685,59689,35240,65535,6985
1686461891,0,1,1,0,1223223,3348,8172,11578,20959,65535,6954,33365,46680,59684,35250,65535,6982
1686461897,0,1,1,0,1223223,3356,8190,11606,21002,65535,6970,33268,46542,59498,35160,65535,6964
1686461903,0,1,1,0,1223223,3358,8198,11613,21020,65535,6976,33350,46652,59650,35244,65535,6980
1686461909,0,1,1,0,1223223,3358,8199,11620,21021,65535,6975,33358,46667,59652,35248,65535,6984
1686461915,0,1,1,0,1223223,3360,8202,11619,21013,65535,6976,33364,46669,59683,35229,65535,6981
1686461921,0,1,1,0,1223223,3356,8198,11617,21015,65535,6976,33347,46672,59689,35249,65535,6982
1686461927,0,1,1,0,1223223,3359,8195,11623,21023,65535,6974,33374,46682,59688,35249,65535,6984
1686461933,0,1,1,0,1223223,3359,8198,11615,21014,65535,6974,33368,46690,59673,35237,65535,6984
1686461939,0,1,1,0,1223223,3358,8198,11615,21006,65535,6976,33350,46653,59678,35251,65535,6982
1686461945,0,1,1,0,1223223,3355,8197,11613,21025,65535,6974,33358,46665,59666,35225,65535,6983
1686461951,0,1,1,0,1223223,3359,8200,11619,21010,65535,6974,33372,46688,59693,35261,65535,6986
1686461957,0,1,1,0,1223223,3358,8198,11617,21016,65535,6972,33337,46635,59636,35208,65535,6972
1686461963,0,1,1,0,1223223,3356,8199,11616,21022,65535,6976,33364,46692,59671,35250,65535,6984
1686461969,0,1,1,0,1223223,3356,8195,11611,21011,65535,6974,33352,46660,59658,35237,65535,6981
1686461975,0,1,1,0,1223223,3357,8193,11623,21016,65535,6976,33357,46667,59698,35221,65535,6984
1686461981,0,1,1,0,1223223,3358,8199,11619,21016,65535,6970,33361,46665,59688,35241,65535,6981
1686461987,0,1,1,0,1223223,3350,8177,11586,20967,65535,6958,33356,46663,59671,35241,65535,6982
1686461993,0,1,1,0,1223223,3358,8199,11616,21021,65535,6972,33353,46663,59665,35227,65535,6980
1686461999,0,1,1,0,1223223,3358,8203,11622,21015,65535,6975,33351,46664,59670,35245,65535,6982
1686462005,0,1,1,0,1223223,3359,8199,11621,21011,65535,6974,33363,46671,59691,35254,65535,6982
1686462011,0,1,1,0,1223223,3345,8164,11565,20921,65535,6946,33376,46691,59733,35242,65535,6986
1686462017,0,1,1,0,1223223,3358,8199,11617,21010,65535,6974,33374,46695,59699,35242,65535,6986
1686462023,0,1,1,0,1223223,3358,8200,11626,21021,65535,6973,33357,46684,59696,35234,65535,6984
1686462029,0,1,1,0,1223223,3358,8198,11617,21023,65535,6973,33368,46681,59702,35245,65535,6984
1686462035,0,1,1,0,1223223,3358,8196,11615,21022,65535,6972,33360,46679,59687,35249,65535,6982
1686462041,0,1,1,0,1223223,3358,8198,11618,21021,65535,6976,33364,46677,59686,35250,65535,6978
1686462047,0,1,1,0,1223223,3356,8197,11615,21013,65535,6971,33356,46665,59678,35242,65535,6980
1686462053,0,1,1,0,1223223,3356,8195,11613,21013,65535,6973,33300,46582,59570,35185,65535,6972
1686462059,0,1,1,0,1223223,3357,8198,11616,21014,65535,6975,33357,46666,59679,35240,65535,6984
1686462065,0,1,1,0,1223223,3358,8197,11617,21010,65535,6976,33361,46673,59680,35230,65535,6984
1686462071,0,1,1,0,1223223,3357,8195,11617,21005,65535,6975,33372,46693,59699,35244,65535,6986
1686462077,0,1,1,0,1223223,3345,8161,11562,20928,65535,6942,33224,46457,59423,35090,65535,6948
1686462083,0,1,1,0,1223223,3349,8172,11580,20945,65535,6956,33213,46465,59421,35082,65535,6954
1686462089,0,1,1,0,1223223,3359,8203,11622,21029,65535,6974,33358,46680,59690,35240,65535,6986
1686462095,0,1,1,0,1223223,3357,8199,11617,21021,65535,6974,33367,46676,59704,35250,65535,6986
1686462101,0,1,1,0,1223223,3359,8198,11625,21016,65535,6974,33345,46638,59669,35227,65535,6980
1686462107,0,1,1,0,1223223,3357,8196,11615,21022,65535,6976,33366,46680,59700,35271,65535,6980
1686462113,0,1,1,0,1223223,3359,8201,11620,21024,65535,6976,33354,46672,59677,35247,65535,6984
1686462119,0,1,1,0,1223223,3358,8198,11616,21022,65535,6974,33361,46673,59675,35256,65535,6984
1686462125,0,1,1,0,1223223,3355,8191,11608,21001,65535,6968,33123,46349,59266,35000,65535,6932
1686462131,0,1,1,0,1223223,3353,8187,11594,20988,65535,6964,33356,46676,59676,35248,65535,6984
1686462137,0,1,1,0,1223223,3355,8199,11620,21011,65535,6974,33348,46690,59674,35252,65535,6984
1686462143,0,1,1,0,1223223,3351,8180,11588,20967,65535,6960,33378,46687,59692,35248,65535,6983
1686462149,0,1,1,0,1223223,3357,8197,11618,21021,65535,6972,33371,46695,59690,35238,65535,6986
1686462155,0,1,1,0,1223223,3359,8201,11620,21032,65535,6974,33364,46698,59700,35259,65535,6980
1686462161,0,1,1,0,1223223,3356,8199,11613,21017,65535,6973,33286,46604,59570,35192,65535,6968
1686462167,0,1,1,0,1223223,3357,8199,11617,21018,65535,6970,33358,46694,59669,35259,65535,6985
1686462173,0,1,1,0,1223223,3356,8200,11613,21014,65535,6975,33358,46687,59700,35255,65535,6982
1686462179,0,1,1,0,1223223,3355,8199,11622,21010,65535,6978,33310,46615,59616,35223,65535,6974
1686462185,0,1,1,0,1223223,3354,8193,11608,20999,65535,6970,33356,46678,59682,35251,65535,6984
1686462191,0,1,1,0,1223223,3357,8200,11615,21018,65535,6975,33350,46669,59688,35248,65535,6984
1686462197,0,1,1,0,1223223,3358,8199,11623,21028,65535,6975,33372,46676,59696,35234,65535,6985
1686462203,0,1,1,0,1223223,3359,8202,11613,21015,65535,6976,33361,46688,59702,35258,65535,6982
1686462209,0,1,1,0,1223223,3350,8180,11588,20972,65535,6956,33201,46459,59400,35071,65535,6950
1686462215,0,1,1,0,1223223,3358,8201,11627,21024,65535,6978,33291,46574,59548,35169,65535,6966
1686462221,0,1,1,0,1223223,3357,8199,11620,21025,65535,6976,33221,46485,59429,35109,65535,6958
1686462227,0,1,1,0,1223223,3357,8198,11618,21018,65535,6978,33346,46663,59671,35245,65535,6985
1686462233,0,1,1,0,1223223,3359,8201,11631,21024,65535,6979,33374,46694,59719,35266,65535,6988
1686462239,0,1,1,0,1223223,3357,8200,11616,21023,65535,6976,33372,46684,59704,35258,65535,6984
1686462245,0,1,1,0,1223223,3344,8166,11566,20928,65535,6944,33161,46409,59348,35053,65535,6944
1686462251,0,1,1,0,1223223,3357,8202,11619,21020,65535,6975,33364,46675,59677,35247,65535,6982
1686462257,0,1,1,0,1223223,3359,8200,11622,21024,65535,6979,33385,46687,59716,35239,65535,6984
1686462263,0,1,1,0,1223223,3359,8202,11617,21016,65535,6978,33359,46679,59683,35253,65535,6983
1686462269,0,1,1,0,1223223,3359,8206,11626,21025,65535,6979,33394,46704,59721,35268,65535,6990
1686462275,0,1,1,0,1223223,3357,8197,11615,21009,65535,6976,33363,46691,59724,35264,65535,6984
1686462281,0,1,1,0,1223223,3358,8200,11622,21016,65535,6974,33383,46690,59697,35267,65535,6988
1686462287,0,1,1,0,1223223,3359,8202,11622,21026,65535,6978,33299,46595,59583,35173,65535,6972
1686462293,0,1,1,0,1223223,3353,8187,11595,20976,65535,6966,33360,46692,59697,35256,65535,6983
1686462299,0,1,1,0,1223223,3355,8195,11616,21009,65535,6974,33369,46699,59693,35253,65535,6984
1686462305,0,1,1,0,1223223,3356,8198,11615,21008,65535,6970,33362,46666,59643,35240,65535,6982
1686462311,0,1,1,0,1223223,3355,8194,11612,21002,65535,6970,33366,46672,59691,35268,65535,6984
1686462317,0,1,1,0,1223223,3358,8197,11618,21012,65535,6972,33363,46676,59695,35231,65535,6984
1686462323,0,1,1,0,1223223,3357,8200,11623,21024,65535,6974,33376,46691,59708,35257,65535,6984
1686462329,0,1,1,0,1223223,3361,8200,11618,21023,65535,6976,33388,46696,59720,35264,65535,6984
1686462335,0,1,1,0,1223223,3359,8203,11627,21032,65535,6976,33369,46699,59721,35262,65535,6986
1686462341,0,1,1,0,1223223,3357,8199,11622,21020,65535,6974,33287,46587,59572,35167,65535,6972
1686462347,0,1,1,0,1223223,3357,8203,11626,21022,65535,6974,33382,46689,59709,35262,65535,6984
1686462353,0,1,1,0,1223223,3358,8202,11623,21025,65535,6976,33372,46689,59734,35258,65535,6986
1686462359,0,1,1,0,1223223,3359,8204,11621,21004,65535,6973,33370,46674,59688,35247,65535,6980
1686462365,0,1,1,0,1223223,3347,8169,11571,20946,65535,6948,33354,46647,59659,35230,65535,6982
1686462371,0,1,1,0,1223223,3352,8187,11600,20989,65535,6966,33354,46681,59692,35250,65535,6980
1686462377,0,1,1,0,1223223,3358,8199,11617,21019,65535,6974,33354,46651,59661,35227,65535,6980
1686462383,0,1,1,0,1223223,3360,8204,11618,21030,65535,6978,33370,46677,59693,35238,65535,6984
1686462389,0,1,1,0,1223223,3352,8186,11601,20973,65535,6964,33099,46322,59214,34951,65535,6929
1686462395,0,1,1,0,1223223,3355,8189,11608,21000,65535,6970,33370,46690,59703,35257,65535,6986
1686462401,0,1,1,0,1223223,3356,8199,11620,21021,65535,6975,33358,46701,59680,35251,65535,6981
1686462407,0,1,1,0,1223223,3345,8155,11557,20900,65535,6938,33333,46643,59656,35222,65535,6976
1686462413,0,1,1,0,1223223,3358,8201,11624,21021,65535,6976,33235,46515,59506,35112,65535,6960
1686462419,0,1,1,0,1223223,3358,8200,11621,21021,65535,6974,33355,46658,59692,35231,65535,6974
1686462425,0,1,1,0,1223223,3357,8199,11618,21008,65535,6977,33343,46664,59696,35262,65535,6982
1686462431,0,1,1,0,1223223,3359,8201,11623,21031,65535,6979,33366,46696,59701,35266,65535,6982
1686462437,0,1,1,0,1223223,3358,8200,11621,21009,65535,6974,33363,46685,59698,35254,65535,6982
1686462443,0,1,1,0,1223223,3350,8175,11583,20962,65535,6958,33268,46532,59533,35153,65535,6964
1686462449,0,1,1,0,1223223,3354,8188,11603,20984,65535,6969,33364,46672,59695,35258,65535,6981
1686462455,0,1,1,0,1223223,3357,8196,11619,21018,65535,6978,33353,46675,59696,35237,65535,6984
1686462461,0,1,1,0,1223223,3358,8200,11617,21009,65535,6976,33351,46673,59698,35242,65535,6979
1686462467,0,1,1,0,1223223,3358,8200,11616,21019,65535,6976,33363,46672,59670,35249,65535,6980
1686462473,0,1,1,0,1223223,3356,8197,11613,21020,65535,6975,33360,46710,59688,35258,65535,6986
1686462479,0,1,1,0,1223223,3357,8199,11615,21021,65535,6972,33362,46663,59679,35253,65535,6983
1686462485,0,1,1,0,1223223,3358,8196,11624,21023,65535,6976,33354,46669,59669,35240,65535,6984
1686462491,0,1,1,0,1223223,3358,8197,11622,21018,65535,6972,33357,46690,59687,35253,65535,6984
1686462497,0,1,1,0,1223223,3355,8187,11600,20995,65535,6966,33372,46670,59683,35255,65535,6986
1686462503,0,1,1,0,1223223,3357,8202,11620,21026,65535,6974,33367,46693,59694,35257,65535,6986
1686462509,0,1,1,0,1223223,3356,8198,11614,21017,65535,6975,33355,46677,59685,35247,65535,6982
1686462515,0,1,1,0,1223223,3355,8194,11613,21014,65535,6973,33360,46676,59684,35250,65535,6986
1686462521,0,1,1,0,1223223,3357,8197,11615,21011,65535,6972,33352,46661,59658,35255,65535,6982
1686462527,0,1,1,0,1223223,3349,8173,11580,20961,65535,6952,33340,46646,59650,35238,65535,6983
1686462533,0,1,1,0,1223223,3351,8180,11592,20972,65535,6959,33352,46676,59694,35249,65535,6982
1686462539,0,1,1,0,1223223,3358,8199,11618,21022,65535,6976,33352,46680,59679,35246,65535,6982
1686462545,0,1,1,0,1223223,3357,8199,11611,21016,65535,6972,33348,46658,59647,35244,65535,6986
1686462551,0,1,1,0,1223223,3357,8196,11615,21011,65535,6971,33352,46664,59682,35248,65535,6980
1686462557,0,1,1,0,1223223,3355,8203,11620,21032,65535,6973,33354,46679,59680,35252,65535,6980
1686462563,0,1,1,0,1223223,3357,8200,11622,21022,65535,6978,33365,46688,59696,35265,65535,6984
1686462569,0,1,1,0,1223223,3356,8192,11606,21005,65535,6964,33373,46699,59709,35257,65535,6986
1686462575,0,1,1,0,1223223,3348,8174,11582,20961,65535,6950,33368,46682,59694,35258,65535,6984
1686462581,0,1,1,0,1223223,3340,8153,11555,20900,65535,6934,33193,46452,59393,35078,65535,6950
1686462587,0,1,1,0,1223223,3354,8191,11606,20999,65535,6966,33274,46557,59529,35163,65535,6963
1686462593,0,1,1,0,1223223,3357,8203,11616,21020,65535,6976,33359,46675,59682,35250,65535,6983
1686462599,0,1,1,0,1223223,3356,8193,11611,21008,65535,6970,33341,46644,59651,35237,65535,6980
1686462605,0,1,1,0,1223223,3357,8197,11612,21018,65535,6972,33360,46675,59661,35246,65535,6978
1686462611,0,1,1,0,1223223,3355,8186,11596,20996,65535,6964,33353,46657,59652,35230,65535,6984
1686462617,0,1,1,0,1223223,3357,8197,11608,21021,65535,6973,33308,46612,59574,35179,65535,6970
1686462623,0,1,1,0,1223223,3357,8198,11613,21011,65535,6975,33339,46649,59634,35237,65535,6977
1686462629,0,1,1,0,1223223,3355,8197,11622,21019,65535,6972,33345,46658,59658,35231,65535,6980
1686462635,0,1,1,0,1223223,3356,8197,11616,21004,65535,6970,33200,46473,59386,35071,65535,6947
1686462641,0,1,1,0,1223223,3336,8143,11535,20875,65535,6926,33131,46371,59291,35004,65535,6936
1686462647,0,1,1,0,1223223,3358,8199,11618,21011,65535,6976,33356,46668,59676,35251,65535,6985
1686462653,0,1,1,0,1223223,3358,8197,11618,21019,65535,6972,33229,46491,59470,35105,65535,6954
1686462659,0,1,1,0,1223223,3358,8199,11624,21019,65535,6974,33370,46677,59663,35253,65535,6982
1686462665,0,1,1,0,1223223,3346,8166,11567,20939,65535,6946,33373,46688,59704,35258,65535,6986
1686462671,0,1,1,0,1223223,3357,8195,11613,21014,65535,6972,33351,46663,59667,35246,65535,6980
1686462677,0,1,1,0,1223223,3358,8195,11615,21018,65535,6978,33361,46669,59684,35232,65535,6982
1686462683,0,1,1,0,1223223,3351,8177,11587,20969,65535,6956,33351,46653,59663,35235,65535,6978
1686462689,0,1,1,0,1223223,3357,8195,11612,21005,65535,6972,33361,46679,59701,35274,65535,6980
1686462695,0,1,1,0,1223223,3359,8201,11627,21030,65535,6974,33372,46693,59696,35248,65535,6986
1686462701,0,1,1,0,1223223,3341,8155,11552,20911,65535,6938,33274,46555,59541,35138,65535,6962
1686462707,0,1,1,0,1223223,3357,8200,11618,21024,65535,6974,33354,46669,59705,35231,65535,6981
1686462713,0,1,1,0,1223223,3357,8198,11614,21017,65535,6971,33359,46668,59681,35254,65535,6982
1686462719,0,1,1,0,1223223,3358,8198,11617,21020,65535,6976,33353,46665,59704,35244,65535,6984
1686462725,0,1,1,0,1223223,3357,8197,11616,21017,65535,6975,33357,46680,59706,35248,65535,6984
1686462731,0,1,1,0,1223223,3356,8196,11613,20998,65535,6970,33344,46651,59653,35240,65535,6978
1686462737,0,1,1,0,1223223,3358,8199,11615,21015,65535,6976,33366,46675,59665,35246,65535,6980
1686462743,0,1,1,0,1223223,3357,8195,11614,21009,65535,6974,33358,46667,59664,35249,65535,6984
1686462749,0,1,1,0,1223223,3356,8197,11607,21007,65535,6972,33354,46659,59654,35241,65535,6986
1686462755,0,1,1,0,1223223,3356,8199,11617,21020,65535,6976,33354,46666,59670,35255,65535,6980
1686462761,0,1,1,0,1223223,3359,8202,11623,21025,65535,6980,33378,46692,59711,35260,65535,6984
1686462767,0,1,1,0,1223223,3360,8200,11620,21033,65535,6978,33350,46670,59648,35240,65535,6978
1686462773,0,1,1,0,1223223,3359,8201,11624,21023,65535,6976,33367,46686,59684,35255,65535,6985
1686462779,0,1,1,0,1223223,3359,8203,11627,21031,65535,6976,33213,46458,59407,35099,65535,6951
1686462785,0,1,1,0,1223223,3358,8200,11614,21017,65535,6972,33360,46672,59666,35246,65535,6982
1686462791,0,1,1,0,1223223,3345,8166,11562,20921,65535,6942,33372,46694,59691,35246,65535,6984
1686462797,0,1,1,0,1223223,3358,8203,11623,21026,65535,6978,33367,46680,59683,35268,65535,6984
1686462803,0,1,1,0,1223223,3357,8199,11617,21014,65535,6974,33362,46678,59687,35256,65535,6984
1686462809,0,1,1,0,1223223,3350,8179,11588,20955,65535,6954,33375,46693,59707,35261,65535,6982
1686462815,0,1,1,0,1223223,3350,8178,11583,20969,65535,6956,33200,46453,59408,35089,65535,6948
1686462821,0,1,1,0,1223223,3359,8201,11625,21020,65535,6978,33286,46570,59546,35170,65535,6965
1686462827,0,1,1,0,1223223,3359,8198,11620,21021,65535,6976,33362,46674,59685,35259,65535,6984
1686462833,0,1,1,0,1223223,3358,8201,11627,21011,65535,6978,33373,46690,59692,35276,65535,6981
1686462839,0,1,1,0,1223223,3360,8207,11625,21029,65535,6978,33363,46660,59682,35253,65535,6984
1686462845,0,1,1,0,1223223,3359,8199,11623,21025,65535,6978,33363,46682,59684,35252,65535,6984
1686462851,0,1,1,0,1223223,3353,8183,11598,20985,65535,6961,33193,46437,59399,35076,65535,6946
1686462857,0,1,1,0,1223223,3353,8185,11602,20982,65535,6966,33369,46674,59714,35255,65535,6984
1686462863,0,1,1,0,1223223,3358,8199,11618,21014,65535,6974,33366,46680,59684,35255,65535,6983
1686462869,0,1,1,0,1223223,3359,8206,11622,21025,65535,6973,33364,46680,59690,35261,65535,6986
1686462875,0,1,1,0,1223223,3358,8198,11617,21024,65535,6976,33283,46566,59540,35172,65535,6967
1686462881,0,1,1,0,1223223,3358,8200,11616,21018,65535,6972,33313,46608,59620,35192,65535,6968
1686462887,0,1,1,0,1223223,3358,8199,11622,21022,65535,6976,33372,46685,59679,35244,65535,6986
1686462893,0,1,1,0,1223223,3355,8199,11618,21020,65535,6974,33362,46670,59669,35251,65535,6982
1686462899,0,1,1,0,1223223,3359,8204,11629,21022,65535,6978,33364,46684,59686,35254,65535,6986
1686462905,0,1,1,0,1223223,3360,8204,11629,21030,65535,6974,33281,46561,59528,35152,65535,6968
1686462911,0,1,1,0,1223223,3358,8196,11620,21010,65535,6974,33376,46690,59719,35253,65535,6983
1686462917,0,1,1,0,1223223,3356,8192,11607,21006,65535,6971,33364,46682,59679,35252,65535,6982
1686462923,0,1,1,0,1223223,3357,8198,11618,21009,65535,6972,33336,46655,59664,35239,65535,6984
1686462929,0,1,1,0,1223223,3352,8182,11591,20978,65535,6962,33369,46675,59680,35246,65535,6982
1686462935,0,1,1,0,1223223,3357,8198,11622,21012,65535,6974,33329,46636,59651,35202,65535,6974
1686462941,0,1,1,0,1223223,3358,8195,11620,21004,65535,6975,33360,46666,59672,35248,65535,6982
1686462947,0,1,1,0,1223223,3358,8197,11615,21019,65535,6974,33331,46654,59653,35236,65535,6978
1686462953,0,1,1,0,1223223,3356,8198,11618,21019,65535,6972,33374,46688,59711,35255,65535,6984
1686462959,0,1,1,0,1223223,3358,8198,11616,21017,65535,6974,33372,46665,59686,35252,65535,6986
1686462965,0,1,1,0,1223223,3356,8199,11611,21014,65535,6970,33351,46669,59626,35212,65535,6980
1686462971,0,1,1,0,1223223,3358,8200,11614,21005,65535,6975,33356,46675,59654,35262,65535,6982
1686462977,0,1,1,0,1223223,3354,8196,11614,21005,65535,6972,33360,46661,59666,35242,65535,6979
1686462983,0,1,1,0,1223223,3359,8200,11615,21016,65535,6972,33352,46646,59668,35244,65535,6982
1686462989,0,1,1,0,1223223,3356,8196,11618,21019,65535,6976,33205,46474,59410,35089,65535,6950
1686462995,0,1,1,0,1223223,3358,8199,11617,21020,65535,6970,33369,46692,59682,35250,65535,6986
1686463001,0,1,1,0,1223223,3357,8203,11624,21018,65535,6975,33330,46634,59617,35208,65535,6976
1686463007,0,1,1,0,1223223,3340,8153,11550,20902,65535,6936,33369,46650,59674,35245,65535,6982
1686463013,0,1,1,0,1223223,3357,8200,11618,21026,65535,6976,33353,46684,59709,35254,65535,6984
1686463019,0,1,1,0,1223223,3356,8199,11617,21019,65535,6977,33375,46686,59681,35251,65535,6986
1686463025,0,1,1,0,1223223,3353,8182,11595,20971,65535,6964,33332,46647,59645,35225,65535,6975
1686463031,0,1,1,0,1223223,3359,8202,11620,21021,65535,6975,33364,46690,59693,35258,65535,6986
1686463037,0,1,1,0,1223223,3359,8200,11619,21023,65535,6974,33371,46680,59681,35247,65535,6982
1686463043,0,1,1,0,1223223,3358,8202,11618,21017,65535,6971,33358,46647,59674,35240,65535,6983
1686463049,0,1,1,0,1223223,3359,8199,11618,21024,65535,6978,33361,46670,59660,35249,65535,6984
1686463055,0,1,1,0,1223223,3359,8200,11613,21017,65535,6970,33367,46674,59676,35252,65535,6983
1686463061,0,1,1,0,1223223,3349,8171,11581,20945,65535,6952,33342,46665,59661,35236,65535,6980
1686463067,0,1,1,0,1223223,3356,8192,11606,21000,65535,6970,33358,46668,59661,35229,65535,6980
1686463073,0,1,1,0,1223223,3357,8197,11615,21016,65535,6974,33359,46664,59671,35246,65535,6980
1686463079,0,1,1,0,1223223,3356,8200,11619,21015,65535,6974,33367,46677,59686,35253,65535,6985
1686463085,0,1,1,0,1223223,3358,8201,11621,21025,65535,6976,33375,46695,59696,35263,65535,6982
1686463091,0,1,1,0,1223223,3358,8198,11615,21018,65535,6978,33368,46679,59695,35253,65535,6986
1686463097,0,1,1,0,1223223,3358,8200,11613,21019,65535,6976,33372,46680,59716,35257,65535,6982
1686463103,0,1,1,0,1223223,3353,8192,11609,21002,65535,6970,33246,46507,59466,35130,65535,6960
1686463109,0,1,1,0,1223223,3357,8199,11619,21019,65535,6976,33365,46671,59687,35249,65535,6986
1686463115,0,1,1,0,1223223,3359,8201,11618,21008,65535,6974,33366,46678,59695,35250,65535,6986
1686463121,0,1,1,0,1223223,3358,8200,11612,21017,65535,6972,32883,45986,58763,34736,65535,6882
1686463127,0,1,1,0,1223223,3356,8193,11608,21006,65535,6968,33351,46682,59698,35248,65535,6982
1686463133,0,1,1,0,1223223,3353,8183,11598,20990,65535,6964,33362,46661,59683,35224,65535,6980
1686463139,0,1,1,0,1223223,3359,8198,11622,21021,65535,6973,33361,46655,59667,35248,65535,6982
1686463145,0,1,1,0,1223223,3339,8152,11554,20910,65535,6936,33378,46679,59712,35257,65535,6984
1686463151,0,1,1,0,1223223,3356,8193,11614,21009,65535,6974,33352,46657,59649,35240,65535,6984
1686463157,0,1,1,0,1223223,3358,8195,11610,21014,65535,6974,33353,46659,59669,35244,65535,6979
1686463163,0,1,1,0,1223223,3358,8196,11615,21015,65535,6974,33356,46641,59673,35230,65535,6980
1686463169,0,1,1,0,1223223,3357,8195,11609,21008,65535,6968,33322,46648,59642,35234,65535,6978
1686463175,0,1,1,0,1223223,3358,8202,11619,21026,65535,6976,33363,46667,59667,35249,65535,6983
1686463181,0,1,1,0,1223223,3359,8199,11621,21016,65535,6978,33333,46652,59632,35227,65535,6980
1686463187,0,1,1,0,1223223,3358,8196,11616,21018,65535,6973,33372,46672,59687,35249,65535,6984
1686463193,0,1,1,0,1223223,3358,8200,11619,21019,65535,6974,33345,46658,59679,35238,65535,6982
1686463199,0,1,1,0,1223223,3356,8195,11614,21014,65535,6975,33365,46676,59681,35245,65535,6984
