Timestamp,Amber,White,On,Override,Intensity,AS00,AS01,AS02,AS03,AS04,AS05,AS06,AS07,AS08,AS09,AS10,AS11
1686474005,0,1,1,0,1223223,3359,8199,11623,21021,65535,6976,33373,46702,59700,35240,65535,6987
1686474011,0,1,1,0,1223223,3358,8202,11617,21026,65535,6978,33377,46685,59688,35263,65535,6984
1686474017,0,1,1,0,1223223,3356,8199,11616,21017,65535,6978,33385,46701,59698,35265,65535,6987
1686474023,0,1,1,0,1223223,3357,8199,11619,21024,65535,6978,33366,46673,59704,35255,65535,6982
1686474029,0,1,1,0,1223223,3342,8158,11555,20899,65535,6936,33211,46448,59409,35079,65535,6950
1686474035,0,1,1,0,1223223,3341,8157,11560,20920,65535,6944,33372,46695,59710,35258,65535,6988
1686474041,0,1,1,0,1223223,3354,8186,11596,20983,65535,6962,33332,46639,59651,35228,65535,6978
1686474047,0,1,1,0,1223223,3357,8202,11620,21014,65535,6976,33363,46664,59683,35232,65535,6984
1686474053,0,1,1,0,1223223,3356,8195,11616,21005,65535,6975,33158,46389,59302,35033,65535,6942
1686474059,0,1,1,0,1223223,3356,8197,11614,21016,65535,6970,33368,46677,59690,35256,65535,6986
1686474065,0,1,1,0,1223223,3357,8199,11620,21025,65535,6978,33376,46686,59705,35261,65535,6986
1686474071,0,1,1,0,1223223,3358,8200,11623,21027,65535,6976,33366,46667,59676,35248,65535,6983
1686474077,0,1,1,0,1223223,3359,8202,11620,21028,65535,6976,33371,46683,59684,35259,65535,6986
1686474083,0,1,1,0,1223223,3356,8194,11607,20996,65535,6968,33352,46640,59643,35229,65535,6978
1686474089,0,1,1,0,1223223,3347,8171,11574,20943,65535,6952,33347,46678,59657,35236,65535,6985
1686474095,0,1,1,0,1223223,3358,8200,11621,21017,65535,6980,33348,46669,59652,35227,65535,6984
1686474101,0,1,1,0,1223223,3357,8204,11626,21017,65535,6978,33379,46705,59690,35259,65535,6985
1686474107,0,1,1,0,1223223,3358,8199,11620,21016,65535,6978,33362,46674,59701,35239,65535,6984
1686474113,0,1,1,0,1223223,3354,8188,11605,21003,65535,6970,33352,46668,59663,35226,65535,6986
1686474119,0,1,1,0,1223223,3358,8198,11625,21013,65535,6976,33358,46666,59659,35221,65535,6984
1686474125,0,1,1,0,1223223,3342,8155,11556,20912,65535,6942,33163,46396,59328,35036,65535,6942
1686474131,0,1,1,0,1223223,3358,8199,11622,21011,65535,6976,33369,46678,59682,35237,65535,6982
1686474137,0,1,1,0,1223223,3358,8201,11618,21026,65535,6980,33378,46696,59712,35265,65535,6986
1686474143,0,1,1,0,1223223,3358,8199,11622,21025,65535,6978,33346,46667,59670,35253,65535,6984
1686474149,0,1,1,0,1223223,3358,8198,11623,21026,65535,6978,33385,46697,59708,35267,65535,6984
1686474155,0,1,1,0,1223223,3358,8202,11625,21032,65535,6978,33383,46721,59706,35254,65535,6990
1686474161,0,1,1,0,1223223,3347,8171,11577,20946,65535,6949,33315,46614,59563,35205,65535,6975
1686474167,0,1,1,0,1223223,3356,8199,11620,21017,65535,6977,33378,46695,59680,35249,65535,6986
1686474173,0,1,1,0,1223223,3359,8201,11621,21018,65535,6976,33377,46680,59682,35262,65535,6986
1686474179,0,1,1,0,1223223,3359,8204,11625,21018,65535,6980,33364,46672,59686,35256,65535,6986
1686474185,0,1,1,0,1223223,3358,8201,11622,21029,65535,6979,33384,46707,59682,35266,65535,6987
1686474191,0,1,1,0,1223223,3360,8203,11622,21030,65535,6978,33371,46690,59680,35260,65535,6988
1686474197,0,1,1,0,1223223,3358,8199,11618,21022,65535,6978,33371,46685,59675,35237,65535,6986
1686474203,0,1,1,0,1223223,3358,8200,11621,21024,65535,6976,33354,46658,59665,35224,65535,6984
1686474209,0,1,1,0,1223223,3356,8196,11618,21013,65535,6972,33353,46668,59664,35220,65535,6982
1686474215,0,1,1,0,1223223,3358,8198,11620,21021,65535,6974,33361,46680,59687,35249,65535,6985
1686474221,0,1,1,0,1223223,3357,8195,11617,21015,65535,6972,33338,46641,59608,35210,65535,6980
1686474227,0,1,1,0,1223223,3358,8198,11616,21018,65535,6974,33361,46682,59704,35245,65535,6982
1686474233,0,1,1,0,1223223,3346,8166,11569,20926,65535,6950,33271,46537,59526,35142,65535,6964
1686474239,0,1,1,0,1223223,3358,8196,11618,21018,65535,6972,33357,46660,59668,35243,65535,6982
1686474245,0,1,1,0,1223223,3358,8195,11622,21021,65535,6973,33277,46561,59540,35155,65535,6965
1686474251,0,1,1,0,1223223,3358,8199,11623,21017,65535,6972,33368,46674,59685,35231,65535,6984
1686474257,0,1,1,0,1223223,3358,8197,11624,21020,65535,6978,33357,46681,59676,35235,65535,6980
1686474263,0,1,1,0,1223223,3343,8159,11567,20920,65535,6942,33353,46671,59689,35240,65535,6988
1686474269,0,1,1,0,1223223,3358,8199,11623,21009,65535,6976,33273,46553,59523,35158,65535,6968
1686474275,0,1,1,0,1223223,3351,8177,11594,20964,65535,6960,33377,46688,59706,35262,65535,6985
1686474281,0,1,1,0,1223223,3358,8198,11624,21026,65535,6978,33359,46663,59673,35245,65535,6988
1686474287,0,1,1,0,1223223,3348,8171,11575,20942,65535,6949,33364,46678,59692,35267,65535,6986
1686474293,0,1,1,0,1223223,3357,8197,11622,21016,65535,6976,33373,46686,59676,35258,65535,6987
1686474299,0,1,1,0,1223223,3358,8202,11626,21031,65535,6978,33371,46681,59692,35235,65535,6986
1686474305,0,1,1,0,1223223,3355,8191,11610,20997,65535,6970,33360,46668,59669,35230,65535,6982
1686474311,0,1,1,0,1223223,3357,8194,11620,21009,65535,6974,33375,46671,59691,35251,65535,6987
1686474317,0,1,1,0,1223223,3357,8199,11619,21007,65535,6975,33371,46674,59684,35248,65535,6985
1686474323,0,1,1,0,1223223,3358,8201,11623,21015,65535,6975,33376,46686,59693,35260,65535,6982
1686474329,0,1,1,0,1223223,3357,8197,11619,21007,65535,6978,33371,46679,59696,35242,65535,6988
1686474335,0,1,1,0,1223223,3359,8197,11620,21030,65535,6978,33353,46654,59664,35218,65535,6974
1686474341,0,1,1,0,1223223,3358,8198,11619,21022,65535,6976,33346,46667,59685,35251,65535,6985
1686474347,0,1,1,0,1223223,3357,8200,11621,21012,65535,6976,33370,46684,59696,35244,65535,6986
1686474353,0,1,1,0,1223223,3358,8201,11624,21012,65535,6974,33365,46685,59666,35239,65535,6984
1686474359,0,1,1,0,1223223,3358,8200,11619,21013,65535,6976,33364,46677,59688,35234,65535,6986
1686474365,0,1,1,0,1223223,3354,8189,11606,20988,65535,6970,33136,46360,59288,34996,65535,6942
1686474371,0,1,1,0,1223223,3354,8197,11613,21014,65535,6972,33365,46673,59685,35256,65535,6988
1686474377,0,1,1,0,1223223,3359,8200,11623,21029,65535,6976,33374,46685,59704,35237,65535,6986
1686474383,0,1,1,0,1223223,3356,8200,11625,21018,65535,6976,33380,46695,59705,35247,65535,6988
1686474389,0,1,1,0,1223223,3357,8195,11615,21010,65535,6973,33358,46662,59669,35244,65535,6981
1686474395,0,1,1,0,1223223,3356,8197,11620,21016,65535,6975,33359,46679,59673,35232,65535,6984
1686474401,0,1,1,0,1223223,3357,8197,11617,21009,65535,6972,33271,46549,59518,35130,65535,6964
1686474407,0,1,1,0,1223223,3357,8197,11621,21014,65535,6977,33367,46705,59682,35240,65535,6988
1686474413,0,1,1,0,1223223,3358,8200,11625,21032,65535,6978,33371,46679,59696,35262,65535,6984
1686474419,0,1,1,0,1223223,3359,8202,11622,21031,65535,6978,33379,46687,59685,35268,65535,6986
1686474425,0,1,1,0,1223223,3356,8200,11617,21024,65535,6976,33367,46678,59657,35238,65535,6984
1686474431,0,1,1,0,1223223,3357,8200,11619,21016,65535,6975,33362,46675,59646,35248,65535,6984
1686474437,0,1,1,0,1223223,3358,8200,11622,21026,65535,6976,33299,46563,59544,35177,65535,6969
1686474443,0,1,1,0,1223223,3356,8193,11614,21006,65535,6972,33355,46655,59664,35233,65535,6984
1686474449,0,1,1,0,1223223,3343,8157,11563,20922,65535,6942,33181,46418,59400,35051,65535,6946
1686474455,0,1,1,0,1223223,3357,8197,11621,21013,65535,6976,33328,46625,59635,35199,65535,6972
1686474461,0,1,1,0,1223223,3343,8161,11568,20923,65535,6945,33361,46664,59684,35236,65535,6984
1686474467,0,1,1,0,1223223,3358,8198,11618,21013,65535,6976,33371,46677,59696,35245,65535,6986
1686474473,0,1,1,0,1223223,3356,8194,11618,21004,65535,6973,33361,46668,59695,35257,65535,6983
1686474479,0,1,1,0,1223223,3355,8194,11618,21006,65535,6968,33348,46651,59663,35214,65535,6980
1686474485,0,1,1,0,1223223,3357,8196,11619,21021,65535,6974,33375,46687,59685,35258,65535,6988
1686474491,0,1,1,0,1223223,3359,8200,11626,21034,65535,6976,33350,46693,59691,35238,65535,6988
1686474497,0,1,1,0,1223223,3358,8200,11625,21015,65535,6976,33358,46674,59664,35238,65535,6981
1686474503,0,1,1,0,1223223,3356,8201,11622,21019,65535,6976,33362,46661,59695,35240,65535,6982
1686474509,0,1,1,0,1223223,3357,8194,11619,21018,65535,6978,33375,46682,59703,35254,65535,6990
1686474515,0,1,1,0,1223223,3359,8201,11628,21024,65535,6977,33364,46672,59694,35263,65535,6984
1686474521,0,1,1,0,1223223,3358,8203,11628,21026,65535,6978,33381,46696,59711,35255,65535,6988
1686474527,0,1,1,0,1223223,3359,8201,11624,21019,65535,6976,33306,46593,59590,35169,65535,6970
1686474533,0,1,1,0,1223223,3357,8196,11621,21023,65535,6974,33359,46678,59671,35257,65535,6984
1686474539,0,1,1,0,1223223,3359,8203,11626,21018,65535,6977,33381,46680,59698,35266,65535,6988
1686474545,0,1,1,0,1223223,3358,8197,11623,21028,65535,6980,33373,46697,59696,35247,65535,6988
1686474551,0,1,1,0,1223223,3344,8158,11563,20920,65535,6938,33306,46599,59599,35170,65535,6972
1686474557,0,1,1,0,1223223,3354,8189,11608,20996,65535,6968,33315,46611,59591,35177,65535,6976
1686474563,0,1,1,0,1223223,3358,8197,11617,21016,65535,6976,33364,46671,59686,35240,65535,6988
1686474569,0,1,1,0,1223223,3345,8162,11564,20929,65535,6945,33348,46652,59661,35230,65535,6982
1686474575,0,1,1,0,1223223,3359,8206,11633,21030,65535,6980,33385,46726,59726,35259,65535,6984
1686474581,0,1,1,0,1223223,3359,8203,11625,21029,65535,6982,33369,46689,59701,35251,65535,6988
1686474587,0,1,1,0,1223223,3359,8204,11631,21025,65535,6978,33373,46687,59696,35269,65535,6986
1686474593,0,1,1,0,1223223,3359,8204,11624,21022,65535,6979,33371,46666,59707,35243,65535,6988
1686474599,0,1,1,0,1223223,3358,8199,11622,21019,65535,6978,33368,46675,59698,35263,65535,6986
1686474605,0,1,1,0,1223223,3357,8196,11624,21017,65535,6978,33373,46675,59698,35241,65535,6988
1686474611,0,1,1,0,1223223,3358,8199,11625,21027,65535,6978,33331,46634,59652,35204,65535,6978
1686474617,0,1,1,0,1223223,3357,8200,11625,21018,65535,6976,33340,46681,59702,35240,65535,6986
1686474623,0,1,1,0,1223223,3360,8198,11626,21019,65535,6978,33327,46639,59618,35201,65535,6976
1686474629,0,1,1,0,1223223,3358,8197,11619,21011,65535,6974,33372,46682,59709,35237,65535,6982
1686474635,0,1,1,0,1223223,3358,8197,11622,21015,65535,6975,33371,46680,59691,35240,65535,6984
1686474641,0,1,1,0,1223223,3353,8187,11607,20989,65535,6967,33351,46668,59688,35241,65535,6986
1686474647,0,1,1,0,1223223,3357,8201,11623,21020,65535,6976,33358,46670,59660,35256,65535,6985
1686474653,0,1,1,0,1223223,3358,8200,11620,21014,65535,6980,33372,46685,59706,35271,65535,6986
1686474659,0,1,1,0,1223223,3357,8198,11624,21026,65535,6976,33364,46693,59690,35244,65535,6984
1686474665,0,1,1,0,1223223,3359,8202,11625,21023,65535,6979,33382,46702,59730,35261,65535,6987
1686474671,0,1,1,0,1223223,3358,8201,11627,21018,65535,6977,33353,46690,59703,35268,65535,6988
1686474677,0,1,1,0,1223223,3358,8201,11628,21029,65535,6974,33376,46703,59699,35257,65535,6990
1686474683,0,1,1,0,1223223,3359,8202,11630,21025,65535,6980,33370,46682,59707,35269,65535,6986
1686474689,0,1,1,0,1223223,3360,8201,11627,21032,65535,6978,33367,46683,59693,35243,65535,6986
1686474695,0,1,1,0,1223223,3360,8207,11628,21034,65535,6980,33385,46691,59724,35262,65535,6984
1686474701,0,1,1,0,1223223,3358,8200,11621,21018,65535,6978,33375,46698,59719,35260,65535,6989
1686474707,0,1,1,0,1223223,3359,8204,11622,21020,65535,6977,33367,46681,59673,35247,65535,6984
1686474713,0,1,1,0,1223223,3359,8205,11626,21035,65535,6980,33410,46726,59705,35287,65535,6988
1686474719,0,1,1,0,1223223,3359,8202,11627,21037,65535,6978,33377,46723,59705,35277,65535,6987
1686474725,0,1,1,0,1223223,3355,8188,11607,20986,65535,6968,33201,46448,59385,35087,65535,6949
1686474731,0,1,1,0,1223223,3354,8194,11618,21004,65535,6972,33202,46449,59399,35065,65535,6950
1686474737,0,1,1,0,1223223,3360,8204,11629,21027,65535,6976,33382,46694,59707,35272,65535,6987
1686474743,0,1,1,0,1223223,3357,8195,11616,21010,65535,6967,33385,46705,59705,35275,65535,6988
1686474749,0,1,1,0,1223223,3357,8196,11621,21008,65535,6976,33383,46706,59721,35255,65535,6986
1686474755,0,1,1,0,1223223,3360,8199,11627,21022,65535,6974,33382,46713,59713,35258,65535,6986
1686474761,0,1,1,0,1223223,3359,8202,11627,21019,65535,6976,33361,46668,59657,35240,65535,6978
1686474767,0,1,1,0,1223223,3358,8201,11620,21024,65535,6976,33369,46676,59688,35231,65535,6982
1686474773,0,1,1,0,1223223,3357,8199,11618,21011,65535,6977,33375,46686,59702,35250,65535,6987
1686474779,0,1,1,0,1223223,3360,8203,11630,21036,65535,6976,33387,46697,59709,35261,65535,6984
1686474785,0,1,1,0,1223223,3359,8202,11628,21030,65535,6980,33376,46700,59703,35256,65535,6985
1686474791,0,1,1,0,1223223,3358,8201,11619,21018,65535,6978,33361,46672,59693,35234,65535,6984
1686474797,0,1,1,0,1223223,3353,8182,11601,20988,65535,6966,33240,46498,59473,35123,65535,6955
1686474803,0,1,1,0,1223223,3358,8203,11629,21022,65535,6980,33377,46698,59714,35251,65535,6989
1686474809,0,1,1,0,1223223,3356,8193,11607,21005,65535,6970,33343,46682,59676,35254,65535,6984
1686474815,0,1,1,0,1223223,3358,8199,11624,21009,65535,6973,33362,46688,59704,35263,65535,6986
1686474821,0,1,1,0,1223223,3353,8187,11608,20980,65535,6966,33344,46648,59655,35242,65535,6982
1686474827,0,1,1,0,1223223,3358,8198,11622,21019,65535,6976,33367,46691,59681,35246,65535,6987
1686474833,0,1,1,0,1223223,3357,8199,11620,21026,65535,6976,33367,46686,59687,35245,65535,6984
1686474839,0,1,1,0,1223223,3356,8198,11621,21017,65535,6976,33353,46659,59651,35253,65535,6982
1686474845,0,1,1,0,1223223,3358,8195,11620,21022,65535,6974,33370,46679,59700,35262,65535,6983
1686474851,0,1,1,0,1223223,3359,8202,11624,21028,65535,6975,33371,46687,59687,35257,65535,6984
1686474857,0,1,1,0,1223223,3358,8203,11625,21030,65535,6976,33353,46683,59655,35233,65535,6984
1686474863,0,1,1,0,1223223,3357,8196,11616,21023,65535,6974,33242,46504,59457,35106,65535,6956
1686474869,0,1,1,0,1223223,3358,8199,11624,21026,65535,6976,33377,46696,59715,35267,65535,6986
1686474875,0,1,1,0,1223223,3358,8198,11625,21014,65535,6977,33370,46685,59694,35247,65535,6984
1686474881,0,1,1,0,1223223,3358,8200,11624,21017,65535,6974,33366,46680,59691,35234,65535,6985
1686474887,0,1,1,0,1223223,3355,8196,11614,21004,65535,6974,33301,46581,59585,35184,65535,6970
1686474893,0,1,1,0,1223223,3358,8199,11629,21024,65535,6978,33379,46692,59690,35275,65535,6989
1686474899,0,1,1,0,1223223,3357,8195,11617,21005,65535,6973,33365,46692,59673,35232,65535,6984
1686474905,0,1,1,0,1223223,3359,8203,11626,21019,65535,6977,33385,46696,59697,35269,65535,6984
1686474911,0,1,1,0,1223223,3358,8200,11624,21026,65535,6977,33355,46689,59695,35242,65535,6985
1686474917,0,1,1,0,1223223,3357,8203,11627,21017,65535,6976,33357,46674,59678,35236,65535,6986
1686474923,0,1,1,0,1223223,3340,8150,11550,20897,65535,6936,33203,46461,59377,35066,65535,6948
1686474929,0,1,1,0,1223223,3343,8159,11562,20917,65535,6939,33236,46497,59463,35112,65535,6956
1686474935,0,1,1,0,1223223,3359,8199,11620,21009,65535,6977,33371,46693,59692,35240,65535,6988
1686474941,0,1,1,0,1223223,3341,8153,11553,20906,65535,6936,33373,46689,59692,35259,65535,6986
1686474947,0,1,1,0,1223223,3357,8196,11614,21011,65535,6974,33381,46686,59691,35257,65535,6983
1686474953,0,1,1,0,1223223,3356,8201,11622,21010,65535,6974,33357,46662,59678,35228,65535,6984
1686474959,0,1,1,0,1223223,3359,8204,11624,21024,65535,6976,33376,46698,59689,35266,65535,6988
1686474965,0,1,1,0,1223223,3359,8205,11625,21016,65535,6980,33380,46695,59704,35262,65535,6990
1686474971,0,1,1,0,1223223,3344,8162,11564,20916,65535,6944,33326,46614,59596,35193,65535,6980
1686474977,0,1,1,0,1223223,3357,8194,11613,21007,65535,6967,33382,46703,59713,35267,65535,6986
1686474983,0,1,1,0,1223223,3358,8197,11620,21017,65535,6978,33387,46698,59712,35268,65535,6990
1686474989,0,1,1,0,1223223,3358,8206,11629,21033,65535,6980,33382,46713,59709,35266,65535,6989
1686474995,0,1,1,0,1223223,3355,8189,11614,21002,65535,6970,33381,46698,59701,35244,65535,6983
1686475001,0,1,1,0,1223223,3359,8200,11623,21026,65535,6978,33384,46696,59695,35262,65535,6988
1686475007,0,1,1,0,1223223,3360,8205,11628,21025,65535,6980,33388,46710,59706,35250,65535,6983
1686475013,0,1,1,0,1223223,3360,8202,11628,21025,65535,6979,33390,46723,59718,35266,65535,6988
1686475019,0,1,1,0,1223223,3359,8204,11627,21024,65535,6977,33385,46712,59722,35251,65535,6987
1686475025,0,1,1,0,1223223,3357,8200,11624,21023,65535,6975,33295,46593,59574,35171,65535,6970
1686475031,0,1,1,0,1223223,3359,8205,11631,21020,65535,6980,33381,46711,59690,35249,65535,6989
1686475037,0,1,1,0,1223223,3360,8205,11632,21036,65535,6982,33303,46597,59561,35186,65535,6972
1686475043,0,1,1,0,1223223,3358,8197,11616,21000,65535,6972,33376,46700,59693,35237,65535,6986
1686475049,0,1,1,0,1223223,3362,8205,11633,21035,65535,6982,33383,46705,59710,35270,65535,6988
1686475055,0,1,1,0,1223223,3360,8203,11630,21026,65535,6978,33390,46714,59696,35291,65535,6988
1686475061,0,1,1,0,1223223,3353,8186,11601,20972,65535,6964,33212,46481,59416,35092,65535,6952
1686475067,0,1,1,0,1223223,3358,8197,11620,21005,65535,6969,33383,46704,59681,35262,65535,6982
1686475073,0,1,1,0,1223223,3359,8201,11627,21017,65535,6978,33366,46687,59692,35235,65535,6986
1686475079,0,1,1,0,1223223,3358,8196,11616,21004,65535,6976,33387,46713,59720,35280,65535,6987
1686475085,0,1,1,0,1223223,3358,8201,11626,21027,65535,6978,33388,46712,59719,35268,65535,6986
1686475091,0,1,1,0,1223223,3360,8204,11628,21028,65535,6979,33382,46705,59710,35247,65535,6988
1686475097,0,1,1,0,1223223,3358,8201,11622,21024,65535,6978,33380,46684,59696,35260,65535,6986
1686475103,0,1,1,0,1223223,3359,8199,11626,21015,65535,6980,33379,46698,59708,35254,65535,6988
1686475109,0,1,1,0,1223223,3355,8189,11610,21001,65535,6969,33374,46691,59693,35258,65535,6984
1686475115,0,1,1,0,1223223,3351,8181,11594,20959,65535,6961,33384,46704,59715,35247,65535,6984
1686475121,0,1,1,0,1223223,3359,8202,11621,21020,65535,6978,33348,46663,59648,35215,65535,6980
1686475127,0,1,1,0,1223223,3359,8205,11627,21031,65535,6979,33386,46715,59706,35267,65535,6990
1686475133,0,1,1,0,1223223,3360,8202,11628,21028,65535,6978,33375,46700,59690,35248,65535,6988
1686475139,0,1,1,0,1223223,3359,8199,11627,21026,65535,6980,33372,46692,59700,35264,65535,6989
1686475145,0,1,1,0,1223223,3359,8203,11629,21031,65535,6978,33382,46708,59704,35252,65535,6988
1686475151,0,1,1,0,1223223,3352,8183,11599,20970,65535,6962,33170,46385,59346,35049,65535,6948
1686475157,0,1,1,0,1223223,3359,8199,11627,21029,65535,6974,33378,46685,59703,35254,65535,6990
1686475163,0,1,1,0,1223223,3359,8204,11628,21030,65535,6978,33380,46692,59692,35261,65535,6984
1686475169,0,1,1,0,1223223,3360,8206,11631,21036,65535,6978,33384,46712,59715,35253,65535,6990
1686475175,0,1,1,0,1223223,3361,8206,11631,21028,65535,6981,33236,46477,59453,35117,65535,6958
1686475181,0,1,1,0,1223223,3360,8208,11633,21037,65535,6978,33395,46725,59742,35262,65535,6992
1686475187,0,1,1,0,1223223,3359,8203,11625,21027,65535,6978,33375,46699,59697,35267,65535,6985
1686475193,0,1,1,0,1223223,3358,8203,11632,21035,65535,6982,33384,46705,59725,35253,65535,6988
1686475199,0,1,1,0,1223223,3362,8205,11631,21027,65535,6980,33395,46723,59730,35283,65535,6989
1686475205,0,1,1,0,1223223,3362,8206,11639,21028,65535,6984,33369,46688,59699,35266,65535,6988
1686475211,0,1,1,0,1223223,3358,8200,11622,21017,65535,6977,33360,46668,59672,35239,65535,6982
1686475217,0,1,1,0,1223223,3358,8199,11625,21020,65535,6976,33383,46695,59701,35265,65535,6989
1686475223,0,1,1,0,1223223,3360,8200,11626,21026,65535,6978,33359,46697,59675,35246,65535,6986
1686475229,0,1,1,0,1223223,3338,8148,11540,20897,65535,6934,33334,46638,59614,35206,65535,6978
1686475235,0,1,1,0,1223223,3359,8203,11626,21020,65535,6977,33384,46706,59693,35268,65535,6988
1686475241,0,1,1,0,1223223,3359,8203,11626,21028,65535,6980,33392,46706,59716,35268,65535,6986
1686475247,0,1,1,0,1223223,3360,8202,11623,21018,65535,6978,33396,46707,59712,35270,65535,6992
1686475253,0,1,1,0,1223223,3357,8199,11620,21020,65535,6980,33376,46687,59692,35262,65535,6986
1686475259,0,1,1,0,1223223,3359,8202,11625,21016,65535,6978,33372,46679,59697,35264,65535,6986
1686475265,0,1,1,0,1223223,3352,8185,11600,20975,65535,6965,33357,46670,59671,35235,65535,6985
1686475271,0,1,1,0,1223223,3358,8204,11625,21037,65535,6978,33381,46691,59706,35265,65535,6986
1686475277,0,1,1,0,1223223,3357,8201,11620,21006,65535,6974,33159,46393,59301,35026,65535,6942
1686475283,0,1,1,0,1223223,3358,8200,11624,21024,65535,6976,33365,46679,59686,35258,65535,6983
1686475289,0,1,1,0,1223223,3359,8204,11626,21018,65535,6976,33368,46683,59685,35237,65535,6988
1686475295,0,1,1,0,1223223,3353,8186,11604,20989,65535,6964,33357,46663,59676,35222,65535,6982
1686475301,0,1,1,0,1223223,3359,8201,11629,21028,65535,6978,33368,46685,59693,35260,65535,6986
1686475307,0,1,1,0,1223223,3356,8196,11618,21015,65535,6976,33372,46683,59671,35254,65535,6982
1686475313,0,1,1,0,1223223,3359,8201,11625,21024,65535,6978,33366,46683,59691,35255,65535,6986
1686475319,0,1,1,0,1223223,3351,8181,11593,20969,65535,6960,33354,46647,59667,35236,65535,6984
1686475325,0,1,1,0,1223223,3345,8164,11565,20924,65535,6948,33201,46460,59401,35063,65535,6952
1686475331,0,1,1,0,1223223,3359,8205,11628,21020,65535,6980,33376,46712,59715,35259,65535,6986
1686475337,0,1,1,0,1223223,3351,8180,11596,20981,65535,6960,33354,46700,59667,35227,65535,6986
1686475343,0,1,1,0,1223223,3357,8201,11623,21013,65535,6978,33250,46528,59479,35103,65535,6960
1686475349,0,1,1,0,1223223,3351,8181,11595,20973,65535,6958,33321,46620,59613,35203,65535,6974
1686475355,0,1,1,0,1223223,3352,8181,11598,20987,65535,6964,33368,46691,59695,35242,65535,6986
1686475361,0,1,1,0,1223223,3353,8187,11599,20990,65535,6965,33287,46584,59535,35164,65535,6967
1686475367,0,1,1,0,1223223,3356,8196,11615,21017,65535,6972,33373,46703,59701,35258,65535,6987
1686475373,0,1,1,0,1223223,3358,8202,11623,21019,65535,6978,33304,46600,59575,35166,65535,6974
1686475379,0,1,1,0,1223223,3354,8186,11601,20986,65535,6965,33360,46682,59682,35254,65535,6986
1686475385,0,1,1,0,1223223,3358,8203,11625,21019,65535,6978,33380,46699,59712,35255,65535,6986
1686475391,0,1,1,0,1223223,3360,8203,11632,21029,65535,6976,33343,46675,59653,35237,65535,6984
1686475397,0,1,1,0,1223223,3357,8203,11622,21016,65535,6974,33368,46698,59716,35248,65535,6988
1686475403,0,1,1,0,1223223,3357,8202,11625,21023,65535,6977,33369,46696,59695,35262,65535,6988
1686475409,0,1,1,0,1223223,3355,8191,11605,20994,65535,6970,33301,46604,59598,35187,65535,6972
1686475415,0,1,1,0,1223223,3358,8204,11628,21031,65535,6980,33378,46706,59717,35269,65535,6988
1686475421,0,1,1,0,1223223,3359,8198,11620,21005,65535,6974,33306,46598,59556,35164,65535,6972
1686475427,0,1,1,0,1223223,3350,8183,11592,20973,65535,6959,33383,46712,59706,35273,65535,6990
1686475433,0,1,1,0,1223223,3352,8183,11597,20982,65535,6962,33381,46707,59737,35245,65535,6987
1686475439,0,1,1,0,1223223,3359,8204,11627,21036,65535,6980,33376,46699,59705,35249,65535,6986
1686475445,0,1,1,0,1223223,3356,8192,11614,21016,65535,6972,33393,46717,59740,35265,65535,6990
1686475451,0,1,1,0,1223223,3358,8203,11626,21029,65535,6978,33303,46596,59581,35180,65535,6966
1686475457,0,1,1,0,1223223,3359,8202,11626,21017,65535,6978,33383,46709,59720,35258,65535,6988
1686475463,0,1,1,0,1223223,3346,8169,11582,20942,65535,6950,33173,46410,59360,35057,65535,6948
1686475469,0,1,1,0,1223223,3360,8203,11625,21029,65535,6982,33368,46686,59681,35262,65535,6988
1686475475,0,1,1,0,1223223,3357,8199,11616,21005,65535,6974,33360,46680,59667,35260,65535,6984
1686475481,0,1,1,0,1223223,3360,8203,11625,21029,65535,6978,33373,46705,59681,35261,65535,6987
1686475487,0,1,1,0,1223223,3358,8200,11620,21016,65535,6976,33377,46701,59699,35244,65535,6988
1686475493,0,1,1,0,1223223,3358,8201,11621,21027,65535,6976,33359,46679,59664,35234,65535,6984
1686475499,0,1,1,0,1223223,3359,8204,11627,21029,65535,6978,33236,46508,59424,35124,65535,6956
1686475505,0,1,1,0,1223223,3350,8178,11588,20958,65535,6960,33358,46681,59660,35230,65535,6986
1686475511,0,1,1,0,1223223,3357,8202,11623,21023,65535,6978,33308,46568,59560,35184,65535,6973
1686475517,0,1,1,0,1223223,3357,8198,11620,21019,65535,6977,33323,46632,59627,35210,65535,6974
1686475523,0,1,1,0,1223223,3359,8202,11630,21025,65535,6978,33376,46698,59708,35257,65535,6989
1686475529,0,1,1,0,1223223,3359,8206,11628,21022,65535,6978,33390,46700,59704,35244,65535,6984
1686475535,0,1,1,0,1223223,3360,8203,11623,21031,65535,6982,33372,46696,59721,35258,65535,6984
1686475541,0,1,1,0,1223223,3356,8196,11614,21007,65535,6973,33383,46703,59689,35269,65535,6986
1686475547,0,1,1,0,1223223,3358,8197,11621,21011,65535,6978,33383,46694,59692,35257,65535,6986
1686475553,0,1,1,0,1223223,3357,8195,11624,21012,65535,6974,33368,46695,59700,35251,65535,6984
1686475559,0,1,1,0,1223223,3349,8174,11582,20948,65535,6954,33271,46556,59525,35149,65535,6966
1686475565,0,1,1,0,1223223,3358,8204,11627,21019,65535,6979,33368,46692,59694,35240,65535,6984
1686475571,0,1,1,0,1223223,3360,8205,11629,21030,65535,6980,33369,46694,59705,35259,65535,6986
1686475577,0,1,1,0,1223223,3359,8202,11630,21034,65535,6982,33391,46698,59717,35268,65535,6989
1686475583,0,1,1,0,1223223,3338,8148,11542,20885,65535,6928,33343,46660,59656,35233,65535,6982
1686475589,0,1,1,0,1223223,3353,8190,11609,20996,65535,6970,33351,46659,59681,35247,65535,6982
1686475595,0,1,1,0,1223223,3356,8199,11620,21007,65535,6976,33350,46646,59660,35236,65535,6982
1686475601,0,1,1,0,1223223,3351,8175,11585,20956,65535,6960,33291,46598,59555,35170,65535,6970
1686475607,0,1,1,0,1223223,3357,8200,11627,21021,65535,6976,33377,46692,59705,35265,65535,6988
1686475613,0,1,1,0,1223223,3358,8203,11625,21031,65535,6979,33369,46692,59698,35236,65535,6987
1686475619,0,1,1,0,1223223,3346,8167,11571,20938,65535,6946,33375,46714,59717,35267,65535,6987
1686475625,0,1,1,0,1223223,3357,8198,11616,21005,65535,6977,33375,46688,59671,35232,65535,6986
1686475631,0,1,1,0,1223223,3346,8165,11584,20935,65535,6954,33262,46534,59512,35132,65535,6968
1686475637,0,1,1,0,1223223,3358,8205,11627,21033,65535,6976,33229,46478,59461,35103,65535,6956
1686475643,0,1,1,0,1223223,3358,8203,11625,21027,65535,6982,33373,46697,59700,35257,65535,6986
1686475649,0,1,1,0,1223223,3360,8204,11633,21019,65535,6982,33401,46722,59749,35283,65535,6992
1686475655,0,1,1,0,1223223,3359,8201,11627,21030,65535,6978,33390,46703,59698,35266,65535,6988
1686475661,0,1,1,0,1223223,3358,8196,11625,21012,65535,6980,33395,46716,59742,35275,65535,6988
1686475667,0,1,1,0,1223223,3360,8209,11631,21031,65535,6981,33374,46687,59704,35258,65535,6989
1686475673,0,1,1,0,1223223,3361,8209,11630,21040,65535,6980,33399,46726,59727,35275,65535,6989
1686475679,0,1,1,0,1223223,3358,8195,11621,21018,65535,6978,33387,46707,59710,35252,65535,6989
1686475685,0,1,1,0,1223223,3360,8205,11628,21029,65535,6979,33401,46720,59710,35272,65535,6994
1686475691,0,1,1,0,1223223,3360,8202,11624,21021,65535,6980,33399,46721,59745,35260,65535,6988
1686475697,0,1,1,0,1223223,3362,8202,11627,21037,65535,6978,33401,46714,59727,35273,65535,6992
1686475703,0,1,1,0,1223223,3355,8196,11617,21000,65535,6971,33402,46728,59742,35284,65535,6988
1686475709,0,1,1,0,1223223,3360,8204,11634,21027,65535,6981,33392,46714,59721,35266,65535,6990
1686475715,0,1,1,0,1223223,3361,8207,11636,21040,65535,6980,33334,46638,59630,35224,65535,6978
1686475721,0,1,1,0,1223223,3360,8208,11633,21031,65535,6976,33394,46717,59700,35277,65535,6992
1686475727,0,1,1,0,1223223,3362,8207,11634,21026,65535,6978,33382,46700,59691,35257,65535,6989
1686475733,0,1,1,0,1223223,3361,8207,11635,21039,65535,6981,33391,46708,59720,35261,65535,6988
1686475739,0,1,1,0,1223223,3360,8202,11631,21034,65535,6978,33350,46646,59641,35228,65535,6976
1686475745,0,1,1,0,1223223,3361,8204,11639,21024,65535,6979,33392,46714,59721,35257,65535,6992
1686475751,0,1,1,0,1223223,3361,8205,11626,21034,65535,6981,33396,46718,59726,35262,65535,6992
1686475757,0,1,1,0,1223223,3361,8207,11634,21041,65535,6982,33382,46694,59714,35269,65535,6987
1686475763,0,1,1,0,1223223,3359,8204,11631,21034,65535,6978,33386,46710,59729,35262,65535,6991
1686475769,0,1,1,0,1223223,3362,8205,11634,21024,65535,6980,33375,46709,59705,35254,65535,6992
1686475775,0,1,1,0,1223223,3359,8204,11624,21027,65535,6981,33387,46727,59697,35269,65535,6988
1686475781,0,1,1,0,1223223,3356,8194,11609,20999,65535,6971,33274,46558,59531,35146,65535,6964
1686475787,0,1,1,0,1223223,3359,8200,11627,21018,65535,6981,33379,46711,59724,35256,65535,6990
1686475793,0,1,1,0,1223223,3359,8202,11632,21028,65535,6976,33388,46715,59731,35262,65535,6990
1686475799,0,1,1,0,1223223,3358,8206,11626,21018,65535,6978,33373,46700,59689,35248,65535,6987
1686475805,0,1,1,0,1223223,3360,8206,11631,21041,65535,6981,33394,46709,59706,35272,65535,6990
1686475811,0,1,1,0,1223223,3360,8205,11629,21034,65535,6982,33365,46704,59717,35266,65535,6990
1686475817,0,1,1,0,1223223,3361,8206,11633,21027,65535,6980,33365,46705,59719,35252,65535,6988
1686475823,0,1,1,0,1223223,3359,8203,11629,21034,65535,6977,33379,46694,59723,35261,65535,6982
1686475829,0,1,1,0,1223223,3359,8202,11627,21029,65535,6981,33387,46714,59744,35278,65535,6991
1686475835,0,1,1,0,1223223,3358,8202,11624,21030,65535,6980,33370,46689,59717,35248,65535,6988
1686475841,0,1,1,0,1223223,3360,8201,11630,21024,65535,6980,33373,46688,59710,35244,65535,6986
1686475847,0,1,1,0,1223223,3359,8204,11628,21030,65535,6978,33384,46716,59728,35272,65535,6988
1686475853,0,1,1,0,1223223,3359,8204,11631,21022,65535,6978,33317,46619,59615,35184,65535,6976
1686475859,0,1,1,0,1223223,3355,8193,11616,21005,65535,6971,33378,46695,59688,35264,65535,6988
1686475865,0,1,1,0,1223223,3359,8203,11628,21019,65535,6977,33382,46703,59692,35252,65535,6990
1686475871,0,1,1,0,1223223,3358,8205,11630,21017,65535,6980,33380,46693,59701,35256,65535,6988
1686475877,0,1,1,0,1223223,3360,8205,11630,21023,65535,6978,33362,46679,59716,35241,65535,6984
1686475883,0,1,1,0,1223223,3359,8205,11627,21034,65535,6979,33379,46708,59717,35265,65535,6986
1686475889,0,1,1,0,1223223,3358,8202,11625,21031,65535,6978,33382,46702,59717,35271,65535,6986
1686475895,0,1,1,0,1223223,3359,8203,11626,21028,65535,6980,33391,46706,59715,35271,65535,6986
1686475901,0,1,1,0,1223223,3360,8202,11629,21028,65535,6976,33383,46705,59723,35249,65535,6990
1686475907,0,1,1,0,1223223,3359,8202,11628,21029,65535,6975,33368,46712,59701,35270,65535,6986
1686475913,0,1,1,0,1223223,3359,8200,11621,21015,65535,6978,33365,46685,59672,35246,65535,6986
1686475919,0,1,1,0,1223223,3356,8196,11615,21020,65535,6974,33380,46700,59715,35251,65535,6990
1686475925,0,1,1,0,1223223,3361,8204,11630,21023,65535,6980,33391,46699,59728,35272,65535,6992
1686475931,0,1,1,0,1223223,3345,8168,11578,20939,65535,6954,33376,46699,59700,35265,65535,6990
1686475937,0,1,1,0,1223223,3360,8205,11625,21022,65535,6974,33367,46674,59692,35233,65535,6982
1686475943,0,1,1,0,1223223,3360,8205,11623,21025,65535,6978,33378,46705,59696,35247,65535,6986
1686475949,0,1,1,0,1223223,3359,8203,11621,21034,65535,6980,33382,46700,59709,35251,65535,6990
1686475955,0,1,1,0,1223223,3359,8198,11625,21027,65535,6975,33388,46704,59702,35266,65535,6986
1686475961,0,1,1,0,1223223,3357,8196,11621,21010,65535,6972,33381,46690,59691,35240,65535,6984
1686475967,0,1,1,0,1223223,3359,8201,11629,21026,65535,6978,33386,46712,59711,35266,65535,6986
1686475973,0,1,1,0,1223223,3360,8204,11628,21033,65535,6980,33369,46686,59694,35251,65535,6986
1686475979,0,1,1,0,1223223,3359,8199,11627,21024,65535,6978,33377,46686,59700,35253,65535,6988
1686475985,0,1,1,0,1223223,3360,8200,11630,21031,65535,6980,33350,46679,59679,35258,65535,6986
1686475991,0,1,1,0,1223223,3360,8202,11632,21032,65535,6980,33376,46686,59696,35242,65535,6987
1686475997,0,1,1,0,1223223,3359,8199,11629,21019,65535,6980,33389,46707,59723,35254,65535,6985
1686476003,0,1,1,0,1223223,3346,8159,11568,20916,65535,6944,33162,46381,59326,35039,65535,6944
1686476009,0,1,1,0,1223223,3350,8176,11590,20955,65535,6956,33254,46520,59482,35113,65535,6958
1686476015,0,1,1,0,1223223,3348,8173,11590,20956,65535,6957,33338,46632,59640,35211,65535,6980
1686476021,0,1,1,0,1223223,3348,8168,11575,20929,65535,6950,33371,46701,59672,35228,65535,6984
1686476027,0,1,1,0,1223223,3357,8199,11625,21019,65535,6979,33292,46570,59564,35173,65535,6968
1686476033,0,1,1,0,1223223,3350,8177,11594,20960,65535,6958,33383,46701,59699,35259,65535,6986
1686476039,0,1,1,0,1223223,3355,8191,11611,21009,65535,6968,33171,46411,59353,35031,65535,6942
1686476045,0,1,1,0,1223223,3346,8169,11578,20936,65535,6952,33400,46724,59708,35264,65535,6992
1686476051,0,1,1,0,1223223,3360,8205,11630,21026,65535,6980,33383,46707,59718,35248,65535,6988
1686476057,0,1,1,0,1223223,3360,8203,11630,21024,65535,6980,33388,46701,59712,35261,65535,6992
1686476063,0,1,1,0,1223223,3360,8204,11629,21029,65535,6978,33396,46710,59751,35276,65535,6988
1686476069,0,1,1,0,1223223,3361,8204,11628,21036,65535,6978,33393,46694,59729,35263,65535,6989
1686476075,0,1,1,0,1223223,3358,8205,11626,21037,65535,6980,33364,46685,59679,35242,65535,6988
1686476081,0,1,1,0,1223223,3357,8204,11630,21020,65535,6980,33395,46715,59738,35281,65535,6990
1686476087,0,1,1,0,1223223,3360,8202,11629,21035,65535,6979,33387,46695,59727,35251,65535,6986
1686476093,0,1,1,0,1223223,3360,8205,11633,21020,65535,6978,33386,46681,59695,35266,65535,6984
1686476099,0,1,1,0,1223223,3358,8195,11625,21012,65535,6978,33270,46557,59528,35131,65535,6966
1686476105,0,1,1,0,1223223,3356,8196,11616,21008,65535,6974,33384,46706,59723,35261,65535,6988
1686476111,0,1,1,0,1223223,3359,8200,11625,21026,65535,6976,33373,46687,59658,35235,65535,6982
1686476117,0,1,1,0,1223223,3344,8162,11565,20924,65535,6941,33287,46569,59567,35145,65535,6968
1686476123,0,1,1,0,1223223,3359,8203,11632,21028,65535,6978,33386,46709,59728,35263,65535,6986
1686476129,0,1,1,0,1223223,3342,8156,11554,20910,65535,6935,33201,46448,59390,35059,65535,6946
1686476135,0,1,1,0,1223223,3360,8205,11630,21035,65535,6982,33386,46720,59720,35251,65535,6983
1686476141,0,1,1,0,1223223,3360,8202,11622,21031,65535,6976,33381,46690,59704,35269,65535,6990
1686476147,0,1,1,0,1223223,3352,8182,11596,20979,65535,6960,33222,46469,59429,35073,65535,6952
1686476153,0,1,1,0,1223223,3361,8207,11630,21036,65535,6980,33245,46522,59481,35126,65535,6960
1686476159,0,1,1,0,1223223,3359,8202,11628,21024,65535,6981,33384,46717,59714,35251,65535,6986
1686476165,0,1,1,0,1223223,3359,8205,11627,21031,65535,6980,33391,46735,59713,35255,65535,6988
1686476171,0,1,1,0,1223223,3357,8195,11616,21010,65535,6974,33361,46701,59703,35256,65535,6988
1686476177,0,1,1,0,1223223,3360,8202,11626,21019,65535,6980,33382,46702,59710,35266,65535,6988
1686476183,0,1,1,0,1223223,3356,8200,11623,21013,65535,6976,33369,46697,59693,35245,65535,6986
1686476189,0,1,1,0,1223223,3360,8204,11623,21018,65535,6976,33379,46697,59687,35246,65535,6990
1686476195,0,1,1,0,1223223,3359,8206,11628,21025,65535,6978,33375,46694,59695,35255,65535,6988
1686476201,0,1,1,0,1223223,3360,8206,11627,21034,65535,6980,33390,46699,59703,35253,65535,6988
1686476207,0,1,1,0,1223223,3359,8203,11625,21031,65535,6979,33379,46693,59707,35264,65535,6990
1686476213,0,1,1,0,1223223,3345,8165,11567,20928,65535,6946,33348,46637,59648,35227,65535,6978
1686476219,0,1,1,0,1223223,3358,8202,11625,21028,65535,6976,33378,46697,59708,35267,65535,6986
1686476225,0,1,1,0,1223223,3359,8202,11628,21031,65535,6978,33382,46694,59701,35270,65535,6990
1686476231,0,1,1,0,1223223,3358,8199,11624,21027,65535,6978,33345,46670,59682,35230,65535,6980
1686476237,0,1,1,0,1223223,3359,8203,11627,21033,65535,6978,33385,46690,59699,35248,65535,6990
1686476243,0,1,1,0,1223223,3359,8201,11623,21015,65535,6977,33366,46672,59709,35244,65535,6984
1686476249,0,1,1,0,1223223,3359,8202,11628,21022,65535,6977,33387,46706,59714,35254,65535,6984
1686476255,0,1,1,0,1223223,3358,8208,11630,21026,65535,6980,33388,46720,59708,35272,65535,6988
1686476261,0,1,1,0,1223223,3359,8200,11624,21025,65535,6978,33386,46697,59703,35263,65535,6988
1686476267,0,1,1,0,1223223,3360,8200,11632,21031,65535,6977,33364,46693,59700,35265,65535,6986
1686476273,0,1,1,0,1223223,3358,8204,11625,21031,65535,6978,33382,46689,59698,35244,65535,6990
1686476279,0,1,1,0,1223223,3354,8189,11607,20992,65535,6964,33208,46452,59445,35070,65535,6952
1686476285,0,1,1,0,1223223,3358,8199,11624,21025,65535,6978,33364,46687,59698,35244,65535,6986
1686476291,0,1,1,0,1223223,3353,8182,11600,20984,65535,6960,33373,46681,59676,35243,65535,6984
1686476297,0,1,1,0,1223223,3356,8201,11620,21013,65535,6980,33373,46685,59677,35258,65535,6986
1686476303,0,1,1,0,1223223,3358,8200,11621,21015,65535,6978,33380,46706,59723,35253,65535,6986
1686476309,0,1,1,0,1223223,3355,8199,11618,21025,65535,6976,33387,46700,59709,35270,65535,6986
1686476315,0,1,1,0,1223223,3360,8204,11629,21024,65535,6978,33380,46679,59709,35270,65535,6982
1686476321,0,1,1,0,1223223,3358,8201,11621,21022,65535,6976,33366,46655,59661,35253,65535,6986
1686476327,0,1,1,0,1223223,3353,8187,11603,20995,65535,6968,33268,46552,59506,35153,65535,6966
1686476333,0,1,1,0,1223223,3357,8198,11620,21027,65535,6978,33361,46691,59683,35245,65535,6988
1686476339,0,1,1,0,1223223,3360,8198,11625,21031,65535,6980,33365,46704,59697,35250,65535,6988
1686476345,0,1,1,0,1223223,3359,8203,11628,21031,65535,6978,33347,46646,59643,35229,65535,6981
1686476351,0,1,1,0,1223223,3350,8183,11604,20979,65535,6958,33382,46698,59709,35257,65535,6985
1686476357,0,1,1,0,1223223,3359,8198,11622,21023,65535,6976,33349,46683,59678,35252,65535,6982
1686476363,0,1,1,0,1223223,3359,8203,11627,21018,65535,6979,33383,46693,59679,35244,65535,6986
1686476369,0,1,1,0,1223223,3357,8202,11625,21028,65535,6977,33380,46699,59693,35246,65535,6988
1686476375,0,1,1,0,1223223,3359,8203,11624,21029,65535,6978,33389,46684,59711,35245,65535,6987
1686476381,0,1,1,0,1223223,3360,8203,11630,21022,65535,6980,33383,46691,59709,35242,65535,6985
1686476387,0,1,1,0,1223223,3359,8203,11628,21022,65535,6981,33363,46703,59705,35271,65535,6987
1686476393,0,1,1,0,1223223,3350,8176,11586,20962,65535,6956,33249,46510,59477,35113,65535,6962
1686476399,0,1,1,0,1223223,3357,8201,11625,21019,65535,6976,33384,46696,59699,35265,65535,6987
1686476405,0,1,1,0,1223223,3354,8191,11612,20995,65535,6970,33389,46698,59706,35263,65535,6984
1686476411,0,1,1,0,1223223,3358,8202,11628,21021,65535,6980,33375,46685,59695,35266,65535,6990
1686476417,0,1,1,0,1223223,3359,8199,11623,21013,65535,6976,33294,46578,59577,35177,65535,6970
1686476423,0,1,1,0,1223223,3346,8168,11577,20948,65535,6952,33173,46403,59317,35039,65535,6942
1686476429,0,1,1,0,1223223,3360,8203,11625,21031,65535,6977,33374,46699,59709,35253,65535,6988
1686476435,0,1,1,0,1223223,3360,8202,11627,21020,65535,6980,33389,46695,59695,35269,65535,6985
1686476441,0,1,1,0,1223223,3360,8204,11628,21034,65535,6976,33382,46698,59700,35262,65535,6988
1686476447,0,1,1,0,1223223,3358,8201,11623,21030,65535,6980,33364,46688,59678,35241,65535,6990
1686476453,0,1,1,0,1223223,3360,8203,11629,21018,65535,6980,33394,46703,59692,35269,65535,6990
1686476459,0,1,1,0,1223223,3360,8200,11624,21029,65535,6981,33375,46688,59715,35242,65535,6988
1686476465,0,1,1,0,1223223,3353,8183,11598,20987,65535,6966,33379,46689,59694,35244,65535,6990
1686476471,0,1,1,0,1223223,3343,8158,11556,20913,65535,6942,33322,46606,59596,35196,65535,6972
1686476477,0,1,1,0,1223223,3345,8163,11570,20931,65535,6946,33332,46633,59605,35197,65535,6978
1686476483,0,1,1,0,1223223,3358,8207,11626,21024,65535,6980,33385,46699,59689,35270,65535,6988
1686476489,0,1,1,0,1223223,3360,8205,11627,21034,65535,6982,33362,46697,59692,35240,65535,6988
1686476495,0,1,1,0,1223223,3346,8166,11579,20949,65535,6950,33386,46708,59706,35247,65535,6986
1686476501,0,1,1,0,1223223,3345,8165,11567,20930,65535,6946,33205,46445,59393,35073,65535,6950
1686476507,0,1,1,0,1223223,3355,8193,11608,21000,65535,6968,33287,46566,59532,35140,65535,6968
1686476513,0,1,1,0,1223223,3360,8204,11633,21030,65535,6978,33388,46699,59703,35242,65535,6986
1686476519,0,1,1,0,1223223,3358,8199,11623,21023,65535,6980,33371,46680,59693,35237,65535,6990
1686476525,0,1,1,0,1223223,3359,8205,11622,21017,65535,6977,33380,46710,59697,35258,65535,6984
1686476531,0,1,1,0,1223223,3359,8201,11630,21026,65535,6978,33384,46700,59697,35246,65535,6985
1686476537,0,1,1,0,1223223,3359,8201,11624,21027,65535,6980,33388,46700,59695,35263,65535,6984
1686476543,0,1,1,0,1223223,3357,8201,11625,21025,65535,6978,33367,46697,59682,35249,65535,6980
1686476549,0,1,1,0,1223223,3358,8199,11623,21026,65535,6978,33380,46697,59687,35258,65535,6988
1686476555,0,1,1,0,1223223,3360,8203,11625,21016,65535,6976,33192,46430,59368,35054,65535,6947
1686476561,0,1,1,0,1223223,3359,8201,11625,21028,65535,6978,33375,46689,59694,35253,65535,6986
1686476567,0,1,1,0,1223223,3358,8198,11619,21015,65535,6974,33353,46693,59693,35236,65535,6988
1686476573,0,1,1,0,1223223,3356,8199,11623,21026,65535,6978,33349,46652,59652,35216,65535,6982
1686476579,0,1,1,0,1223223,3358,8204,11621,21022,65535,6976,33374,46693,59694,35250,65535,6986
1686476585,0,1,1,0,1223223,3343,8158,11557,20909,65535,6938,33253,46532,59490,35107,65535,6962
1686476591,0,1,1,0,1223223,3358,8197,11622,21017,65535,6978,33362,46675,59675,35256,65535,6985
1686476597,0,1,1,0,1223223,3359,8202,11627,21029,65535,6976,33298,46593,59576,35167,65535,6968
1686476603,0,1,1,0,1223223,3359,8199,11626,21028,65535,6977,33366,46672,59685,35253,65535,6984
1686476609,0,1,1,0,1223223,3360,8202,11628,21015,65535,6978,33370,46686,59684,35235,65535,6984
1686476615,0,1,1,0,1223223,3358,8200,11623,21031,65535,6978,33309,46594,59563,35162,65535,6967
1686476621,0,1,1,0,1223223,3356,8200,11622,21015,65535,6978,33364,46677,59706,35244,65535,6986
1686476627,0,1,1,0,1223223,3359,8201,11626,21017,65535,6978,33378,46689,59664,35243,65535,6986
1686476633,0,1,1,0,1223223,3360,8202,11620,21028,65535,6980,33374,46687,59685,35262,65535,6988
1686476639,0,1,1,0,1223223,3356,8193,11613,21008,65535,6972,33367,46670,59675,35221,65535,6986
1686476645,0,1,1,0,1223223,3357,8203,11627,21031,65535,6978,33384,46700,59700,35244,65535,6986
1686476651,0,1,1,0,1223223,3357,8202,11629,21025,65535,6976,33376,46688,59707,35236,65535,6986
1686476657,0,1,1,0,1223223,3352,8190,11610,20985,65535,6966,33378,46685,59700,35242,65535,6986
1686476663,0,1,1,0,1223223,3354,8195,11617,20996,65535,6972,33153,46385,59312,35025,65535,6942
1686476669,0,1,1,0,1223223,3360,8203,11628,21025,65535,6978,33388,46706,59702,35260,65535,6988
1686476675,0,1,1,0,1223223,3360,8203,11634,21020,65535,6977,33276,46576,59543,35169,65535,6970
1686476681,0,1,1,0,1223223,3359,8202,11626,21028,65535,6978,33372,46694,59710,35248,65535,6986
1686476687,0,1,1,0,1223223,3358,8203,11623,21033,65535,6976,33377,46688,59681,35241,65535,6988
1686476693,0,1,1,0,1223223,3358,8201,11625,21029,65535,6974,33374,46687,59678,35237,65535,6988
1686476699,0,1,1,0,1223223,3359,8201,11627,21019,65535,6980,33376,46681,59668,35239,65535,6988
1686476705,0,1,1,0,1223223,3359,8202,11626,21028,65535,6978,33284,46565,59536,35168,65535,6967
1686476711,0,1,1,0,1223223,3358,8203,11629,21031,65535,6978,33358,46691,59701,35259,65535,6988
1686476717,0,1,1,0,1223223,3357,8198,11625,21023,65535,6976,33375,46701,59709,35267,65535,6988
1686476723,0,1,1,0,1223223,3357,8199,11621,21013,65535,6978,33350,46693,59668,35252,65535,6985
1686476729,0,1,1,0,1223223,3356,8191,11611,21003,65535,6970,33367,46673,59692,35231,65535,6984
1686476735,0,1,1,0,1223223,3354,8184,11600,20974,65535,6962,33352,46684,59670,35257,65535,6986
1686476741,0,1,1,0,1223223,3358,8200,11625,21015,65535,6976,33372,46684,59704,35257,65535,6986
1686476747,0,1,1,0,1223223,3359,8199,11624,21019,65535,6978,33343,46676,59704,35248,65535,6984
1686476753,0,1,1,0,1223223,3359,8200,11624,21023,65535,6976,33362,46684,59700,35243,65535,6984
1686476759,0,1,1,0,1223223,3360,8206,11629,21023,65535,6980,33383,46710,59709,35252,65535,6990
1686476765,0,1,1,0,1223223,3358,8200,11625,21012,65535,6976,33326,46635,59590,35197,65535,6973
1686476771,0,1,1,0,1223223,3359,8204,11625,21033,65535,6982,33355,46690,59685,35242,65535,6984
1686476777,0,1,1,0,1223223,3358,8198,11624,21024,65535,6976,33397,46717,59727,35262,65535,6991
1686476783,0,1,1,0,1223223,3358,8202,11627,21033,65535,6982,33348,46654,59664,35236,65535,6978
1686476789,0,1,1,0,1223223,3352,8183,11597,20978,65535,6966,33370,46698,59735,35258,65535,6990
1686476795,0,1,1,0,1223223,3344,8165,11572,20913,65535,6944,33346,46660,59665,35238,65535,6982
1686476801,0,1,1,0,1223223,3359,8202,11629,21020,65535,6978,33376,46692,59711,35247,65535,6990
1686476807,0,1,1,0,1223223,3358,8201,11634,21018,65535,6978,33385,46688,59707,35268,65535,6992
1686476813,0,1,1,0,1223223,3358,8199,11621,21007,65535,6977,33365,46669,59667,35227,65535,6985
1686476819,0,1,1,0,1223223,3321,8104,11471,20758,65535,6888,33369,46682,59679,35237,65535,6987
1686476825,0,1,1,0,1223223,3354,8189,11607,20995,65535,6966,33277,46580,59559,35159,65535,6972
1686476831,0,1,1,0,1223223,3360,8206,11629,21023,65535,6978,33380,46710,59693,35245,65535,6986
1686476837,0,1,1,0,1223223,3359,8202,11627,21032,65535,6979,33380,46681,59687,35234,65535,6984
1686476843,0,1,1,0,1223223,3359,8203,11630,21031,65535,6978,33364,46692,59693,35245,65535,6988
1686476849,0,1,1,0,1223223,3348,8167,11576,20940,65535,6948,33328,46632,59647,35217,65535,6978
1686476855,0,1,1,0,1223223,3359,8203,11623,21026,65535,6981,33373,46691,59685,35262,65535,6989
1686476861,0,1,1,0,1223223,3355,8191,11612,20996,65535,6966,33349,46680,59669,35242,65535,6982
1686476867,0,1,1,0,1223223,3360,8204,11629,21036,65535,6978,33381,46702,59702,35245,65535,6988
1686476873,0,1,1,0,1223223,3359,8202,11632,21025,65535,6972,33361,46670,59669,35247,65535,6984
1686476879,0,1,1,0,1223223,3360,8203,11624,21032,65535,6980,33289,46575,59591,35187,65535,6971
1686476885,0,1,1,0,1223223,3361,8203,11630,21022,65535,6978,33377,46700,59675,35261,65535,6990
1686476891,0,1,1,0,1223223,3360,8203,11627,21027,65535,6979,33347,46672,59679,35249,65535,6985
1686476897,0,1,1,0,1223223,3358,8199,11624,21022,65535,6980,33381,46691,59695,35247,65535,6988
1686476903,0,1,1,0,1223223,3356,8200,11620,21018,65535,6976,33373,46689,59718,35241,65535,6982
1686476909,0,1,1,0,1223223,3359,8202,11622,21023,65535,6974,33366,46673,59661,35239,65535,6980
1686476915,0,1,1,0,1223223,3358,8203,11625,21029,65535,6976,33380,46696,59683,35261,65535,6986
1686476921,0,1,1,0,1223223,3358,8198,11620,21012,65535,6975,33381,46692,59698,35254,65535,6986
1686476927,0,1,1,0,1223223,3359,8204,11623,21015,65535,6975,33373,46684,59690,35234,65535,6984
1686476933,0,1,1,0,1223223,3359,8198,11615,21005,65535,6974,33390,46702,59748,35262,65535,6986
1686476939,0,1,1,0,1223223,3355,8197,11626,21005,65535,6974,33358,46694,59697,35241,65535,6988
1686476945,0,1,1,0,1223223,3359,8204,11632,21020,65535,6978,33365,46698,59708,35265,65535,6988
1686476951,0,1,1,0,1223223,3343,8155,11558,20910,65535,6936,33212,46474,59427,35095,65535,6954
1686476957,0,1,1,0,1223223,3358,8203,11638,21032,65535,6982,33390,46715,59711,35258,65535,6990
1686476963,0,1,1,0,1223223,3350,8180,11597,20975,65535,6962,33395,46707,59719,35274,65535,6990
1686476969,0,1,1,0,1223223,3360,8201,11626,21014,65535,6978,33368,46714,59711,35251,65535,6988
1686476975,0,1,1,0,1223223,3358,8202,11627,21029,65535,6976,33385,46717,59701,35239,65535,6986
1686476981,0,1,1,0,1223223,3357,8205,11633,21017,65535,6978,33384,46698,59706,35253,65535,6984
1686476987,0,1,1,0,1223223,3360,8203,11628,21015,65535,6979,33383,46713,59708,35269,65535,6990
1686476993,0,1,1,0,1223223,3360,8203,11628,21020,65535,6978,33381,46701,59696,35259,65535,6988
1686476999,0,1,1,0,1223223,3338,8147,11550,20891,65535,6930,33361,46676,59675,35242,65535,6984
1686477005,0,1,1,0,1223223,3360,8203,11637,21035,65535,6982,33384,46698,59735,35267,65535,6988
1686477011,0,1,1,0,1223223,3345,8167,11569,20931,65535,6948,33374,46687,59692,35259,65535,6986
1686477017,0,1,1,0,1223223,3360,8199,11631,21022,65535,6981,33357,46702,59700,35245,65535,6989
1686477023,0,1,1,0,1223223,3359,8199,11621,21030,65535,6979,33272,46561,59527,35151,65535,6967
1686477029,0,1,1,0,1223223,3360,8204,11628,21037,65535,6976,33390,46707,59704,35255,65535,6988
1686477035,0,1,1,0,1223223,3358,8202,11624,21024,65535,6980,33373,46706,59736,35248,65535,6988
1686477041,0,1,1,0,1223223,3359,8202,11627,21027,65535,6974,33366,46707,59712,35268,65535,6986
1686477047,0,1,1,0,1223223,3359,8203,11627,21030,65535,6979,33395,46709,59722,35273,65535,6992
1686477053,0,1,1,0,1223223,3359,8207,11635,21038,65535,6980,33374,46716,59732,35271,65535,6990
1686477059,0,1,1,0,1223223,3359,8200,11621,21026,65535,6977,33369,46699,59691,35248,65535,6988
1686477065,0,1,1,0,1223223,3361,8204,11634,21030,65535,6978,33375,46702,59686,35245,65535,6988
1686477071,0,1,1,0,1223223,3359,8200,11621,21023,65535,6979,33377,46693,59694,35244,65535,6988
1686477077,0,1,1,0,1223223,3355,8194,11611,21003,65535,6972,33382,46701,59672,35246,65535,6988
1686477083,0,1,1,0,1223223,3359,8201,11621,21025,65535,6978,33389,46703,59685,35260,65535,6986
1686477089,0,1,1,0,1223223,3360,8202,11625,21018,65535,6976,33351,46668,59631,35221,65535,6978
1686477095,0,1,1,0,1223223,3359,8202,11623,21019,65535,6978,33370,46684,59684,35235,65535,6982
1686477101,0,1,1,0,1223223,3359,8201,11627,21028,65535,6978,33393,46732,59733,35278,65535,6989
1686477107,0,1,1,0,1223223,3347,8172,11577,20944,65535,6950,33360,46665,59672,35237,65535,6981
1686477113,0,1,1,0,1223223,3357,8200,11619,21008,65535,6976,33379,46673,59636,35225,65535,6982
1686477119,0,1,1,0,1223223,3361,8204,11629,21037,65535,6980,33402,46716,59708,35280,65535,6989
1686477125,0,1,1,0,1223223,3360,8208,11625,21031,65535,6982,33371,46706,59688,35260,65535,6988
1686477131,0,1,1,0,1223223,3359,8201,11616,21016,65535,6974,33385,46706,59691,35263,65535,6988
1686477137,0,1,1,0,1223223,3359,8202,11620,21024,65535,6979,33388,46702,59669,35276,65535,6989
1686477143,0,1,1,0,1223223,3361,8203,11628,21025,65535,6982,33365,46673,59635,35231,65535,6986
1686477149,0,1,1,0,1223223,3355,8196,11618,21019,65535,6972,33377,46712,59711,35246,65535,6987
1686477155,0,1,1,0,1223223,3358,8197,11620,21019,65535,6976,33301,46615,59621,35185,65535,6974
1686477161,0,1,1,0,1223223,3359,8204,11627,21030,65535,6978,33391,46715,59711,35273,65535,6989
1686477167,0,1,1,0,1223223,3353,8192,11614,20991,65535,6969,33288,46577,59563,35161,65535,6964
1686477173,0,1,1,0,1223223,3360,8204,11631,21031,65535,6978,33368,46702,59695,35274,65535,6988
1686477179,0,1,1,0,1223223,3360,8206,11632,21041,65535,6983,33347,46652,59652,35230,65535,6980
1686477185,0,1,1,0,1223223,3354,8190,11607,20982,65535,6965,33234,46504,59454,35123,65535,6956
1686477191,0,1,1,0,1223223,3357,8207,11627,21015,65535,6979,33370,46716,59716,35275,65535,6992
1686477197,0,1,1,0,1223223,3358,8205,11628,21035,65535,6978,33383,46707,59701,35276,65535,6986
1686477203,0,1,1,0,1223223,3360,8203,11638,21035,65535,6981,33399,46718,59732,35279,65535,6992
1686477209,0,1,1,0,1223223,3361,8209,11634,21038,65535,6979,33401,46731,59737,35283,65535,6991
1686477215,0,1,1,0,1223223,3359,8204,11628,21020,65535,6980,33178,46436,59349,35060,65535,6942
1686477221,0,1,1,0,1223223,3356,8198,11618,21016,65535,6976,33292,46584,59538,35156,65535,6966
1686477227,0,1,1,0,1223223,3361,8205,11629,21026,65535,6982,33382,46707,59703,35270,65535,6992
1686477233,0,1,1,0,1223223,3362,8208,11634,21033,65535,6984,33365,46705,59701,35243,65535,6988
1686477239,0,1,1,0,1223223,3360,8205,11630,21039,65535,6982,33400,46712,59716,35265,65535,6991
1686477245,0,1,1,0,1223223,3360,8205,11629,21034,65535,6981,33398,46705,59727,35259,65535,6992
1686477251,0,1,1,0,1223223,3360,8207,11637,21030,65535,6982,33391,46716,59704,35280,65535,6987
1686477257,0,1,1,0,1223223,3361,8201,11629,21029,65535,6982,33400,46729,59766,35285,65535,6990
1686477263,0,1,1,0,1223223,3361,8203,11632,21036,65535,6982,33401,46708,59754,35280,65535,6990
1686477269,0,1,1,0,1223223,3358,8207,11633,21027,65535,6984,33404,46736,59739,35268,65535,6990
1686477275,0,1,1,0,1223223,3360,8203,11632,21018,65535,6980,33387,46718,59731,35274,65535,6992
1686477281,0,1,1,0,1223223,3360,8203,11631,21022,65535,6982,33388,46703,59711,35272,65535,6987
1686477287,0,1,1,0,1223223,3361,8207,11635,21037,65535,6980,33380,46719,59711,35269,65535,6989
1686477293,0,1,1,0,1223223,3361,8206,11632,21034,65535,6979,33389,46725,59751,35274,65535,6992
1686477299,0,1,1,0,1223223,3361,8208,11632,21025,65535,6980,33389,46717,59717,35272,65535,6989
1686477305,0,1,1,0,1223223,3359,8207,11635,21035,65535,6980,33383,46725,59733,35264,65535,6990
1686477311,0,1,1,0,1223223,3361,8206,11637,21025,65535,6982,33381,46729,59742,35263,65535,6990
1686477317,0,1,1,0,1223223,3360,8206,11633,21024,65535,6981,33372,46728,59727,35276,65535,6991
1686477323,0,1,1,0,1223223,3351,8178,11587,20956,65535,6960,33359,46678,59659,35229,65535,6984
1686477329,0,1,1,0,1223223,3360,8207,11629,21036,65535,6981,33392,46725,59716,35259,65535,6988
1686477335,0,1,1,0,1223223,3360,8207,11633,21025,65535,6978,33378,46697,59705,35276,65535,6987
1686477341,0,1,1,0,1223223,3360,8204,11625,21022,65535,6982,33403,46726,59720,35283,65535,6989
1686477347,0,1,1,0,1223223,3347,8166,11575,20936,65535,6950,33392,46720,59731,35280,65535,6990
1686477353,0,1,1,0,1223223,3360,8205,11635,21028,65535,6982,33393,46719,59742,35272,65535,6992
1686477359,0,1,1,0,1223223,3360,8207,11634,21030,65535,6984,33393,46721,59756,35278,65535,6988
1686477365,0,1,1,0,1223223,3361,8210,11635,21042,65535,6979,33392,46712,59723,35263,65535,6994
1686477371,0,1,1,0,1223223,3361,8202,11633,21031,65535,6978,33393,46729,59700,35279,65535,6990
1686477377,0,1,1,0,1223223,3360,8207,11627,21021,65535,6979,33380,46712,59703,35246,65535,6990
1686477383,0,1,1,0,1223223,3362,8207,11634,21027,65535,6980,33391,46721,59724,35270,65535,6987
1686477389,0,1,1,0,1223223,3353,8189,11600,20989,65535,6966,33393,46729,59748,35281,65535,6990
1686477395,0,1,1,0,1223223,3355,8193,11614,21005,65535,6970,33383,46705,59709,35258,65535,6984
1686477401,0,1,1,0,1223223,3360,8208,11633,21037,65535,6982,33382,46692,59719,35258,65535,6990
1686477407,0,1,1,0,1223223,3356,8188,11612,21002,65535,6972,33394,46693,59727,35273,65535,6990
1686477413,0,1,1,0,1223223,3361,8212,11635,21041,65535,6978,33402,46729,59736,35288,65535,6990
1686477419,0,1,1,0,1223223,3360,8206,11631,21036,65535,6980,33396,46719,59717,35276,65535,6992
1686477425,0,1,1,0,1223223,3360,8208,11634,21029,65535,6982,33350,46650,59659,35226,65535,6979
1686477431,0,1,1,0,1223223,3356,8195,11617,21004,65535,6974,33387,46706,59715,35249,65535,6990
1686477437,0,1,1,0,1223223,3360,8204,11630,21033,65535,6980,33389,46703,59686,35273,65535,6988
1686477443,0,1,1,0,1223223,3360,8206,11633,21026,65535,6980,33389,46710,59731,35252,65535,6989
1686477449,0,1,1,0,1223223,3354,8190,11603,20983,65535,6966,33384,46709,59690,35255,65535,6988
1686477455,0,1,1,0,1223223,3359,8205,11627,21024,65535,6980,33372,46675,59652,35261,65535,6986
1686477461,0,1,1,0,1223223,3349,8177,11584,20952,65535,6956,33292,46592,59576,35160,65535,6969
1686477467,0,1,1,0,1223223,3335,8142,11530,20862,65535,6922,33381,46702,59721,35272,65535,6988
1686477473,0,1,1,0,1223223,3360,8206,11626,21028,65535,6978,33384,46709,59682,35252,65535,6989
1686477479,0,1,1,0,1223223,3360,8207,11633,21025,65535,6982,33380,46708,59725,35271,65535,6988
1686477485,0,1,1,0,1223223,3359,8204,11623,21021,65535,6978,33386,46709,59699,35274,65535,6989
1686477491,0,1,1,0,1223223,3358,8204,11626,21019,65535,6977,33377,46703,59708,35250,65535,6988
1686477497,0,1,1,0,1223223,3358,8205,11632,21039,65535,6980,33381,46713,59701,35256,65535,6988
1686477503,0,1,1,0,1223223,3360,8204,11631,21037,65535,6977,33386,46705,59695,35267,65535,6985
1686477509,0,1,1,0,1223223,3360,8204,11631,21037,65535,6976,33384,46701,59710,35254,65535,6984
1686477515,0,1,1,0,1223223,3358,8200,11623,21018,65535,6978,33382,46704,59725,35275,65535,6990
1686477521,0,1,1,0,1223223,3361,8209,11635,21034,65535,6982,33393,46711,59729,35281,65535,6988
1686477527,0,1,1,0,1223223,3343,8161,11564,20917,65535,6942,33183,46432,59345,35056,65535,6948
1686477533,0,1,1,0,1223223,3360,8203,11628,21031,65535,6980,33387,46709,59697,35253,65535,6988
1686477539,0,1,1,0,1223223,3349,8171,11590,20942,65535,6956,33342,46646,59654,35206,65535,6982
1686477545,0,1,1,0,1223223,3346,8164,11575,20928,65535,6946,33252,46551,59522,35135,65535,6966
1686477551,0,1,1,0,1223223,3359,8205,11624,21031,65535,6978,33382,46696,59709,35258,65535,6987
1686477557,0,1,1,0,1223223,3352,8186,11609,20995,65535,6968,33386,46689,59684,35257,65535,6983
1686477563,0,1,1,0,1223223,3357,8198,11624,21019,65535,6978,33364,46691,59692,35254,65535,6988
1686477569,0,1,1,0,1223223,3361,8208,11633,21028,65535,6980,33387,46710,59713,35266,65535,6987
1686477575,0,1,1,0,1223223,3362,8208,11636,21037,65535,6984,33275,46551,59507,35156,65535,6970
1686477581,0,1,1,0,1223223,3358,8199,11623,21009,65535,6973,33359,46706,59699,35267,65535,6988
1686477587,0,1,1,0,1223223,3360,8208,11631,21025,65535,6982,33403,46719,59728,35283,65535,6990
1686477593,0,1,1,0,1223223,3353,8184,11600,20975,65535,6964,33182,46427,59357,35052,65535,6945
1686477599,0,1,1,0,1223223,3361,8205,11631,21023,65535,6979,33380,46699,59709,35265,65535,6990
