Timestamp,Amber,White,On,Override,Intensity,AS00,AS01,AS02,AS03,AS04,AS05,AS06,AS07,AS08,AS09,AS10,AS11
1686499205,0,1,0,0,0,12,16,22,30,318,268,38,36,43,45,318,268
1686499211,0,1,0,0,0,13,16,22,30,318,268,37,36,43,45,318,268
1686499217,0,1,0,0,0,13,15,23,30,318,268,37,36,43,45,317,268
1686499223,0,1,0,0,0,12,15,22,30,316,266,37,36,42,45,316,266
1686499229,0,1,0,0,0,13,15,22,30,314,264,37,35,42,44,314,264
1686499235,0,1,0,0,0,12,15,23,31,315,264,38,36,42,45,316,264
1686499241,0,1,0,0,0,13,15,23,30,315,264,37,36,42,45,315,264
1686499247,0,1,0,0,0,12,16,23,30,313,262,37,35,42,45,313,262
1686499253,0,1,0,0,0,12,15,22,30,311,260,36,35,42,44,311,260
1686499259,0,1,0,0,0,12,15,22,29,309,260,36,35,42,44,308,260
1686499265,0,1,0,0,0,12,15,22,29,308,260,36,35,42,44,309,260
1686499271,0,1,0,0,0,12,15,22,29,307,258,36,35,41,43,307,258
1686499277,0,1,0,0,0,12,15,22,29,307,260,36,35,41,44,307,260
1686499283,0,1,0,0,0,12,15,22,30,308,260,36,35,41,43,307,260
1686499289,0,1,0,0,0,12,15,22,29,308,262,36,35,41,44,309,262
1686499295,0,1,0,0,0,12,15,22,29,310,264,36,35,41,43,310,264
1686499301,0,1,0,0,0,12,15,22,29,309,264,36,34,40,43,308,262
1686499307,0,1,0,0,0,12,15,22,29,307,262,35,34,40,43,306,262
1686499313,0,1,0,0,0,12,15,21,29,304,260,35,34,40,42,305,260
1686499319,0,1,0,0,0,12,15,22,29,303,260,35,34,40,42,303,260
1686499325,0,1,0,0,0,12,15,21,28,302,258,35,34,40,42,301,258
1686499331,0,1,0,0,0,12,15,21,28,300,256,34,33,39,41,300,256
1686499337,0,1,0,0,0,12,14,21,28,297,254,35,33,38,41,297,254
1686499343,0,1,0,0,0,12,14,21,28,297,254,34,33,38,41,297,254
1686499349,0,1,0,0,0,12,14,21,27,294,252,34,32,38,40,293,252
1686499355,0,1,0,0,0,12,14,20,27,289,248,34,32,37,40,289,248
1686499361,0,1,0,0,0,11,14,20,27,287,246,33,32,37,39,287,246
1686499367,0,1,0,0,0,11,14,20,27,284,244,33,31,36,38,284,244
1686499373,0,1,0,0,0,11,13,20,26,281,242,32,31,35,38,281,240
1686499379,0,1,0,0,0,11,13,19,25,276,236,32,31,35,37,277,236
1686499385,0,1,0,0,0,11,14,20,26,273,232,32,30,35,38,274,232
1686499391,0,1,0,0,0,10,14,19,26,271,228,31,29,35,37,270,228
1686499397,0,1,0,0,0,11,13,19,25,268,226,31,30,35,37,268,226
1686499403,0,1,0,0,0,10,13,19,25,268,224,32,29,36,36,267,224
1686499409,0,1,0,0,0,10,13,19,26,265,222,31,29,35,36,266,222
1686499415,0,1,0,0,0,10,13,19,25,263,220,31,30,34,36,263,222
1686499421,0,1,0,0,0,10,13,19,25,263,220,31,29,34,36,262,220
1686499427,0,1,0,0,0,10,13,18,25,262,222,31,29,34,36,262,222
1686499433,0,1,0,0,0,10,13,19,25,262,222,31,29,34,35,262,222
1686499439,0,1,0,0,0,11,13,19,25,263,222,31,29,34,36,263,222
1686499445,0,1,0,0,0,11,13,18,25,265,224,31,29,34,36,265,224
1686499451,0,1,0,0,0,11,13,19,25,267,226,31,30,35,37,267,226
1686499457,0,1,0,0,0,10,13,19,26,269,226,32,30,35,38,269,228
1686499463,0,1,0,0,0,11,13,19,26,270,228,32,30,35,37,270,228
1686499469,0,1,0,0,0,10,14,19,25,271,230,32,31,34,37,271,230
1686499475,0,1,0,0,0,10,13,18,25,269,228,31,29,35,37,269,228
1686499481,0,1,0,0,0,10,13,19,25,265,224,31,29,35,37,265,224
1686499487,0,1,0,0,0,10,12,19,25,261,220,31,29,34,36,262,218
1686499493,0,1,0,0,0,10,13,19,25,259,216,31,29,34,36,259,216
1686499499,0,1,0,0,0,10,13,19,25,260,214,31,29,35,36,259,214
1686499505,0,1,0,0,0,10,12,19,25,262,216,31,30,35,37,261,216
1686499511,0,1,0,0,0,11,13,19,26,265,218,32,31,36,38,266,218
1686499517,0,1,0,0,0,10,13,19,26,268,220,32,31,36,38,268,220
1686499523,0,1,0,0,0,10,13,19,26,269,220,32,31,37,39,270,222
1686499529,0,1,0,0,0,10,13,20,26,271,222,33,31,38,40,271,222
1686499535,0,1,0,0,0,11,13,20,27,274,224,33,32,38,40,274,224
1686499541,0,1,0,0,0,11,13,20,27,277,226,33,32,38,41,276,226
1686499547,0,1,0,0,0,11,14,20,27,280,230,33,32,38,41,280,230
1686499553,0,1,0,0,0,11,14,21,28,284,234,34,33,39,41,285,234
1686499559,0,1,0,0,0,11,14,21,28,286,236,34,33,39,42,287,236
1686499565,0,1,0,0,0,12,14,21,27,290,240,35,33,40,43,290,240
1686499571,0,1,0,0,0,12,14,21,29,295,244,35,34,40,44,294,244
1686499577,0,1,0,0,0,12,15,21,29,296,246,36,34,41,43,297,246
1686499583,0,1,0,0,0,12,15,21,29,300,246,36,35,41,44,300,248
1686499589,0,1,0,0,0,12,15,21,29,304,252,36,35,42,45,304,252
1686499595,0,1,0,0,0,12,15,22,30,308,256,37,36,43,45,308,256
1686499601,0,1,0,0,0,12,16,22,30,313,262,37,36,43,46,313,262
1686499607,0,1,0,0,0,12,15,22,30,315,264,37,36,43,46,315,264
1686499613,0,1,0,0,0,12,16,22,30,312,262,37,36,42,46,312,262
1686499619,0,1,0,0,0,12,15,22,29,307,256,36,35,42,45,306,256
1686499625,0,1,0,0,0,12,15,21,29,299,248,36,35,40,44,299,248
1686499631,0,1,0,0,0,12,14,21,28,289,236,35,33,40,42,288,236
1686499637,0,1,0,0,0,11,14,20,27,276,224,33,32,39,41,275,222
1686499643,0,1,0,0,0,10,14,20,27,270,216,33,31,38,40,270,216
1686499649,0,1,0,0,0,10,13,20,26,265,210,32,31,37,40,264,210
1686499655,0,1,0,0,0,10,13,19,25,257,200,32,31,37,39,256,200
1686499661,0,1,0,0,0,10,13,18,26,251,194,31,30,36,39,251,194
1686499667,0,1,0,0,0,10,13,19,26,248,190,32,30,36,39,248,190
1686499673,0,1,0,0,0,9,12,18,25,247,188,32,30,36,39,248,188
1686499679,0,1,0,0,0,10,12,19,25,248,188,32,31,37,40,248,188
1686499685,0,1,0,0,0,10,12,19,25,248,186,32,31,37,40,248,186
1686499691,0,1,0,0,0,9,13,18,26,248,188,31,30,37,40,248,186
1686499697,0,1,0,0,0,9,12,19,25,249,188,32,30,37,40,250,188
1686499703,0,1,0,0,0,10,13,19,26,253,192,32,31,38,40,253,192
1686499709,0,1,0,0,0,10,12,19,26,257,196,33,31,39,41,257,196
1686499715,0,1,0,0,0,10,13,20,27,263,202,33,32,40,42,265,202
1686499721,0,1,0,0,0,11,14,20,27,273,210,34,33,40,44,273,210
1686499727,0,1,0,0,0,11,14,21,28,285,222,36,35,42,46,286,222
1686499733,0,1,0,0,0,12,15,22,30,300,234,38,37,45,48,301,236
1686499739,0,1,0,0,0,12,15,22,31,313,248,39,38,47,50,314,248
1686499745,0,1,0,0,0,13,16,24,33,329,264,40,40,49,53,330,264
1686499751,0,1,0,0,0,14,16,25,33,337,270,42,41,50,54,338,272
1686499757,0,1,0,0,0,13,17,25,34,347,282,43,42,51,55,348,282
1686499763,0,1,0,0,0,14,18,26,35,359,294,44,43,52,57,359,296
1686499769,0,1,0,0,0,15,18,26,35,369,308,44,44,53,57,370,308
1686499775,0,1,0,0,0,15,18,27,36,374,314,45,44,53,57,374,314
1686499781,0,1,0,0,0,15,18,27,37,380,322,45,45,54,58,381,322
1686499787,0,1,0,0,0,16,19,27,37,384,326,45,45,54,58,384,328
1686499793,0,1,0,0,0,15,19,27,36,385,328,45,45,54,58,385,328
1686499799,0,1,0,0,0,15,18,27,36,383,326,45,45,54,58,383,326
1686499805,0,1,0,0,0,16,19,27,36,381,324,45,44,53,57,380,324
1686499811,0,1,0,0,0,15,18,26,35,369,312,43,43,52,55,368,312
1686499817,0,1,0,0,0,14,18,25,35,361,304,43,42,50,54,361,304
1686499823,0,1,0,0,0,14,17,25,35,362,304,43,42,51,55,362,304
1686499829,0,1,0,0,0,14,18,26,35,365,304,43,43,51,55,364,304
1686499835,0,1,0,0,0,15,18,26,35,364,300,43,43,52,55,364,302
1686499841,0,1,0,0,0,15,18,27,35,368,302,44,44,53,57,369,302
1686499847,0,1,0,0,0,15,18,26,35,367,300,44,44,54,57,367,300
1686499853,0,1,0,0,0,15,18,27,36,369,302,45,44,54,57,369,302
1686499859,0,1,0,0,0,14,19,26,36,375,306,46,45,55,59,376,308
1686499865,0,1,0,0,0,15,19,28,37,385,318,46,46,56,60,386,318
1686499871,0,1,0,0,0,16,20,28,38,395,328,47,48,57,61,395,330
1686499877,0,1,0,0,0,16,19,28,39,408,344,49,48,59,63,410,346
1686499883,0,1,0,0,0,17,21,30,40,424,362,50,49,60,65,425,364
1686499889,0,1,0,0,0,18,21,31,41,448,388,52,52,62,67,449,392
1686499895,0,1,0,0,1,19,22,32,43,475,420,54,54,64,70,474,418
1686499901,0,1,0,0,1,18,23,32,42,464,406,53,54,64,69,464,406
1686499907,0,1,0,0,1,19,22,31,42,458,400,53,52,64,68,457,398
1686499913,0,1,0,0,0,18,23,31,41,446,386,52,52,62,67,445,384
1686499919,0,1,0,0,0,17,21,30,40,428,366,50,50,61,66,428,366
1686499925,0,1,0,0,0,16,20,29,39,418,356,50,49,59,64,418,356
1686499931,0,1,0,0,0,17,20,29,39,414,350,49,49,59,64,413,350
1686499937,0,1,0,0,0,16,20,29,39,409,346,49,48,58,63,409,346
1686499943,0,1,0,0,0,16,20,29,38,406,342,48,49,58,63,406,342
1686499949,0,1,0,0,0,16,19,28,38,404,340,48,48,58,63,404,340
1686499955,0,1,0,0,0,16,19,29,38,402,338,48,47,58,62,402,338
1686499961,0,1,0,0,0,16,19,28,38,401,338,48,48,58,62,401,338
1686499967,0,1,0,0,0,16,19,28,39,401,338,48,47,58,62,400,338
1686499973,0,1,0,0,0,16,19,28,38,401,336,48,48,58,62,400,336
1686499979,0,1,0,0,0,16,19,28,38,401,338,48,48,58,62,401,338
1686499985,0,1,0,0,0,16,20,28,38,405,342,48,48,59,63,404,342
1686499991,0,1,0,0,0,16,20,28,39,409,348,48,48,58,63,409,346
1686499997,0,1,0,0,0,16,19,29,39,414,354,49,49,58,63,415,354
1686500003,0,1,0,0,0,16,20,29,39,417,360,49,49,59,63,418,360
1686500009,0,1,0,0,0,17,20,29,39,422,368,49,49,59,63,422,368
1686500015,0,1,0,0,0,17,20,29,39,423,372,48,48,58,62,423,372
1686500021,0,1,0,0,0,17,20,29,39,427,382,49,49,57,62,428,380
1686500027,0,1,0,0,0,18,21,30,40,439,394,49,49,59,63,439,394
1686500033,0,1,0,0,0,18,22,30,41,453,410,51,50,60,64,455,412
1686500039,0,1,0,0,1,19,23,32,43,482,442,53,52,61,67,479,440
1686500045,0,1,0,0,0,18,21,29,39,437,394,49,48,57,62,436,392
1686500051,0,1,0,0,0,17,20,29,38,419,374,47,47,56,60,420,374
1686500057,0,1,0,0,0,16,20,27,38,412,364,47,46,55,59,412,364
1686500063,0,1,0,0,0,16,19,28,37,404,354,46,46,54,58,403,354
1686500069,0,1,0,0,0,16,19,27,36,391,340,45,44,53,58,391,340
1686500075,0,1,0,0,0,15,18,27,36,387,334,46,45,54,57,388,334
1686500081,0,1,0,0,0,15,18,26,35,380,328,45,43,53,57,381,328
1686500087,0,1,0,0,0,15,18,26,35,378,324,44,44,52,57,377,324
1686500093,0,1,0,0,0,15,18,26,35,377,322,44,45,53,57,376,322
1686500099,0,1,0,0,0,16,18,26,36,376,322,44,44,53,57,377,322
1686500105,0,1,0,0,0,15,18,27,35,377,322,44,44,53,57,378,322
1686500111,0,1,0,0,0,15,18,26,36,380,324,45,44,53,58,381,324
1686500117,0,1,0,0,0,15,18,27,36,384,330,45,45,55,58,384,330
1686500123,0,1,0,0,0,16,18,27,36,386,330,45,45,54,59,386,330
1686500129,0,1,0,0,0,15,19,27,36,387,332,45,45,54,59,387,332
1686500135,0,1,0,0,0,16,20,27,37,389,330,46,46,55,59,389,332
1686500141,0,1,0,0,0,15,19,28,37,392,334,46,46,56,60,392,334
1686500147,0,1,0,0,0,15,19,27,37,396,338,47,46,56,60,395,338
1686500153,0,1,0,0,0,16,19,28,37,401,342,47,47,56,61,400,342
1686500159,0,1,0,0,0,17,19,29,38,407,348,48,48,58,62,407,348
1686500165,0,1,0,0,0,17,21,29,39,412,354,48,49,58,63,413,354
1686500171,0,1,0,0,0,17,20,29,39,423,364,50,50,60,65,424,366
1686500177,0,1,0,0,0,17,21,30,40,436,376,52,51,62,66,437,378
1686500183,0,1,0,0,0,18,22,31,42,450,392,53,52,63,69,451,392
1686500189,0,1,0,0,1,18,22,32,43,464,408,54,54,65,70,465,406
1686500195,0,1,0,0,1,19,23,33,43,478,422,55,55,66,71,478,422
1686500201,0,1,0,0,1,20,23,33,44,491,438,56,56,67,72,492,440
1686500207,0,1,0,0,1,22,26,36,48,536,492,60,60,71,77,540,494
1686500213,0,1,0,0,1,26,30,40,54,625,598,67,68,80,86,630,602
1686500219,0,1,0,0,1,31,35,47,62,748,740,77,78,89,97,745,738
1686500225,0,1,0,0,1,28,33,43,58,683,666,71,72,83,91,682,664
1686500231,0,1,0,0,1,26,30,40,54,629,600,67,67,78,85,626,598
1686500237,0,1,0,0,1,22,25,35,47,531,486,59,59,70,76,529,484
1686500243,0,1,0,0,1,21,25,35,46,521,472,58,58,69,75,519,472
1686500249,0,1,0,0,1,20,24,33,45,497,446,56,57,67,72,496,444
1686500255,0,1,0,0,1,19,24,33,44,485,432,55,55,66,71,484,432
1686500261,0,1,0,0,1,19,23,32,43,476,422,54,54,65,71,477,423
1686500267,0,1,0,0,1,19,23,32,43,471,418,54,54,65,70,471,418
1686500273,0,1,0,0,1,19,22,32,43,466,414,54,53,64,69,466,413
1686500279,0,1,0,0,1,19,22,31,42,462,410,53,53,63,68,462,410
1686500285,0,1,0,0,0,18,22,31,42,460,408,52,52,62,67,460,408
1686500291,0,1,0,0,0,18,22,31,41,457,406,52,52,62,66,457,406
1686500297,0,1,0,0,0,18,21,31,41,455,402,52,52,62,67,455,402
1686500303,0,1,0,0,0,18,21,30,40,448,396,51,51,61,65,449,396
1686500309,0,1,0,0,0,18,21,30,40,445,392,51,50,60,65,444,392
1686500315,0,1,0,0,0,18,21,30,40,440,388,50,50,60,64,440,388
1686500321,0,1,0,0,0,18,20,30,40,437,386,49,50,59,63,436,386
1686500327,0,1,0,0,0,17,20,29,40,436,386,49,49,59,64,437,386
1686500333,0,1,0,0,0,18,21,29,40,436,386,50,49,59,63,437,386
1686500339,0,1,0,0,0,18,21,30,40,443,394,50,50,59,64,444,396
1686500345,0,1,0,0,0,18,22,30,41,458,410,51,51,61,65,459,412
1686500351,0,1,0,0,0,18,22,31,41,456,408,51,51,60,66,455,408
1686500357,0,1,0,0,0,18,21,30,40,447,398,50,51,60,64,447,398
1686500363,0,1,0,0,0,18,22,29,40,438,388,50,49,58,63,438,390
1686500369,0,1,0,0,0,17,20,30,39,433,382,50,49,58,62,433,382
1686500375,0,1,0,0,0,17,20,28,38,426,374,48,48,57,61,425,374
1686500381,0,1,0,0,0,17,20,28,38,421,370,48,48,57,61,420,370
1686500387,0,1,0,0,0,16,20,28,38,418,368,48,47,56,60,419,368
1686500393,0,1,0,0,0,16,19,28,38,413,362,47,47,56,60,413,362
1686500399,0,1,0,0,0,16,20,28,38,409,360,47,46,55,59,409,358
1686500405,0,1,0,0,0,16,19,28,37,408,354,47,47,55,59,407,354
1686500411,0,1,0,0,0,16,19,28,37,401,350,46,46,55,58,401,348
1686500417,0,1,0,0,0,15,19,27,37,397,346,46,45,54,57,397,346
1686500423,0,1,0,0,0,15,19,27,36,396,344,46,45,54,57,396,344
1686500429,0,1,0,0,0,16,19,27,36,396,344,46,45,54,58,397,346
1686500435,0,1,0,0,0,16,19,27,37,398,346,46,46,54,58,398,344
1686500441,0,1,0,0,0,16,19,27,37,397,344,46,45,54,58,397,344
1686500447,0,1,0,0,0,16,19,27,37,396,342,46,45,54,58,397,344
1686500453,0,1,0,0,0,16,19,27,36,395,344,45,45,54,58,395,344
1686500459,0,1,0,0,0,15,19,27,36,396,342,46,46,55,58,396,342
1686500465,0,1,0,0,0,16,19,27,36,396,344,46,46,54,58,397,344
1686500471,0,1,0,0,0,16,19,28,37,397,344,46,46,55,59,397,344
1686500477,0,1,0,0,0,16,19,27,37,398,344,46,46,55,59,399,344
1686500483,0,1,0,0,0,16,19,27,37,400,346,46,46,56,59,400,346
1686500489,0,1,0,0,0,16,20,28,38,402,348,47,46,56,60,402,346
1686500495,0,1,0,0,0,16,19,28,37,405,348,47,47,56,60,405,348
1686500501,0,1,0,0,0,16,19,28,38,407,350,47,47,57,61,406,348
1686500507,0,1,0,0,0,16,19,28,38,406,350,47,48,57,61,407,350
1686500513,0,1,0,0,0,16,19,28,38,408,350,47,48,57,61,408,350
1686500519,0,1,0,0,0,16,20,28,38,410,350,48,47,57,62,410,352
1686500525,0,1,0,0,0,17,20,28,38,412,352,49,48,58,62,413,352
1686500531,0,1,0,0,0,17,20,29,39,416,354,48,48,59,63,415,354
1686500537,0,1,0,0,0,16,20,28,39,413,354,49,48,58,62,413,354
1686500543,0,1,0,0,0,16,20,29,38,415,356,48,49,58,63,414,354
1686500549,0,1,0,0,0,16,20,29,39,415,356,49,48,58,62,415,356
1686500555,0,1,0,0,0,16,19,29,39,415,356,48,48,58,62,415,356
1686500561,0,1,0,0,0,17,20,29,39,417,358,49,49,58,62,417,358
1686500567,0,1,0,0,0,17,19,29,39,416,358,49,48,58,62,415,358
1686500573,0,1,0,0,0,17,19,29,38,414,356,49,47,57,61,414,358
1686500579,0,1,0,0,0,16,20,28,38,414,356,48,47,57,62,415,358
1686500585,0,1,0,0,0,17,20,29,39,415,358,48,48,58,62,415,358
1686500591,0,1,0,0,0,16,20,28,38,415,360,49,48,57,61,416,360
1686500597,0,1,0,0,0,17,20,29,38,416,360,48,48,58,61,417,360
1686500603,0,1,0,0,0,17,20,29,38,417,362,48,48,57,61,416,362
1686500609,0,1,0,0,0,17,20,29,38,418,362,48,48,57,61,417,362
1686500615,0,1,0,0,0,17,21,29,38,418,364,48,47,57,61,418,362
1686500621,0,1,0,0,0,17,20,29,39,419,364,48,48,57,61,419,364
1686500627,0,1,0,0,0,17,20,29,39,421,366,49,48,58,61,421,366
1686500633,0,1,0,0,0,17,20,29,39,421,366,48,48,57,61,420,366
1686500639,0,1,0,0,0,17,20,29,38,418,364,48,47,57,60,418,364
1686500645,0,1,0,0,0,17,20,28,38,416,364,48,47,56,60,416,362
1686500651,0,1,0,0,0,17,20,29,38,414,362,48,47,55,60,413,360
1686500657,0,1,0,0,0,17,19,28,38,412,360,47,47,56,59,412,360
1686500663,0,1,0,0,0,16,20,28,37,410,358,47,47,55,59,410,358
1686500669,0,1,0,0,0,16,20,27,38,408,356,47,46,54,59,408,356
1686500675,0,1,0,0,0,16,19,27,37,405,354,46,46,55,58,405,354
1686500681,0,1,0,0,0,16,19,28,37,403,352,46,47,54,58,403,352
1686500687,0,1,0,0,0,16,19,27,37,400,350,46,46,54,58,400,350
1686500693,0,1,0,0,0,16,19,27,36,397,346,46,45,53,57,396,346
1686500699,0,1,0,0,0,16,18,27,36,394,344,45,44,53,56,393,344
1686500705,0,1,0,0,0,15,18,26,36,391,340,45,44,52,57,391,342
1686500711,0,1,0,0,0,16,18,27,35,387,336,45,44,52,56,386,336
1686500717,0,1,0,0,0,15,18,26,35,381,330,44,43,52,55,381,330
1686500723,0,1,0,0,0,15,18,26,35,376,324,44,43,51,55,377,324
1686500729,0,1,0,0,0,15,18,26,35,374,322,43,43,51,54,373,320
1686500735,0,1,0,0,0,15,18,25,34,370,318,43,43,51,54,370,318
1686500741,0,1,0,0,0,15,18,26,35,371,316,43,43,52,55,372,316
1686500747,0,1,0,0,0,15,18,26,35,370,312,44,43,52,55,370,314
1686500753,0,1,0,0,0,14,18,25,34,366,310,43,42,51,54,365,308
1686500759,0,1,0,0,0,14,18,26,34,364,306,43,42,51,55,363,308
1686500765,0,1,0,0,0,14,17,25,35,364,306,43,43,51,55,364,306
1686500771,0,1,0,0,0,14,17,25,34,363,306,43,42,51,55,363,304
1686500777,0,1,0,0,0,14,17,25,34,363,304,43,43,53,55,362,304
1686500783,0,1,0,0,0,14,17,26,34,364,304,43,42,52,55,364,304
1686500789,0,1,0,0,0,14,17,26,34,365,304,44,43,52,55,365,306
1686500795,0,1,0,0,0,15,18,26,35,364,304,44,43,52,56,365,304
1686500801,0,1,0,0,0,15,18,26,35,365,302,44,43,52,56,365,304
1686500807,0,1,0,0,0,14,18,26,35,366,304,44,44,52,56,366,304
1686500813,0,1,0,0,0,14,17,26,35,367,304,44,43,53,56,367,304
1686500819,0,1,0,0,0,15,17,26,35,367,302,44,44,53,56,366,304
1686500825,0,1,0,0,0,14,18,26,35,366,304,44,43,53,57,367,302
1686500831,0,1,0,0,0,15,18,27,35,367,304,43,44,53,56,367,304
1686500837,0,1,0,0,0,14,18,26,35,367,304,44,44,53,57,367,306
1686500843,0,1,0,0,0,15,17,26,35,368,306,44,44,53,56,369,306
1686500849,0,1,0,0,0,15,18,26,36,370,308,44,44,53,56,371,308
1686500855,0,1,0,0,0,15,19,26,35,369,308,44,43,53,56,368,308
1686500861,0,1,0,0,0,15,17,26,35,368,308,44,44,52,56,368,308
1686500867,0,1,0,0,0,15,18,26,35,368,308,44,44,52,56,368,308
1686500873,0,1,0,0,0,15,18,26,35,368,308,44,43,52,55,369,308
1686500879,0,1,0,0,0,15,18,26,35,369,310,44,43,52,56,370,310
1686500885,0,1,0,0,0,15,18,26,35,367,308,44,42,51,54,366,308
1686500891,0,1,0,0,0,14,17,26,35,368,310,43,43,52,55,367,310
1686500897,0,1,0,0,0,15,18,26,35,367,310,43,42,51,54,367,310
1686500903,0,1,0,0,0,15,18,26,34,366,312,43,42,51,53,366,310
1686500909,0,1,0,0,0,15,18,26,34,368,312,43,43,51,54,367,312
1686500915,0,1,0,0,0,15,18,27,34,367,312,44,42,50,54,367,312
1686500921,0,1,0,0,0,14,18,26,35,367,312,43,42,51,53,368,312
1686500927,0,1,0,0,0,15,18,26,34,365,310,43,41,50,53,365,310
1686500933,0,1,0,0,0,14,18,25,35,364,310,43,43,51,53,364,310
1686500939,0,1,0,0,0,14,18,26,35,361,308,43,41,49,52,362,308
1686500945,0,1,0,0,0,15,17,26,35,360,306,42,41,49,52,360,306
1686500951,0,1,0,0,0,14,18,25,33,359,304,42,42,49,51,358,304
1686500957,0,1,0,0,0,14,17,25,34,357,302,42,41,49,52,357,302
1686500963,0,1,0,0,0,14,18,25,33,356,302,42,41,48,51,355,302
1686500969,0,1,0,0,0,14,17,25,34,354,300,42,40,48,51,354,300
1686500975,0,1,0,0,0,14,18,25,34,354,298,42,41,48,51,353,300
1686500981,0,1,0,0,0,14,18,25,33,352,296,42,41,48,51,352,298
1686500987,0,1,0,0,0,14,17,25,34,354,298,42,40,49,52,354,298
1686500993,0,1,0,0,0,14,18,25,34,354,296,42,41,49,52,355,296
1686500999,0,1,0,0,0,14,18,25,34,354,296,42,41,48,51,354,296
1686501005,0,1,0,0,0,14,18,25,34,353,296,42,41,49,51,353,296
1686501011,0,1,0,0,0,15,17,26,34,354,296,42,41,49,52,353,296
1686501017,0,1,0,0,0,15,17,26,34,354,296,42,41,49,52,354,296
1686501023,0,1,0,0,0,14,18,25,34,355,298,42,42,49,52,356,298
1686501029,0,1,0,0,0,14,18,26,34,359,300,43,42,50,52,359,302
1686501035,0,1,0,0,0,15,18,26,35,363,304,43,42,50,54,363,302
1686501041,0,1,0,0,0,15,18,27,35,366,304,44,42,51,54,365,306
1686501047,0,1,0,0,0,15,18,26,35,368,308,44,44,52,55,369,308
1686501053,0,1,0,0,0,14,19,27,36,372,310,45,44,53,56,373,312
1686501059,0,1,0,0,0,15,19,27,36,376,314,45,44,53,57,376,314
1686501065,0,1,0,0,0,15,20,26,36,380,316,45,45,54,57,380,318
1686501071,0,1,0,0,0,15,19,27,37,383,320,46,45,54,58,383,320
1686501077,0,1,0,0,0,15,19,28,37,387,322,47,45,55,58,386,322
1686501083,0,1,0,0,0,16,19,28,37,389,326,47,46,55,59,389,326
1686501089,0,1,0,0,0,15,20,28,37,392,328,47,46,56,59,392,328
1686501095,0,1,0,0,0,16,19,29,38,394,330,47,46,55,59,394,330
1686501101,0,1,0,0,0,15,19,28,38,396,334,47,47,56,59,396,332
1686501107,0,1,0,0,0,16,20,28,38,399,336,47,46,56,59,398,336
1686501113,0,1,0,0,0,16,20,28,38,401,338,48,46,56,60,401,340
1686501119,0,1,0,0,0,16,20,29,38,404,344,48,47,57,60,405,342
1686501125,0,1,0,0,0,17,20,29,38,408,346,48,47,57,61,407,346
1686501131,0,1,0,0,0,17,20,29,39,411,350,48,48,57,61,412,352
1686501137,0,1,0,0,0,17,20,30,40,417,356,49,48,58,62,417,356
1686501143,0,1,0,0,0,17,21,30,39,421,362,50,48,58,62,421,362
1686501149,0,1,0,0,0,17,21,30,40,424,366,49,49,58,62,424,366
1686501155,0,1,0,0,0,17,21,30,40,427,370,50,49,58,62,428,370
1686501161,0,1,0,0,0,18,21,30,40,431,376,50,50,58,61,432,376
1686501167,0,1,0,0,0,18,21,30,40,435,380,51,50,59,62,434,382
1686501173,0,1,0,0,0,18,21,31,40,437,384,50,49,58,62,436,384
1686501179,0,1,0,0,0,18,22,31,41,440,388,50,49,58,62,440,388
1686501185,0,1,0,0,0,18,22,31,41,441,390,50,49,58,62,441,392
1686501191,0,1,0,0,0,18,22,30,40,442,392,50,49,57,61,442,394
1686501197,0,1,0,0,0,18,21,30,41,439,392,50,49,57,60,439,392
1686501203,0,1,0,0,0,18,21,30,40,436,390,49,48,56,59,436,390
1686501209,0,1,0,0,0,18,22,31,39,431,384,48,48,55,59,431,386
1686501215,0,1,0,0,0,18,21,30,39,425,382,48,47,54,57,426,380
1686501221,0,1,0,0,0,17,20,29,38,420,374,47,46,54,57,419,374
1686501227,0,1,0,0,0,17,20,28,38,413,368,47,46,53,56,413,368
1686501233,0,1,0,0,0,17,20,28,38,408,362,46,45,53,55,408,362
1686501239,0,1,0,0,0,16,20,28,37,402,354,45,44,52,55,401,354
1686501245,0,1,0,0,0,16,19,27,37,393,344,45,44,51,54,392,344
1686501251,0,1,0,0,0,15,19,27,36,384,336,44,43,50,53,384,336
1686501257,0,1,0,0,0,16,19,27,35,377,328,44,42,49,52,377,328
1686501263,0,1,0,0,0,15,18,26,35,371,322,43,41,49,51,371,322
1686501269,0,1,0,0,0,14,18,26,34,364,314,42,41,48,51,362,314
1686501275,0,1,0,0,0,15,18,25,34,359,310,42,41,48,50,359,310
1686501281,0,1,0,0,0,14,18,26,33,354,306,41,40,47,49,355,306
1686501287,0,1,0,0,0,14,18,25,33,351,304,41,40,46,48,352,302
1686501293,0,1,0,0,0,14,17,25,33,348,300,41,39,46,48,348,300
1686501299,0,1,0,0,0,14,17,25,33,346,298,40,39,46,48,345,298
1686501305,0,1,0,0,0,14,17,24,32,341,294,40,38,45,47,341,294
1686501311,0,1,0,0,0,14,17,24,32,341,294,39,38,45,47,341,294
1686501317,0,1,0,0,0,14,17,24,32,340,294,39,38,45,47,341,294
1686501323,0,1,0,0,0,14,17,24,32,341,294,40,38,45,48,341,294
1686501329,0,1,0,0,0,14,17,24,32,340,294,40,39,45,48,340,294
1686501335,0,1,0,0,0,14,17,24,32,342,296,40,38,45,48,343,296
1686501341,0,1,0,0,0,14,17,24,33,345,298,40,39,45,48,345,298
1686501347,0,1,0,0,0,14,17,25,33,348,302,41,39,46,49,348,302
1686501353,0,1,0,0,0,14,17,25,33,352,306,41,39,47,49,353,306
1686501359,0,1,0,0,0,14,17,25,33,355,310,41,40,46,50,355,310
1686501365,0,1,0,0,0,14,17,25,34,356,312,41,40,47,49,357,312
1686501371,0,1,0,0,0,15,17,25,33,360,316,42,40,47,50,360,316
1686501377,0,1,0,0,0,15,18,25,34,363,320,41,40,48,50,363,320
1686501383,0,1,0,0,0,15,18,26,34,365,322,42,40,47,50,365,322
1686501389,0,1,0,0,0,15,18,26,34,368,326,42,41,47,51,368,324
1686501395,0,1,0,0,0,15,18,26,35,370,328,42,41,48,50,370,328
1686501401,0,1,0,0,0,15,18,26,35,370,328,42,41,47,50,370,328
1686501407,0,1,0,0,0,15,18,26,34,371,328,42,41,48,50,371,328
1686501413,0,1,0,0,0,16,18,26,35,374,334,42,41,48,51,375,334
1686501419,0,1,0,0,0,15,18,27,35,382,340,43,42,49,52,382,340
1686501425,0,1,0,0,0,16,19,27,36,389,348,44,43,50,53,390,348
1686501431,0,1,0,0,0,16,19,27,36,396,356,44,43,51,54,396,354
1686501437,0,1,0,0,0,16,20,28,37,402,362,46,44,52,55,402,362
1686501443,0,1,0,0,0,17,20,28,37,410,370,46,45,52,56,411,370
1686501449,0,1,0,0,0,17,20,29,38,417,376,47,46,53,57,417,376
1686501455,0,1,0,0,0,17,21,29,38,422,380,47,46,54,57,423,380
1686501461,0,1,0,0,0,17,21,28,38,425,384,47,47,54,58,425,384
1686501467,0,1,0,0,0,18,21,29,38,426,384,48,47,55,58,426,384
1686501473,0,1,0,0,0,17,21,29,38,426,384,48,47,54,58,427,384
1686501479,0,1,0,0,0,17,22,29,39,427,386,48,47,55,58,428,384
1686501485,0,1,0,0,0,17,21,29,38,423,380,47,47,55,58,424,380
1686501491,0,1,0,0,0,17,20,28,39,418,372,47,46,54,57,418,372
1686501497,0,1,0,0,0,17,20,29,38,412,366,47,46,53,57,411,366
1686501503,0,1,0,0,0,16,20,28,37,405,356,46,45,53,56,404,356
1686501509,0,1,0,0,0,16,20,28,37,400,350,46,45,53,55,399,352
1686501515,0,1,0,0,0,16,20,28,37,396,346,46,44,52,56,396,346
1686501521,0,1,0,0,0,16,20,28,37,393,342,46,44,52,55,393,342
1686501527,0,1,0,0,0,16,20,28,37,391,340,45,44,52,55,391,340
1686501533,0,1,0,0,0,16,19,27,37,389,338,45,44,52,54,389,338
1686501539,0,1,0,0,0,16,19,28,36,387,336,45,44,51,54,387,338
1686501545,0,1,0,0,0,16,18,27,36,385,334,45,43,51,54,386,336
1686501551,0,1,0,0,0,16,19,27,36,386,336,45,43,51,53,385,336
1686501557,0,1,0,0,0,16,19,27,36,383,334,44,43,50,53,383,334
1686501563,0,1,0,0,0,16,19,27,35,380,332,44,42,50,52,379,334
1686501569,0,1,0,0,0,16,19,27,35,377,330,44,42,50,52,377,330
1686501575,0,1,0,0,0,15,19,26,35,376,330,43,42,49,51,376,330
1686501581,0,1,0,0,0,15,19,27,35,374,328,43,41,49,51,373,328
1686501587,0,1,0,0,0,15,18,26,35,373,330,43,42,48,51,372,330
1686501593,0,1,0,0,0,15,18,26,34,370,328,42,41,48,51,370,326
1686501599,0,1,0,0,0,15,18,26,34,370,328,42,41,47,50,369,328
1686501605,0,1,0,0,0,15,18,26,34,367,326,42,41,47,50,367,326
1686501611,0,1,0,0,0,15,18,25,34,367,326,42,40,47,50,367,326
1686501617,0,1,0,0,0,14,18,25,34,368,328,42,40,47,50,369,326
1686501623,0,1,0,0,0,15,18,26,35,371,328,42,41,48,51,371,328
1686501629,0,1,0,0,0,15,18,26,35,375,332,43,42,49,52,376,330
1686501635,0,1,0,0,0,15,18,26,35,380,336,43,43,50,53,381,336
1686501641,0,1,0,0,0,15,19,26,35,386,340,44,43,50,54,387,340
1686501647,0,1,0,0,0,16,19,28,37,396,348,46,45,52,56,396,348
1686501653,0,1,0,0,0,16,20,28,37,403,354,47,45,54,57,402,354
1686501659,0,1,0,0,0,16,20,28,38,410,362,48,46,55,59,412,362
1686501665,0,1,0,0,0,17,21,29,39,420,370,48,48,56,61,421,372
1686501671,0,1,0,0,0,18,21,29,40,434,382,50,49,58,63,434,384
1686501677,0,1,0,0,0,18,22,31,41,446,396,51,51,60,65,447,396
1686501683,0,1,0,0,0,19,22,32,42,463,414,53,52,62,66,463,416
1686501689,0,1,0,0,1,20,23,33,44,481,432,55,54,64,68,481,432
1686501695,0,1,0,0,1,20,24,34,44,492,446,56,55,65,70,494,448
1686501701,0,1,0,0,1,21,25,35,46,512,468,57,57,67,72,513,470
1686501707,0,1,0,0,1,22,26,36,48,543,504,60,59,70,75,545,506
1686501713,0,1,0,0,1,24,28,38,50,575,540,63,63,72,78,576,542
1686501719,0,1,0,0,1,24,27,38,50,577,544,63,63,72,78,577,542
1686501725,0,1,0,0,1,23,26,37,49,558,520,61,61,71,77,558,520
1686501731,0,1,0,0,1,23,27,37,50,565,528,62,62,73,77,565,526
1686501737,0,1,0,0,1,23,27,37,49,554,514,61,61,71,76,554,514
1686501743,0,1,0,0,1,23,27,37,49,556,518,61,61,71,76,557,520
1686501749,0,1,0,0,1,24,27,38,50,575,538,63,63,72,78,576,540
1686501755,0,1,0,0,1,23,27,37,49,559,520,62,61,71,76,558,518
1686501761,0,1,0,0,1,22,26,36,47,534,490,58,58,68,73,533,490
1686501767,0,1,0,0,1,21,25,35,46,512,468,57,56,66,71,512,466
1686501773,0,1,0,0,1,21,25,34,46,505,458,57,56,66,71,505,460
1686501779,0,1,0,0,1,20,25,34,45,502,456,56,55,65,70,501,454
1686501785,0,1,0,0,1,21,24,33,45,497,452,56,55,64,68,497,452
1686501791,0,1,0,0,1,20,24,34,44,489,444,55,55,63,67,489,444
1686501797,0,1,0,0,1,20,24,33,43,483,440,54,53,62,66,482,440
1686501803,0,1,0,0,1,20,24,33,43,479,438,54,53,61,65,480,438
1686501809,0,1,0,0,1,20,23,33,42,479,438,53,52,61,65,478,438
1686501815,0,1,0,0,1,20,24,33,43,484,444,53,53,61,66,483,444
1686501821,0,1,0,0,1,20,23,33,43,485,446,54,53,61,65,485,446
1686501827,0,1,0,0,1,20,23,33,43,487,448,53,53,61,65,486,448
1686501833,0,1,0,0,1,20,23,32,43,484,448,53,52,60,64,483,446
1686501839,0,1,0,0,0,20,25,33,43,482,446,53,52,60,64,482,446
1686501845,0,1,0,0,0,20,24,32,43,484,450,53,52,60,64,485,450
1686501851,0,1,0,0,0,20,23,32,42,480,446,52,51,59,63,479,444
1686501857,0,1,0,0,0,20,23,33,42,481,446,52,52,59,63,480,446
1686501863,0,1,0,0,0,20,23,32,42,471,434,51,51,58,62,470,434
1686501869,0,1,0,0,0,18,22,31,41,456,418,50,49,57,60,455,418
1686501875,0,1,0,0,0,19,22,31,41,453,414,51,49,57,60,453,414
1686501881,0,1,0,0,0,19,22,31,41,453,416,50,49,57,60,454,416
1686501887,0,1,0,0,0,19,23,31,40,458,420,50,49,56,61,458,422
1686501893,0,1,0,0,0,19,24,31,41,463,428,51,50,57,61,464,430
1686501899,0,1,0,0,0,20,23,32,42,480,448,53,51,59,62,481,448
1686501905,0,1,0,0,0,19,23,32,42,470,436,51,50,58,61,468,436
1686501911,0,1,0,0,0,19,22,31,41,457,422,50,49,57,60,457,422
1686501917,0,1,0,0,0,19,22,31,41,460,426,50,49,57,60,460,426
1686501923,0,1,0,0,0,19,23,31,41,465,432,51,49,57,61,465,432
1686501929,0,1,0,0,0,20,23,32,42,481,452,52,51,58,62,482,454
1686501935,0,1,0,0,1,21,25,34,44,507,484,54,53,60,64,509,486
1686501941,0,1,0,0,1,23,26,34,45,534,514,57,56,62,66,534,516
1686501947,0,1,0,0,1,22,25,35,45,525,508,55,54,61,65,524,506
1686501953,0,1,0,0,1,21,24,33,44,509,490,54,53,60,63,507,488
1686501959,0,1,0,0,0,21,25,33,43,498,478,53,52,59,62,497,478
1686501965,0,1,0,0,0,21,24,32,42,492,472,52,51,58,62,493,474
1686501971,0,1,0,0,1,21,25,33,44,511,494,54,52,59,64,511,492
1686501977,0,1,0,0,0,21,24,32,42,493,474,52,51,58,61,493,472
1686501983,0,1,0,0,0,20,23,31,42,474,452,51,50,56,59,474,452
1686501989,0,1,0,0,0,19,23,31,41,463,440,50,49,55,59,464,440
1686501995,0,1,0,0,0,20,23,31,41,470,446,50,49,55,59,469,446
1686502001,0,1,0,0,0,21,23,32,42,481,460,51,50,56,60,482,462
1686502007,0,1,0,0,1,25,29,38,49,590,586,61,60,67,71,595,592
1686502013,0,1,0,0,1,23,27,35,47,559,554,57,56,62,66,554,548
1686502019,0,1,0,0,0,20,24,32,42,486,470,51,50,56,60,482,464
1686502025,0,1,0,0,0,19,22,31,39,453,430,49,47,53,57,453,430
1686502031,0,1,0,0,0,18,22,30,39,440,414,48,46,52,55,439,414
1686502037,0,1,0,0,0,17,20,28,37,420,394,46,44,50,53,420,392
1686502043,0,1,0,0,0,17,20,29,37,418,390,46,44,50,53,417,390
1686502049,0,1,0,0,0,17,20,28,37,412,382,45,44,50,52,412,384
1686502055,0,1,0,0,0,18,21,28,38,423,396,46,45,50,53,424,398
1686502061,0,1,0,0,0,18,23,30,39,441,416,47,46,52,55,441,418
1686502067,0,1,0,0,0,18,22,29,39,444,422,48,46,52,56,445,422
1686502073,0,1,0,0,0,19,22,31,40,458,436,49,48,53,57,458,436
1686502079,0,1,0,0,0,19,23,30,39,452,428,48,47,53,57,452,428
1686502085,0,1,0,0,0,19,23,30,40,456,432,49,48,54,57,456,432
1686502091,0,1,0,0,0,20,23,31,40,463,442,50,48,55,58,464,444
1686502097,0,1,0,0,0,20,23,32,41,481,464,51,49,56,60,481,462
1686502103,0,1,0,0,0,21,24,33,43,499,484,53,51,57,62,502,486
1686502109,0,1,0,0,1,23,27,35,46,548,544,57,56,61,66,549,544
1686502115,0,1,0,0,1,23,27,36,47,555,552,57,56,62,67,555,552
1686502121,0,1,0,0,1,24,27,36,47,560,558,57,56,62,67,562,562
1686502127,0,1,0,0,1,24,28,36,47,566,568,57,57,63,67,566,568
1686502133,0,1,0,0,1,24,27,35,46,551,550,56,55,61,65,550,550
1686502139,0,1,0,0,1,24,27,36,47,565,570,58,56,63,67,567,572
1686502145,0,1,0,0,1,26,29,37,49,603,616,60,60,65,70,606,618
1686502151,0,1,0,0,1,26,29,38,50,615,630,61,60,66,71,614,628
1686502157,0,1,0,0,1,24,27,35,47,567,572,57,55,61,65,560,564
1686502163,0,1,0,0,0,20,22,30,40,470,458,49,48,53,57,470,456
1686502169,0,1,0,0,0,19,22,29,39,447,428,48,46,51,55,445,426
1686502175,0,1,0,0,0,18,21,28,38,427,404,46,44,51,53,426,402
1686502181,0,1,0,0,0,17,20,28,37,413,388,44,43,48,52,411,386
1686502187,0,1,0,0,0,16,20,27,35,398,370,43,42,48,51,398,370
1686502193,0,1,0,0,0,17,20,27,35,396,366,44,42,47,51,396,366
1686502199,0,1,0,0,0,17,20,27,36,403,374,44,43,48,51,403,374
1686502205,0,1,0,0,0,18,21,29,38,431,404,47,46,51,54,433,408
1686502211,0,1,0,0,0,19,22,30,39,448,424,48,47,53,56,449,426
1686502217,0,1,0,0,0,19,22,30,40,456,436,49,47,53,57,458,438
1686502223,0,1,0,0,0,19,22,30,40,460,442,49,48,53,56,460,442
1686502229,0,1,0,0,0,20,23,30,40,466,450,49,48,54,58,467,450
1686502235,0,1,0,0,0,20,23,30,40,466,450,49,48,53,57,467,452
1686502241,0,1,0,0,0,21,23,31,42,483,472,50,49,55,58,483,472
1686502247,0,1,0,0,0,22,25,33,43,509,506,53,51,56,61,510,506
1686502253,0,1,0,0,0,22,25,33,43,516,514,53,51,56,61,515,514
1686502259,0,1,0,0,0,21,24,32,42,504,502,52,50,55,59,504,504
1686502265,0,1,0,0,0,22,26,34,44,533,538,53,53,58,62,535,540
1686502271,0,1,0,0,1,24,27,35,47,566,576,57,56,61,65,569,580
1686502277,0,1,0,0,1,24,28,36,47,569,582,57,56,59,64,568,582
1686502283,0,1,0,0,1,24,27,35,46,564,580,56,55,59,64,565,580
1686502289,0,1,0,0,1,25,28,36,47,581,604,57,57,60,65,583,606
1686502295,0,1,0,0,1,26,30,38,49,620,652,59,59,63,68,621,654
1686502301,0,1,0,0,1,27,30,38,50,633,668,60,59,64,69,634,670
1686502307,0,1,0,0,1,26,29,37,48,612,646,58,58,62,67,610,642
1686502313,0,1,0,0,1,25,29,36,48,597,630,57,56,60,65,601,634
1686502319,0,1,0,0,1,27,29,37,49,615,650,59,59,63,67,616,652
1686502325,0,1,0,0,1,27,31,39,50,644,684,61,60,64,69,643,684
1686502331,0,1,0,0,1,28,31,38,51,650,692,61,61,65,70,647,688
1686502337,0,1,0,0,1,28,31,39,50,651,692,61,61,65,71,649,692
1686502343,0,1,0,0,1,28,30,39,50,641,682,61,61,64,69,642,684
1686502349,0,1,0,0,1,29,31,40,52,661,704,63,63,66,72,662,708
1686502355,0,1,0,0,1,30,32,41,53,687,738,64,64,68,75,689,740
1686502361,0,1,0,0,1,31,34,42,55,708,762,67,66,70,77,708,760
1686502367,0,1,0,0,1,30,33,42,54,691,740,65,64,69,75,686,736
1686502373,0,1,0,0,1,28,31,39,51,651,690,62,62,66,72,648,686
1686502379,0,1,0,0,1,25,27,36,46,577,598,56,55,60,65,575,596
1686502385,0,1,0,0,1,22,26,33,44,536,544,53,52,57,61,532,540
1686502391,0,1,0,0,0,21,23,31,41,486,482,49,48,53,57,486,482
1686502397,0,1,0,0,0,22,24,32,43,513,514,52,51,56,60,512,514
1686502403,0,1,0,0,1,24,26,34,45,555,564,55,55,59,64,558,568
1686502409,0,1,0,0,1,24,27,35,47,576,588,57,56,61,66,574,586
1686502415,0,1,0,0,1,24,27,35,47,575,588,57,57,62,67,578,590
1686502421,0,1,0,0,1,25,27,35,47,580,592,57,57,62,67,581,592
1686502427,0,1,0,0,1,27,30,40,51,640,662,63,63,69,74,641,664
1686502433,0,1,0,0,1,26,29,38,49,605,618,61,60,66,71,606,618
1686502439,0,1,0,0,1,25,28,37,49,596,606,59,59,65,70,590,598
1686502445,0,1,0,0,1,24,27,35,46,545,542,56,55,61,66,543,539
1686502451,0,1,0,0,1,26,28,38,49,600,608,62,61,68,73,610,620
1686502457,0,1,0,0,1,27,31,41,53,650,666,65,64,71,76,647,664
1686502463,0,1,0,0,1,26,30,38,50,610,618,62,61,67,73,610,620
1686502469,0,1,0,0,1,30,33,43,56,703,732,69,69,76,82,704,732
1686502475,0,1,0,0,1,29,33,42,56,685,710,68,67,74,80,685,708
1686502481,0,1,0,0,1,29,32,42,55,681,700,68,68,74,81,683,704
1686502487,0,1,0,0,1,29,32,42,55,687,712,68,68,74,81,689,716
1686502493,0,1,0,0,1,31,34,43,58,722,758,70,70,76,83,724,760
1686502499,0,1,0,0,1,32,35,45,58,748,790,72,73,79,86,748,790
1686502505,0,1,0,0,1,32,35,45,59,750,792,72,72,78,86,748,790
1686502511,0,1,0,0,1,32,35,45,58,740,782,71,72,77,84,741,782
1686502517,0,1,0,0,1,27,31,40,51,642,662,64,63,69,74,643,662
1686502523,0,1,0,0,1,28,31,39,52,644,666,63,63,68,74,641,662
1686502529,0,1,0,0,1,25,27,36,47,580,592,58,57,63,67,579,590
1686502535,0,1,0,0,1,24,28,36,47,578,590,57,57,61,66,575,588
1686502541,0,1,0,0,1,24,27,36,46,572,590,57,56,60,65,573,590
1686502547,0,1,0,0,1,25,28,37,47,586,606,58,57,62,66,592,614
1686502553,0,1,0,0,0,22,25,33,43,526,540,52,51,54,59,524,536
1686502559,0,1,0,0,0,23,26,34,45,545,564,53,52,56,61,551,572
1686502565,0,1,0,0,1,27,30,38,49,628,670,59,58,62,67,625,666
1686502571,0,1,0,0,1,26,29,37,48,614,652,58,57,60,65,611,650
1686502577,0,1,0,0,0,23,26,32,43,535,562,52,51,52,57,531,556
1686502583,0,1,0,0,1,26,28,36,47,608,650,57,56,59,63,607,650
1686502589,0,1,0,0,0,23,26,33,43,549,578,52,51,54,58,549,578
1686502595,0,1,0,0,0,22,24,31,40,502,523,49,48,50,54,508,530
1686502601,0,1,0,0,0,22,24,31,41,514,540,50,48,51,56,518,544
1686502607,0,1,0,0,1,28,30,38,49,640,696,60,59,61,67,643,698
1686502613,0,1,0,0,1,28,31,38,51,661,722,61,60,63,68,663,724
1686502619,0,1,0,0,1,28,30,38,49,651,708,60,59,62,67,649,706
1686502625,0,1,0,0,1,27,30,37,48,625,670,58,57,59,65,620,666
1686502631,0,1,0,0,1,26,29,36,46,602,646,56,56,58,63,604,648
1686502637,0,1,0,0,1,28,30,37,49,634,686,59,58,61,66,636,688
1686502643,0,1,0,0,1,27,29,37,48,629,678,58,58,62,65,629,680
1686502649,0,1,0,0,1,27,30,38,49,634,684,59,58,62,67,634,682
1686502655,0,1,0,0,1,27,31,37,49,633,680,59,59,62,67,634,682
1686502661,0,1,0,0,1,27,30,37,49,632,678,59,59,62,68,632,676
1686502667,0,1,0,0,1,27,30,38,49,635,676,60,60,63,69,634,678
1686502673,0,1,0,0,1,27,30,38,50,640,678,61,60,65,70,640,680
1686502679,0,1,0,0,1,27,30,38,50,642,680,61,61,66,70,642,680
1686502685,0,1,0,0,1,28,30,39,51,647,684,62,62,66,72,647,684
1686502691,0,1,0,0,1,27,31,39,51,650,686,63,62,67,72,652,688
1686502697,0,1,0,0,1,29,31,40,53,669,706,65,64,69,75,668,706
1686502703,0,1,0,0,1,29,32,41,54,684,720,66,66,71,77,683,720
1686502709,0,1,0,0,1,29,32,40,54,682,720,66,65,71,77,683,720
1686502715,0,1,0,0,1,29,33,42,55,693,730,67,67,73,79,696,732
1686502721,0,1,0,0,1,31,34,44,58,731,774,70,70,76,83,733,778
1686502727,0,1,0,0,1,32,34,44,57,737,782,70,70,76,83,734,778
1686502733,0,1,0,0,1,26,29,37,49,601,616,59,59,64,70,597,612
1686502739,0,1,0,0,1,25,29,37,49,606,624,59,59,65,69,602,618
1686502745,0,1,0,0,1,27,30,39,50,641,668,63,63,68,74,646,674
1686502751,0,1,0,0,1,31,34,43,56,721,764,68,68,73,79,713,754
1686502757,0,1,0,0,1,25,27,35,46,573,586,57,56,61,66,574,588
1686502763,0,1,0,0,1,23,25,33,44,539,546,53,52,57,62,531,536
1686502769,0,1,0,0,0,18,21,28,37,437,426,45,44,49,52,434,422
1686502775,0,1,0,0,0,18,20,28,36,426,414,45,43,48,52,428,416
1686502781,0,1,0,0,0,20,23,30,40,481,480,49,48,53,57,487,488
1686502787,0,1,0,0,1,26,29,38,49,604,622,58,57,62,66,588,602
1686502793,0,1,0,0,0,18,21,28,37,436,422,45,44,48,51,434,422
1686502799,0,1,0,0,0,16,19,26,34,390,374,41,40,44,47,390,372
