Timestamp,Amber,White,On,Override,Intensity,AS00,AS01,AS02,AS03,AS04,AS05,AS06,AS07,AS08,AS09,AS10,AS11
1686578405,0,1,0,0,0,2,3,6,9,78,46,10,8,11,11,79,46
1686578411,0,1,0,0,0,2,3,6,9,79,48,10,8,11,12,79,48
1686578417,0,1,0,0,0,2,3,6,9,80,48,10,9,11,12,80,48
1686578423,0,1,0,0,0,2,4,6,9,81,50,10,9,11,12,81,48
1686578429,0,1,0,0,0,2,3,6,8,82,50,10,9,11,12,82,50
1686578435,0,1,0,0,0,2,3,6,9,83,52,10,9,11,12,83,52
1686578441,0,1,0,0,0,2,3,6,9,84,52,11,9,11,12,83,52
1686578447,0,1,0,0,0,2,3,6,9,84,52,10,9,11,13,83,52
1686578453,0,1,0,0,0,2,3,6,9,84,52,11,9,11,13,84,52
1686578459,0,1,0,0,0,2,3,6,9,84,54,11,9,12,12,85,54
1686578465,0,1,0,0,0,2,3,6,9,85,54,11,9,11,12,85,54
1686578471,0,1,0,0,0,2,3,6,9,86,56,10,9,12,13,86,56
1686578477,0,1,0,0,0,2,3,6,9,87,56,11,10,12,13,87,56
1686578483,0,1,0,0,0,2,3,6,9,89,58,11,9,12,13,88,58
1686578489,0,1,0,0,0,2,3,6,9,89,58,11,10,12,13,89,58
1686578495,0,1,0,0,0,2,4,6,9,89,58,11,9,11,13,89,58
1686578501,0,1,0,0,0,2,3,6,10,90,60,11,10,12,13,91,60
1686578507,0,1,0,0,0,2,3,6,9,91,60,11,10,12,13,91,60
1686578513,0,1,0,0,0,2,4,7,10,91,62,11,10,12,13,91,60
1686578519,0,1,0,0,0,2,3,7,9,92,62,11,10,12,13,92,62
1686578525,0,1,0,0,0,3,4,7,9,93,62,11,10,13,13,93,62
1686578531,0,1,0,0,0,3,3,7,10,94,64,12,10,12,13,93,62
1686578537,0,1,0,0,0,3,4,7,10,94,64,11,10,12,14,94,64
1686578543,0,1,0,0,0,3,4,7,10,94,64,12,10,12,14,94,64
1686578549,0,1,0,0,0,2,4,6,9,95,66,11,10,12,14,95,66
1686578555,0,1,0,0,0,2,5,7,10,95,64,11,10,12,13,95,66
1686578561,0,1,0,0,0,2,4,7,9,95,66,12,10,12,13,95,64
1686578567,0,1,0,0,0,3,4,6,10,96,66,12,10,13,13,96,66
1686578573,0,1,0,0,0,2,4,7,10,96,66,12,10,13,14,96,66
1686578579,0,1,0,0,0,2,4,7,10,96,66,12,10,12,13,96,66
1686578585,0,1,0,0,0,3,4,7,10,96,68,12,10,13,14,96,66
1686578591,0,1,0,0,0,2,4,7,9,96,66,12,10,13,14,96,68
1686578597,0,1,0,0,0,3,5,7,10,96,66,11,10,12,14,95,66
1686578603,0,1,0,0,0,2,3,7,10,95,64,12,10,12,13,95,66
1686578609,0,1,0,0,0,2,4,7,10,93,64,12,10,13,14,94,64
1686578615,0,1,0,0,0,2,4,6,9,93,62,11,10,12,13,93,62
1686578621,0,1,0,0,0,2,4,7,10,93,62,11,10,12,13,93,62
1686578627,0,1,0,0,0,2,3,7,10,93,62,11,11,12,13,93,62
1686578633,0,1,0,0,0,3,3,6,10,93,62,12,10,12,14,94,62
1686578639,0,1,0,0,0,3,4,7,10,93,62,12,10,13,13,93,62
1686578645,0,1,0,0,0,2,4,7,10,93,62,11,10,12,14,93,62
1686578651,0,1,0,0,0,2,4,7,9,93,60,12,10,12,13,93,62
1686578657,0,1,0,0,0,2,3,7,9,93,62,12,10,12,14,92,60
1686578663,0,1,0,0,0,2,4,7,10,92,60,12,10,12,14,92,60
1686578669,0,1,0,0,0,2,4,6,10,92,60,12,10,12,14,93,62
1686578675,0,1,0,0,0,2,4,7,10,92,60,12,10,12,13,92,60
1686578681,0,1,0,0,0,2,4,6,10,92,60,11,10,12,13,92,60
1686578687,0,1,0,0,0,2,4,7,10,92,60,12,10,12,13,92,60
1686578693,0,1,0,0,0,2,4,6,10,91,58,12,10,12,13,91,58
1686578699,0,1,0,0,0,2,4,7,10,91,58,11,10,12,13,91,58
1686578705,0,1,0,0,0,2,4,7,10,90,56,11,10,12,13,89,56
1686578711,0,1,0,0,0,3,4,6,9,89,58,11,10,12,13,89,56
1686578717,0,1,0,0,0,3,4,7,9,90,56,11,10,12,13,89,56
1686578723,0,1,0,0,0,3,4,7,9,89,56,11,10,12,13,89,56
1686578729,0,1,0,0,0,2,3,6,9,89,56,11,10,12,13,89,56
1686578735,0,1,0,0,0,2,4,7,10,89,56,11,10,12,13,89,56
1686578741,0,1,0,0,0,2,4,7,9,90,56,11,10,12,13,90,56
1686578747,0,1,0,0,0,3,4,6,10,90,58,12,10,12,13,90,58
1686578753,0,1,0,0,0,2,4,7,10,90,58,11,10,13,14,90,56
1686578759,0,1,0,0,0,2,4,7,9,91,58,11,11,12,13,90,58
1686578765,0,1,0,0,0,2,4,7,10,91,58,12,10,12,13,91,58
1686578771,0,1,0,0,0,2,4,7,9,92,58,12,10,12,14,92,60
1686578777,0,1,0,0,0,3,4,7,10,92,60,12,10,12,14,92,60
1686578783,0,1,0,0,0,3,4,7,10,92,60,12,10,13,14,92,60
1686578789,0,1,0,0,0,2,3,7,10,92,58,12,10,13,13,92,58
1686578795,0,1,0,0,0,2,4,7,10,92,58,11,10,12,13,92,58
1686578801,0,1,0,0,0,2,4,7,10,92,58,12,10,12,13,92,58
1686578807,0,1,0,0,0,2,3,7,10,92,58,12,11,13,13,92,58
1686578813,0,1,0,0,0,2,4,7,10,93,60,12,10,13,13,93,60
1686578819,0,1,0,0,0,3,5,7,10,93,60,12,10,12,14,93,60
1686578825,0,1,0,0,0,2,4,7,10,93,60,12,11,12,14,93,60
1686578831,0,1,0,0,0,3,4,7,10,94,58,12,10,12,14,93,60
1686578837,0,1,0,0,0,3,4,7,10,93,58,12,10,13,13,93,60
1686578843,0,1,0,0,0,2,4,7,10,93,60,12,10,13,13,93,60
1686578849,0,1,0,0,0,3,4,7,10,95,62,12,10,13,14,94,60
1686578855,0,1,0,0,0,2,4,7,10,98,64,13,11,13,14,97,64
1686578861,0,1,0,0,0,2,4,8,10,100,68,13,11,13,15,100,66
1686578867,0,1,0,0,0,3,4,7,11,101,70,13,11,14,14,101,70
1686578873,0,1,0,0,0,3,4,8,10,102,70,12,11,13,15,102,70
1686578879,0,1,0,0,0,3,4,7,11,103,70,13,11,13,15,103,70
1686578885,0,1,0,0,0,3,4,8,10,104,72,13,11,14,14,103,70
1686578891,0,1,0,0,0,3,5,7,11,103,70,13,11,14,15,103,72
1686578897,0,1,0,0,0,3,4,7,10,102,70,13,11,14,14,101,68
1686578903,0,1,0,0,0,3,5,7,11,100,66,12,12,13,15,100,68
1686578909,0,1,0,0,0,3,4,7,11,99,66,13,11,14,15,100,66
1686578915,0,1,0,0,0,3,4,7,11,99,66,12,11,14,14,98,66
1686578921,0,1,0,0,0,3,4,8,10,98,64,12,11,14,14,98,64
1686578927,0,1,0,0,0,3,4,7,10,98,64,12,11,13,14,98,62
1686578933,0,1,0,0,0,3,4,7,11,97,62,12,11,13,14,97,62
1686578939,0,1,0,0,0,2,4,7,11,96,62,12,11,14,14,96,62
1686578945,0,1,0,0,0,3,4,7,10,96,62,12,11,13,14,96,62
1686578951,0,1,0,0,0,3,4,7,11,96,60,13,11,13,14,97,62
1686578957,0,1,0,0,0,3,4,7,10,96,62,12,11,13,14,97,62
1686578963,0,1,0,0,0,3,4,7,11,96,62,13,11,13,14,96,62
1686578969,0,1,0,0,0,3,4,8,10,97,62,12,11,13,14,97,62
1686578975,0,1,0,0,0,3,4,7,10,97,62,12,11,14,14,98,62
1686578981,0,1,0,0,0,2,4,7,10,97,62,13,11,13,14,97,62
1686578987,0,1,0,0,0,3,4,7,10,98,64,12,11,13,14,98,64
1686578993,0,1,0,0,0,3,4,7,10,98,64,13,12,13,14,98,64
1686578999,0,1,0,0,0,3,4,7,10,98,64,13,11,13,14,98,64
1686579005,0,1,0,0,0,3,4,7,11,99,64,13,11,14,14,99,64
1686579011,0,1,0,0,0,3,4,8,10,100,66,13,11,13,14,100,64
1686579017,0,1,0,0,0,3,4,7,11,101,66,13,12,14,15,100,66
1686579023,0,1,0,0,0,3,4,8,11,101,68,13,11,14,15,101,68
1686579029,0,1,0,0,0,3,4,7,11,101,68,13,11,14,14,101,68
1686579035,0,1,0,0,0,3,5,8,11,102,68,13,11,14,15,102,68
1686579041,0,1,0,0,0,3,5,8,11,103,70,13,11,13,15,103,70
1686579047,0,1,0,0,0,3,5,8,11,104,70,13,11,14,15,104,70
1686579053,0,1,0,0,0,3,5,8,11,104,70,13,12,14,15,105,72
1686579059,0,1,0,0,0,3,4,8,11,105,72,13,12,14,15,105,72
1686579065,0,1,0,0,0,3,4,8,11,106,72,13,12,14,15,106,72
1686579071,0,1,0,0,0,3,4,8,11,106,72,13,12,14,16,106,72
1686579077,0,1,0,0,0,3,4,8,11,105,72,13,12,14,15,105,72
1686579083,0,1,0,0,0,3,5,8,11,104,70,13,12,14,15,104,70
1686579089,0,1,0,0,0,3,4,8,11,104,70,13,11,14,15,104,70
1686579095,0,1,0,0,0,3,4,8,11,103,70,13,11,14,15,103,70
1686579101,0,1,0,0,0,3,4,8,11,104,70,13,13,14,15,104,70
1686579107,0,1,0,0,0,3,5,8,11,104,70,13,11,14,15,104,70
1686579113,0,1,0,0,0,2,4,8,11,104,70,13,11,14,15,104,70
1686579119,0,1,0,0,0,3,5,8,11,103,70,13,11,14,15,104,68
1686579125,0,1,0,0,0,3,4,8,11,104,70,13,12,14,15,104,68
1686579131,0,1,0,0,0,3,5,8,11,104,70,13,11,14,15,104,68
1686579137,0,1,0,0,0,3,5,8,12,104,68,13,12,14,15,103,68
1686579143,0,1,0,0,0,3,5,8,11,103,68,13,12,14,15,103,68
1686579149,0,1,0,0,0,3,4,8,11,103,68,13,12,14,15,103,68
1686579155,0,1,0,0,0,3,4,8,11,103,68,13,11,14,15,104,68
1686579161,0,1,0,0,0,3,5,8,11,104,68,13,11,14,15,104,70
1686579167,0,1,0,0,0,3,5,8,11,105,70,14,11,14,15,104,70
1686579173,0,1,0,0,0,3,4,8,12,105,70,13,12,14,15,105,70
1686579179,0,1,0,0,0,3,4,8,12,106,72,13,12,15,15,106,72
1686579185,0,1,0,0,0,3,5,9,11,107,72,14,12,15,15,107,72
1686579191,0,1,0,0,0,3,4,8,11,108,74,14,12,14,16,108,72
1686579197,0,1,0,0,0,3,5,8,11,108,74,14,12,14,16,108,74
1686579203,0,1,0,0,0,3,4,8,11,108,74,14,12,15,16,108,74
1686579209,0,1,0,0,0,3,4,8,12,109,74,14,12,15,16,108,74
1686579215,0,1,0,0,0,3,5,8,11,108,72,14,12,15,16,107,72
1686579221,0,1,0,0,0,3,4,8,11,106,72,13,11,14,15,106,70
1686579227,0,1,0,0,0,3,5,8,11,105,70,13,12,14,15,105,70
1686579233,0,1,0,0,0,3,4,8,11,104,70,13,11,14,15,104,68
1686579239,0,1,0,0,0,3,5,8,12,104,68,13,11,14,15,105,68
1686579245,0,1,0,0,0,3,5,8,11,105,70,13,12,14,15,105,70
1686579251,0,1,0,0,0,3,5,8,12,105,70,14,12,14,15,105,70
1686579257,0,1,0,0,0,3,4,8,11,106,70,13,12,15,15,106,70
1686579263,0,1,0,0,0,3,4,8,11,106,70,14,12,14,15,106,70
1686579269,0,1,0,0,0,3,5,8,12,106,72,14,11,14,16,107,70
1686579275,0,1,0,0,0,3,5,8,12,106,72,14,12,15,16,107,72
1686579281,0,1,0,0,0,3,4,8,11,107,72,14,12,14,15,108,72
1686579287,0,1,0,0,0,4,5,8,11,108,74,14,12,15,16,109,74
1686579293,0,1,0,0,0,3,5,9,12,109,74,14,12,15,16,109,74
1686579299,0,1,0,0,0,3,5,8,12,109,74,14,12,14,16,109,74
1686579305,0,1,0,0,0,3,4,8,11,108,74,14,12,14,15,108,72
1686579311,0,1,0,0,0,3,5,9,12,108,74,14,12,15,16,108,72
1686579317,0,1,0,0,0,4,5,8,12,108,74,14,12,14,16,108,74
1686579323,0,1,0,0,0,3,5,8,11,108,74,14,12,15,15,109,74
1686579329,0,1,0,0,0,3,5,8,12,109,74,14,12,15,15,109,74
1686579335,0,1,0,0,0,3,5,8,12,108,72,14,12,15,16,109,74
1686579341,0,1,0,0,0,3,5,9,12,110,74,14,12,15,16,109,74
1686579347,0,1,0,0,0,4,5,8,12,110,74,14,12,15,16,110,74
1686579353,0,1,0,0,0,4,6,8,12,111,76,14,13,15,16,111,76
1686579359,0,1,0,0,0,3,5,8,12,112,78,14,12,15,16,112,78
1686579365,0,1,0,0,0,4,5,8,12,114,78,15,12,15,16,113,78
1686579371,0,1,0,0,0,4,5,9,12,114,80,14,13,15,16,114,78
1686579377,0,1,0,0,0,4,5,8,12,114,78,14,13,15,16,114,80
1686579383,0,1,0,0,0,4,5,9,13,116,82,14,13,15,17,115,80
1686579389,0,1,0,0,0,4,5,9,12,116,82,14,13,16,17,116,82
1686579395,0,1,0,0,0,3,6,8,13,117,82,15,13,16,16,117,82
1686579401,0,1,0,0,0,4,5,9,12,118,84,15,13,16,17,117,84
1686579407,0,1,0,0,0,4,5,9,12,119,84,15,13,15,17,118,84
1686579413,0,1,0,0,0,4,5,9,12,119,84,15,13,16,16,119,84
1686579419,0,1,0,0,0,4,5,9,12,119,84,14,13,16,17,119,86
1686579425,0,1,0,0,0,4,5,9,12,119,84,15,13,16,17,119,86
1686579431,0,1,0,0,0,4,6,9,12,120,86,15,13,16,16,120,84
1686579437,0,1,0,0,0,4,5,9,12,120,86,15,13,16,17,120,86
1686579443,0,1,0,0,0,3,5,9,12,121,88,14,13,17,17,121,86
1686579449,0,1,0,0,0,3,5,9,12,121,88,15,13,16,17,121,88
1686579455,0,1,0,0,0,4,5,9,13,120,86,15,13,16,17,120,86
1686579461,0,1,0,0,0,4,5,9,12,119,86,15,13,16,17,119,84
1686579467,0,1,0,0,0,4,5,9,12,119,84,15,13,16,17,119,84
1686579473,0,1,0,0,0,3,5,9,13,119,86,14,13,16,17,119,86
1686579479,0,1,0,0,0,4,5,9,13,119,84,15,13,15,17,119,84
1686579485,0,1,0,0,0,4,5,9,13,119,84,15,13,16,16,119,84
1686579491,0,1,0,0,0,4,5,9,12,119,84,15,13,16,16,119,84
1686579497,0,1,0,0,0,4,5,8,12,117,82,15,13,16,16,117,82
1686579503,0,1,0,0,0,4,5,9,12,114,80,14,13,15,16,114,78
1686579509,0,1,0,0,0,4,5,9,12,113,78,14,14,15,16,113,78
1686579515,0,1,0,0,0,4,5,9,12,114,78,15,13,15,16,114,78
1686579521,0,1,0,0,0,3,5,9,12,115,80,15,13,16,16,115,80
1686579527,0,1,0,0,0,4,5,9,13,115,80,15,13,15,17,115,80
1686579533,0,1,0,0,0,4,5,9,12,116,80,15,13,15,16,115,80
1686579539,0,1,0,0,0,4,5,8,13,116,82,15,13,16,17,117,82
1686579545,0,1,0,0,0,4,6,9,12,117,82,14,13,15,17,116,82
1686579551,0,1,0,0,0,3,5,9,12,115,80,14,13,15,16,114,80
1686579557,0,1,0,0,0,3,5,9,12,112,76,15,12,15,16,112,76
1686579563,0,1,0,0,0,4,5,8,12,110,74,14,13,15,16,110,74
1686579569,0,1,0,0,0,4,5,8,12,109,72,14,12,15,15,109,74
1686579575,0,1,0,0,0,4,5,8,12,109,72,14,12,15,15,109,72
1686579581,0,1,0,0,0,3,5,9,12,109,72,14,12,15,16,109,72
1686579587,0,1,0,0,0,3,5,9,12,107,70,14,12,15,16,107,70
1686579593,0,1,0,0,0,3,5,8,12,107,70,14,12,15,16,107,70
1686579599,0,1,0,0,0,3,5,9,12,108,72,14,12,14,16,108,72
1686579605,0,1,0,0,0,3,5,9,12,108,70,14,12,15,16,108,72
1686579611,0,1,0,0,0,3,5,9,12,108,72,14,12,15,15,108,72
1686579617,0,1,0,0,0,3,5,9,12,109,72,14,12,15,16,109,72
1686579623,0,1,0,0,0,3,5,8,12,109,72,14,12,14,15,108,72
1686579629,0,1,0,0,0,3,5,9,11,108,72,14,12,15,16,108,72
1686579635,0,1,0,0,0,3,5,8,12,108,72,14,12,15,16,108,72
1686579641,0,1,0,0,0,3,5,8,12,108,72,14,12,14,16,108,72
1686579647,0,1,0,0,0,3,5,9,12,108,72,14,12,15,16,109,72
1686579653,0,1,0,0,0,3,5,8,11,109,74,14,12,15,16,109,72
1686579659,0,1,0,0,0,4,5,9,12,110,74,15,12,15,16,109,74
1686579665,0,1,0,0,0,3,5,9,12,110,74,14,12,15,16,110,74
1686579671,0,1,0,0,0,3,5,9,12,110,74,14,12,15,16,109,74
1686579677,0,1,0,0,0,4,5,9,12,109,74,14,12,15,16,109,72
1686579683,0,1,0,0,0,3,5,8,12,108,72,14,12,14,16,109,72
1686579689,0,1,0,0,0,3,5,9,12,110,74,14,12,15,16,110,74
1686579695,0,1,0,0,0,3,5,9,12,112,76,15,12,14,16,112,76
1686579701,0,1,0,0,0,3,5,9,12,114,78,15,13,15,16,114,78
1686579707,0,1,0,0,0,4,5,9,12,116,80,15,13,15,16,116,80
1686579713,0,1,0,0,0,3,5,9,12,117,82,15,13,16,16,117,82
1686579719,0,1,0,0,0,4,5,9,12,117,82,15,13,15,16,118,82
1686579725,0,1,0,0,0,4,5,9,13,116,80,15,13,15,16,116,80
1686579731,0,1,0,0,0,4,5,9,13,117,80,15,13,15,17,116,82
1686579737,0,1,0,0,0,4,5,9,12,118,82,15,13,16,16,118,82
1686579743,0,1,0,0,0,3,6,9,13,119,84,15,13,16,17,119,84
1686579749,0,1,0,0,0,4,6,9,13,119,84,15,13,15,17,119,84
1686579755,0,1,0,0,0,4,6,9,12,119,84,14,13,16,16,119,84
1686579761,0,1,0,0,0,4,5,9,13,118,84,15,13,16,17,118,84
1686579767,0,1,0,0,0,4,6,8,13,118,82,15,12,16,16,118,82
1686579773,0,1,0,0,0,4,5,9,13,117,82,14,12,15,16,117,82
1686579779,0,1,0,0,0,4,5,9,13,117,82,14,13,16,16,117,82
1686579785,0,1,0,0,0,4,6,9,12,117,82,15,13,16,16,117,80
1686579791,0,1,0,0,0,3,5,9,12,117,82,15,13,15,16,117,82
1686579797,0,1,0,0,0,4,6,9,13,117,82,14,13,16,16,117,82
1686579803,0,1,0,0,0,3,5,9,12,117,81,15,13,15,16,117,80
1686579809,0,1,0,0,0,3,5,9,13,116,80,15,13,15,16,115,80
1686579815,0,1,0,0,0,3,6,9,12,116,78,15,13,15,16,115,78
1686579821,0,1,0,0,0,4,6,9,12,117,80,15,13,16,16,117,80
1686579827,0,1,0,0,0,4,5,9,13,118,82,15,13,16,16,119,82
1686579833,0,1,0,0,0,4,5,9,13,119,84,15,13,16,17,119,84
1686579839,0,1,0,0,0,3,5,9,12,120,84,15,13,16,17,120,84
1686579845,0,1,0,0,0,4,5,9,13,119,84,15,14,15,16,119,84
1686579851,0,1,0,0,0,4,5,9,13,120,84,15,13,16,16,119,84
1686579857,0,1,0,0,0,4,6,9,12,119,84,15,13,17,17,119,82
1686579863,0,1,0,0,0,4,5,9,12,119,82,15,13,16,17,119,82
1686579869,0,1,0,0,0,4,6,9,12,118,82,15,13,16,16,118,82
1686579875,0,1,0,0,0,3,7,9,12,119,82,15,13,16,16,119,84
1686579881,0,1,0,0,0,3,6,9,13,120,84,15,14,16,16,120,84
1686579887,0,1,0,0,0,4,6,10,13,121,86,15,13,16,17,121,86
1686579893,0,1,0,0,0,4,6,9,13,122,86,15,13,16,17,122,86
1686579899,0,1,0,0,0,4,6,9,13,122,86,15,13,16,17,122,86
1686579905,0,1,0,0,0,4,6,9,13,121,86,15,13,16,17,122,86
1686579911,0,1,0,0,0,4,5,10,12,122,86,15,13,16,17,122,86
1686579917,0,1,0,0,0,4,6,9,14,123,88,16,13,16,17,123,88
1686579923,0,1,0,0,0,4,6,9,13,124,90,15,14,16,18,124,90
1686579929,0,1,0,0,0,4,7,9,13,125,90,15,14,16,17,125,90
1686579935,0,1,0,0,0,4,6,9,13,125,90,15,14,16,17,125,90
1686579941,0,1,0,0,0,4,6,9,14,126,92,15,14,16,17,126,92
1686579947,0,1,0,0,0,4,6,10,13,127,92,16,14,16,18,127,92
1686579953,0,1,0,0,0,4,7,10,13,127,94,15,14,17,18,127,94
1686579959,0,1,0,0,0,4,6,9,13,127,92,16,14,16,17,127,92
1686579965,0,1,0,0,0,4,6,10,13,126,92,15,14,16,17,126,92
1686579971,0,1,0,0,0,4,6,10,13,126,92,16,14,16,18,126,92
1686579977,0,1,0,0,0,4,6,10,13,126,90,15,14,16,17,125,90
1686579983,0,1,0,0,0,4,6,10,13,125,90,15,14,17,17,125,90
1686579989,0,1,0,0,0,4,7,10,13,124,88,15,13,16,17,124,88
1686579995,0,1,0,0,0,4,5,9,13,123,88,15,14,16,17,123,88
1686580001,0,1,0,0,0,4,6,9,13,123,88,15,14,16,16,123,88
1686580007,0,1,0,0,0,4,6,9,13,124,90,15,14,16,17,124,88
1686580013,0,1,0,0,0,4,6,10,13,125,90,16,14,17,18,125,90
1686580019,0,1,0,0,0,4,6,10,13,125,90,16,13,16,17,126,90
1686580025,0,1,0,0,0,4,6,9,13,124,88,16,14,16,17,124,88
1686580031,0,1,0,0,0,4,6,10,13,123,88,16,14,16,17,123,88
1686580037,0,1,0,0,0,4,6,9,13,122,86,16,13,16,17,122,86
1686580043,0,1,0,0,0,4,6,10,13,122,86,16,13,16,17,122,86
1686580049,0,1,0,0,0,4,6,10,14,124,88,16,13,16,17,124,88
1686580055,0,1,0,0,0,4,7,10,13,125,90,16,14,16,17,125,90
1686580061,0,1,0,0,0,3,6,10,13,125,90,16,14,16,17,124,88
1686580067,0,1,0,0,0,4,6,9,13,121,84,15,13,16,16,121,84
1686580073,0,1,0,0,0,4,6,10,13,118,82,15,13,16,17,118,82
1686580079,0,1,0,0,0,4,5,9,12,118,80,15,13,15,17,118,80
1686580085,0,1,0,0,0,4,6,9,13,120,84,15,13,16,16,120,84
1686580091,0,1,0,0,0,5,6,9,13,121,86,15,13,16,17,121,86
1686580097,0,1,0,0,0,4,6,10,13,122,86,15,14,16,17,122,86
1686580103,0,1,0,0,0,4,5,9,13,122,86,15,14,16,17,122,86
1686580109,0,1,0,0,0,4,6,10,13,124,88,15,14,16,17,124,88
1686580115,0,1,0,0,0,4,6,9,13,125,90,15,14,16,17,125,90
1686580121,0,1,0,0,0,4,6,10,13,127,92,16,14,17,17,127,92
1686580127,0,1,0,0,0,5,6,10,13,128,94,16,14,16,17,129,94
1686580133,0,1,0,0,0,4,6,10,14,130,96,16,14,17,18,131,96
1686580139,0,1,0,0,0,5,6,10,14,131,98,16,14,17,17,131,98
1686580145,0,1,0,0,0,4,6,10,14,132,98,16,14,17,17,132,98
1686580151,0,1,0,0,0,4,6,10,14,133,100,17,14,17,18,133,100
1686580157,0,1,0,0,0,5,6,11,14,132,98,16,14,16,18,132,98
1686580163,0,1,0,0,0,4,6,10,13,130,96,16,14,17,18,130,96
1686580169,0,1,0,0,0,5,6,10,14,130,96,16,14,17,17,130,96
1686580175,0,1,0,0,0,4,6,10,14,129,94,16,14,17,18,129,94
1686580181,0,1,0,0,0,4,6,10,13,129,94,16,14,16,17,129,94
1686580187,0,1,0,0,0,4,6,10,14,129,94,16,14,17,17,130,96
1686580193,0,1,0,0,0,4,6,10,13,130,98,16,14,17,17,131,96
1686580199,0,1,0,0,0,4,6,10,14,133,100,16,14,17,18,133,100
1686580205,0,1,0,0,0,5,7,10,14,133,100,16,14,17,18,133,100
1686580211,0,1,0,0,0,5,6,10,14,134,100,17,14,17,18,134,100
1686580217,0,1,0,0,0,5,7,10,14,136,102,16,15,17,18,136,104
1686580223,0,1,0,0,0,5,6,11,14,136,104,17,15,18,18,136,104
1686580229,0,1,0,0,0,5,6,10,14,136,104,16,15,17,18,136,102
1686580235,0,1,0,0,0,4,6,10,14,135,102,16,15,17,18,135,102
1686580241,0,1,0,0,0,5,7,11,14,136,102,16,15,17,18,136,104
1686580247,0,1,0,0,0,5,7,10,14,137,104,16,14,17,18,137,104
1686580253,0,1,0,0,0,4,7,11,14,139,108,17,15,18,18,139,108
1686580259,0,1,0,0,0,5,8,11,14,139,108,16,15,17,18,140,108
1686580265,0,1,0,0,0,5,6,11,14,139,108,17,15,17,18,139,106
1686580271,0,1,0,0,0,5,6,11,14,138,106,17,15,17,18,138,104
1686580277,0,1,0,0,0,5,7,10,14,138,106,17,15,17,18,138,106
1686580283,0,1,0,0,0,5,6,10,14,138,106,16,15,17,18,139,106
1686580289,0,1,0,0,0,5,6,11,14,140,108,17,15,17,19,140,108
1686580295,0,1,0,0,0,5,7,11,14,142,110,17,14,18,18,141,110
1686580301,0,1,0,0,0,5,7,10,15,143,112,17,15,18,19,144,112
1686580307,0,1,0,0,0,5,7,11,15,144,114,17,16,18,19,145,114
1686580313,0,1,0,0,0,5,7,11,14,145,116,17,15,18,19,145,116
1686580319,0,1,0,0,0,5,7,11,14,146,116,17,15,18,19,145,116
1686580325,0,1,0,0,0,5,7,11,15,146,116,17,15,18,19,146,116
1686580331,0,1,0,0,0,5,7,11,15,147,116,18,15,18,19,147,116
1686580337,0,1,0,0,0,5,7,10,15,147,116,17,15,18,19,147,116
1686580343,0,1,0,0,0,4,7,11,15,146,116,18,15,18,19,147,116
1686580349,0,1,0,0,0,5,7,11,15,145,114,18,15,18,19,145,114
1686580355,0,1,0,0,0,5,7,11,14,142,110,17,15,18,18,142,110
1686580361,0,1,0,0,0,5,6,10,14,138,104,17,15,18,18,138,104
1686580367,0,1,0,0,0,5,7,11,15,136,102,17,15,17,19,136,102
1686580373,0,1,0,0,0,4,7,11,14,135,102,17,14,17,18,135,102
1686580379,0,1,0,0,0,5,6,11,14,132,98,17,14,17,17,131,98
1686580385,0,1,0,0,0,4,6,10,14,129,94,16,14,17,17,129,94
1686580391,0,1,0,0,0,5,6,10,14,131,96,16,14,17,17,130,96
1686580397,0,1,0,0,0,4,6,10,14,132,98,16,14,17,17,133,98
1686580403,0,1,0,0,0,4,7,10,14,134,100,16,14,17,18,134,102
1686580409,0,1,0,0,0,5,7,10,14,136,102,16,15,18,18,136,104
1686580415,0,1,0,0,0,4,7,10,14,137,106,16,15,17,18,138,106
1686580421,0,1,0,0,0,5,7,11,14,140,108,17,15,17,19,140,108
1686580427,0,1,0,0,0,5,7,10,14,141,110,17,15,17,18,141,110
1686580433,0,1,0,0,0,5,6,11,15,142,110,17,15,18,19,142,110
1686580439,0,1,0,0,0,5,7,11,14,142,110,17,15,18,19,141,110
1686580445,0,1,0,0,0,5,6,11,15,141,110,17,14,17,18,141,110
1686580451,0,1,0,0,0,5,7,11,14,142,110,17,15,17,18,141,110
1686580457,0,1,0,0,0,5,7,11,14,143,112,17,15,17,19,144,112
1686580463,0,1,0,0,0,5,7,11,15,144,114,18,15,18,19,144,114
1686580469,0,1,0,0,0,5,7,11,15,145,114,17,15,18,19,145,114
1686580475,0,1,0,0,0,5,7,11,14,146,116,17,16,18,19,146,116
1686580481,0,1,0,0,0,5,7,11,15,148,118,18,15,18,19,147,118
1686580487,0,1,0,0,0,5,7,11,15,149,120,17,16,18,19,149,120
1686580493,0,1,0,0,0,5,7,11,15,150,120,17,16,19,19,151,120
1686580499,0,1,0,0,0,5,7,11,15,150,120,18,16,18,19,150,120
1686580505,0,1,0,0,0,5,7,11,15,149,120,18,15,18,19,149,120
1686580511,0,1,0,0,0,5,8,11,15,151,120,18,16,18,19,151,122
1686580517,0,1,0,0,0,5,7,11,15,152,122,18,16,18,20,151,122
1686580523,0,1,0,0,0,5,7,11,15,153,124,18,16,19,19,153,124
1686580529,0,1,0,0,0,6,7,11,15,155,126,18,16,19,20,155,126
1686580535,0,1,0,0,0,6,7,11,15,156,128,18,16,19,19,156,128
1686580541,0,1,0,0,0,5,8,12,15,157,128,18,17,19,20,157,128
1686580547,0,1,0,0,0,6,9,11,16,157,130,18,16,19,20,157,130
1686580553,0,1,0,0,0,6,8,12,16,158,130,18,17,19,19,157,130
1686580559,0,1,0,0,0,6,8,11,15,159,132,18,17,19,20,159,132
1686580565,0,1,0,0,0,6,7,12,16,160,132,18,17,19,21,160,132
1686580571,0,1,0,0,0,6,8,12,16,161,134,18,17,20,20,161,134
1686580577,0,1,0,0,0,6,8,12,16,162,136,19,17,19,20,162,136
1686580583,0,1,0,0,0,6,8,12,16,163,136,19,17,19,20,163,136
1686580589,0,1,0,0,0,6,8,11,16,164,138,19,17,20,20,164,138
1686580595,0,1,0,0,0,6,8,12,16,165,140,18,17,20,21,165,138
1686580601,0,1,0,0,0,6,9,12,15,166,140,19,17,20,20,166,140
1686580607,0,1,0,0,0,6,8,12,16,165,140,19,17,20,20,166,140
1686580613,0,1,0,0,0,6,8,12,16,166,140,19,17,20,21,166,140
1686580619,0,1,0,0,0,6,8,11,16,166,140,19,17,19,21,166,140
1686580625,0,1,0,0,0,6,8,12,16,166,140,19,17,20,20,165,140
1686580631,0,1,0,0,0,6,8,12,15,166,140,19,17,20,21,166,140
1686580637,0,1,0,0,0,6,8,12,17,167,142,18,17,19,20,166,140
1686580643,0,1,0,0,0,6,8,12,16,166,140,19,17,19,21,166,142
1686580649,0,1,0,0,0,6,8,12,16,166,140,19,17,19,21,166,142
1686580655,0,1,0,0,0,6,8,12,17,166,140,19,17,19,21,166,140
1686580661,0,1,0,0,0,6,8,12,16,166,140,19,17,19,21,166,140
1686580667,0,1,0,0,0,6,8,12,16,167,142,19,17,19,21,167,142
1686580673,0,1,0,0,0,6,8,12,16,167,142,19,17,20,21,168,142
1686580679,0,1,0,0,0,6,8,12,16,167,142,19,17,19,21,167,142
1686580685,0,1,0,0,0,6,8,12,16,167,142,19,17,20,21,166,140
1686580691,0,1,0,0,0,6,8,12,16,165,138,19,17,19,21,164,138
1686580697,0,1,0,0,0,6,8,12,16,164,138,19,17,19,20,164,138
1686580703,0,1,0,0,0,6,8,12,15,164,136,19,17,19,20,163,138
1686580709,0,1,0,0,0,6,7,12,16,160,134,19,16,19,20,161,134
1686580715,0,1,0,0,0,6,8,12,16,160,132,18,16,19,20,160,132
1686580721,0,1,0,0,0,5,8,12,16,159,132,18,16,19,20,159,132
1686580727,0,1,0,0,0,6,8,11,16,158,132,18,17,19,20,158,132
1686580733,0,1,0,0,0,6,8,12,15,158,130,19,16,19,20,157,130
1686580739,0,1,0,0,0,6,8,11,16,156,128,18,16,19,20,157,128
1686580745,0,1,0,0,0,6,8,11,15,154,126,18,16,18,19,154,126
1686580751,0,1,0,0,0,6,7,12,15,153,124,18,16,18,19,152,124
1686580757,0,1,0,0,0,5,7,12,15,152,124,18,16,18,19,153,124
1686580763,0,1,0,0,0,6,8,11,15,152,122,18,16,18,19,151,122
1686580769,0,1,0,0,0,5,7,12,15,152,124,18,16,18,19,152,124
1686580775,0,1,0,0,0,5,7,11,15,151,122,17,16,18,19,151,122
1686580781,0,1,0,0,0,5,8,12,15,146,116,18,15,18,19,146,114
1686580787,0,1,0,0,0,5,7,10,14,141,110,17,15,17,18,141,110
1686580793,0,1,0,0,0,5,7,11,14,139,108,17,15,17,18,139,108
1686580799,0,1,0,0,0,4,7,11,14,138,108,17,15,17,17,139,106
1686580805,0,1,0,0,0,5,6,11,14,138,106,17,15,17,17,139,106
1686580811,0,1,0,0,0,4,7,11,15,138,106,17,15,17,18,138,108
1686580817,0,1,0,0,0,5,7,11,15,141,110,17,15,17,18,142,110
1686580823,0,1,0,0,0,5,7,11,15,146,116,17,15,18,19,146,116
1686580829,0,1,0,0,0,5,7,11,15,149,120,17,16,18,19,149,120
1686580835,0,1,0,0,0,5,8,11,16,151,122,18,15,18,19,151,122
1686580841,0,1,0,0,0,5,7,12,15,153,126,18,15,18,19,153,124
1686580847,0,1,0,0,0,5,7,12,15,155,128,18,16,19,19,155,128
1686580853,0,1,0,0,0,5,7,11,15,156,130,18,16,19,20,156,130
1686580859,0,1,0,0,0,6,8,12,15,157,132,19,16,18,19,157,132
1686580865,0,1,0,0,0,6,9,11,15,158,132,18,16,18,20,159,132
1686580871,0,1,0,0,0,6,8,12,15,160,134,19,16,19,19,160,134
1686580877,0,1,0,0,0,6,8,12,15,162,136,18,17,19,20,162,136
1686580883,0,1,0,0,0,6,8,12,16,163,138,18,16,19,20,162,138
1686580889,0,1,0,0,0,6,8,12,16,165,140,19,17,19,20,164,138
1686580895,0,1,0,0,0,6,8,12,16,165,140,18,18,19,20,165,140
1686580901,0,1,0,0,0,6,8,12,16,166,142,19,18,19,20,166,142
1686580907,0,1,0,0,0,6,9,12,16,166,142,19,17,19,20,166,140
1686580913,0,1,0,0,0,6,8,12,16,167,142,19,17,20,20,167,144
1686580919,0,1,0,0,0,6,8,12,17,169,144,19,18,20,20,169,144
1686580925,0,1,0,0,0,6,8,12,16,169,146,19,17,19,20,169,146
1686580931,0,1,0,0,0,6,8,12,16,169,146,19,17,20,21,170,146
1686580937,0,1,0,0,0,6,8,12,17,170,148,19,17,20,21,170,148
1686580943,0,1,0,0,0,6,8,12,16,168,144,19,17,20,20,168,144
1686580949,0,1,0,0,0,7,8,12,16,169,146,19,17,19,20,169,146
1686580955,0,1,0,0,0,6,8,12,16,168,144,19,17,20,20,168,144
1686580961,0,1,0,0,0,6,8,12,16,169,144,19,17,20,20,169,144
1686580967,0,1,0,0,0,6,8,12,16,167,144,19,17,19,20,168,144
1686580973,0,1,0,0,0,6,8,12,16,168,142,19,17,19,20,167,144
1686580979,0,1,0,0,0,7,8,12,16,166,144,19,17,19,20,167,144
1686580985,0,1,0,0,0,7,8,12,17,169,146,19,17,19,20,169,144
1686580991,0,1,0,0,0,6,8,13,16,170,148,19,18,20,20,171,146
1686580997,0,1,0,0,0,7,8,12,16,172,150,19,17,19,20,173,150
1686581003,0,1,0,0,0,6,8,13,17,175,154,19,17,20,21,175,154
1686581009,0,1,0,0,0,6,8,12,17,176,156,19,18,20,21,177,156
1686581015,0,1,0,0,0,6,9,12,17,178,158,19,17,20,21,178,158
1686581021,0,1,0,0,0,7,8,13,17,180,160,19,18,21,22,180,160
1686581027,0,1,0,0,0,7,9,12,17,182,162,19,18,20,21,181,162
1686581033,0,1,0,0,0,7,8,13,17,181,162,20,18,20,21,181,162
1686581039,0,1,0,0,0,7,9,13,17,181,160,20,18,21,21,181,162
1686581045,0,1,0,0,0,7,8,12,17,181,160,20,18,21,21,181,162
1686581051,0,1,0,0,0,7,9,12,17,181,160,20,18,21,21,180,160
1686581057,0,1,0,0,0,7,9,13,17,181,162,20,18,20,21,182,160
1686581063,0,1,0,0,0,7,8,13,17,182,162,20,18,20,21,181,162
1686581069,0,1,0,0,0,7,9,13,17,181,162,19,18,20,21,181,162
1686581075,0,1,0,0,0,7,9,12,17,181,160,20,18,20,21,181,162
1686581081,0,1,0,0,0,7,8,13,17,181,162,20,18,20,21,181,162
1686581087,0,1,0,0,0,6,9,13,17,181,162,20,18,20,21,181,160
1686581093,0,1,0,0,0,7,8,12,17,180,160,20,18,20,21,181,160
1686581099,0,1,0,0,0,7,9,13,17,181,160,20,18,20,22,181,160
1686581105,0,1,0,0,0,7,8,13,17,182,162,20,18,20,22,181,160
1686581111,0,1,0,0,0,7,9,13,17,182,162,20,18,21,21,183,162
1686581117,0,1,0,0,0,7,8,13,17,183,164,20,18,20,22,184,164
1686581123,0,1,0,0,0,6,9,13,17,181,162,20,18,20,21,181,160
1686581129,0,1,0,0,0,7,9,12,17,180,160,19,18,21,21,180,160
1686581135,0,1,0,0,0,7,9,12,17,179,158,19,18,20,21,179,158
1686581141,0,1,0,0,0,7,8,13,17,178,158,19,18,20,21,178,156
1686581147,0,1,0,0,0,7,8,13,17,177,156,20,18,20,21,177,156
1686581153,0,1,0,0,0,6,8,12,16,175,152,19,17,20,21,175,152
1686581159,0,1,0,0,0,6,8,13,16,169,146,19,17,19,21,169,146
1686581165,0,1,0,0,0,6,8,12,16,166,142,19,17,19,19,166,142
1686581171,0,1,0,0,0,6,8,12,16,166,142,19,17,19,20,166,142
1686581177,0,1,0,0,0,6,8,12,16,167,144,19,17,19,20,167,144
1686581183,0,1,0,0,0,6,8,12,16,171,148,19,17,19,20,171,148
1686581189,0,1,0,0,0,7,9,12,16,175,154,19,18,20,21,175,154
1686581195,0,1,0,0,0,7,8,12,17,179,158,20,18,20,21,179,160
1686581201,0,1,0,0,0,7,9,13,17,182,162,20,18,20,22,182,162
1686581207,0,1,0,0,0,7,9,12,17,185,166,20,19,20,22,185,166
1686581213,0,1,0,0,0,7,8,14,17,186,168,20,18,21,21,187,168
1686581219,0,1,0,0,0,7,9,14,17,187,168,20,18,20,22,187,168
1686581225,0,1,0,0,0,7,9,13,18,187,168,20,18,21,22,186,168
1686581231,0,1,0,0,0,7,9,13,17,187,168,20,18,21,22,187,168
1686581237,0,1,0,0,0,7,9,13,17,187,168,21,19,20,22,187,168
1686581243,0,1,0,0,0,7,9,13,17,188,170,21,19,21,22,189,170
1686581249,0,1,0,0,0,7,9,13,18,189,170,20,19,21,22,189,170
1686581255,0,1,0,0,0,7,9,13,18,190,172,20,19,21,22,190,172
1686581261,0,1,0,0,0,7,9,13,17,191,172,21,19,21,22,191,172
1686581267,0,1,0,0,0,7,9,13,18,191,172,21,19,22,22,191,174
1686581273,0,1,0,0,0,7,10,14,18,192,174,21,19,21,22,192,176
1686581279,0,1,0,0,0,7,9,13,17,193,176,20,20,21,23,193,174
1686581285,0,1,0,0,0,7,9,13,18,193,174,21,19,21,22,192,174
1686581291,0,1,0,0,0,7,9,13,18,193,176,21,19,21,22,193,174
1686581297,0,1,0,0,0,8,10,13,18,192,176,21,19,21,22,193,176
1686581303,0,1,0,0,0,8,9,14,17,193,174,20,20,21,22,192,174
1686581309,0,1,0,0,0,7,9,14,18,192,174,20,19,21,22,192,174
1686581315,0,1,0,0,0,7,9,13,18,193,174,21,19,21,22,192,174
1686581321,0,1,0,0,0,7,10,14,18,194,176,21,19,21,22,193,176
1686581327,0,1,0,0,0,7,9,13,18,194,176,21,19,21,23,195,176
1686581333,0,1,0,0,0,8,9,13,17,193,176,21,19,21,23,194,176
1686581339,0,1,0,0,0,7,9,13,18,194,176,21,19,21,23,194,176
1686581345,0,1,0,0,0,7,9,14,17,193,176,21,19,21,23,194,176
1686581351,0,1,0,0,0,7,9,13,18,193,174,21,19,21,23,193,174
1686581357,0,1,0,0,0,7,9,13,18,194,176,21,19,22,23,194,176
1686581363,0,1,0,0,0,7,9,13,18,195,176,21,19,21,22,194,176
1686581369,0,1,0,0,0,8,9,13,18,195,178,21,19,22,23,195,178
1686581375,0,1,0,0,0,7,9,13,18,195,178,21,19,21,23,196,178
1686581381,0,1,0,0,0,8,9,13,18,196,178,21,19,22,23,196,178
1686581387,0,1,0,0,0,7,10,13,18,197,178,21,19,21,23,197,178
1686581393,0,1,0,0,0,7,10,14,18,195,178,21,19,22,23,195,178
1686581399,0,1,0,0,0,7,9,13,18,195,178,21,19,22,22,196,178
1686581405,0,1,0,0,0,8,9,13,18,196,180,21,19,21,23,196,178
1686581411,0,1,0,0,0,8,9,14,18,197,180,21,19,21,22,197,180
1686581417,0,1,0,0,0,7,10,14,18,197,180,21,20,21,23,197,180
1686581423,0,1,0,0,0,7,9,13,18,197,180,21,19,21,22,197,180
1686581429,0,1,0,0,0,7,9,13,18,196,178,21,19,21,23,196,180
1686581435,0,1,0,0,0,7,9,14,18,198,180,21,20,22,23,198,180
1686581441,0,1,0,0,0,7,9,14,18,196,178,21,19,21,23,197,178
1686581447,0,1,0,0,0,7,9,14,18,199,180,21,20,22,23,199,180
1686581453,0,1,0,0,0,8,9,14,18,197,180,21,19,21,23,197,180
1686581459,0,1,0,0,0,7,10,14,18,198,180,21,20,21,22,197,180
1686581465,0,1,0,0,0,8,10,13,18,200,182,21,19,22,23,200,182
1686581471,0,1,0,0,0,8,10,14,18,199,182,21,20,22,23,199,182
1686581477,0,1,0,0,0,7,10,14,19,199,182,21,20,22,23,199,182
1686581483,0,1,0,0,0,8,10,13,18,198,182,21,19,21,23,199,182
1686581489,0,1,0,0,0,8,9,13,18,199,182,22,20,21,23,200,182
1686581495,0,1,0,0,0,7,9,13,18,200,182,21,20,21,23,200,182
1686581501,0,1,0,0,0,8,10,14,18,200,182,22,20,22,23,199,182
1686581507,0,1,0,0,0,8,10,14,18,199,182,21,20,22,23,199,182
1686581513,0,1,0,0,0,8,9,13,18,200,184,21,19,22,23,200,184
1686581519,0,1,0,0,0,8,10,14,19,203,186,22,19,22,23,203,186
1686581525,0,1,0,0,0,8,10,13,19,203,186,22,20,22,23,203,188
1686581531,0,1,0,0,0,8,10,14,18,203,186,21,20,22,23,203,186
1686581537,0,1,0,0,0,8,11,14,18,203,188,22,20,22,23,203,188
1686581543,0,1,0,0,0,8,10,14,19,203,188,21,19,22,23,204,188
1686581549,0,1,0,0,0,8,9,14,18,203,188,22,19,22,23,204,186
1686581555,0,1,0,0,0,8,9,14,18,204,188,22,20,23,23,204,188
1686581561,0,1,0,0,0,8,10,14,18,205,190,21,20,22,23,206,190
1686581567,0,1,0,0,0,8,10,14,18,207,192,22,20,22,24,207,192
1686581573,0,1,0,0,0,8,10,14,19,208,196,22,20,22,24,208,194
1686581579,0,1,0,0,0,8,10,14,19,209,196,22,20,23,23,209,194
1686581585,0,1,0,0,0,8,11,14,19,210,196,22,20,23,24,211,196
1686581591,0,1,0,0,0,8,10,14,19,211,198,22,20,23,24,211,198
1686581597,0,1,0,0,0,8,10,14,19,211,198,22,22,23,24,211,198
1686581603,0,1,0,0,0,8,10,14,19,212,198,22,20,22,24,212,198
1686581609,0,1,0,0,0,8,10,14,19,212,198,22,20,23,24,212,198
1686581615,0,1,0,0,0,9,10,14,19,212,198,22,20,22,24,212,198
1686581621,0,1,0,0,0,8,10,15,19,212,198,22,21,23,24,212,198
1686581627,0,1,0,0,0,8,10,14,19,213,200,22,21,23,24,213,200
1686581633,0,1,0,0,0,8,10,14,19,213,198,23,20,23,24,212,198
1686581639,0,1,0,0,0,8,10,14,19,212,198,22,20,23,24,212,198
1686581645,0,1,0,0,0,8,10,14,19,212,198,22,21,23,24,213,200
1686581651,0,1,0,0,0,8,10,15,19,214,200,23,21,23,24,214,200
1686581657,0,1,0,0,0,9,10,14,19,214,202,22,21,23,24,214,200
1686581663,0,1,0,0,0,8,10,14,19,216,202,22,21,23,24,215,202
1686581669,0,1,0,0,0,8,10,14,19,217,204,23,21,23,24,217,204
1686581675,0,1,0,0,0,9,10,14,19,216,202,23,21,23,25,216,204
1686581681,0,1,0,0,0,8,10,14,19,216,204,22,21,23,24,215,202
1686581687,0,1,0,0,0,8,10,14,19,216,202,23,20,23,25,216,204
1686581693,0,1,0,0,0,8,10,14,19,215,202,22,21,22,24,214,202
1686581699,0,1,0,0,0,8,10,14,19,211,198,22,21,23,24,212,198
1686581705,0,1,0,0,0,8,10,15,19,213,200,23,20,23,24,213,200
1686581711,0,1,0,0,0,8,10,14,19,215,202,22,21,23,24,215,202
1686581717,0,1,0,0,0,9,10,15,19,215,202,22,21,23,24,215,202
1686581723,0,1,0,0,0,8,10,14,19,212,198,22,20,22,24,212,198
1686581729,0,1,0,0,0,8,10,14,19,212,198,22,20,22,24,212,198
1686581735,0,1,0,0,0,8,11,14,19,213,200,22,21,23,24,212,198
1686581741,0,1,0,0,0,8,10,14,18,204,188,22,20,21,23,203,188
1686581747,0,1,0,0,0,7,9,14,18,194,174,20,19,20,22,193,176
1686581753,0,1,0,0,0,7,9,13,17,194,176,21,19,21,22,195,176
1686581759,0,1,0,0,0,8,9,14,18,198,182,21,19,21,23,199,182
1686581765,0,1,0,0,0,8,10,13,18,198,182,21,20,21,22,197,182
1686581771,0,1,0,0,0,7,9,13,18,193,174,21,18,21,22,193,176
1686581777,0,1,0,0,0,8,9,13,18,196,178,20,19,21,22,196,180
1686581783,0,1,0,0,0,7,9,13,18,195,178,21,19,20,22,194,178
1686581789,0,1,0,0,0,7,9,12,17,188,168,20,18,20,22,187,168
1686581795,0,1,0,0,0,7,8,12,17,176,154,19,17,19,20,175,154
1686581801,0,1,0,0,0,6,8,12,17,171,150,19,17,19,20,171,148
1686581807,0,1,0,0,0,6,8,12,15,165,140,18,17,18,19,164,140
1686581813,0,1,0,0,0,6,8,12,15,163,138,18,16,18,19,163,138
1686581819,0,1,0,0,0,7,8,12,16,170,148,19,17,19,20,171,148
1686581825,0,1,0,0,0,7,8,12,16,175,154,19,17,19,20,176,154
1686581831,0,1,0,0,0,7,8,12,16,173,152,19,17,19,20,172,152
1686581837,0,1,0,0,0,6,8,12,16,172,150,19,17,18,20,173,152
1686581843,0,1,0,0,0,7,8,12,16,173,152,19,17,19,20,173,152
1686581849,0,1,0,0,0,6,8,12,16,170,148,19,16,18,19,169,148
1686581855,0,1,0,0,0,7,8,12,16,169,146,19,17,18,20,169,146
1686581861,0,1,0,0,0,6,8,11,16,167,144,19,16,18,19,167,144
1686581867,0,1,0,0,0,6,8,11,15,165,142,18,16,18,19,165,142
1686581873,0,1,0,0,0,6,8,12,16,169,146,18,17,18,20,169,146
1686581879,0,1,0,0,0,6,8,11,15,167,144,19,16,18,20,166,144
1686581885,0,1,0,0,0,5,7,11,15,153,128,17,15,17,18,152,126
1686581891,0,1,0,0,0,5,7,11,14,149,122,17,14,16,17,149,122
1686581897,0,1,0,0,0,5,7,11,15,152,126,17,15,17,18,152,126
1686581903,0,1,0,0,0,6,7,11,15,152,128,17,15,17,18,153,126
1686581909,0,1,0,0,0,6,7,11,15,154,128,18,15,17,18,154,128
1686581915,0,1,0,0,0,5,8,11,15,157,132,18,16,17,18,157,134
1686581921,0,1,0,0,0,6,8,11,16,161,138,18,16,18,19,161,136
1686581927,0,1,0,0,0,6,7,11,15,165,140,18,16,18,19,164,142
1686581933,0,1,0,0,0,6,8,12,16,167,146,19,16,19,19,168,146
1686581939,0,1,0,0,0,6,8,12,16,170,150,19,17,19,20,170,150
1686581945,0,1,0,0,0,6,8,12,16,168,146,19,16,19,19,168,146
1686581951,0,1,0,0,0,6,9,11,15,166,144,19,16,19,19,167,144
1686581957,0,1,0,0,0,6,8,11,16,168,146,18,17,18,19,168,146
1686581963,0,1,0,0,0,6,8,12,16,168,146,18,17,19,19,169,146
1686581969,0,1,0,0,0,6,8,12,15,165,142,18,16,18,19,163,140
1686581975,0,1,0,0,0,5,7,11,15,158,134,18,16,17,19,158,134
1686581981,0,1,0,0,0,6,7,11,15,157,134,18,16,17,18,157,134
1686581987,0,1,0,0,0,6,8,11,16,163,140,18,16,18,19,163,140
1686581993,0,1,0,0,0,6,8,12,16,169,148,18,17,19,20,169,148
1686581999,0,1,0,0,0,7,8,12,16,173,152,19,17,18,20,174,154
