Timestamp,Amber,White,On,Override,Intensity,AS00,AS01,AS02,AS03,AS04,AS05,AS06,AS07,AS08,AS09,AS10,AS11
1686549605,0,1,1,0,1223223,3371,8233,11672,21076,65535,6998,33488,46868,59858,35359,65535,7004
1686549611,0,1,1,0,1223223,3369,8234,11680,21086,65535,6996,33470,46861,59883,35343,65535,7009
1686549617,0,1,1,0,1223223,3372,8234,11680,21085,65535,7000,33482,46861,59880,35341,65535,7007
1686549623,0,1,1,0,1223223,3371,8233,11672,21076,65535,6995,33470,46848,59841,35326,65535,7002
1686549629,0,1,1,0,1223223,3371,8233,11672,21086,65535,6996,33461,46856,59859,35332,65535,7008
1686549635,0,1,1,0,1223223,3369,8231,11672,21077,65535,6994,33479,46862,59888,35356,65535,7006
1686549641,0,1,1,0,1223223,3372,8232,11674,21079,65535,6994,33489,46860,59861,35337,65535,7008
1686549647,0,1,1,0,1223223,3370,8229,11674,21082,65535,6998,33477,46855,59868,35358,65535,7006
1686549653,0,1,1,0,1223223,3371,8233,11670,21072,65535,6994,33475,46851,59855,35330,65535,7006
1686549659,0,1,1,0,1223223,3371,8233,11673,21080,65535,6998,33489,46847,59868,35342,65535,7010
1686549665,0,1,1,0,1223223,3371,8232,11676,21083,65535,6994,33472,46857,59894,35341,65535,7007
1686549671,0,1,1,0,1223223,3370,8228,11673,21076,65535,6994,33482,46853,59848,35351,65535,7001
1686549677,0,1,1,0,1223223,3371,8234,11672,21093,65535,6998,33478,46842,59858,35354,65535,7009
1686549683,0,1,1,0,1223223,3372,8235,11673,21081,65535,6994,33484,46863,59861,35331,65535,7008
1686549689,0,1,1,0,1223223,3370,8227,11671,21076,65535,6994,33476,46852,59859,35343,65535,7001
1686549695,0,1,1,0,1223223,3370,8230,11670,21073,65535,6997,33491,46872,59880,35367,65535,7008
1686549701,0,1,1,0,1223223,3370,8232,11680,21080,65535,6994,33481,46858,59896,35361,65535,7002
1686549707,0,1,1,0,1223223,3370,8235,11674,21084,65535,6996,33478,46840,59862,35356,65535,7008
1686549713,0,1,1,0,1223223,3371,8237,11675,21086,65535,6998,33488,46866,59880,35364,65535,7008
1686549719,0,1,1,0,1223223,3370,8235,11674,21083,65535,6997,33473,46856,59859,35350,65535,7006
1686549725,0,1,1,0,1223223,3370,8230,11674,21092,65535,6997,33496,46863,59878,35350,65535,7008
1686549731,0,1,1,0,1223223,3370,8233,11670,21079,65535,6994,33468,46857,59844,35347,65535,7006
1686549737,0,1,1,0,1223223,3370,8229,11671,21083,65535,6997,33474,46867,59859,35356,65535,7010
1686549743,0,1,1,0,1223223,3369,8231,11670,21075,65535,6996,33479,46865,59875,35357,65535,7006
1686549749,0,1,1,0,1223223,3371,8236,11676,21087,65535,7000,33492,46880,59886,35349,65535,7010
1686549755,0,1,1,0,1223223,3371,8232,11678,21082,65535,6997,33464,46836,59848,35339,65535,7000
1686549761,0,1,1,0,1223223,3371,8234,11671,21085,65535,7000,33473,46885,59866,35337,65535,7006
1686549767,0,1,1,0,1223223,3371,8236,11678,21088,65535,6998,33478,46846,59868,35353,65535,7008
1686549773,0,1,1,0,1223223,3370,8234,11675,21081,65535,6995,33501,46848,59850,35353,65535,7006
1686549779,0,1,1,0,1223223,3370,8226,11667,21074,65535,6996,33468,46850,59839,35347,65535,7002
1686549785,0,1,1,0,1223223,3370,8234,11673,21080,65535,6994,33476,46863,59853,35337,65535,7006
1686549791,0,1,1,0,1223223,3371,8235,11676,21087,65535,7002,33491,46882,59888,35373,65535,7010
1686549797,0,1,1,0,1223223,3371,8234,11674,21084,65535,6998,33489,46873,59877,35367,65535,7008
1686549803,0,1,1,0,1223223,3371,8235,11678,21086,65535,6998,33476,46860,59867,35338,65535,7006
1686549809,0,1,1,0,1223223,3370,8230,11665,21080,65535,6997,33482,46862,59854,35338,65535,7004
1686549815,0,1,1,0,1223223,3372,8233,11672,21074,65535,6998,33479,46859,59864,35354,65535,7002
1686549821,0,1,1,0,1223223,3370,8230,11673,21080,65535,6994,33482,46845,59865,35330,65535,7008
1686549827,0,1,1,0,1223223,3371,8232,11672,21080,65535,7000,33478,46874,59868,35360,65535,7008
1686549833,0,1,1,0,1223223,3370,8234,11674,21082,65535,7000,33483,46876,59874,35365,65535,7006
1686549839,0,1,1,0,1223223,3371,8234,11675,21083,65535,7000,33494,46879,59853,35359,65535,7007
1686549845,0,1,1,0,1223223,3372,8234,11676,21085,65535,6999,33483,46871,59876,35368,65535,7008
1686549851,0,1,1,0,1223223,3371,8230,11679,21085,65535,6998,33473,46866,59863,35356,65535,7004
1686549857,0,1,1,0,1223223,3369,8232,11671,21065,65535,6994,33467,46842,59843,35342,65535,7001
1686549863,0,1,1,0,1223223,3370,8233,11674,21075,65535,6996,33476,46852,59860,35346,65535,7004
1686549869,0,1,1,0,1223223,3369,8228,11666,21077,65535,6998,33479,46834,59864,35349,65535,7004
1686549875,0,1,1,0,1223223,3370,8233,11670,21080,65535,6998,33471,46860,59860,35348,65535,7004
1686549881,0,1,1,0,1223223,3370,8233,11675,21083,65535,6999,33486,46867,59885,35355,65535,7008
1686549887,0,1,1,0,1223223,3370,8234,11675,21092,65535,6994,33476,46868,59841,35352,65535,7008
1686549893,0,1,1,0,1223223,3370,8232,11674,21075,65535,7000,33478,46864,59845,35352,65535,7002
1686549899,0,1,1,0,1223223,3372,8235,11679,21085,65535,7000,33484,46855,59878,35341,65535,7006
1686549905,0,1,1,0,1223223,3372,8238,11681,21088,65535,7001,33480,46848,59852,35355,65535,7008
1686549911,0,1,1,0,1223223,3371,8233,11673,21081,65535,7000,33486,46862,59853,35357,65535,7006
1686549917,0,1,1,0,1223223,3371,8233,11678,21098,65535,7001,33505,46889,59897,35364,65535,7012
1686549923,0,1,1,0,1223223,3371,8238,11674,21078,65535,7000,33500,46877,59900,35368,65535,7009
1686549929,0,1,1,0,1223223,3369,8230,11672,21074,65535,6992,33464,46856,59855,35346,65535,7006
1686549935,0,1,1,0,1223223,3371,8236,11671,21090,65535,6997,33484,46880,59876,35335,65535,7007
1686549941,0,1,1,0,1223223,3370,8235,11667,21082,65535,6999,33488,46867,59859,35339,65535,7006
1686549947,0,1,1,0,1223223,3371,8237,11672,21083,65535,7000,33489,46884,59891,35365,65535,7004
1686549953,0,1,1,0,1223223,3373,8237,11679,21089,65535,6998,33484,46874,59873,35362,65535,7010
1686549959,0,1,1,0,1223223,3371,8236,11680,21082,65535,6996,33499,46893,59875,35370,65535,7006
1686549965,0,1,1,0,1223223,3372,8238,11681,21091,65535,7000,33493,46873,59885,35344,65535,7008
1686549971,0,1,1,0,1223223,3372,8233,11678,21086,65535,6996,33501,46874,59881,35359,65535,7008
1686549977,0,1,1,0,1223223,3372,8237,11679,21084,65535,7000,33488,46865,59878,35375,65535,7006
1686549983,0,1,1,0,1223223,3372,8232,11680,21086,65535,6998,33492,46879,59862,35362,65535,7010
1686549989,0,1,1,0,1223223,3370,8232,11676,21080,65535,6998,33470,46846,59858,35350,65535,7006
1686549995,0,1,1,0,1223223,3371,8235,11672,21080,65535,7000,33464,46833,59847,35342,65535,7006
1686550001,0,1,1,0,1223223,3370,8234,11674,21078,65535,7000,33478,46846,59871,35353,65535,7008
1686550007,0,1,1,0,1223223,3371,8234,11676,21080,65535,6996,33487,46870,59882,35355,65535,7008
1686550013,0,1,1,0,1223223,3372,8235,11674,21085,65535,6996,33479,46862,59866,35354,65535,7004
1686550019,0,1,1,0,1223223,3373,8232,11673,21084,65535,6998,33484,46868,59867,35359,65535,7003
1686550025,0,1,1,0,1223223,3371,8235,11679,21086,65535,6996,33509,46884,59886,35380,65535,7009
1686550031,0,1,1,0,1223223,3371,8238,11683,21089,65535,6998,33497,46892,59869,35367,65535,7012
1686550037,0,1,1,0,1223223,3374,8231,11676,21086,65535,6998,33494,46892,59865,35365,65535,7004
1686550043,0,1,1,0,1223223,3372,8237,11680,21090,65535,6996,33482,46856,59884,35357,65535,7010
1686550049,0,1,1,0,1223223,3372,8234,11677,21091,65535,6999,33495,46878,59888,35364,65535,7010
1686550055,0,1,1,0,1223223,3372,8236,11682,21087,65535,7002,33488,46884,59907,35373,65535,7011
1686550061,0,1,1,0,1223223,3373,8241,11682,21092,65535,7002,33490,46861,59890,35369,65535,7010
1686550067,0,1,1,0,1223223,3372,8238,11683,21093,65535,7000,33499,46897,59886,35372,65535,7012
1686550073,0,1,1,0,1223223,3372,8233,11678,21082,65535,7002,33510,46893,59894,35376,65535,7008
1686550079,0,1,1,0,1223223,3373,8235,11684,21095,65535,6998,33499,46894,59877,35377,65535,7011
1686550085,0,1,1,0,1223223,3372,8237,11679,21088,65535,6998,33503,46887,59872,35370,65535,7010
1686550091,0,1,1,0,1223223,3373,8238,11685,21096,65535,7003,33493,46885,59890,35374,65535,7012
1686550097,0,1,1,0,1223223,3372,8234,11678,21092,65535,7000,33490,46870,59882,35352,65535,7010
1686550103,0,1,1,0,1223223,3371,8236,11679,21091,65535,7002,33493,46873,59895,35367,65535,7010
1686550109,0,1,1,0,1223223,3372,8237,11679,21093,65535,7002,33506,46888,59894,35378,65535,7008
1686550115,0,1,1,0,1223223,3370,8230,11669,21065,65535,6997,33485,46851,59870,35370,65535,7012
1686550121,0,1,1,0,1223223,3373,8235,11680,21090,65535,6998,33491,46883,59886,35369,65535,7008
1686550127,0,1,1,0,1223223,3372,8237,11677,21088,65535,7000,33505,46889,59890,35373,65535,7008
1686550133,0,1,1,0,1223223,3371,8238,11683,21094,65535,7000,33499,46888,59900,35373,65535,7008
1686550139,0,1,1,0,1223223,3372,8237,11680,21094,65535,7001,33505,46886,59897,35376,65535,7009
1686550145,0,1,1,0,1223223,3370,8235,11682,21087,65535,6998,33495,46886,59884,35373,65535,7014
1686550151,0,1,1,0,1223223,3372,8236,11673,21087,65535,7002,33510,46892,59878,35372,65535,7011
1686550157,0,1,1,0,1223223,3373,8235,11680,21097,65535,7000,33496,46872,59882,35370,65535,7010
1686550163,0,1,1,0,1223223,3372,8238,11680,21091,65535,7002,33505,46896,59894,35371,65535,7010
1686550169,0,1,1,0,1223223,3372,8240,11678,21090,65535,6996,33499,46879,59879,35371,65535,7009
1686550175,0,1,1,0,1223223,3371,8237,11680,21091,65535,6998,33500,46878,59925,35354,65535,7006
1686550181,0,1,1,0,1223223,3370,8233,11675,21084,65535,6994,33495,46883,59889,35368,65535,7010
1686550187,0,1,1,0,1223223,3372,8234,11676,21088,65535,7000,33487,46870,59868,35360,65535,7009
1686550193,0,1,1,0,1223223,3372,8236,11673,21088,65535,7000,33486,46877,59868,35369,65535,7010
1686550199,0,1,1,0,1223223,3368,8228,11666,21070,65535,6994,33491,46870,59901,35369,65535,7004
1686550205,0,1,1,0,1223223,3372,8236,11684,21090,65535,7000,33493,46882,59882,35366,65535,7009
1686550211,0,1,1,0,1223223,3371,8237,11680,21092,65535,6998,33491,46857,59881,35366,65535,7008
1686550217,0,1,1,0,1223223,3372,8238,11680,21093,65535,6999,33500,46885,59894,35378,65535,7008
1686550223,0,1,1,0,1223223,3370,8233,11677,21090,65535,7000,33487,46873,59849,35361,65535,7004
1686550229,0,1,1,0,1223223,3371,8231,11672,21088,65535,7000,33484,46879,59858,35368,65535,7009
1686550235,0,1,1,0,1223223,3372,8235,11677,21078,65535,7000,33487,46863,59872,35367,65535,7008
1686550241,0,1,1,0,1223223,3367,8225,11662,21059,65535,6989,33468,46846,59876,35342,65535,7000
1686550247,0,1,1,0,1223223,3371,8234,11672,21090,65535,7000,33490,46869,59886,35368,65535,7010
1686550253,0,1,1,0,1223223,3371,8234,11676,21076,65535,6996,33482,46861,59829,35343,65535,7006
1686550259,0,1,1,0,1223223,3371,8237,11676,21085,65535,7002,33495,46878,59889,35366,65535,7006
1686550265,0,1,1,0,1223223,3372,8235,11680,21089,65535,7000,33499,46886,59889,35372,65535,7009
1686550271,0,1,1,0,1223223,3372,8231,11682,21086,65535,7000,33490,46881,59879,35385,65535,7004
1686550277,0,1,1,0,1223223,3371,8235,11676,21081,65535,7000,33486,46881,59886,35364,65535,7010
1686550283,0,1,1,0,1223223,3373,8235,11678,21089,65535,6996,33482,46867,59871,35343,65535,7007
1686550289,0,1,1,0,1223223,3372,8240,11682,21094,65535,6998,33498,46869,59898,35355,65535,7007
1686550295,0,1,1,0,1223223,3372,8235,11677,21083,65535,6998,33461,46851,59847,35343,65535,7004
1686550301,0,1,1,0,1223223,3371,8236,11677,21091,65535,7004,33488,46880,59875,35372,65535,7008
1686550307,0,1,1,0,1223223,3371,8235,11675,21094,65535,6999,33487,46863,59847,35342,65535,7008
1686550313,0,1,1,0,1223223,3370,8237,11676,21098,65535,7002,33488,46872,59889,35366,65535,7010
1686550319,0,1,1,0,1223223,3373,8239,11682,21093,65535,6998,33486,46874,59885,35370,65535,7010
1686550325,0,1,1,0,1223223,3374,8239,11678,21102,65535,6998,33490,46878,59896,35365,65535,7006
1686550331,0,1,1,0,1223223,3372,8235,11678,21083,65535,7000,33522,46884,59895,35387,65535,7009
1686550337,0,1,1,0,1223223,3372,8236,11678,21090,65535,7000,33487,46875,59913,35367,65535,7008
1686550343,0,1,1,0,1223223,3371,8236,11678,21086,65535,7001,33505,46886,59882,35373,65535,7011
1686550349,0,1,1,0,1223223,3371,8231,11675,21083,65535,6999,33486,46865,59862,35358,65535,7007
1686550355,0,1,1,0,1223223,3371,8235,11670,21082,65535,7000,33496,46886,59890,35369,65535,7009
1686550361,0,1,1,0,1223223,3372,8238,11680,21087,65535,7000,33480,46857,59874,35354,65535,7008
1686550367,0,1,1,0,1223223,3371,8227,11670,21078,65535,7002,33486,46870,59878,35354,65535,7006
1686550373,0,1,1,0,1223223,3371,8236,11677,21088,65535,6997,33491,46885,59886,35363,65535,7012
1686550379,0,1,1,0,1223223,3370,8234,11675,21084,65535,6996,33482,46877,59872,35359,65535,7008
1686550385,0,1,1,0,1223223,3372,8237,11679,21086,65535,6996,33490,46886,59880,35362,65535,7007
1686550391,0,1,1,0,1223223,3370,8233,11677,21081,65535,6998,33490,46884,59885,35367,65535,7005
1686550397,0,1,1,0,1223223,3372,8236,11679,21090,65535,7000,33486,46884,59883,35365,65535,7011
1686550403,0,1,1,0,1223223,3371,8233,11674,21077,65535,6996,33488,46877,59871,35374,65535,7006
1686550409,0,1,1,0,1223223,3369,8236,11676,21084,65535,6995,33481,46879,59863,35360,65535,7010
1686550415,0,1,1,0,1223223,3373,8241,11681,21089,65535,6998,33498,46903,59888,35352,65535,7010
1686550421,0,1,1,0,1223223,3370,8237,11672,21089,65535,7000,33485,46887,59882,35368,65535,7008
1686550427,0,1,1,0,1223223,3371,8236,11676,21083,65535,6998,33484,46902,59879,35344,65535,7008
1686550433,0,1,1,0,1223223,3371,8237,11679,21084,65535,6998,33481,46874,59858,35358,65535,7008
1686550439,0,1,1,0,1223223,3369,8231,11674,21069,65535,6995,33474,46867,59865,35348,65535,7006
1686550445,0,1,1,0,1223223,3370,8233,11680,21085,65535,6994,33488,46879,59889,35342,65535,7007
1686550451,0,1,1,0,1223223,3369,8226,11667,21066,65535,6994,33413,46774,59764,35294,65535,6996
1686550457,0,1,1,0,1223223,3371,8235,11677,21086,65535,7000,33503,46877,59900,35363,65535,7010
1686550463,0,1,1,0,1223223,3372,8233,11679,21094,65535,6997,33485,46866,59870,35357,65535,7008
1686550469,0,1,1,0,1223223,3372,8236,11677,21082,65535,6999,33490,46881,59852,35356,65535,7008
1686550475,0,1,1,0,1223223,3371,8238,11678,21081,65535,7000,33488,46869,59885,35363,65535,7009
1686550481,0,1,1,0,1223223,3371,8234,11675,21084,65535,7002,33484,46874,59849,35356,65535,7010
1686550487,0,1,1,0,1223223,3372,8236,11679,21083,65535,7002,33482,46881,59858,35359,65535,7008
1686550493,0,1,1,0,1223223,3371,8237,11676,21078,65535,6998,33481,46884,59852,35352,65535,7008
1686550499,0,1,1,0,1223223,3370,8235,11675,21083,65535,6998,33494,46865,59885,35366,65535,7012
1686550505,0,1,1,0,1223223,3372,8238,11680,21091,65535,7002,33496,46889,59883,35380,65535,7009
1686550511,0,1,1,0,1223223,3370,8235,11673,21077,65535,7000,33484,46868,59866,35368,65535,7009
1686550517,0,1,1,0,1223223,3372,8235,11678,21088,65535,6999,33481,46874,59877,35370,65535,7007
1686550523,0,1,1,0,1223223,3371,8234,11673,21081,65535,7000,33488,46875,59861,35356,65535,7006
1686550529,0,1,1,0,1223223,3371,8232,11677,21082,65535,6996,33499,46898,59896,35368,65535,7008
1686550535,0,1,1,0,1223223,3372,8238,11681,21082,65535,7002,33500,46888,59874,35374,65535,7008
1686550541,0,1,1,0,1223223,3372,8239,11678,21088,65535,6996,33501,46890,59873,35364,65535,7004
1686550547,0,1,1,0,1223223,3370,8233,11669,21071,65535,6994,33494,46888,59887,35359,65535,7006
1686550553,0,1,1,0,1223223,3371,8239,11680,21085,65535,6998,33490,46892,59885,35360,65535,7008
1686550559,0,1,1,0,1223223,3373,8240,11678,21084,65535,7000,33500,46866,59887,35356,65535,7007
1686550565,0,1,1,0,1223223,3372,8236,11674,21080,65535,7002,33492,46861,59868,35357,65535,7003
1686550571,0,1,1,0,1223223,3371,8235,11678,21085,65535,6995,33474,46849,59839,35350,65535,7004
1686550577,0,1,1,0,1223223,3372,8237,11680,21085,65535,6996,33493,46882,59881,35361,65535,7006
1686550583,0,1,1,0,1223223,3374,8239,11685,21094,65535,7001,33502,46892,59904,35353,65535,7009
1686550589,0,1,1,0,1223223,3372,8236,11680,21094,65535,7002,33497,46889,59875,35359,65535,7008
1686550595,0,1,1,0,1223223,3370,8238,11675,21084,65535,6998,33497,46894,59889,35366,65535,7007
1686550601,0,1,1,0,1223223,3372,8233,11675,21079,65535,7000,33480,46852,59900,35349,65535,7010
1686550607,0,1,1,0,1223223,3371,8237,11679,21083,65535,6996,33489,46880,59860,35358,65535,7009
1686550613,0,1,1,0,1223223,3372,8237,11677,21081,65535,6999,33493,46862,59878,35361,65535,7008
1686550619,0,1,1,0,1223223,3370,8235,11676,21082,65535,6998,33483,46878,59882,35359,65535,7004
1686550625,0,1,1,0,1223223,3372,8237,11676,21076,65535,6998,33502,46890,59875,35360,65535,7008
1686550631,0,1,1,0,1223223,3373,8239,11680,21087,65535,7000,33488,46881,59885,35360,65535,7010
1686550637,0,1,1,0,1223223,3372,8236,11679,21096,65535,7002,33494,46877,59869,35356,65535,7008
1686550643,0,1,1,0,1223223,3372,8236,11675,21076,65535,7000,33495,46894,59868,35362,65535,7012
1686550649,0,1,1,0,1223223,3372,8238,11680,21082,65535,7000,33495,46880,59892,35359,65535,7009
1686550655,0,1,1,0,1223223,3371,8233,11673,21080,65535,7000,33477,46857,59857,35351,65535,7005
1686550661,0,1,1,0,1223223,3371,8236,11675,21084,65535,7002,33487,46873,59844,35353,65535,7012
1686550667,0,1,1,0,1223223,3371,8238,11676,21085,65535,6998,33481,46864,59871,35349,65535,7005
1686550673,0,1,1,0,1223223,3374,8241,11678,21090,65535,7002,33496,46882,59876,35361,65535,7005
1686550679,0,1,1,0,1223223,3372,8236,11677,21085,65535,6998,33489,46879,59911,35357,65535,7006
1686550685,0,1,1,0,1223223,3368,8229,11659,21073,65535,6992,33488,46877,59882,35350,65535,7006
1686550691,0,1,1,0,1223223,3373,8236,11677,21080,65535,6999,33495,46887,59895,35360,65535,7008
1686550697,0,1,1,0,1223223,3371,8235,11677,21084,65535,6997,33492,46878,59881,35358,65535,7006
1686550703,0,1,1,0,1223223,3372,8238,11671,21085,65535,6996,33494,46875,59873,35355,65535,7004
1686550709,0,1,1,0,1223223,3373,8236,11675,21081,65535,6994,33485,46863,59835,35353,65535,7008
1686550715,0,1,1,0,1223223,3372,8240,11681,21088,65535,6998,33505,46893,59894,35365,65535,7011
1686550721,0,1,1,0,1223223,3372,8239,11684,21087,65535,7000,33501,46892,59874,35366,65535,7009
1686550727,0,1,1,0,1223223,3372,8236,11673,21089,65535,6999,33499,46888,59854,35363,65535,7007
1686550733,0,1,1,0,1223223,3372,8238,11677,21082,65535,6998,33476,46864,59820,35340,65535,7004
1686550739,0,1,1,0,1223223,3371,8237,11676,21081,65535,6996,33484,46879,59866,35350,65535,7002
1686550745,0,1,1,0,1223223,3369,8231,11667,21067,65535,6994,33492,46884,59875,35357,65535,7007
1686550751,0,1,1,0,1223223,3371,8235,11671,21077,65535,6998,33481,46847,59852,35345,65535,7006
1686550757,0,1,1,0,1223223,3371,8233,11672,21073,65535,6994,33485,46871,59885,35350,65535,7006
1686550763,0,1,1,0,1223223,3372,8233,11676,21082,65535,7002,33484,46877,59869,35348,65535,7005
1686550769,0,1,1,0,1223223,3373,8239,11676,21085,65535,6997,33480,46854,59862,35351,65535,7006
1686550775,0,1,1,0,1223223,3372,8235,11677,21085,65535,6998,33480,46871,59897,35357,65535,7008
1686550781,0,1,1,0,1223223,3372,8238,11677,21082,65535,6997,33476,46864,59852,35352,65535,7006
1686550787,0,1,1,0,1223223,3370,8236,11670,21076,65535,6996,33489,46872,59874,35353,65535,7010
1686550793,0,1,1,0,1223223,3370,8235,11673,21078,65535,6997,33477,46869,59837,35367,65535,7009
1686550799,0,1,1,0,1223223,3371,8236,11677,21085,65535,6998,33492,46877,59889,35359,65535,7008
1686550805,0,1,1,0,1223223,3368,8230,11669,21057,65535,6987,33470,46860,59871,35341,65535,7008
1686550811,0,1,1,0,1223223,3372,8238,11678,21089,65535,6999,33479,46872,59871,35352,65535,7007
1686550817,0,1,1,0,1223223,3371,8236,11675,21081,65535,7000,33488,46888,59857,35356,65535,7006
1686550823,0,1,1,0,1223223,3372,8235,11681,21089,65535,7000,33485,46893,59886,35360,65535,7010
1686550829,0,1,1,0,1223223,3372,8237,11679,21096,65535,7000,33501,46900,59894,35366,65535,7010
1686550835,0,1,1,0,1223223,3369,8231,11669,21069,65535,6995,33477,46873,59863,35351,65535,7001
1686550841,0,1,1,0,1223223,3372,8240,11676,21089,65535,7002,33480,46892,59873,35358,65535,7008
1686550847,0,1,1,0,1223223,3373,8237,11675,21076,65535,7000,33474,46849,59835,35322,65535,7004
1686550853,0,1,1,0,1223223,3371,8237,11672,21080,65535,6998,33481,46875,59867,35355,65535,7009
1686550859,0,1,1,0,1223223,3369,8233,11668,21079,65535,6997,33482,46882,59856,35356,65535,7008
1686550865,0,1,1,0,1223223,3370,8239,11678,21073,65535,6998,33471,46870,59866,35356,65535,7006
1686550871,0,1,1,0,1223223,3370,8238,11674,21083,65535,7000,33473,46851,59863,35353,65535,7008
1686550877,0,1,1,0,1223223,3370,8231,11676,21080,65535,6996,33479,46870,59873,35351,65535,7008
1686550883,0,1,1,0,1223223,3373,8233,11676,21085,65535,6999,33484,46881,59850,35363,65535,7007
1686550889,0,1,1,0,1223223,3372,8235,11674,21083,65535,6998,33471,46866,59842,35348,65535,7008
1686550895,0,1,1,0,1223223,3370,8238,11669,21091,65535,7000,33492,46878,59883,35367,65535,7007
1686550901,0,1,1,0,1223223,3370,8236,11675,21085,65535,7000,33481,46878,59867,35357,65535,7008
1686550907,0,1,1,0,1223223,3371,8240,11676,21082,65535,6999,33477,46867,59859,35338,65535,7006
1686550913,0,1,1,0,1223223,3370,8234,11677,21085,65535,6994,33503,46880,59891,35368,65535,7008
1686550919,0,1,1,0,1223223,3369,8235,11681,21092,65535,6996,33478,46863,59849,35360,65535,7005
1686550925,0,1,1,0,1223223,3370,8236,11668,21078,65535,6999,33492,46865,59858,35360,65535,7010
1686550931,0,1,1,0,1223223,3370,8238,11674,21087,65535,6996,33495,46886,59879,35368,65535,7009
1686550937,0,1,1,0,1223223,3372,8235,11677,21081,65535,6998,33493,46887,59877,35363,65535,7003
1686550943,0,1,1,0,1223223,3371,8238,11676,21087,65535,6994,33491,46871,59871,35363,65535,7006
1686550949,0,1,1,0,1223223,3373,8238,11673,21081,65535,6996,33463,46847,59851,35350,65535,7004
1686550955,0,1,1,0,1223223,3370,8238,11676,21085,65535,7002,33475,46853,59860,35351,65535,7008
1686550961,0,1,1,0,1223223,3371,8237,11677,21082,65535,6998,33482,46872,59861,35350,65535,7010
1686550967,0,1,1,0,1223223,3371,8236,11671,21080,65535,6996,33484,46862,59857,35347,65535,7008
1686550973,0,1,1,0,1223223,3371,8234,11670,21081,65535,7000,33491,46870,59884,35361,65535,7010
1686550979,0,1,1,0,1223223,3371,8230,11666,21076,65535,6995,33473,46848,59859,35349,65535,7005
1686550985,0,1,1,0,1223223,3371,8235,11669,21081,65535,6998,33477,46862,59864,35348,65535,7004
1686550991,0,1,1,0,1223223,3372,8235,11672,21080,65535,6996,33482,46860,59847,35346,65535,7008
1686550997,0,1,1,0,1223223,3371,8237,11674,21085,65535,7000,33487,46877,59831,35354,65535,7008
1686551003,0,1,1,0,1223223,3371,8238,11678,21083,65535,6998,33472,46874,59874,35355,65535,7008
1686551009,0,1,1,0,1223223,3370,8233,11677,21085,65535,6996,33477,46876,59839,35335,65535,7006
1686551015,0,1,1,0,1223223,3371,8236,11678,21086,65535,7000,33494,46887,59888,35368,65535,7010
1686551021,0,1,1,0,1223223,3371,8236,11673,21072,65535,6996,33501,46898,59886,35364,65535,7008
1686551027,0,1,1,0,1223223,3371,8233,11673,21075,65535,6995,33481,46855,59860,35354,65535,7006
1686551033,0,1,1,0,1223223,3371,8235,11680,21088,65535,6996,33486,46893,59876,35342,65535,7006
1686551039,0,1,1,0,1223223,3370,8233,11669,21078,65535,6997,33485,46866,59876,35356,65535,7007
1686551045,0,1,1,0,1223223,3371,8232,11676,21080,65535,6994,33493,46902,59882,35360,65535,7008
1686551051,0,1,1,0,1223223,3368,8227,11664,21060,65535,6992,33497,46863,59869,35359,65535,7008
1686551057,0,1,1,0,1223223,3373,8239,11680,21089,65535,6996,33501,46905,59877,35372,65535,7012
1686551063,0,1,1,0,1223223,3372,8236,11675,21082,65535,7000,33493,46859,59868,35360,65535,7006
1686551069,0,1,1,0,1223223,3369,8240,11680,21072,65535,6996,33482,46876,59861,35353,65535,7005
1686551075,0,1,1,0,1223223,3371,8234,11673,21085,65535,6999,33488,46886,59854,35357,65535,7003
1686551081,0,1,1,0,1223223,3371,8238,11681,21084,65535,6997,33493,46868,59889,35379,65535,7007
1686551087,0,1,1,0,1223223,3372,8241,11679,21086,65535,6999,33493,46892,59877,35358,65535,7004
1686551093,0,1,1,0,1223223,3371,8233,11677,21094,65535,6998,33493,46886,59880,35362,65535,7006
1686551099,0,1,1,0,1223223,3370,8235,11668,21081,65535,6998,33489,46878,59867,35361,65535,7006
1686551105,0,1,1,0,1223223,3372,8232,11676,21082,65535,6998,33481,46860,59865,35352,65535,7010
1686551111,0,1,1,0,1223223,3371,8235,11672,21078,65535,6999,33469,46867,59844,35345,65535,7005
1686551117,0,1,1,0,1223223,3371,8237,11673,21070,65535,6996,33486,46877,59866,35357,65535,7006
1686551123,0,1,1,0,1223223,3370,8234,11671,21076,65535,6998,33478,46874,59859,35349,65535,7004
1686551129,0,1,1,0,1223223,3370,8235,11673,21078,65535,6996,33471,46871,59849,35352,65535,7006
1686551135,0,1,1,0,1223223,3372,8237,11674,21080,65535,6996,33471,46863,59851,35346,65535,7008
1686551141,0,1,1,0,1223223,3369,8234,11671,21080,65535,6998,33474,46856,59836,35342,65535,7003
1686551147,0,1,1,0,1223223,3372,8237,11682,21085,65535,6996,33491,46886,59878,35363,65535,7009
1686551153,0,1,1,0,1223223,3370,8233,11670,21077,65535,6998,33495,46884,59910,35366,65535,7008
1686551159,0,1,1,0,1223223,3371,8239,11678,21090,65535,6998,33491,46862,59884,35347,65535,7008
1686551165,0,1,1,0,1223223,3371,8236,11675,21085,65535,6996,33484,46883,59879,35370,65535,7010
1686551171,0,1,1,0,1223223,3371,8238,11678,21086,65535,6998,33484,46888,59881,35369,65535,7004
1686551177,0,1,1,0,1223223,3371,8236,11673,21085,65535,7000,33498,46893,59878,35366,65535,7008
1686551183,0,1,1,0,1223223,3372,8234,11675,21083,65535,6998,33480,46860,59868,35357,65535,7005
1686551189,0,1,1,0,1223223,3370,8235,11673,21073,65535,7000,33481,46852,59856,35359,65535,7008
1686551195,0,1,1,0,1223223,3370,8240,11677,21086,65535,6998,33482,46880,59862,35366,65535,7008
1686551201,0,1,1,0,1223223,3372,8234,11678,21089,65535,6998,33495,46875,59885,35374,65535,7010
1686551207,0,1,1,0,1223223,3370,8234,11674,21086,65535,6996,33492,46888,59878,35367,65535,7012
1686551213,0,1,1,0,1223223,3372,8237,11676,21088,65535,7000,33487,46884,59875,35366,65535,7005
1686551219,0,1,1,0,1223223,3371,8236,11676,21083,65535,6999,33495,46882,59877,35367,65535,7007
1686551225,0,1,1,0,1223223,3371,8238,11679,21091,65535,6999,33497,46884,59871,35355,65535,7005
1686551231,0,1,1,0,1223223,3372,8241,11678,21093,65535,7000,33491,46867,59900,35366,65535,7009
1686551237,0,1,1,0,1223223,3371,8234,11675,21088,65535,6997,33480,46878,59870,35358,65535,7008
1686551243,0,1,1,0,1223223,3371,8235,11673,21080,65535,6995,33483,46878,59869,35362,65535,7004
1686551249,0,1,1,0,1223223,3369,8236,11675,21087,65535,6998,33477,46855,59883,35372,65535,7005
1686551255,0,1,1,0,1223223,3371,8235,11675,21078,65535,6995,33477,46859,59857,35353,65535,7003
1686551261,0,1,1,0,1223223,3370,8233,11671,21080,65535,6999,33480,46866,59868,35357,65535,7003
1686551267,0,1,1,0,1223223,3369,8235,11677,21084,65535,6999,33485,46871,59885,35364,65535,7008
1686551273,0,1,1,0,1223223,3371,8239,11677,21082,65535,6996,33489,46880,59888,35367,65535,7006
1686551279,0,1,1,0,1223223,3371,8235,11678,21091,65535,6995,33488,46880,59869,35366,65535,7008
1686551285,0,1,1,0,1223223,3370,8232,11669,21068,65535,6994,33469,46849,59830,35349,65535,7002
1686551291,0,1,1,0,1223223,3371,8233,11669,21079,65535,6994,33475,46868,59847,35355,65535,7007
1686551297,0,1,1,0,1223223,3371,8229,11672,21079,65535,7000,33500,46872,59870,35358,65535,7004
1686551303,0,1,1,0,1223223,3369,8235,11671,21067,65535,6998,33474,46875,59870,35360,65535,7006
1686551309,0,1,1,0,1223223,3372,8238,11676,21088,65535,6996,33494,46884,59909,35371,65535,7008
1686551315,0,1,1,0,1223223,3372,8237,11673,21087,65535,7000,33488,46876,59880,35364,65535,7008
1686551321,0,1,1,0,1223223,3370,8239,11682,21085,65535,7002,33446,46840,59807,35327,65535,6998
1686551327,0,1,1,0,1223223,3371,8234,11680,21085,65535,7001,33483,46869,59860,35360,65535,7007
1686551333,0,1,1,0,1223223,3370,8234,11676,21084,65535,6998,33482,46887,59877,35360,65535,7006
1686551339,0,1,1,0,1223223,3370,8237,11670,21079,65535,6998,33471,46831,59853,35339,65535,7006
1686551345,0,1,1,0,1223223,3371,8235,11672,21080,65535,6994,33481,46865,59845,35349,65535,7006
1686551351,0,1,1,0,1223223,3370,8234,11667,21086,65535,6994,33488,46876,59877,35354,65535,7004
1686551357,0,1,1,0,1223223,3369,8234,11675,21075,65535,6995,33478,46861,59849,35346,65535,7006
1686551363,0,1,1,0,1223223,3370,8235,11675,21077,65535,6993,33481,46867,59868,35372,65535,7002
1686551369,0,1,1,0,1223223,3369,8234,11676,21078,65535,6994,33478,46862,59831,35341,65535,7006
1686551375,0,1,1,0,1223223,3369,8230,11666,21073,65535,6996,33477,46855,59865,35349,65535,7006
1686551381,0,1,1,0,1223223,3370,8230,11669,21066,65535,6995,33441,46814,59804,35313,65535,6998
1686551387,0,1,1,0,1223223,3370,8231,11673,21075,65535,6996,33448,46816,59814,35321,65535,7000
1686551393,0,1,1,0,1223223,3369,8233,11673,21078,65535,6994,33485,46846,59819,35341,65535,7005
1686551399,0,1,1,0,1223223,3370,8231,11670,21073,65535,6998,33474,46851,59849,35331,65535,7008
1686551405,0,1,1,0,1223223,3371,8234,11668,21073,65535,6997,33475,46876,59838,35334,65535,7008
1686551411,0,1,1,0,1223223,3369,8230,11675,21072,65535,6995,33470,46860,59840,35336,65535,7004
1686551417,0,1,1,0,1223223,3370,8235,11674,21082,65535,6995,33478,46865,59859,35352,65535,7008
1686551423,0,1,1,0,1223223,3370,8235,11674,21083,65535,6996,33480,46859,59858,35352,65535,7006
1686551429,0,1,1,0,1223223,3369,8231,11668,21076,65535,6996,33486,46853,59848,35345,65535,7004
1686551435,0,1,1,0,1223223,3370,8235,11675,21085,65535,6993,33465,46857,59828,35352,65535,7007
1686551441,0,1,1,0,1223223,3371,8235,11674,21071,65535,6994,33481,46866,59873,35357,65535,7005
1686551447,0,1,1,0,1223223,3369,8233,11672,21079,65535,6996,33466,46855,59856,35347,65535,7006
1686551453,0,1,1,0,1223223,3371,8231,11674,21083,65535,6994,33468,46856,59816,35347,65535,7004
1686551459,0,1,1,0,1223223,3371,8237,11674,21073,65535,6998,33477,46869,59856,35356,65535,7004
1686551465,0,1,1,0,1223223,3369,8233,11672,21077,65535,6995,33469,46850,59849,35345,65535,7004
1686551471,0,1,1,0,1223223,3368,8229,11670,21076,65535,6994,33480,46875,59875,35362,65535,7005
1686551477,0,1,1,0,1223223,3370,8230,11670,21078,65535,6998,33480,46868,59857,35330,65535,7002
1686551483,0,1,1,0,1223223,3370,8233,11675,21082,65535,6992,33474,46850,59862,35345,65535,7004
1686551489,0,1,1,0,1223223,3370,8235,11671,21071,65535,6998,33489,46875,59863,35366,65535,7007
1686551495,0,1,1,0,1223223,3370,8237,11672,21078,65535,6994,33473,46863,59845,35346,65535,7006
1686551501,0,1,1,0,1223223,3371,8236,11676,21085,65535,6998,33476,46860,59857,35355,65535,7006
1686551507,0,1,1,0,1223223,3370,8235,11674,21083,65535,6996,33478,46866,59864,35356,65535,7007
1686551513,0,1,1,0,1223223,3370,8233,11671,21076,65535,6996,33480,46858,59857,35356,65535,7005
1686551519,0,1,1,0,1223223,3370,8236,11673,21077,65535,6998,33472,46861,59849,35334,65535,7006
1686551525,0,1,1,0,1223223,3370,8229,11667,21079,65535,6998,33480,46879,59862,35353,65535,7005
1686551531,0,1,1,0,1223223,3371,8234,11672,21081,65535,6994,33480,46874,59867,35353,65535,7008
1686551537,0,1,1,0,1223223,3371,8232,11674,21074,65535,6997,33487,46871,59883,35362,65535,7006
1686551543,0,1,1,0,1223223,3369,8235,11670,21078,65535,6994,33484,46868,59867,35335,65535,7002
1686551549,0,1,1,0,1223223,3371,8232,11669,21075,65535,6997,33489,46886,59871,35363,65535,7006
1686551555,0,1,1,0,1223223,3370,8236,11675,21073,65535,6994,33492,46882,59869,35356,65535,7007
1686551561,0,1,1,0,1223223,3371,8233,11676,21081,65535,6998,33472,46853,59844,35352,65535,7006
1686551567,0,1,1,0,1223223,3368,8231,11673,21080,65535,6996,33478,46875,59871,35354,65535,7008
1686551573,0,1,1,0,1223223,3368,8229,11671,21074,65535,6996,33481,46875,59866,35348,65535,7006
1686551579,0,1,1,0,1223223,3371,8235,11678,21082,65535,6998,33472,46869,59849,35352,65535,7002
1686551585,0,1,1,0,1223223,3370,8234,11673,21078,65535,6996,33481,46863,59840,35355,65535,7006
1686551591,0,1,1,0,1223223,3371,8234,11674,21082,65535,6996,33483,46873,59874,35357,65535,7007
1686551597,0,1,1,0,1223223,3369,8235,11671,21076,65535,6995,33480,46845,59830,35352,65535,7008
1686551603,0,1,1,0,1223223,3370,8235,11674,21075,65535,7000,33476,46889,59842,35364,65535,7005
1686551609,0,1,1,0,1223223,3371,8236,11676,21083,65535,7000,33488,46879,59873,35362,65535,7004
1686551615,0,1,1,0,1223223,3370,8230,11672,21078,65535,6994,33478,46864,59859,35357,65535,7004
1686551621,0,1,1,0,1223223,3372,8235,11674,21083,65535,7000,33477,46864,59856,35351,65535,7008
1686551627,0,1,1,0,1223223,3370,8234,11674,21084,65535,7000,33473,46862,59828,35353,65535,7007
1686551633,0,1,1,0,1223223,3370,8235,11673,21083,65535,6998,33480,46874,59870,35358,65535,7005
1686551639,0,1,1,0,1223223,3371,8232,11674,21074,65535,6998,33486,46884,59874,35363,65535,7006
1686551645,0,1,1,0,1223223,3373,8234,11674,21084,65535,6996,33487,46880,59855,35359,65535,7006
1686551651,0,1,1,0,1223223,3371,8236,11683,21095,65535,7000,33474,46870,59852,35374,65535,7008
1686551657,0,1,1,0,1223223,3371,8237,11676,21088,65535,6997,33515,46891,59889,35376,65535,7010
1686551663,0,1,1,0,1223223,3371,8234,11674,21082,65535,6998,33480,46875,59847,35353,65535,7006
1686551669,0,1,1,0,1223223,3372,8238,11678,21093,65535,7002,33505,46878,59883,35367,65535,7006
1686551675,0,1,1,0,1223223,3372,8235,11675,21080,65535,6996,33484,46882,59885,35366,65535,7008
1686551681,0,1,1,0,1223223,3370,8233,11672,21073,65535,7000,33488,46885,59884,35362,65535,7006
1686551687,0,1,1,0,1223223,3372,8232,11674,21087,65535,6994,33489,46894,59882,35368,65535,7010
1686551693,0,1,1,0,1223223,3370,8231,11664,21068,65535,6991,33481,46863,59888,35364,65535,7008
1686551699,0,1,1,0,1223223,3371,8235,11678,21071,65535,6996,33475,46870,59852,35356,65535,7003
1686551705,0,1,1,0,1223223,3371,8237,11675,21083,65535,6996,33471,46875,59877,35372,65535,7008
1686551711,0,1,1,0,1223223,3371,8235,11672,21085,65535,6998,33477,46871,59839,35355,65535,7006
1686551717,0,1,1,0,1223223,3370,8232,11670,21083,65535,7000,33492,46883,59894,35368,65535,7008
1686551723,0,1,1,0,1223223,3371,8234,11676,21084,65535,6999,33482,46871,59876,35359,65535,7005
1686551729,0,1,1,0,1223223,3371,8240,11680,21089,65535,6998,33486,46885,59885,35343,65535,7010
1686551735,0,1,1,0,1223223,3372,8236,11676,21081,65535,6999,33493,46899,59879,35364,65535,7010
1686551741,0,1,1,0,1223223,3374,8240,11679,21084,65535,7000,33467,46874,59849,35350,65535,7006
1686551747,0,1,1,0,1223223,3372,8236,11677,21090,65535,6998,33497,46888,59875,35371,65535,7006
1686551753,0,1,1,0,1223223,3371,8233,11669,21086,65535,7000,33494,46899,59878,35387,65535,7012
1686551759,0,1,1,0,1223223,3372,8237,11678,21091,65535,7000,33487,46890,59874,35369,65535,7008
1686551765,0,1,1,0,1223223,3371,8238,11682,21090,65535,7001,33486,46886,59867,35347,65535,7010
1686551771,0,1,1,0,1223223,3371,8238,11674,21083,65535,7002,33493,46891,59902,35364,65535,7008
1686551777,0,1,1,0,1223223,3372,8240,11676,21092,65535,6998,33496,46869,59889,35352,65535,7008
1686551783,0,1,1,0,1223223,3372,8240,11680,21091,65535,6998,33492,46892,59869,35350,65535,7006
1686551789,0,1,1,0,1223223,3372,8236,11682,21087,65535,7000,33486,46878,59856,35346,65535,7010
1686551795,0,1,1,0,1223223,3371,8235,11676,21086,65535,7000,33496,46882,59883,35370,65535,7012
1686551801,0,1,1,0,1223223,3370,8235,11669,21070,65535,6996,33484,46853,59844,35338,65535,7004
1686551807,0,1,1,0,1223223,3372,8235,11675,21090,65535,6996,33476,46869,59819,35353,65535,7006
1686551813,0,1,1,0,1223223,3372,8236,11667,21084,65535,6998,33477,46873,59856,35350,65535,7006
1686551819,0,1,1,0,1223223,3371,8237,11679,21081,65535,7000,33473,46872,59846,35349,65535,7008
1686551825,0,1,1,0,1223223,3371,8237,11677,21084,65535,6994,33485,46884,59852,35364,65535,7008
1686551831,0,1,1,0,1223223,3371,8239,11674,21081,65535,6996,33478,46881,59874,35356,65535,7006
1686551837,0,1,1,0,1223223,3371,8238,11677,21086,65535,6998,33496,46885,59879,35359,65535,7008
1686551843,0,1,1,0,1223223,3371,8234,11672,21080,65535,6998,33504,46870,59890,35365,65535,7006
1686551849,0,1,1,0,1223223,3372,8237,11680,21092,65535,7000,33492,46887,59884,35369,65535,7006
1686551855,0,1,1,0,1223223,3372,8238,11680,21074,65535,7000,33494,46893,59900,35359,65535,7007
1686551861,0,1,1,0,1223223,3371,8237,11671,21081,65535,6996,33492,46890,59894,35367,65535,7007
1686551867,0,1,1,0,1223223,3371,8238,11674,21081,65535,6997,33478,46856,59852,35356,65535,7006
1686551873,0,1,1,0,1223223,3371,8238,11679,21081,65535,6996,33492,46888,59893,35359,65535,7008
1686551879,0,1,1,0,1223223,3371,8239,11677,21076,65535,6998,33484,46877,59855,35355,65535,7004
1686551885,0,1,1,0,1223223,3370,8236,11671,21069,65535,6996,33481,46875,59856,35355,65535,7004
1686551891,0,1,1,0,1223223,3371,8234,11677,21087,65535,7001,33491,46893,59910,35351,65535,7007
1686551897,0,1,1,0,1223223,3370,8236,11672,21081,65535,6999,33481,46849,59854,35362,65535,7006
1686551903,0,1,1,0,1223223,3370,8238,11673,21083,65535,6996,33488,46890,59862,35354,65535,7008
1686551909,0,1,1,0,1223223,3370,8234,11679,21084,65535,6997,33481,46873,59878,35358,65535,7006
1686551915,0,1,1,0,1223223,3371,8237,11678,21083,65535,7000,33493,46893,59890,35375,65535,7009
1686551921,0,1,1,0,1223223,3371,8240,11674,21085,65535,6998,33472,46862,59875,35355,65535,7006
1686551927,0,1,1,0,1223223,3371,8236,11680,21071,65535,6998,33483,46882,59858,35339,65535,7008
1686551933,0,1,1,0,1223223,3370,8238,11680,21082,65535,7000,33484,46862,59889,35361,65535,7010
1686551939,0,1,1,0,1223223,3370,8234,11672,21077,65535,6996,33479,46873,59878,35345,65535,7006
1686551945,0,1,1,0,1223223,3371,8239,11676,21087,65535,7000,33476,46876,59842,35361,65535,7007
1686551951,0,1,1,0,1223223,3371,8238,11680,21080,65535,6998,33481,46878,59878,35358,65535,7010
1686551957,0,1,1,0,1223223,3371,8235,11673,21079,65535,6995,33494,46885,59859,35362,65535,7004
1686551963,0,1,1,0,1223223,3371,8237,11676,21088,65535,7000,33491,46874,59868,35368,65535,7008
1686551969,0,1,1,0,1223223,3372,8236,11679,21088,65535,6995,33477,46865,59840,35335,65535,7009
1686551975,0,1,1,0,1223223,3371,8238,11675,21083,65535,6998,33480,46871,59844,35351,65535,7004
1686551981,0,1,1,0,1223223,3372,8234,11677,21078,65535,6997,33481,46865,59843,35361,65535,7006
1686551987,0,1,1,0,1223223,3371,8239,11671,21086,65535,6998,33491,46870,59865,35364,65535,7008
1686551993,0,1,1,0,1223223,3372,8238,11682,21086,65535,7002,33482,46886,59845,35361,65535,7008
1686551999,0,1,1,0,1223223,3372,8238,11678,21088,65535,6998,33503,46876,59897,35369,65535,7010
1686552005,0,1,1,0,1223223,3373,8239,11681,21090,65535,7000,33495,46898,59876,35346,65535,7010
1686552011,0,1,1,0,1223223,3372,8237,11678,21091,65535,7002,33486,46886,59872,35347,65535,7008
1686552017,0,1,1,0,1223223,3370,8237,11675,21084,65535,6998,33498,46889,59855,35363,65535,7010
1686552023,0,1,1,0,1223223,3371,8237,11676,21090,65535,7001,33499,46900,59893,35353,65535,7010
1686552029,0,1,1,0,1223223,3371,8235,11679,21087,65535,6998,33482,46864,59863,35360,65535,7008
1686552035,0,1,1,0,1223223,3371,8237,11680,21087,65535,7000,33488,46899,59874,35371,65535,7010
1686552041,0,1,1,0,1223223,3373,8237,11684,21096,65535,6998,33493,46896,59899,35374,65535,7010
1686552047,0,1,1,0,1223223,3372,8242,11679,21080,65535,7000,33502,46913,59885,35385,65535,7010
1686552053,0,1,1,0,1223223,3370,8239,11681,21089,65535,7000,33512,46901,59891,35384,65535,7008
1686552059,0,1,1,0,1223223,3372,8238,11678,21089,65535,7003,33492,46878,59869,35367,65535,7006
1686552065,0,1,1,0,1223223,3372,8239,11679,21091,65535,6999,33482,46872,59867,35369,65535,7009
1686552071,0,1,1,0,1223223,3371,8234,11681,21079,65535,7000,33488,46890,59887,35371,65535,7011
1686552077,0,1,1,0,1223223,3371,8237,11681,21093,65535,7003,33507,46898,59902,35366,65535,7011
1686552083,0,1,1,0,1223223,3373,8238,11681,21084,65535,6998,33502,46910,59904,35377,65535,7013
1686552089,0,1,1,0,1223223,3372,8239,11680,21080,65535,6996,33497,46902,59906,35378,65535,7008
1686552095,0,1,1,0,1223223,3374,8242,11682,21095,65535,7006,33495,46884,59876,35377,65535,7013
1686552101,0,1,1,0,1223223,3370,8238,11677,21079,65535,7000,33500,46899,59901,35377,65535,7010
1686552107,0,1,1,0,1223223,3372,8240,11680,21079,65535,7002,33510,46895,59886,35374,65535,7007
1686552113,0,1,1,0,1223223,3371,8238,11679,21086,65535,7000,33488,46880,59879,35360,65535,7010
1686552119,0,1,1,0,1223223,3370,8232,11673,21084,65535,6992,33478,46868,59837,35356,65535,7006
1686552125,0,1,1,0,1223223,3371,8239,11681,21091,65535,6998,33491,46896,59870,35378,65535,7014
1686552131,0,1,1,0,1223223,3372,8239,11685,21091,65535,7004,33492,46891,59872,35373,65535,7008
1686552137,0,1,1,0,1223223,3372,8236,11681,21076,65535,6998,33469,46888,59883,35347,65535,7006
1686552143,0,1,1,0,1223223,3374,8239,11683,21084,65535,7004,33506,46896,59896,35379,65535,7012
1686552149,0,1,1,0,1223223,3357,8199,11621,20988,65535,6966,33508,46901,59912,35380,65535,7008
1686552155,0,1,1,0,1223223,3371,8236,11676,21085,65535,7000,33486,46888,59877,35361,65535,7008
1686552161,0,1,1,0,1223223,3371,8240,11683,21094,65535,6996,33482,46876,59872,35344,65535,7006
1686552167,0,1,1,0,1223223,3373,8236,11684,21082,65535,7000,33502,46905,59905,35373,65535,7008
1686552173,0,1,1,0,1223223,3372,8240,11676,21090,65535,7000,33495,46891,59867,35369,65535,7006
1686552179,0,1,1,0,1223223,3370,8235,11669,21077,65535,6992,33493,46879,59870,35370,65535,7008
1686552185,0,1,1,0,1223223,3373,8239,11685,21092,65535,7002,33506,46896,59910,35373,65535,7013
1686552191,0,1,1,0,1223223,3373,8238,11676,21090,65535,7000,33514,46906,59907,35376,65535,7008
1686552197,0,1,1,0,1223223,3373,8241,11685,21098,65535,6996,33508,46893,59884,35371,65535,7008
1686552203,0,1,1,0,1223223,3373,8235,11676,21091,65535,7002,33510,46900,59900,35369,65535,7006
1686552209,0,1,1,0,1223223,3372,8241,11681,21092,65535,6998,33498,46864,59880,35365,65535,7006
1686552215,0,1,1,0,1223223,3371,8236,11679,21086,65535,7000,33497,46879,59886,35370,65535,7010
1686552221,0,1,1,0,1223223,3373,8234,11683,21094,65535,7001,33509,46880,59903,35383,65535,7012
1686552227,0,1,1,0,1223223,3371,8241,11687,21103,65535,7004,33492,46881,59882,35376,65535,7009
1686552233,0,1,1,0,1223223,3373,8235,11683,21090,65535,7000,33508,46903,59913,35378,65535,7008
1686552239,0,1,1,0,1223223,3370,8227,11677,21074,65535,6993,33473,46855,59848,35348,65535,7002
1686552245,0,1,1,0,1223223,3371,8234,11672,21079,65535,6995,33500,46891,59874,35368,65535,7006
1686552251,0,1,1,0,1223223,3373,8241,11682,21092,65535,6998,33492,46892,59888,35360,65535,7012
1686552257,0,1,1,0,1223223,3370,8233,11673,21074,65535,6994,33482,46870,59871,35349,65535,7006
1686552263,0,1,1,0,1223223,3372,8239,11682,21090,65535,7000,33508,46860,59871,35372,65535,7010
1686552269,0,1,1,0,1223223,3372,8241,11681,21093,65535,6998,33504,46893,59901,35371,65535,7010
1686552275,0,1,1,0,1223223,3373,8238,11683,21091,65535,7004,33505,46889,59907,35380,65535,7010
1686552281,0,1,1,0,1223223,3370,8233,11678,21078,65535,6996,33463,46838,59819,35337,65535,7004
1686552287,0,1,1,0,1223223,3372,8237,11686,21095,65535,7000,33494,46867,59879,35368,65535,7012
1686552293,0,1,1,0,1223223,3374,8241,11680,21096,65535,6998,33512,46880,59908,35363,65535,7012
1686552299,0,1,1,0,1223223,3372,8239,11679,21098,65535,7002,33510,46903,59893,35379,65535,7012
1686552305,0,1,1,0,1223223,3372,8237,11682,21092,65535,7000,33507,46865,59901,35382,65535,7007
1686552311,0,1,1,0,1223223,3373,8235,11682,21092,65535,7003,33507,46902,59904,35373,65535,7012
1686552317,0,1,1,0,1223223,3374,8238,11682,21091,65535,7004,33491,46879,59875,35363,65535,7011
1686552323,0,1,1,0,1223223,3373,8233,11678,21090,65535,7000,33497,46882,59877,35374,65535,7011
1686552329,0,1,1,0,1223223,3372,8237,11686,21087,65535,7000,33510,46893,59901,35382,65535,7008
1686552335,0,1,1,0,1223223,3372,8238,11681,21093,65535,7000,33498,46891,59886,35372,65535,7010
1686552341,0,1,1,0,1223223,3374,8240,11681,21097,65535,7002,33506,46895,59897,35378,65535,7010
1686552347,0,1,1,0,1223223,3371,8235,11686,21092,65535,6996,33503,46882,59892,35382,65535,7011
1686552353,0,1,1,0,1223223,3372,8239,11680,21089,65535,6999,33487,46886,59899,35373,65535,7008
1686552359,0,1,1,0,1223223,3370,8237,11685,21094,65535,6998,33500,46870,59872,35375,65535,7012
1686552365,0,1,1,0,1223223,3372,8238,11680,21095,65535,7002,33504,46882,59892,35386,65535,7008
1686552371,0,1,1,0,1223223,3371,8233,11675,21089,65535,7000,33492,46871,59856,35372,65535,7010
1686552377,0,1,1,0,1223223,3373,8237,11676,21081,65535,6995,33499,46885,59866,35354,65535,7010
1686552383,0,1,1,0,1223223,3372,8234,11677,21090,65535,6998,33491,46887,59874,35371,65535,7012
1686552389,0,1,1,0,1223223,3373,8236,11679,21095,65535,6998,33494,46889,59871,35374,65535,7008
1686552395,0,1,1,0,1223223,3372,8239,11679,21095,65535,7000,33496,46875,59894,35359,65535,7006
1686552401,0,1,1,0,1223223,3373,8240,11681,21088,65535,6998,33501,46895,59879,35372,65535,7012
1686552407,0,1,1,0,1223223,3372,8235,11684,21098,65535,7000,33495,46890,59882,35363,65535,7008
1686552413,0,1,1,0,1223223,3371,8236,11683,21085,65535,6998,33512,46895,59864,35369,65535,7010
1686552419,0,1,1,0,1223223,3374,8239,11681,21098,65535,7002,33508,46886,59904,35375,65535,7009
1686552425,0,1,1,0,1223223,3372,8236,11685,21094,65535,7000,33513,46887,59883,35368,65535,7008
1686552431,0,1,1,0,1223223,3373,8241,11686,21097,65535,7000,33512,46903,59914,35367,65535,7010
1686552437,0,1,1,0,1223223,3374,8239,11687,21096,65535,6999,33496,46878,59905,35378,65535,7012
1686552443,0,1,1,0,1223223,3373,8239,11685,21096,65535,7004,33506,46897,59905,35375,65535,7012
1686552449,0,1,1,0,1223223,3373,8239,11684,21093,65535,7002,33498,46880,59872,35375,65535,7010
1686552455,0,1,1,0,1223223,3372,8239,11682,21081,65535,6998,33484,46854,59877,35367,65535,7008
1686552461,0,1,1,0,1223223,3373,8239,11682,21091,65535,7002,33504,46879,59920,35374,65535,7009
1686552467,0,1,1,0,1223223,3372,8239,11688,21079,65535,7004,33492,46882,59861,35365,65535,7005
1686552473,0,1,1,0,1223223,3371,8232,11674,21078,65535,6998,33501,46889,59884,35352,65535,7010
1686552479,0,1,1,0,1223223,3373,8240,11683,21096,65535,7000,33501,46872,59915,35376,65535,7011
1686552485,0,1,1,0,1223223,3373,8241,11689,21095,65535,6999,33497,46870,59874,35362,65535,7012
1686552491,0,1,1,0,1223223,3373,8240,11681,21091,65535,7002,33519,46910,59940,35368,65535,7012
1686552497,0,1,1,0,1223223,3374,8241,11680,21090,65535,7002,33513,46889,59920,35373,65535,7012
1686552503,0,1,1,0,1223223,3371,8236,11683,21079,65535,7002,33507,46883,59912,35361,65535,7012
1686552509,0,1,1,0,1223223,3373,8235,11685,21091,65535,7000,33517,46915,59909,35383,65535,7012
1686552515,0,1,1,0,1223223,3371,8242,11685,21095,65535,7006,33501,46868,59874,35374,65535,7012
1686552521,0,1,1,0,1223223,3373,8232,11680,21084,65535,7000,33498,46882,59862,35374,65535,7010
1686552527,0,1,1,0,1223223,3374,8234,11688,21093,65535,7002,33518,46913,59909,35369,65535,7013
1686552533,0,1,1,0,1223223,3374,8240,11680,21096,65535,7000,33503,46897,59904,35381,65535,7011
1686552539,0,1,1,0,1223223,3372,8241,11685,21097,65535,7001,33513,46915,59917,35383,65535,7012
1686552545,0,1,1,0,1223223,3373,8241,11681,21094,65535,7002,33512,46883,59897,35381,65535,7012
1686552551,0,1,1,0,1223223,3374,8244,11685,21095,65535,7004,33516,46916,59907,35388,65535,7012
1686552557,0,1,1,0,1223223,3373,8241,11690,21095,65535,7002,33501,46888,59886,35373,65535,7012
1686552563,0,1,1,0,1223223,3372,8243,11686,21095,65535,7000,33513,46878,59899,35378,65535,7010
1686552569,0,1,1,0,1223223,3375,8243,11687,21103,65535,7004,33492,46898,59899,35380,65535,7012
1686552575,0,1,1,0,1223223,3374,8240,11689,21100,65535,7004,33520,46912,59913,35372,65535,7012
1686552581,0,1,1,0,1223223,3373,8242,11687,21095,65535,7004,33526,46925,59923,35397,65535,7013
1686552587,0,1,1,0,1223223,3373,8241,11687,21085,65535,7006,33514,46910,59910,35368,65535,7010
1686552593,0,1,1,0,1223223,3375,8238,11687,21096,65535,6998,33501,46884,59895,35371,65535,7008
1686552599,0,1,1,0,1223223,3372,8237,11680,21087,65535,7002,33498,46888,59871,35358,65535,7012
1686552605,0,1,1,0,1223223,3370,8238,11681,21076,65535,7000,33502,46871,59892,35374,65535,7010
1686552611,0,1,1,0,1223223,3373,8242,11685,21099,65535,7004,33511,46897,59892,35376,65535,7010
1686552617,0,1,1,0,1223223,3373,8239,11683,21090,65535,6998,33491,46888,59878,35364,65535,7008
1686552623,0,1,1,0,1223223,3372,8236,11676,21091,65535,7000,33499,46893,59889,35373,65535,7010
1686552629,0,1,1,0,1223223,3374,8238,11682,21094,65535,7000,33477,46881,59902,35370,65535,7011
1686552635,0,1,1,0,1223223,3373,8241,11682,21094,65535,7004,33507,46904,59883,35375,65535,7011
1686552641,0,1,1,0,1223223,3372,8232,11678,21088,65535,7000,33508,46908,59903,35364,65535,7013
1686552647,0,1,1,0,1223223,3374,8238,11690,21101,65535,7003,33520,46908,59901,35387,65535,7010
1686552653,0,1,1,0,1223223,3372,8241,11683,21094,65535,7002,33515,46907,59923,35383,65535,7012
1686552659,0,1,1,0,1223223,3373,8237,11680,21087,65535,7001,33502,46890,59880,35353,65535,7008
1686552665,0,1,1,0,1223223,3373,8238,11682,21096,65535,7002,33500,46890,59880,35355,65535,7010
1686552671,0,1,1,0,1223223,3374,8240,11692,21099,65535,7004,33525,46910,59918,35395,65535,7014
1686552677,0,1,1,0,1223223,3374,8241,11684,21088,65535,7002,33509,46894,59898,35359,65535,7012
1686552683,0,1,1,0,1223223,3371,8240,11683,21091,65535,7002,33499,46867,59896,35353,65535,7012
1686552689,0,1,1,0,1223223,3371,8229,11668,21077,65535,6998,33486,46873,59876,35357,65535,7006
1686552695,0,1,1,0,1223223,3373,8237,11686,21097,65535,7002,33502,46903,59880,35364,65535,7012
1686552701,0,1,1,0,1223223,3374,8234,11679,21092,65535,7004,33499,46865,59876,35358,65535,7008
1686552707,0,1,1,0,1223223,3373,8235,11679,21090,65535,7000,33500,46872,59872,35360,65535,7011
1686552713,0,1,1,0,1223223,3375,8245,11684,21089,65535,7004,33521,46897,59896,35385,65535,7012
1686552719,0,1,1,0,1223223,3373,8240,11685,21094,65535,7002,33512,46912,59900,35361,65535,7008
1686552725,0,1,1,0,1223223,3373,8241,11685,21083,65535,7000,33503,46902,59882,35380,65535,7009
1686552731,0,1,1,0,1223223,3372,8242,11679,21094,65535,6998,33509,46881,59869,35379,65535,7011
1686552737,0,1,1,0,1223223,3372,8237,11679,21089,65535,6997,33495,46871,59871,35372,65535,7010
1686552743,0,1,1,0,1223223,3373,8242,11686,21092,65535,7002,33511,46887,59888,35382,65535,7012
1686552749,0,1,1,0,1223223,3374,8243,11682,21098,65535,7002,33503,46897,59861,35360,65535,7012
1686552755,0,1,1,0,1223223,3371,8243,11688,21091,65535,7000,33523,46905,59906,35376,65535,7008
1686552761,0,1,1,0,1223223,3374,8236,11676,21097,65535,7004,33510,46910,59901,35388,65535,7014
1686552767,0,1,1,0,1223223,3373,8239,11682,21085,65535,6996,33505,46890,59868,35383,65535,7012
1686552773,0,1,1,0,1223223,3371,8240,11685,21091,65535,7001,33494,46869,59871,35353,65535,7006
1686552779,0,1,1,0,1223223,3372,8237,11680,21076,65535,7002,33508,46895,59894,35363,65535,7010
1686552785,0,1,1,0,1223223,3374,8239,11682,21094,65535,6998,33501,46889,59913,35356,65535,7012
1686552791,0,1,1,0,1223223,3374,8240,11684,21099,65535,7002,33515,46891,59902,35361,65535,7010
1686552797,0,1,1,0,1223223,3372,8236,11682,21093,65535,7000,33509,46892,59901,35386,65535,7008
1686552803,0,1,1,0,1223223,3373,8235,11681,21087,65535,6998,33499,46889,59862,35370,65535,7006
1686552809,0,1,1,0,1223223,3372,8236,11680,21087,65535,6999,33504,46882,59884,35374,65535,7012
1686552815,0,1,1,0,1223223,3372,8235,11679,21082,65535,6996,33509,46889,59914,35353,65535,7008
1686552821,0,1,1,0,1223223,3373,8238,11681,21091,65535,7003,33496,46889,59907,35352,65535,7006
1686552827,0,1,1,0,1223223,3373,8240,11687,21077,65535,6999,33498,46865,59885,35372,65535,7012
1686552833,0,1,1,0,1223223,3372,8239,11677,21080,65535,7000,33494,46863,59861,35386,65535,7010
1686552839,0,1,1,0,1223223,3373,8241,11680,21091,65535,7000,33494,46878,59866,35363,65535,7008
1686552845,0,1,1,0,1223223,3373,8236,11683,21095,65535,7000,33501,46877,59875,35360,65535,7006
1686552851,0,1,1,0,1223223,3373,8236,11682,21090,65535,6998,33505,46890,59891,35357,65535,7008
1686552857,0,1,1,0,1223223,3373,8233,11679,21085,65535,6997,33498,46872,59874,35373,65535,7010
1686552863,0,1,1,0,1223223,3373,8234,11680,21093,65535,6999,33510,46870,59919,35370,65535,7012
1686552869,0,1,1,0,1223223,3372,8241,11680,21091,65535,6998,33498,46894,59871,35369,65535,7008
1686552875,0,1,1,0,1223223,3373,8236,11687,21092,65535,7002,33514,46884,59892,35382,65535,7012
1686552881,0,1,1,0,1223223,3373,8240,11680,21090,65535,7003,33493,46891,59889,35371,65535,7010
1686552887,0,1,1,0,1223223,3373,8238,11694,21093,65535,7002,33493,46888,59875,35371,65535,7006
1686552893,0,1,1,0,1223223,3372,8241,11685,21094,65535,7002,33499,46895,59896,35379,65535,7008
1686552899,0,1,1,0,1223223,3374,8240,11687,21095,65535,7000,33502,46897,59920,35359,65535,7012
1686552905,0,1,1,0,1223223,3371,8238,11682,21082,65535,7002,33497,46891,59902,35377,65535,7014
1686552911,0,1,1,0,1223223,3370,8233,11675,21066,65535,6994,33487,46876,59881,35345,65535,7008
1686552917,0,1,1,0,1223223,3372,8238,11679,21092,65535,7002,33519,46888,59875,35350,65535,7009
1686552923,0,1,1,0,1223223,3372,8241,11686,21094,65535,7004,33505,46903,59903,35392,65535,7012
1686552929,0,1,1,0,1223223,3373,8239,11680,21081,65535,7000,33493,46891,59892,35351,65535,7011
1686552935,0,1,1,0,1223223,3372,8234,11684,21089,65535,6996,33495,46886,59901,35355,65535,7010
1686552941,0,1,1,0,1223223,3372,8237,11676,21077,65535,7000,33482,46867,59846,35344,65535,7009
1686552947,0,1,1,0,1223223,3372,8238,11674,21087,65535,6998,33494,46882,59873,35375,65535,7009
1686552953,0,1,1,0,1223223,3373,8237,11684,21091,65535,7000,33497,46867,59894,35369,65535,7012
1686552959,0,1,1,0,1223223,3372,8234,11675,21085,65535,7002,33497,46875,59881,35352,65535,7008
1686552965,0,1,1,0,1223223,3372,8240,11677,21089,65535,7000,33492,46885,59873,35365,65535,7008
1686552971,0,1,1,0,1223223,3372,8238,11681,21081,65535,6997,33488,46878,59872,35369,65535,7010
1686552977,0,1,1,0,1223223,3365,8217,11648,21028,65535,6984,33482,46857,59824,35323,65535,7004
1686552983,0,1,1,0,1223223,3370,8234,11675,21078,65535,6998,33477,46850,59847,35333,65535,7005
1686552989,0,1,1,0,1223223,3371,8234,11678,21088,65535,7004,33496,46882,59899,35371,65535,7004
1686552995,0,1,1,0,1223223,3371,8238,11681,21089,65535,7000,33497,46892,59884,35374,65535,7009
1686553001,0,1,1,0,1223223,3371,8237,11678,21088,65535,6998,33495,46882,59873,35353,65535,7010
1686553007,0,1,1,0,1223223,3371,8235,11677,21089,65535,6998,33482,46842,59850,35357,65535,7008
1686553013,0,1,1,0,1223223,3372,8237,11677,21078,65535,7000,33498,46860,59898,35365,65535,7012
1686553019,0,1,1,0,1223223,3373,8234,11681,21092,65535,7000,33506,46896,59888,35377,65535,7010
1686553025,0,1,1,0,1223223,3372,8233,11679,21090,65535,7001,33492,46884,59873,35350,65535,7008
1686553031,0,1,1,0,1223223,3373,8238,11679,21090,65535,6998,33505,46891,59884,35361,65535,7008
1686553037,0,1,1,0,1223223,3372,8236,11683,21074,65535,6998,33497,46888,59888,35352,65535,7010
1686553043,0,1,1,0,1223223,3374,8238,11678,21088,65535,7000,33521,46896,59887,35376,65535,7009
1686553049,0,1,1,0,1223223,3372,8237,11678,21078,65535,6998,33513,46880,59900,35351,65535,7006
1686553055,0,1,1,0,1223223,3371,8235,11676,21076,65535,7002,33484,46871,59868,35345,65535,7008
1686553061,0,1,1,0,1223223,3373,8236,11683,21089,65535,7000,33509,46887,59884,35377,65535,7008
1686553067,0,1,1,0,1223223,3374,8235,11684,21094,65535,7000,33508,46893,59924,35377,65535,7010
1686553073,0,1,1,0,1223223,3372,8233,11676,21072,65535,6996,33504,46871,59895,35378,65535,7007
1686553079,0,1,1,0,1223223,3372,8238,11679,21075,65535,7000,33505,46890,59888,35354,65535,7006
1686553085,0,1,1,0,1223223,3372,8236,11681,21092,65535,6999,33489,46883,59880,35374,65535,7008
1686553091,0,1,1,0,1223223,3372,8237,11677,21078,65535,7000,33476,46860,59850,35364,65535,7006
1686553097,0,1,1,0,1223223,3374,8238,11680,21083,65535,7002,33503,46885,59890,35368,65535,7008
1686553103,0,1,1,0,1223223,3371,8237,11679,21088,65535,6998,33508,46904,59908,35386,65535,7012
1686553109,0,1,1,0,1223223,3372,8234,11685,21081,65535,7000,33475,46839,59870,35351,65535,7007
1686553115,0,1,1,0,1223223,3373,8239,11683,21095,65535,7001,33488,46874,59878,35366,65535,7010
1686553121,0,1,1,0,1223223,3371,8240,11682,21092,65535,7004,33490,46892,59889,35377,65535,7008
1686553127,0,1,1,0,1223223,3370,8227,11675,21064,65535,6996,33498,46890,59888,35354,65535,7012
1686553133,0,1,1,0,1223223,3374,8239,11680,21092,65535,7003,33500,46890,59880,35378,65535,7012
1686553139,0,1,1,0,1223223,3372,8239,11681,21095,65535,7000,33493,46880,59902,35348,65535,7010
1686553145,0,1,1,0,1223223,3373,8241,11687,21095,65535,6998,33499,46877,59883,35373,65535,7010
1686553151,0,1,1,0,1223223,3373,8242,11685,21098,65535,7002,33493,46880,59909,35370,65535,7010
1686553157,0,1,1,0,1223223,3372,8238,11686,21075,65535,7002,33500,46895,59912,35372,65535,7011
1686553163,0,1,1,0,1223223,3371,8240,11677,21082,65535,7002,33507,46876,59900,35379,65535,7012
1686553169,0,1,1,0,1223223,3372,8238,11687,21095,65535,7000,33492,46874,59889,35381,65535,7012
1686553175,0,1,1,0,1223223,3372,8237,11679,21086,65535,7002,33494,46887,59886,35370,65535,7010
1686553181,0,1,1,0,1223223,3372,8240,11683,21094,65535,6998,33518,46897,59894,35358,65535,7009
1686553187,0,1,1,0,1223223,3372,8239,11674,21085,65535,7000,33488,46885,59889,35364,65535,7008
1686553193,0,1,1,0,1223223,3371,8236,11677,21087,65535,6998,33485,46879,59903,35348,65535,7006
1686553199,0,1,1,0,1223223,3372,8239,11680,21091,65535,7000,33494,46889,59914,35372,65535,7010
