Timestamp,Amber,White,On,Override,Intensity,AS00,AS01,AS02,AS03,AS04,AS05,AS06,AS07,AS08,AS09,AS10,AS11
1686564005,0,1,1,0,1223223,3370,8232,11668,21077,65535,6991,33466,46803,59826,35322,65535,7002
1686564011,0,1,1,0,1223223,3368,8234,11660,21081,65535,6992,33489,46843,59841,35336,65535,7002
1686564017,0,1,1,0,1223223,3368,8231,11668,21079,65535,6992,33469,46834,59834,35328,65535,6998
1686564023,0,1,1,0,1223223,3368,8229,11658,21056,65535,6991,33468,46810,59812,35323,65535,7004
1686564029,0,1,1,0,1223223,3370,8231,11668,21082,65535,6991,33469,46835,59853,35322,65535,7004
1686564035,0,1,1,0,1223223,3367,8227,11665,21079,65535,6990,33472,46839,59821,35312,65535,7004
1686564041,0,1,1,0,1223223,3368,8232,11665,21069,65535,6995,33490,46852,59839,35337,65535,7000
1686564047,0,1,1,0,1223223,3367,8227,11666,21070,65535,6993,33480,46849,59840,35327,65535,7004
1686564053,0,1,1,0,1223223,3367,8231,11662,21081,65535,6998,33482,46849,59813,35336,65535,7002
1686564059,0,1,1,0,1223223,3370,8233,11659,21069,65535,6994,33477,46825,59831,35331,65535,7003
1686564065,0,1,1,0,1223223,3368,8231,11666,21081,65535,6992,33437,46804,59794,35297,65535,6998
1686564071,0,1,1,0,1223223,3370,8229,11662,21079,65535,6990,33485,46850,59833,35338,65535,7001
1686564077,0,1,1,0,1223223,3369,8228,11660,21074,65535,6990,33479,46823,59856,35335,65535,7004
1686564083,0,1,1,0,1223223,3369,8231,11664,21075,65535,6994,33473,46818,59858,35333,65535,7004
1686564089,0,1,1,0,1223223,3370,8233,11663,21080,65535,6996,33468,46834,59833,35313,65535,7004
1686564095,0,1,1,0,1223223,3370,8234,11664,21077,65535,6994,33486,46837,59858,35337,65535,7003
1686564101,0,1,1,0,1223223,3370,8231,11664,21081,65535,6992,33472,46836,59813,35313,65535,7002
1686564107,0,1,1,0,1223223,3370,8233,11668,21080,65535,6995,33485,46849,59845,35341,65535,7004
1686564113,0,1,1,0,1223223,3370,8232,11668,21079,65535,6992,33466,46812,59801,35329,65535,7004
1686564119,0,1,1,0,1223223,3370,8229,11665,21080,65535,6990,33475,46827,59838,35349,65535,7002
1686564125,0,1,1,0,1223223,3370,8229,11665,21083,65535,6998,33486,46858,59832,35345,65535,7002
1686564131,0,1,1,0,1223223,3367,8228,11662,21079,65535,6992,33471,46816,59818,35330,65535,6998
1686564137,0,1,1,0,1223223,3367,8230,11667,21084,65535,6996,33468,46834,59858,35347,65535,7006
1686564143,0,1,1,0,1223223,3370,8234,11663,21087,65535,6992,33477,46839,59838,35322,65535,7004
1686564149,0,1,1,0,1223223,3367,8233,11661,21079,65535,6991,33480,46851,59820,35335,65535,7000
1686564155,0,1,1,0,1223223,3371,8230,11673,21084,65535,6996,33481,46853,59834,35334,65535,7002
1686564161,0,1,1,0,1223223,3370,8231,11664,21084,65535,6994,33488,46852,59859,35351,65535,7007
1686564167,0,1,1,0,1223223,3367,8231,11667,21077,65535,6992,33482,46841,59819,35336,65535,7002
1686564173,0,1,1,0,1223223,3369,8232,11671,21088,65535,6996,33487,46851,59850,35349,65535,7008
1686564179,0,1,1,0,1223223,3370,8234,11670,21084,65535,6994,33410,46740,59714,35268,65535,6989
1686564185,0,1,1,0,1223223,3369,8227,11665,21082,65535,6995,33478,46838,59832,35322,65535,7004
1686564191,0,1,1,0,1223223,3367,8229,11658,21080,65535,6994,33473,46824,59819,35332,65535,7002
1686564197,0,1,1,0,1223223,3370,8233,11668,21082,65535,6996,33457,46836,59804,35317,65535,7000
1686564203,0,1,1,0,1223223,3368,8223,11659,21058,65535,6990,33458,46845,59815,35328,65535,7004
1686564209,0,1,1,0,1223223,3368,8233,11670,21086,65535,6992,33482,46834,59837,35319,65535,7006
1686564215,0,1,1,0,1223223,3371,8232,11666,21079,65535,6997,33451,46830,59827,35336,65535,7003
1686564221,0,1,1,0,1223223,3370,8232,11663,21080,65535,6996,33476,46842,59827,35318,65535,7004
1686564227,0,1,1,0,1223223,3369,8227,11661,21083,65535,6994,33471,46831,59827,35333,65535,7001
1686564233,0,1,1,0,1223223,3368,8234,11670,21074,65535,6994,33483,46836,59843,35335,65535,7002
1686564239,0,1,1,0,1223223,3369,8234,11663,21087,65535,6995,33490,46834,59844,35344,65535,7008
1686564245,0,1,1,0,1223223,3369,8233,11666,21082,65535,6997,33488,46851,59853,35346,65535,7004
1686564251,0,1,1,0,1223223,3371,8233,11664,21082,65535,6996,33474,46839,59836,35335,65535,7003
1686564257,0,1,1,0,1223223,3368,8228,11663,21068,65535,6990,33448,46807,59801,35306,65535,6998
1686564263,0,1,1,0,1223223,3370,8232,11668,21075,65535,6998,33484,46849,59844,35348,65535,7004
1686564269,0,1,1,0,1223223,3369,8229,11669,21074,65535,6995,33466,46837,59831,35333,65535,7000
1686564275,0,1,1,0,1223223,3370,8236,11673,21082,65535,6997,33481,46857,59852,35338,65535,7000
1686564281,0,1,1,0,1223223,3370,8233,11668,21086,65535,6993,33471,46840,59841,35330,65535,7004
1686564287,0,1,1,0,1223223,3369,8235,11668,21087,65535,6994,33487,46842,59821,35351,65535,7003
1686564293,0,1,1,0,1223223,3367,8230,11658,21066,65535,6996,33469,46834,59840,35327,65535,7005
1686564299,0,1,1,0,1223223,3366,8225,11655,21068,65535,6989,33465,46814,59810,35325,65535,7006
1686564305,0,1,1,0,1223223,3369,8232,11660,21074,65535,6995,33479,46845,59810,35334,65535,7003
1686564311,0,1,1,0,1223223,3370,8232,11667,21081,65535,6998,33473,46840,59831,35328,65535,7006
1686564317,0,1,1,0,1223223,3370,8233,11665,21088,65535,6993,33481,46843,59847,35330,65535,7006
1686564323,0,1,1,0,1223223,3368,8227,11663,21075,65535,6994,33465,46827,59816,35318,65535,7002
1686564329,0,1,1,0,1223223,3369,8231,11666,21074,65535,6991,33472,46813,59814,35347,65535,7004
1686564335,0,1,1,0,1223223,3368,8226,11664,21069,65535,6996,33473,46835,59836,35322,65535,7002
1686564341,0,1,1,0,1223223,3367,8228,11664,21079,65535,6990,33451,46830,59814,35328,65535,6999
1686564347,0,1,1,0,1223223,3368,8228,11664,21062,65535,6990,33471,46829,59811,35314,65535,7000
1686564353,0,1,1,0,1223223,3370,8230,11659,21083,65535,6996,33469,46818,59811,35324,65535,7003
1686564359,0,1,1,0,1223223,3370,8233,11662,21087,65535,6994,33479,46824,59816,35340,65535,7000
1686564365,0,1,1,0,1223223,3369,8225,11661,21070,65535,6994,33472,46813,59818,35317,65535,7006
1686564371,0,1,1,0,1223223,3369,8233,11664,21085,65535,6990,33469,46828,59789,35331,65535,7006
1686564377,0,1,1,0,1223223,3370,8236,11668,21088,65535,6995,33467,46839,59829,35319,65535,7004
1686564383,0,1,1,0,1223223,3370,8236,11664,21084,65535,6992,33481,46849,59812,35342,65535,7007
1686564389,0,1,1,0,1223223,3370,8231,11661,21072,65535,6996,33475,46835,59816,35327,65535,7006
1686564395,0,1,1,0,1223223,3371,8235,11672,21089,65535,6996,33483,46840,59843,35326,65535,7006
1686564401,0,1,1,0,1223223,3368,8232,11666,21086,65535,6992,33472,46818,59824,35338,65535,7000
1686564407,0,1,1,0,1223223,3369,8232,11666,21083,65535,6992,33474,46843,59844,35317,65535,7004
1686564413,0,1,1,0,1223223,3371,8234,11668,21082,65535,6994,33483,46841,59848,35347,65535,7004
1686564419,0,1,1,0,1223223,3369,8234,11666,21093,65535,6998,33462,46856,59853,35337,65535,7004
1686564425,0,1,1,0,1223223,3369,8234,11668,21078,65535,6996,33480,46842,59838,35344,65535,7004
1686564431,0,1,1,0,1223223,3370,8235,11667,21089,65535,6992,33478,46844,59835,35340,65535,7006
1686564437,0,1,1,0,1223223,3369,8228,11665,21081,65535,6992,33468,46809,59806,35316,65535,7004
1686564443,0,1,1,0,1223223,3368,8235,11668,21078,65535,6994,33486,46839,59848,35348,65535,7001
1686564449,0,1,1,0,1223223,3370,8229,11666,21071,65535,6994,33469,46843,59792,35324,65535,7003
1686564455,0,1,1,0,1223223,3370,8233,11670,21076,65535,6994,33477,46851,59841,35326,65535,7005
1686564461,0,1,1,0,1223223,3370,8232,11666,21089,65535,6994,33477,46822,59828,35347,65535,7004
1686564467,0,1,1,0,1223223,3370,8234,11665,21089,65535,6997,33490,46855,59823,35338,65535,7006
1686564473,0,1,1,0,1223223,3370,8231,11661,21085,65535,6994,33469,46844,59799,35322,65535,7004
1686564479,0,1,1,0,1223223,3370,8234,11660,21077,65535,6996,33470,46860,59829,35340,65535,7002
1686564485,0,1,1,0,1223223,3368,8229,11660,21070,65535,6996,33463,46834,59812,35323,65535,7001
1686564491,0,1,1,0,1223223,3370,8232,11660,21085,65535,6992,33474,46845,59835,35323,65535,6998
1686564497,0,1,1,0,1223223,3370,8231,11664,21074,65535,6994,33487,46860,59847,35349,65535,7006
1686564503,0,1,1,0,1223223,3369,8231,11659,21073,65535,6992,33484,46829,59844,35329,65535,7002
1686564509,0,1,1,0,1223223,3369,8232,11666,21076,65535,6992,33476,46847,59813,35350,65535,7002
1686564515,0,1,1,0,1223223,3366,8232,11664,21074,65535,6994,33479,46853,59830,35321,65535,7000
1686564521,0,1,1,0,1223223,3370,8232,11665,21080,65535,6997,33484,46842,59849,35337,65535,7006
1686564527,0,1,1,0,1223223,3369,8233,11663,21078,65535,6992,33469,46837,59798,35314,65535,6998
1686564533,0,1,1,0,1223223,3369,8234,11667,21076,65535,6994,33452,46835,59806,35325,65535,7002
1686564539,0,1,1,0,1223223,3367,8233,11661,21082,65535,6989,33462,46831,59837,35329,65535,7002
1686564545,0,1,1,0,1223223,3370,8234,11660,21086,65535,6996,33478,46844,59840,35345,65535,7006
1686564551,0,1,1,0,1223223,3369,8230,11662,21073,65535,6992,33486,46852,59855,35337,65535,7004
1686564557,0,1,1,0,1223223,3370,8233,11668,21081,65535,6994,33474,46837,59824,35328,65535,7001
1686564563,0,1,1,0,1223223,3371,8235,11668,21085,65535,6994,33490,46851,59849,35341,65535,7007
1686564569,0,1,1,0,1223223,3368,8230,11662,21068,65535,6994,33463,46825,59813,35314,65535,7004
1686564575,0,1,1,0,1223223,3367,8228,11664,21071,65535,6990,33472,46836,59810,35345,65535,7002
1686564581,0,1,1,0,1223223,3369,8232,11657,21072,65535,6994,33479,46842,59820,35325,65535,7004
1686564587,0,1,1,0,1223223,3370,8234,11659,21076,65535,6992,33474,46841,59814,35342,65535,7004
1686564593,0,1,1,0,1223223,3368,8232,11657,21067,65535,6992,33480,46856,59805,35328,65535,7004
1686564599,0,1,1,0,1223223,3370,8233,11658,21069,65535,6992,33485,46858,59839,35329,65535,7004
1686564605,0,1,1,0,1223223,3367,8233,11670,21085,65535,6996,33481,46844,59833,35331,65535,7004
1686564611,0,1,1,0,1223223,3369,8232,11660,21073,65535,6992,33475,46845,59809,35341,65535,7004
1686564617,0,1,1,0,1223223,3368,8231,11658,21075,65535,6990,33458,46811,59814,35308,65535,6998
1686564623,0,1,1,0,1223223,3369,8233,11667,21073,65535,6994,33483,46828,59867,35332,65535,7006
1686564629,0,1,1,0,1223223,3370,8229,11668,21073,65535,6992,33481,46824,59843,35346,65535,7002
1686564635,0,1,1,0,1223223,3368,8229,11669,21086,65535,6992,33473,46832,59840,35335,65535,7000
1686564641,0,1,1,0,1223223,3369,8232,11660,21070,65535,6991,33466,46835,59820,35332,65535,7000
1686564647,0,1,1,0,1223223,3370,8234,11665,21067,65535,6992,33456,46818,59807,35321,65535,7003
1686564653,0,1,1,0,1223223,3370,8232,11659,21076,65535,6994,33467,46806,59825,35334,65535,7002
1686564659,0,1,1,0,1223223,3372,8235,11663,21086,65535,6994,33479,46844,59816,35343,65535,7004
1686564665,0,1,1,0,1223223,3369,8234,11660,21085,65535,6990,33466,46834,59820,35335,65535,7004
1686564671,0,1,1,0,1223223,3368,8229,11659,21069,65535,6990,33451,46807,59770,35294,65535,6996
1686564677,0,1,1,0,1223223,3371,8233,11670,21087,65535,6996,33473,46839,59812,35342,65535,7004
1686564683,0,1,1,0,1223223,3370,8234,11670,21076,65535,6996,33481,46819,59848,35349,65535,7006
1686564689,0,1,1,0,1223223,3370,8233,11661,21076,65535,6993,33486,46849,59855,35328,65535,7003
1686564695,0,1,1,0,1223223,3369,8231,11667,21071,65535,6992,33486,46847,59834,35329,65535,7004
1686564701,0,1,1,0,1223223,3369,8235,11668,21080,65535,6992,33478,46842,59829,35342,65535,7002
1686564707,0,1,1,0,1223223,3369,8229,11662,21081,65535,6992,33477,46833,59807,35339,65535,7002
1686564713,0,1,1,0,1223223,3370,8234,11666,21089,65535,6993,33467,46841,59819,35338,65535,7002
1686564719,0,1,1,0,1223223,3370,8235,11665,21085,65535,6992,33479,46873,59893,35344,65535,7004
1686564725,0,1,1,0,1223223,3370,8235,11667,21086,65535,6994,33476,46841,59821,35342,65535,7002
1686564731,0,1,1,0,1223223,3370,8232,11665,21077,65535,6996,33474,46840,59837,35323,65535,7002
1686564737,0,1,1,0,1223223,3369,8228,11660,21061,65535,6990,33456,46811,59788,35309,65535,6999
1686564743,0,1,1,0,1223223,3369,8231,11667,21080,65535,6995,33485,46848,59849,35331,65535,7004
1686564749,0,1,1,0,1223223,3369,8233,11668,21080,65535,6990,33451,46814,59818,35317,65535,7000
1686564755,0,1,1,0,1223223,3369,8231,11660,21072,65535,6992,33482,46846,59831,35348,65535,7005
1686564761,0,1,1,0,1223223,3367,8224,11660,21066,65535,6992,33463,46810,59837,35318,65535,7001
1686564767,0,1,1,0,1223223,3368,8233,11664,21087,65535,6990,33458,46822,59809,35313,65535,7000
1686564773,0,1,1,0,1223223,3369,8232,11665,21077,65535,6994,33469,46834,59835,35329,65535,7005
1686564779,0,1,1,0,1223223,3370,8228,11664,21084,65535,6989,33461,46821,59848,35342,65535,7004
1686564785,0,1,1,0,1223223,3371,8235,11672,21090,65535,6992,33486,46831,59859,35344,65535,7003
1686564791,0,1,1,0,1223223,3369,8232,11668,21079,65535,6994,33467,46836,59806,35320,65535,7002
1686564797,0,1,1,0,1223223,3369,8233,11667,21073,65535,6994,33485,46828,59835,35362,65535,7001
1686564803,0,1,1,0,1223223,3370,8233,11662,21076,65535,6994,33484,46844,59814,35324,65535,6998
1686564809,0,1,1,0,1223223,3370,8234,11668,21088,65535,6996,33491,46851,59832,35354,65535,7002
1686564815,0,1,1,0,1223223,3370,8234,11663,21075,65535,6994,33485,46857,59855,35357,65535,7002
1686564821,0,1,1,0,1223223,3369,8228,11665,21079,65535,6994,33478,46852,59848,35339,65535,6998
1686564827,0,1,1,0,1223223,3370,8236,11664,21093,65535,6996,33481,46851,59822,35332,65535,7004
1686564833,0,1,1,0,1223223,3368,8228,11666,21071,65535,6996,33467,46825,59832,35325,65535,7006
1686564839,0,1,1,0,1223223,3370,8230,11663,21075,65535,6992,33470,46836,59810,35319,65535,7004
1686564845,0,1,1,0,1223223,3369,8224,11662,21076,65535,6993,33473,46834,59807,35334,65535,7002
1686564851,0,1,1,0,1223223,3366,8232,11661,21070,65535,6990,33453,46807,59819,35317,65535,7004
1686564857,0,1,1,0,1223223,3369,8233,11667,21083,65535,6994,33470,46833,59805,35341,65535,7002
1686564863,0,1,1,0,1223223,3371,8230,11661,21077,65535,6992,33463,46850,59838,35341,65535,7004
1686564869,0,1,1,0,1223223,3368,8232,11667,21068,65535,6996,33490,46830,59853,35348,65535,7002
1686564875,0,1,1,0,1223223,3368,8227,11664,21069,65535,6990,33478,46819,59799,35336,65535,7004
1686564881,0,1,1,0,1223223,3370,8227,11661,21073,65535,6993,33482,46843,59810,35330,65535,7000
1686564887,0,1,1,0,1223223,3367,8232,11662,21080,65535,6990,33415,46738,59718,35285,65535,6990
1686564893,0,1,1,0,1223223,3369,8229,11666,21080,65535,6992,33476,46832,59820,35342,65535,7003
1686564899,0,1,1,0,1223223,3369,8234,11659,21086,65535,6994,33474,46818,59826,35340,65535,7000
1686564905,0,1,1,0,1223223,3368,8229,11661,21074,65535,6988,33473,46835,59809,35340,65535,7002
1686564911,0,1,1,0,1223223,3369,8233,11661,21083,65535,6990,33478,46818,59835,35327,65535,6999
1686564917,0,1,1,0,1223223,3369,8229,11661,21072,65535,6994,33474,46824,59817,35346,65535,7004
1686564923,0,1,1,0,1223223,3366,8232,11664,21078,65535,6994,33478,46838,59808,35347,65535,7004
1686564929,0,1,1,0,1223223,3368,8232,11669,21086,65535,6994,33475,46848,59827,35336,65535,7002
1686564935,0,1,1,0,1223223,3369,8231,11664,21091,65535,6996,33463,46819,59836,35327,65535,7000
1686564941,0,1,1,0,1223223,3369,8230,11667,21086,65535,6992,33473,46846,59842,35343,65535,7002
1686564947,0,1,1,0,1223223,3370,8228,11665,21071,65535,6994,33469,46813,59824,35325,65535,7001
1686564953,0,1,1,0,1223223,3369,8234,11668,21079,65535,6994,33482,46837,59825,35350,65535,7002
1686564959,0,1,1,0,1223223,3369,8232,11660,21073,65535,6996,33453,46842,59816,35337,65535,7006
1686564965,0,1,1,0,1223223,3368,8227,11664,21070,65535,6994,33466,46809,59816,35328,65535,7004
1686564971,0,1,1,0,1223223,3367,8228,11664,21072,65535,6994,33473,46834,59840,35330,65535,7003
1686564977,0,1,1,0,1223223,3368,8232,11659,21072,65535,6994,33465,46818,59825,35343,65535,7004
1686564983,0,1,1,0,1223223,3370,8233,11663,21073,65535,6992,33477,46838,59838,35340,65535,7002
1686564989,0,1,1,0,1223223,3371,8229,11661,21077,65535,6996,33449,46805,59798,35323,65535,7002
1686564995,0,1,1,0,1223223,3367,8232,11665,21070,65535,6992,33453,46834,59829,35340,65535,7005
1686565001,0,1,1,0,1223223,3368,8231,11661,21084,65535,6993,33468,46830,59811,35337,65535,7006
1686565007,0,1,1,0,1223223,3368,8227,11666,21081,65535,6996,33454,46838,59837,35333,65535,6999
1686565013,0,1,1,0,1223223,3367,8231,11665,21083,65535,6991,33465,46833,59849,35340,65535,7000
1686565019,0,1,1,0,1223223,3368,8226,11662,21083,65535,6994,33472,46831,59822,35323,65535,7006
1686565025,0,1,1,0,1223223,3368,8229,11665,21075,65535,6990,33460,46826,59818,35338,65535,7000
1686565031,0,1,1,0,1223223,3369,8233,11660,21072,65535,6994,33477,46838,59829,35326,65535,7004
1686565037,0,1,1,0,1223223,3370,8228,11657,21063,65535,6988,33454,46831,59815,35315,65535,7004
1686565043,0,1,1,0,1223223,3367,8230,11661,21075,65535,6992,33448,46807,59802,35329,65535,7000
1686565049,0,1,1,0,1223223,3367,8228,11661,21064,65535,6991,33480,46841,59835,35341,65535,7000
1686565055,0,1,1,0,1223223,3366,8226,11655,21066,65535,6988,33471,46830,59843,35316,65535,7002
1686565061,0,1,1,0,1223223,3369,8233,11663,21082,65535,6990,33461,46828,59811,35331,65535,7000
1686565067,0,1,1,0,1223223,3369,8232,11665,21076,65535,6993,33444,46797,59788,35307,65535,7002
1686565073,0,1,1,0,1223223,3366,8226,11660,21076,65535,6988,33487,46859,59846,35348,65535,7007
1686565079,0,1,1,0,1223223,3368,8225,11662,21080,65535,6994,33454,46815,59803,35333,65535,7004
1686565085,0,1,1,0,1223223,3367,8230,11664,21074,65535,6996,33468,46835,59830,35342,65535,7004
1686565091,0,1,1,0,1223223,3370,8233,11668,21079,65535,6995,33467,46833,59828,35335,65535,7004
1686565097,0,1,1,0,1223223,3369,8232,11662,21080,65535,6993,33469,46839,59808,35335,65535,7002
1686565103,0,1,1,0,1223223,3368,8234,11664,21080,65535,6996,33473,46819,59839,35319,65535,7001
1686565109,0,1,1,0,1223223,3367,8224,11660,21068,65535,6992,33465,46814,59818,35321,65535,7002
1686565115,0,1,1,0,1223223,3368,8232,11657,21068,65535,6994,33478,46820,59826,35342,65535,7004
1686565121,0,1,1,0,1223223,3367,8225,11656,21052,65535,6992,33468,46839,59831,35332,65535,7002
1686565127,0,1,1,0,1223223,3368,8230,11659,21066,65535,6994,33460,46842,59795,35333,65535,6998
1686565133,0,1,1,0,1223223,3369,8228,11667,21068,65535,6990,33455,46841,59829,35336,65535,7002
1686565139,0,1,1,0,1223223,3370,8231,11664,21079,65535,6994,33478,46846,59865,35346,65535,7004
1686565145,0,1,1,0,1223223,3370,8232,11665,21081,65535,6992,33472,46840,59821,35319,65535,7004
1686565151,0,1,1,0,1223223,3368,8230,11655,21081,65535,6992,33465,46833,59819,35318,65535,7004
1686565157,0,1,1,0,1223223,3368,8233,11661,21073,65535,6992,33452,46844,59813,35324,65535,7001
1686565163,0,1,1,0,1223223,3370,8233,11662,21084,65535,6992,33416,46802,59764,35292,65535,7001
1686565169,0,1,1,0,1223223,3369,8230,11665,21075,65535,6992,33457,46815,59781,35324,65535,6998
1686565175,0,1,1,0,1223223,3368,8232,11664,21082,65535,6994,33459,46824,59817,35314,65535,7004
1686565181,0,1,1,0,1223223,3367,8232,11665,21082,65535,6992,33448,46828,59823,35314,65535,7003
1686565187,0,1,1,0,1223223,3368,8230,11661,21073,65535,6990,33468,46819,59815,35331,65535,7003
1686565193,0,1,1,0,1223223,3367,8225,11657,21074,65535,6990,33469,46843,59832,35324,65535,7004
1686565199,0,1,1,0,1223223,3370,8231,11664,21088,65535,6996,33478,46846,59862,35346,65535,7003
1686565205,0,1,1,0,1223223,3369,8229,11665,21080,65535,6996,33468,46844,59823,35318,65535,7004
1686565211,0,1,1,0,1223223,3370,8229,11661,21070,65535,6996,33481,46821,59826,35338,65535,7004
1686565217,0,1,1,0,1223223,3369,8231,11665,21081,65535,6992,33469,46828,59826,35333,65535,7000
1686565223,0,1,1,0,1223223,3369,8230,11663,21074,65535,6996,33455,46828,59789,35330,65535,7003
1686565229,0,1,1,0,1223223,3369,8234,11664,21078,65535,6992,33448,46828,59822,35330,65535,7003
1686565235,0,1,1,0,1223223,3368,8230,11664,21075,65535,6991,33454,46836,59820,35333,65535,7002
1686565241,0,1,1,0,1223223,3367,8233,11662,21079,65535,6995,33474,46836,59795,35314,65535,7003
1686565247,0,1,1,0,1223223,3365,8226,11658,21073,65535,6994,33470,46815,59809,35331,65535,7000
1686565253,0,1,1,0,1223223,3366,8228,11658,21071,65535,6993,33467,46828,59778,35329,65535,7000
1686565259,0,1,1,0,1223223,3368,8226,11660,21078,65535,6994,33460,46823,59793,35314,65535,7002
1686565265,0,1,1,0,1223223,3367,8224,11654,21067,65535,6990,33470,46835,59800,35330,65535,7002
1686565271,0,1,1,0,1223223,3366,8229,11656,21077,65535,6994,33469,46833,59821,35329,65535,7002
1686565277,0,1,1,0,1223223,3368,8224,11661,21074,65535,6990,33464,46821,59813,35331,65535,6998
1686565283,0,1,1,0,1223223,3368,8228,11663,21075,65535,6990,33472,46817,59839,35335,65535,7002
1686565289,0,1,1,0,1223223,3369,8233,11659,21071,65535,6992,33469,46815,59822,35316,65535,6998
1686565295,0,1,1,0,1223223,3368,8228,11662,21068,65535,6991,33470,46831,59819,35310,65535,6998
1686565301,0,1,1,0,1223223,3368,8230,11662,21063,65535,6995,33464,46821,59817,35329,65535,7000
1686565307,0,1,1,0,1223223,3367,8229,11660,21058,65535,6988,33466,46829,59812,35326,65535,6999
1686565313,0,1,1,0,1223223,3367,8227,11658,21061,65535,6992,33456,46818,59777,35322,65535,7001
1686565319,0,1,1,0,1223223,3369,8235,11665,21080,65535,6990,33473,46845,59836,35321,65535,7000
1686565325,0,1,1,0,1223223,3369,8232,11660,21077,65535,6989,33428,46765,59752,35298,65535,6998
1686565331,0,1,1,0,1223223,3368,8228,11655,21060,65535,6990,33474,46820,59789,35334,65535,7002
1686565337,0,1,1,0,1223223,3369,8234,11666,21071,65535,6994,33462,46837,59801,35314,65535,7004
1686565343,0,1,1,0,1223223,3369,8231,11661,21081,65535,6996,33469,46825,59796,35311,65535,7001
1686565349,0,1,1,0,1223223,3368,8226,11660,21077,65535,6991,33457,46794,59793,35320,65535,6998
1686565355,0,1,1,0,1223223,3365,8229,11659,21076,65535,6994,33469,46827,59807,35314,65535,7004
1686565361,0,1,1,0,1223223,3367,8229,11662,21081,65535,6995,33466,46818,59810,35313,65535,7003
1686565367,0,1,1,0,1223223,3365,8231,11662,21078,65535,6994,33459,46822,59815,35312,65535,7000
1686565373,0,1,1,0,1223223,3368,8231,11665,21077,65535,6993,33450,46830,59827,35329,65535,7000
1686565379,0,1,1,0,1223223,3369,8232,11664,21065,65535,6992,33461,46834,59818,35323,65535,7002
1686565385,0,1,1,0,1223223,3367,8226,11664,21070,65535,6993,33448,46830,59801,35313,65535,7002
1686565391,0,1,1,0,1223223,3366,8227,11656,21066,65535,6995,33451,46819,59830,35327,65535,7000
1686565397,0,1,1,0,1223223,3368,8225,11661,21068,65535,6992,33461,46814,59808,35311,65535,7000
1686565403,0,1,1,0,1223223,3368,8227,11664,21065,65535,6990,33464,46819,59818,35308,65535,6998
1686565409,0,1,1,0,1223223,3369,8233,11659,21066,65535,6992,33472,46838,59793,35315,65535,7001
1686565415,0,1,1,0,1223223,3369,8230,11663,21066,65535,6990,33447,46824,59801,35326,65535,7002
1686565421,0,1,1,0,1223223,3366,8228,11660,21064,65535,6991,33465,46824,59807,35334,65535,7000
1686565427,0,1,1,0,1223223,3368,8230,11664,21073,65535,6994,33468,46824,59819,35327,65535,6997
1686565433,0,1,1,0,1223223,3369,8230,11666,21069,65535,6994,33454,46824,59824,35329,65535,7002
1686565439,0,1,1,0,1223223,3368,8230,11661,21077,65535,6990,33451,46813,59807,35325,65535,6998
1686565445,0,1,1,0,1223223,3368,8230,11656,21075,65535,6990,33464,46828,59823,35333,65535,7004
1686565451,0,1,1,0,1223223,3367,8231,11663,21066,65535,6992,33470,46819,59822,35327,65535,6999
1686565457,0,1,1,0,1223223,3366,8225,11658,21065,65535,6992,33469,46837,59826,35333,65535,7000
1686565463,0,1,1,0,1223223,3368,8230,11664,21077,65535,6989,33463,46815,59814,35309,65535,7000
1686565469,0,1,1,0,1223223,3366,8227,11664,21065,65535,6990,33472,46833,59797,35313,65535,7001
1686565475,0,1,1,0,1223223,3368,8232,11662,21071,65535,6994,33463,46824,59795,35311,65535,7002
1686565481,0,1,1,0,1223223,3366,8230,11667,21077,65535,6991,33470,46836,59809,35332,65535,7002
1686565487,0,1,1,0,1223223,3369,8230,11665,21080,65535,6994,33471,46831,59832,35322,65535,7002
1686565493,0,1,1,0,1223223,3369,8229,11664,21067,65535,6991,33463,46827,59816,35327,65535,6998
1686565499,0,1,1,0,1223223,3368,8232,11666,21083,65535,6994,33457,46836,59835,35343,65535,7002
1686565505,0,1,1,0,1223223,3365,8230,11659,21069,65535,6990,33431,46796,59778,35307,65535,6998
1686565511,0,1,1,0,1223223,3366,8226,11657,21074,65535,6990,33463,46832,59813,35314,65535,7000
1686565517,0,1,1,0,1223223,3368,8235,11660,21065,65535,6993,33462,46834,59819,35335,65535,7000
1686565523,0,1,1,0,1223223,3369,8229,11661,21069,65535,6991,33469,46860,59821,35338,65535,7000
1686565529,0,1,1,0,1223223,3368,8229,11669,21076,65535,6990,33462,46815,59803,35323,65535,7004
1686565535,0,1,1,0,1223223,3368,8226,11660,21070,65535,6990,33470,46831,59835,35337,65535,7002
1686565541,0,1,1,0,1223223,3367,8227,11661,21061,65535,6992,33467,46845,59822,35335,65535,6997
1686565547,0,1,1,0,1223223,3369,8233,11665,21080,65535,6992,33469,46841,59821,35334,65535,7000
1686565553,0,1,1,0,1223223,3370,8233,11667,21069,65535,6989,33463,46832,59821,35313,65535,7000
1686565559,0,1,1,0,1223223,3369,8233,11668,21069,65535,6994,33469,46832,59805,35329,65535,6997
1686565565,0,1,1,0,1223223,3367,8229,11663,21068,65535,6994,33483,46852,59879,35338,65535,7004
1686565571,0,1,1,0,1223223,3368,8232,11663,21078,65535,6994,33471,46838,59829,35333,65535,7004
1686565577,0,1,1,0,1223223,3368,8234,11662,21075,65535,6991,33480,46853,59857,35341,65535,7004
1686565583,0,1,1,0,1223223,3368,8226,11663,21071,65535,6992,33469,46821,59832,35333,65535,7000
1686565589,0,1,1,0,1223223,3369,8228,11664,21076,65535,6996,33462,46821,59809,35324,65535,7002
1686565595,0,1,1,0,1223223,3368,8229,11660,21077,65535,6992,33436,46821,59816,35326,65535,7002
1686565601,0,1,1,0,1223223,3369,8230,11660,21073,65535,6994,33472,46838,59828,35324,65535,7001
1686565607,0,1,1,0,1223223,3369,8230,11667,21077,65535,6990,33466,46823,59831,35331,65535,7003
1686565613,0,1,1,0,1223223,3368,8229,11665,21074,65535,6992,33465,46835,59813,35308,65535,7003
1686565619,0,1,1,0,1223223,3368,8230,11667,21075,65535,6992,33464,46827,59820,35308,65535,7004
1686565625,0,1,1,0,1223223,3368,8228,11658,21072,65535,6992,33456,46826,59824,35327,65535,7002
1686565631,0,1,1,0,1223223,3367,8230,11658,21073,65535,6992,33458,46802,59796,35311,65535,7002
1686565637,0,1,1,0,1223223,3369,8230,11663,21067,65535,6991,33459,46829,59822,35330,65535,7003
1686565643,0,1,1,0,1223223,3368,8234,11671,21081,65535,6994,33447,46830,59812,35329,65535,7004
1686565649,0,1,1,0,1223223,3370,8229,11663,21081,65535,6998,33451,46837,59844,35329,65535,7003
1686565655,0,1,1,0,1223223,3370,8230,11671,21079,65535,6998,33471,46844,59823,35333,65535,7004
1686565661,0,1,1,0,1223223,3369,8231,11670,21079,65535,6996,33475,46825,59834,35333,65535,7001
1686565667,0,1,1,0,1223223,3366,8229,11660,21076,65535,6996,33474,46834,59840,35333,65535,7000
1686565673,0,1,1,0,1223223,3368,8233,11662,21082,65535,6994,33478,46868,59824,35341,65535,7000
1686565679,0,1,1,0,1223223,3369,8231,11668,21080,65535,6992,33471,46838,59846,35318,65535,7006
1686565685,0,1,1,0,1223223,3368,8233,11658,21076,65535,6995,33478,46829,59829,35343,65535,7006
1686565691,0,1,1,0,1223223,3369,8232,11666,21075,65535,6992,33478,46843,59833,35334,65535,7004
1686565697,0,1,1,0,1223223,3369,8236,11664,21084,65535,6994,33477,46846,59853,35341,65535,7004
1686565703,0,1,1,0,1223223,3369,8232,11667,21066,65535,6994,33459,46830,59816,35320,65535,7002
1686565709,0,1,1,0,1223223,3368,8227,11663,21063,65535,6993,33470,46836,59826,35329,65535,7002
1686565715,0,1,1,0,1223223,3368,8228,11661,21064,65535,6992,33446,46819,59817,35313,65535,7002
1686565721,0,1,1,0,1223223,3368,8232,11661,21075,65535,6994,33466,46822,59825,35326,65535,7000
1686565727,0,1,1,0,1223223,3369,8232,11661,21065,65535,6993,33473,46839,59838,35336,65535,7005
1686565733,0,1,1,0,1223223,3368,8234,11662,21073,65535,6994,33464,46842,59827,35328,65535,6998
1686565739,0,1,1,0,1223223,3369,8233,11666,21079,65535,6990,33454,46821,59814,35327,65535,7003
1686565745,0,1,1,0,1223223,3368,8230,11666,21078,65535,6992,33467,46829,59827,35318,65535,7000
1686565751,0,1,1,0,1223223,3367,8234,11660,21072,65535,6994,33471,46849,59836,35339,65535,7004
1686565757,0,1,1,0,1223223,3369,8232,11668,21082,65535,6996,33469,46835,59814,35333,65535,7002
1686565763,0,1,1,0,1223223,3369,8226,11661,21076,65535,6993,33462,46834,59808,35332,65535,7003
1686565769,0,1,1,0,1223223,3367,8231,11659,21066,65535,6996,33483,46846,59819,35338,65535,7001
1686565775,0,1,1,0,1223223,3368,8231,11659,21076,65535,6994,33466,46842,59831,35330,65535,7004
1686565781,0,1,1,0,1223223,3369,8226,11663,21068,65535,6992,33466,46828,59816,35314,65535,7002
1686565787,0,1,1,0,1223223,3367,8228,11655,21075,65535,6994,33459,46819,59788,35314,65535,7000
1686565793,0,1,1,0,1223223,3368,8232,11664,21066,65535,6993,33462,46833,59813,35313,65535,7002
1686565799,0,1,1,0,1223223,3367,8229,11658,21065,65535,6992,33470,46812,59819,35323,65535,7000
1686565805,0,1,1,0,1223223,3369,8232,11665,21067,65535,6990,33465,46826,59811,35333,65535,7002
1686565811,0,1,1,0,1223223,3369,8231,11664,21072,65535,6994,33469,46843,59838,35342,65535,7004
1686565817,0,1,1,0,1223223,3368,8230,11662,21068,65535,6990,33452,46822,59826,35315,65535,7000
1686565823,0,1,1,0,1223223,3368,8230,11652,21065,65535,6989,33451,46794,59798,35301,65535,6997
1686565829,0,1,1,0,1223223,3368,8230,11661,21078,65535,6994,33462,46815,59827,35335,65535,6998
1686565835,0,1,1,0,1223223,3367,8228,11660,21071,65535,6991,33445,46816,59790,35317,65535,6997
1686565841,0,1,1,0,1223223,3366,8223,11659,21069,65535,6988,33451,46824,59822,35320,65535,7003
1686565847,0,1,1,0,1223223,3367,8230,11662,21066,65535,6990,33456,46822,59818,35332,65535,7000
1686565853,0,1,1,0,1223223,3367,8231,11660,21061,65535,6992,33448,46815,59796,35317,65535,7000
1686565859,0,1,1,0,1223223,3367,8226,11659,21070,65535,6992,33456,46830,59810,35323,65535,6999
1686565865,0,1,1,0,1223223,3367,8227,11655,21070,65535,6994,33445,46817,59779,35310,65535,6998
1686565871,0,1,1,0,1223223,3367,8230,11655,21075,65535,6989,33457,46822,59826,35303,65535,7003
1686565877,0,1,1,0,1223223,3366,8227,11654,21060,65535,6989,33457,46814,59786,35324,65535,7000
1686565883,0,1,1,0,1223223,3368,8231,11660,21076,65535,6993,33452,46827,59796,35326,65535,7000
1686565889,0,1,1,0,1223223,3368,8230,11659,21077,65535,6990,33464,46814,59818,35326,65535,7004
1686565895,0,1,1,0,1223223,3368,8231,11661,21067,65535,6992,33446,46809,59787,35299,65535,7002
1686565901,0,1,1,0,1223223,3369,8230,11658,21068,65535,6992,33467,46830,59816,35313,65535,7002
1686565907,0,1,1,0,1223223,3368,8224,11654,21076,65535,6990,33459,46818,59812,35327,65535,7003
1686565913,0,1,1,0,1223223,3368,8232,11657,21063,65535,6990,33462,46809,59809,35314,65535,7003
1686565919,0,1,1,0,1223223,3368,8227,11662,21074,65535,6992,33469,46818,59825,35331,65535,6998
1686565925,0,1,1,0,1223223,3368,8232,11664,21083,65535,6992,33465,46832,59820,35333,65535,7000
1686565931,0,1,1,0,1223223,3369,8232,11665,21066,65535,6994,33466,46814,59835,35332,65535,7000
1686565937,0,1,1,0,1223223,3367,8229,11653,21057,65535,6994,33445,46796,59799,35325,65535,6999
1686565943,0,1,1,0,1223223,3369,8233,11661,21070,65535,6990,33468,46832,59820,35337,65535,7000
1686565949,0,1,1,0,1223223,3370,8230,11661,21085,65535,6994,33454,46845,59843,35342,65535,7004
1686565955,0,1,1,0,1223223,3369,8229,11661,21086,65535,6994,33443,46819,59806,35318,65535,7003
1686565961,0,1,1,0,1223223,3367,8224,11658,21062,65535,6990,33446,46819,59818,35332,65535,7000
1686565967,0,1,1,0,1223223,3366,8229,11660,21078,65535,6996,33462,46810,59819,35309,65535,7006
1686565973,0,1,1,0,1223223,3368,8230,11660,21079,65535,6992,33471,46839,59807,35332,65535,7002
1686565979,0,1,1,0,1223223,3369,8231,11665,21085,65535,6995,33474,46824,59810,35341,65535,7004
1686565985,0,1,1,0,1223223,3369,8230,11663,21074,65535,6992,33475,46836,59821,35341,65535,7006
1686565991,0,1,1,0,1223223,3369,8228,11664,21076,65535,6996,33459,46817,59797,35334,65535,7000
1686565997,0,1,1,0,1223223,3371,8233,11662,21070,65535,6994,33473,46824,59842,35342,65535,7002
1686566003,0,1,1,0,1223223,3368,8233,11663,21075,65535,6990,33472,46826,59813,35334,65535,7003
1686566009,0,1,1,0,1223223,3368,8234,11664,21079,65535,6996,33455,46829,59813,35321,65535,6997
1686566015,0,1,1,0,1223223,3368,8228,11659,21071,65535,6994,33475,46832,59840,35322,65535,7000
1686566021,0,1,1,0,1223223,3369,8230,11665,21079,65535,6992,33471,46825,59827,35332,65535,7004
1686566027,0,1,1,0,1223223,3368,8228,11661,21077,65535,6994,33461,46829,59816,35324,65535,7000
1686566033,0,1,1,0,1223223,3369,8230,11661,21076,65535,6992,33464,46823,59821,35307,65535,7000
1686566039,0,1,1,0,1223223,3368,8229,11657,21076,65535,6994,33463,46820,59829,35312,65535,7004
1686566045,0,1,1,0,1223223,3369,8228,11657,21063,65535,6991,33460,46841,59824,35330,65535,7004
1686566051,0,1,1,0,1223223,3368,8228,11667,21079,65535,6992,33457,46836,59808,35324,65535,7000
1686566057,0,1,1,0,1223223,3369,8231,11668,21073,65535,6992,33452,46821,59817,35325,65535,7000
1686566063,0,1,1,0,1223223,3367,8230,11661,21074,65535,6992,33455,46815,59791,35321,65535,7002
1686566069,0,1,1,0,1223223,3368,8226,11666,21068,65535,6996,33457,46806,59838,35313,65535,7002
1686566075,0,1,1,0,1223223,3368,8229,11659,21077,65535,6994,33458,46823,59827,35330,65535,7002
1686566081,0,1,1,0,1223223,3368,8232,11667,21081,65535,6994,33455,46819,59794,35322,65535,7002
1686566087,0,1,1,0,1223223,3350,8188,11593,20963,65535,6956,33394,46743,59713,35273,65535,6989
1686566093,0,1,1,0,1223223,3369,8230,11663,21081,65535,6994,33469,46829,59860,35336,65535,7004
1686566099,0,1,1,0,1223223,3369,8227,11663,21078,65535,6994,33463,46831,59816,35337,65535,7002
1686566105,0,1,1,0,1223223,3367,8232,11666,21083,65535,6993,33477,46843,59836,35322,65535,7003
1686566111,0,1,1,0,1223223,3368,8233,11661,21069,65535,6994,33462,46837,59814,35320,65535,7002
1686566117,0,1,1,0,1223223,3367,8233,11660,21068,65535,6994,33472,46835,59840,35319,65535,7000
1686566123,0,1,1,0,1223223,3368,8233,11666,21076,65535,6990,33462,46822,59825,35328,65535,7002
1686566129,0,1,1,0,1223223,3369,8232,11662,21081,65535,6994,33482,46843,59841,35318,65535,7001
1686566135,0,1,1,0,1223223,3368,8232,11663,21069,65535,6994,33487,46844,59838,35341,65535,7001
1686566141,0,1,1,0,1223223,3370,8232,11666,21081,65535,6992,33480,46830,59854,35337,65535,7002
1686566147,0,1,1,0,1223223,3370,8233,11666,21084,65535,6993,33472,46840,59796,35332,65535,7002
1686566153,0,1,1,0,1223223,3369,8232,11663,21066,65535,6989,33478,46843,59804,35335,65535,7004
1686566159,0,1,1,0,1223223,3368,8222,11657,21072,65535,6990,33435,46815,59814,35317,65535,7001
1686566165,0,1,1,0,1223223,3370,8226,11660,21073,65535,6987,33477,46830,59839,35347,65535,6998
1686566171,0,1,1,0,1223223,3368,8229,11661,21068,65535,6992,33464,46824,59814,35322,65535,7004
1686566177,0,1,1,0,1223223,3365,8225,11661,21066,65535,6992,33473,46828,59812,35333,65535,6998
1686566183,0,1,1,0,1223223,3370,8232,11665,21082,65535,6995,33440,46818,59814,35321,65535,6998
1686566189,0,1,1,0,1223223,3370,8230,11666,21091,65535,6992,33469,46825,59804,35330,65535,7000
1686566195,0,1,1,0,1223223,3369,8230,11658,21081,65535,6990,33464,46825,59824,35326,65535,7002
1686566201,0,1,1,0,1223223,3370,8233,11666,21081,65535,6996,33465,46831,59844,35307,65535,6999
1686566207,0,1,1,0,1223223,3369,8229,11663,21065,65535,6996,33477,46819,59836,35334,65535,7004
1686566213,0,1,1,0,1223223,3368,8231,11658,21076,65535,6993,33464,46829,59826,35326,65535,6998
1686566219,0,1,1,0,1223223,3369,8226,11664,21078,65535,6990,33466,46806,59814,35311,65535,7006
1686566225,0,1,1,0,1223223,3368,8231,11663,21072,65535,6993,33457,46821,59820,35317,65535,6998
1686566231,0,1,1,0,1223223,3368,8229,11656,21073,65535,6994,33460,46815,59820,35318,65535,7002
1686566237,0,1,1,0,1223223,3369,8232,11663,21084,65535,6991,33468,46807,59819,35328,65535,7002
1686566243,0,1,1,0,1223223,3368,8232,11666,21081,65535,6994,33476,46828,59811,35337,65535,7000
1686566249,0,1,1,0,1223223,3369,8227,11660,21081,65535,6998,33463,46814,59832,35327,65535,7002
1686566255,0,1,1,0,1223223,3369,8232,11664,21079,65535,6994,33449,46803,59832,35327,65535,6998
1686566261,0,1,1,0,1223223,3367,8225,11654,21072,65535,6989,33461,46816,59815,35319,65535,7000
1686566267,0,1,1,0,1223223,3368,8225,11660,21071,65535,6990,33456,46813,59810,35325,65535,7003
1686566273,0,1,1,0,1223223,3368,8224,11660,21067,65535,6991,33463,46804,59802,35316,65535,7000
1686566279,0,1,1,0,1223223,3368,8229,11657,21065,65535,6993,33441,46814,59787,35322,65535,7002
1686566285,0,1,1,0,1223223,3368,8227,11654,21064,65535,6990,33457,46814,59813,35331,65535,7005
1686566291,0,1,1,0,1223223,3366,8226,11658,21059,65535,6991,33457,46808,59810,35306,65535,6998
1686566297,0,1,1,0,1223223,3367,8225,11655,21064,65535,6992,33454,46800,59812,35323,65535,7002
1686566303,0,1,1,0,1223223,3366,8231,11659,21072,65535,6990,33459,46816,59817,35325,65535,7002
1686566309,0,1,1,0,1223223,3367,8226,11657,21074,65535,6988,33437,46805,59795,35320,65535,6999
1686566315,0,1,1,0,1223223,3366,8230,11661,21079,65535,6988,33465,46804,59827,35330,65535,7003
1686566321,0,1,1,0,1223223,3367,8227,11658,21074,65535,6992,33457,46831,59828,35311,65535,7002
1686566327,0,1,1,0,1223223,3368,8229,11657,21076,65535,6993,33463,46822,59859,35327,65535,7002
1686566333,0,1,1,0,1223223,3368,8232,11662,21075,65535,6992,33466,46809,59811,35325,65535,7000
1686566339,0,1,1,0,1223223,3367,8230,11658,21075,65535,6992,33454,46805,59825,35324,65535,7004
1686566345,0,1,1,0,1223223,3367,8229,11658,21065,65535,6992,33455,46805,59824,35329,65535,7000
1686566351,0,1,1,0,1223223,3366,8229,11655,21062,65535,6994,33462,46812,59823,35310,65535,7002
1686566357,0,1,1,0,1223223,3368,8227,11659,21062,65535,6992,33460,46814,59804,35325,65535,7005
1686566363,0,1,1,0,1223223,3367,8231,11659,21076,65535,6996,33465,46818,59832,35328,65535,7000
1686566369,0,1,1,0,1223223,3369,8232,11663,21076,65535,6996,33472,46833,59818,35334,65535,7000
1686566375,0,1,1,0,1223223,3367,8226,11660,21067,65535,6994,33472,46818,59807,35334,65535,7004
1686566381,0,1,1,0,1223223,3368,8225,11662,21067,65535,6994,33439,46778,59790,35312,65535,6996
1686566387,0,1,1,0,1223223,3368,8226,11659,21063,65535,6992,33457,46799,59806,35326,65535,7002
1686566393,0,1,1,0,1223223,3368,8227,11661,21072,65535,6992,33448,46810,59805,35336,65535,6998
1686566399,0,1,1,0,1223223,3368,8229,11662,21072,65535,6993,33442,46812,59801,35309,65535,7000
1686566405,0,1,1,0,1223223,3365,8225,11650,21056,65535,6986,33461,46805,59799,35325,65535,6999
1686566411,0,1,1,0,1223223,3363,8224,11651,21067,65535,6990,33432,46786,59765,35291,65535,6996
1686566417,0,1,1,0,1223223,3365,8225,11656,21068,65535,6991,33455,46810,59810,35323,65535,6998
1686566423,0,1,1,0,1223223,3368,8230,11661,21080,65535,6990,33465,46835,59823,35328,65535,7004
1686566429,0,1,1,0,1223223,3366,8226,11657,21061,65535,6990,33453,46799,59794,35321,65535,7002
1686566435,0,1,1,0,1223223,3367,8223,11654,21058,65535,6992,33451,46809,59795,35313,65535,7002
1686566441,0,1,1,0,1223223,3368,8227,11659,21075,65535,6993,33464,46825,59807,35326,65535,7002
1686566447,0,1,1,0,1223223,3365,8228,11661,21074,65535,6991,33450,46811,59793,35314,65535,7002
1686566453,0,1,1,0,1223223,3365,8231,11659,21076,65535,6992,33463,46812,59819,35326,65535,7002
1686566459,0,1,1,0,1223223,3368,8227,11663,21074,65535,6993,33477,46817,59831,35333,65535,7002
1686566465,0,1,1,0,1223223,3369,8230,11659,21075,65535,6992,33461,46828,59819,35325,65535,7002
1686566471,0,1,1,0,1223223,3368,8230,11662,21076,65535,6992,33462,46799,59817,35308,65535,7000
1686566477,0,1,1,0,1223223,3368,8230,11661,21065,65535,6992,33472,46831,59827,35333,65535,7000
1686566483,0,1,1,0,1223223,3368,8232,11664,21079,65535,6992,33441,46807,59815,35325,65535,6999
1686566489,0,1,1,0,1223223,3367,8229,11661,21070,65535,6994,33463,46810,59820,35326,65535,7002
1686566495,0,1,1,0,1223223,3368,8230,11662,21081,65535,6992,33464,46808,59828,35326,65535,7002
1686566501,0,1,1,0,1223223,3365,8226,11660,21075,65535,6992,33476,46821,59832,35333,65535,7002
1686566507,0,1,1,0,1223223,3370,8228,11665,21084,65535,6992,33469,46835,59831,35336,65535,7004
1686566513,0,1,1,0,1223223,3368,8231,11665,21069,65535,6988,33471,46803,59821,35325,65535,6998
1686566519,0,1,1,0,1223223,3369,8231,11666,21086,65535,6992,33480,46830,59824,35337,65535,7006
1686566525,0,1,1,0,1223223,3370,8234,11666,21078,65535,6996,33482,46847,59842,35321,65535,7006
1686566531,0,1,1,0,1223223,3369,8232,11663,21080,65535,6994,33476,46838,59832,35334,65535,7002
1686566537,0,1,1,0,1223223,3368,8232,11661,21078,65535,6996,33446,46809,59818,35329,65535,7002
1686566543,0,1,1,0,1223223,3368,8230,11657,21076,65535,6992,33455,46822,59813,35321,65535,7004
1686566549,0,1,1,0,1223223,3364,8226,11654,21064,65535,6988,33447,46827,59821,35329,65535,6999
1686566555,0,1,1,0,1223223,3369,8227,11657,21083,65535,6994,33479,46819,59832,35339,65535,7002
1686566561,0,1,1,0,1223223,3370,8233,11662,21068,65535,6991,33473,46841,59831,35336,65535,7000
1686566567,0,1,1,0,1223223,3368,8230,11658,21077,65535,6991,33466,46828,59803,35324,65535,7002
1686566573,0,1,1,0,1223223,3366,8231,11663,21086,65535,6996,33474,46810,59823,35319,65535,7004
1686566579,0,1,1,0,1223223,3367,8230,11666,21083,65535,6996,33472,46826,59823,35332,65535,7001
1686566585,0,1,1,0,1223223,3367,8227,11662,21070,65535,6993,33464,46808,59821,35337,65535,7002
1686566591,0,1,1,0,1223223,3367,8229,11662,21080,65535,6995,33464,46821,59814,35308,65535,7002
1686566597,0,1,1,0,1223223,3368,8232,11659,21077,65535,6992,33463,46796,59805,35324,65535,7000
1686566603,0,1,1,0,1223223,3369,8228,11664,21083,65535,6992,33469,46828,59815,35312,65535,7004
1686566609,0,1,1,0,1223223,3370,8233,11662,21085,65535,6994,33481,46831,59827,35338,65535,7001
1686566615,0,1,1,0,1223223,3368,8224,11659,21072,65535,6993,33451,46788,59796,35316,65535,7002
1686566621,0,1,1,0,1223223,3368,8226,11659,21082,65535,6992,33468,46831,59785,35316,65535,7003
1686566627,0,1,1,0,1223223,3367,8230,11660,21073,65535,6992,33465,46836,59826,35334,65535,7003
1686566633,0,1,1,0,1223223,3368,8228,11663,21079,65535,6994,33459,46800,59802,35321,65535,7004
1686566639,0,1,1,0,1223223,3368,8227,11657,21064,65535,6994,33461,46800,59800,35328,65535,6998
1686566645,0,1,1,0,1223223,3367,8231,11660,21073,65535,6992,33458,46816,59823,35335,65535,7002
1686566651,0,1,1,0,1223223,3366,8231,11662,21079,65535,6992,33484,46843,59834,35323,65535,7000
1686566657,0,1,1,0,1223223,3365,8229,11660,21070,65535,6992,33448,46820,59820,35335,65535,7002
1686566663,0,1,1,0,1223223,3365,8227,11652,21074,65535,6994,33476,46823,59810,35334,65535,7002
1686566669,0,1,1,0,1223223,3369,8228,11658,21068,65535,6990,33459,46817,59793,35327,65535,7004
1686566675,0,1,1,0,1223223,3368,8225,11656,21074,65535,6990,33455,46812,59801,35309,65535,7004
1686566681,0,1,1,0,1223223,3366,8229,11656,21069,65535,6992,33463,46826,59816,35302,65535,7002
1686566687,0,1,1,0,1223223,3367,8227,11657,21078,65535,6994,33458,46818,59818,35310,65535,7000
1686566693,0,1,1,0,1223223,3368,8225,11659,21074,65535,6994,33458,46820,59799,35310,65535,6999
1686566699,0,1,1,0,1223223,3367,8232,11663,21085,65535,6995,33467,46830,59818,35337,65535,7002
1686566705,0,1,1,0,1223223,3368,8228,11657,21073,65535,6991,33451,46813,59813,35326,65535,7000
1686566711,0,1,1,0,1223223,3366,8229,11656,21069,65535,6996,33444,46809,59802,35310,65535,7002
1686566717,0,1,1,0,1223223,3367,8227,11654,21073,65535,6994,33454,46800,59797,35314,65535,6998
1686566723,0,1,1,0,1223223,3366,8227,11655,21072,65535,6988,33447,46797,59778,35313,65535,6996
1686566729,0,1,1,0,1223223,3367,8227,11655,21071,65535,6990,33466,46816,59847,35310,65535,7006
1686566735,0,1,1,0,1223223,3368,8225,11655,21075,65535,6990,33453,46834,59818,35326,65535,7006
1686566741,0,1,1,0,1223223,3367,8229,11658,21067,65535,6990,33460,46792,59809,35318,65535,7000
1686566747,0,1,1,0,1223223,3368,8228,11660,21079,65535,6990,33443,46817,59810,35322,65535,7002
1686566753,0,1,1,0,1223223,3365,8228,11657,21064,65535,6990,33471,46800,59812,35332,65535,7000
1686566759,0,1,1,0,1223223,3369,8231,11661,21083,65535,6990,33439,46818,59804,35305,65535,7000
1686566765,0,1,1,0,1223223,3366,8231,11667,21078,65535,6988,33460,46824,59812,35328,65535,7002
1686566771,0,1,1,0,1223223,3367,8231,11656,21068,65535,6991,33466,46836,59842,35313,65535,6997
1686566777,0,1,1,0,1223223,3367,8229,11657,21074,65535,6990,33453,46820,59783,35321,65535,6998
1686566783,0,1,1,0,1223223,3368,8230,11654,21070,65535,6992,33466,46824,59820,35329,65535,6998
1686566789,0,1,1,0,1223223,3365,8229,11656,21072,65535,6992,33460,46808,59808,35322,65535,7000
1686566795,0,1,1,0,1223223,3368,8225,11658,21060,65535,6990,33457,46823,59800,35300,65535,6998
1686566801,0,1,1,0,1223223,3367,8233,11658,21073,65535,6990,33459,46843,59817,35323,65535,7002
1686566807,0,1,1,0,1223223,3368,8228,11659,21076,65535,6991,33471,46829,59820,35311,65535,7000
1686566813,0,1,1,0,1223223,3368,8227,11660,21077,65535,6992,33460,46810,59786,35323,65535,7000
1686566819,0,1,1,0,1223223,3368,8227,11657,21073,65535,6988,33443,46829,59809,35320,65535,7004
1686566825,0,1,1,0,1223223,3367,8229,11656,21072,65535,6989,33462,46826,59811,35323,65535,7000
1686566831,0,1,1,0,1223223,3369,8230,11662,21062,65535,6991,33441,46828,59794,35316,65535,7003
1686566837,0,1,1,0,1223223,3366,8234,11659,21063,65535,6994,33440,46830,59814,35321,65535,7004
1686566843,0,1,1,0,1223223,3368,8231,11662,21078,65535,6990,33456,46831,59812,35324,65535,6997
1686566849,0,1,1,0,1223223,3368,8234,11661,21076,65535,6992,33472,46844,59831,35333,65535,7000
1686566855,0,1,1,0,1223223,3367,8231,11656,21077,65535,6991,33472,46825,59828,35322,65535,6998
1686566861,0,1,1,0,1223223,3366,8230,11662,21078,65535,6992,33469,46828,59807,35327,65535,7002
1686566867,0,1,1,0,1223223,3366,8232,11663,21076,65535,6989,33462,46832,59798,35313,65535,7002
1686566873,0,1,1,0,1223223,3366,8231,11659,21075,65535,6988,33462,46832,59818,35323,65535,7003
1686566879,0,1,1,0,1223223,3368,8230,11662,21077,65535,6992,33467,46831,59819,35327,65535,6999
1686566885,0,1,1,0,1223223,3367,8235,11658,21071,65535,6994,33472,46835,59831,35330,65535,7002
1686566891,0,1,1,0,1223223,3367,8231,11657,21079,65535,6991,33465,46806,59817,35306,65535,6998
1686566897,0,1,1,0,1223223,3367,8231,11659,21075,65535,6990,33450,46842,59815,35313,65535,6998
1686566903,0,1,1,0,1223223,3369,8228,11659,21069,65535,6988,33458,46838,59833,35317,65535,7004
1686566909,0,1,1,0,1223223,3367,8232,11656,21075,65535,6996,33479,46855,59813,35339,65535,7002
1686566915,0,1,1,0,1223223,3366,8233,11662,21075,65535,6996,33453,46839,59800,35323,65535,7004
1686566921,0,1,1,0,1223223,3366,8227,11660,21073,65535,6991,33453,46837,59828,35326,65535,7000
1686566927,0,1,1,0,1223223,3368,8228,11658,21076,65535,6992,33477,46833,59830,35337,65535,7003
1686566933,0,1,1,0,1223223,3368,8232,11660,21067,65535,6996,33472,46839,59860,35338,65535,7000
1686566939,0,1,1,0,1223223,3364,8230,11653,21071,65535,6991,33454,46815,59793,35301,65535,7002
1686566945,0,1,1,0,1223223,3368,8230,11659,21081,65535,6990,33473,46842,59827,35333,65535,7004
1686566951,0,1,1,0,1223223,3367,8225,11654,21069,65535,6989,33429,46799,59789,35315,65535,6996
1686566957,0,1,1,0,1223223,3368,8229,11654,21062,65535,6993,33455,46835,59834,35314,65535,7006
1686566963,0,1,1,0,1223223,3369,8233,11660,21081,65535,6992,33456,46805,59802,35304,65535,7001
1686566969,0,1,1,0,1223223,3365,8231,11662,21079,65535,6990,33475,46837,59838,35338,65535,7006
1686566975,0,1,1,0,1223223,3367,8228,11659,21066,65535,6990,33431,46811,59798,35321,65535,7000
1686566981,0,1,1,0,1223223,3368,8233,11660,21065,65535,6994,33457,46820,59802,35327,65535,7003
1686566987,0,1,1,0,1223223,3367,8226,11653,21072,65535,6992,33454,46816,59801,35320,65535,7004
1686566993,0,1,1,0,1223223,3367,8234,11657,21079,65535,6996,33452,46841,59781,35332,65535,7002
1686566999,0,1,1,0,1223223,3367,8231,11659,21076,65535,6991,33447,46843,59801,35310,65535,7004
1686567005,0,1,1,0,1223223,3367,8225,11656,21069,65535,6988,33439,46812,59792,35325,65535,6999
1686567011,0,1,1,0,1223223,3367,8231,11653,21078,65535,6990,33448,46823,59790,35304,65535,7001
1686567017,0,1,1,0,1223223,3365,8228,11653,21073,65535,6991,33440,46815,59767,35297,65535,6999
1686567023,0,1,1,0,1223223,3367,8227,11657,21063,65535,6989,33453,46813,59773,35299,65535,7002
1686567029,0,1,1,0,1223223,3368,8229,11661,21063,65535,6990,33448,46813,59768,35312,65535,6997
1686567035,0,1,1,0,1223223,3368,8231,11660,21083,65535,6992,33456,46838,59799,35333,65535,7000
1686567041,0,1,1,0,1223223,3367,8231,11657,21079,65535,6994,33460,46824,59811,35318,65535,7000
1686567047,0,1,1,0,1223223,3368,8227,11654,21072,65535,6988,33460,46841,59791,35325,65535,7000
1686567053,0,1,1,0,1223223,3369,8226,11658,21070,65535,6990,33443,46797,59792,35323,65535,6999
1686567059,0,1,1,0,1223223,3365,8224,11655,21073,65535,6991,33462,46828,59806,35309,65535,6998
1686567065,0,1,1,0,1223223,3366,8227,11658,21077,65535,6992,33441,46811,59793,35318,65535,7001
1686567071,0,1,1,0,1223223,3366,8227,11655,21079,65535,6991,33457,46831,59794,35327,65535,7002
1686567077,0,1,1,0,1223223,3366,8231,11658,21075,65535,6994,33465,46830,59823,35326,65535,7002
1686567083,0,1,1,0,1223223,3366,8231,11654,21074,65535,6994,33452,46817,59801,35334,65535,7002
1686567089,0,1,1,0,1223223,3366,8228,11663,21077,65535,6992,33447,46805,59788,35315,65535,6998
1686567095,0,1,1,0,1223223,3364,8225,11647,21065,65535,6988,33436,46822,59797,35303,65535,7000
1686567101,0,1,1,0,1223223,3366,8226,11654,21072,65535,6990,33450,46825,59783,35316,65535,6998
1686567107,0,1,1,0,1223223,3367,8230,11658,21071,65535,6986,33462,46803,59808,35319,65535,7002
1686567113,0,1,1,0,1223223,3368,8230,11654,21074,65535,6992,33436,46815,59771,35312,65535,7004
1686567119,0,1,1,0,1223223,3368,8232,11660,21074,65535,6991,33472,46842,59830,35329,65535,7003
1686567125,0,1,1,0,1223223,3365,8229,11655,21064,65535,6992,33469,46827,59809,35328,65535,7004
1686567131,0,1,1,0,1223223,3367,8233,11662,21066,65535,6991,33448,46835,59810,35325,65535,6998
1686567137,0,1,1,0,1223223,3368,8233,11659,21063,65535,6991,33471,46826,59815,35328,65535,6998
1686567143,0,1,1,0,1223223,3366,8231,11664,21078,65535,6994,33473,46838,59809,35329,65535,7002
1686567149,0,1,1,0,1223223,3368,8232,11658,21080,65535,6993,33441,46815,59796,35305,65535,7000
1686567155,0,1,1,0,1223223,3368,8233,11662,21080,65535,6993,33463,46829,59814,35325,65535,7004
1686567161,0,1,1,0,1223223,3366,8230,11661,21063,65535,6992,33449,46823,59801,35301,65535,6999
1686567167,0,1,1,0,1223223,3369,8232,11667,21080,65535,6993,33468,46838,59808,35315,65535,7002
1686567173,0,1,1,0,1223223,3369,8229,11663,21080,65535,6995,33460,46852,59820,35318,65535,7006
1686567179,0,1,1,0,1223223,3369,8234,11661,21083,65535,6995,33482,46852,59847,35322,65535,7004
1686567185,0,1,1,0,1223223,3368,8230,11665,21078,65535,6990,33447,46833,59839,35330,65535,7002
1686567191,0,1,1,0,1223223,3368,8228,11662,21081,65535,6992,33452,46819,59806,35319,65535,6999
1686567197,0,1,1,0,1223223,3369,8230,11660,21067,65535,6993,33478,46839,59844,35321,65535,7002
1686567203,0,1,1,0,1223223,3368,8232,11665,21079,65535,6995,33471,46841,59837,35334,65535,7003
1686567209,0,1,1,0,1223223,3359,8198,11617,21005,65535,6972,33450,46823,59779,35318,65535,6999
1686567215,0,1,1,0,1223223,3369,8233,11664,21079,65535,6988,33454,46815,59787,35322,65535,7002
1686567221,0,1,1,0,1223223,3369,8230,11660,21076,65535,6992,33466,46828,59813,35324,65535,7002
1686567227,0,1,1,0,1223223,3368,8226,11660,21072,65535,6992,33449,46803,59801,35315,65535,7000
1686567233,0,1,1,0,1223223,3367,8233,11661,21080,65535,6994,33446,46813,59827,35326,65535,7000
1686567239,0,1,1,0,1223223,3367,8235,11660,21079,65535,6992,33461,46827,59805,35303,65535,6998
1686567245,0,1,1,0,1223223,3368,8230,11663,21075,65535,6993,33456,46834,59780,35321,65535,7001
1686567251,0,1,1,0,1223223,3367,8230,11662,21071,65535,6992,33443,46824,59787,35323,65535,7000
1686567257,0,1,1,0,1223223,3366,8230,11661,21060,65535,6989,33462,46818,59794,35322,65535,7002
1686567263,0,1,1,0,1223223,3366,8231,11662,21060,65535,6995,33433,46827,59802,35318,65535,6999
1686567269,0,1,1,0,1223223,3367,8230,11663,21062,65535,6992,33458,46822,59808,35303,65535,7002
1686567275,0,1,1,0,1223223,3366,8232,11663,21077,65535,6990,33442,46825,59788,35319,65535,7000
1686567281,0,1,1,0,1223223,3366,8231,11657,21062,65535,6991,33459,46811,59808,35317,65535,7000
1686567287,0,1,1,0,1223223,3367,8231,11657,21070,65535,6992,33454,46837,59809,35316,65535,7002
1686567293,0,1,1,0,1223223,3367,8231,11667,21078,65535,6994,33461,46825,59800,35322,65535,7000
1686567299,0,1,1,0,1223223,3368,8229,11663,21075,65535,6992,33461,46842,59821,35325,65535,7004
1686567305,0,1,1,0,1223223,3368,8233,11657,21073,65535,6992,33465,46836,59835,35327,65535,7000
1686567311,0,1,1,0,1223223,3367,8232,11659,21081,65535,6992,33460,46830,59808,35318,65535,6998
1686567317,0,1,1,0,1223223,3366,8228,11661,21073,65535,6994,33456,46830,59821,35305,65535,7002
1686567323,0,1,1,0,1223223,3369,8231,11662,21083,65535,6993,33472,46827,59819,35330,65535,7002
1686567329,0,1,1,0,1223223,3364,8227,11651,21063,65535,6986,33433,46803,59749,35297,65535,6996
1686567335,0,1,1,0,1223223,3368,8228,11664,21073,65535,6992,33441,46830,59802,35324,65535,6998
1686567341,0,1,1,0,1223223,3364,8227,11659,21071,65535,6992,33454,46816,59827,35314,65535,7001
1686567347,0,1,1,0,1223223,3367,8232,11662,21066,65535,6990,33448,46806,59790,35309,65535,7000
1686567353,0,1,1,0,1223223,3368,8231,11659,21077,65535,6994,33469,46819,59801,35326,65535,7001
1686567359,0,1,1,0,1223223,3367,8228,11664,21084,65535,6992,33446,46830,59804,35324,65535,6998
1686567365,0,1,1,0,1223223,3367,8223,11657,21066,65535,6990,33441,46821,59797,35325,65535,7000
1686567371,0,1,1,0,1223223,3367,8230,11661,21063,65535,6994,33451,46824,59784,35299,65535,6999
1686567377,0,1,1,0,1223223,3368,8232,11660,21074,65535,6993,33447,46825,59798,35305,65535,7002
1686567383,0,1,1,0,1223223,3367,8229,11657,21077,65535,6994,33432,46819,59782,35308,65535,6996
1686567389,0,1,1,0,1223223,3368,8228,11663,21074,65535,6992,33443,46835,59804,35325,65535,7002
1686567395,0,1,1,0,1223223,3367,8228,11657,21076,65535,6994,33451,46841,59840,35325,65535,7004
1686567401,0,1,1,0,1223223,3366,8228,11664,21073,65535,6990,33459,46832,59817,35320,65535,7000
1686567407,0,1,1,0,1223223,3366,8231,11653,21070,65535,6992,33432,46819,59800,35289,65535,6997
1686567413,0,1,1,0,1223223,3367,8229,11661,21072,65535,6992,33443,46830,59804,35324,65535,7002
1686567419,0,1,1,0,1223223,3369,8229,11659,21069,65535,6992,33460,46829,59814,35319,65535,7002
1686567425,0,1,1,0,1223223,3368,8233,11661,21067,65535,6992,33447,46838,59807,35333,65535,7006
1686567431,0,1,1,0,1223223,3367,8231,11658,21072,65535,6993,33472,46833,59832,35326,65535,7000
1686567437,0,1,1,0,1223223,3368,8231,11661,21064,65535,6992,33470,46813,59843,35329,65535,7003
1686567443,0,1,1,0,1223223,3367,8236,11667,21079,65535,6992,33469,46835,59843,35328,65535,7001
1686567449,0,1,1,0,1223223,3367,8232,11657,21072,65535,6992,33458,46838,59803,35304,65535,7001
1686567455,0,1,1,0,1223223,3370,8230,11663,21086,65535,6993,33468,46844,59829,35329,65535,7006
1686567461,0,1,1,0,1223223,3369,8230,11664,21076,65535,6990,33463,46826,59841,35322,65535,7002
1686567467,0,1,1,0,1223223,3369,8231,11667,21076,65535,6996,33465,46825,59803,35332,65535,7001
1686567473,0,1,1,0,1223223,3368,8234,11663,21068,65535,6990,33475,46855,59827,35325,65535,7006
1686567479,0,1,1,0,1223223,3368,8233,11663,21076,65535,6994,33444,46843,59816,35324,65535,7004
1686567485,0,1,1,0,1223223,3369,8233,11660,21079,65535,6996,33467,46841,59834,35346,65535,7000
1686567491,0,1,1,0,1223223,3370,8232,11665,21079,65535,6996,33472,46843,59838,35329,65535,7003
1686567497,0,1,1,0,1223223,3368,8232,11658,21076,65535,6996,33475,46845,59815,35332,65535,7006
1686567503,0,1,1,0,1223223,3369,8234,11665,21078,65535,6994,33471,46843,59835,35326,65535,7000
1686567509,0,1,1,0,1223223,3366,8228,11656,21066,65535,6988,33448,46834,59828,35323,65535,7002
1686567515,0,1,1,0,1223223,3369,8233,11666,21078,65535,6996,33470,46841,59803,35330,65535,7001
1686567521,0,1,1,0,1223223,3369,8232,11658,21073,65535,6991,33450,46835,59832,35326,65535,7000
1686567527,0,1,1,0,1223223,3368,8231,11665,21076,65535,6991,33473,46836,59835,35330,65535,7004
1686567533,0,1,1,0,1223223,3368,8230,11659,21073,65535,6994,33474,46824,59847,35323,65535,7002
1686567539,0,1,1,0,1223223,3366,8231,11659,21073,65535,6990,33449,46837,59819,35325,65535,7000
1686567545,0,1,1,0,1223223,3369,8232,11664,21088,65535,6994,33466,46842,59824,35314,65535,7004
1686567551,0,1,1,0,1223223,3366,8231,11660,21077,65535,6993,33463,46828,59812,35324,65535,7002
1686567557,0,1,1,0,1223223,3370,8229,11659,21073,65535,6991,33459,46826,59792,35316,65535,7000
1686567563,0,1,1,0,1223223,3369,8231,11658,21080,65535,6996,33446,46833,59823,35325,65535,7006
1686567569,0,1,1,0,1223223,3369,8231,11660,21069,65535,6990,33439,46813,59802,35313,65535,7000
1686567575,0,1,1,0,1223223,3369,8230,11658,21074,65535,6992,33459,46823,59789,35301,65535,7002
1686567581,0,1,1,0,1223223,3369,8233,11661,21065,65535,6991,33449,46819,59808,35327,65535,6997
1686567587,0,1,1,0,1223223,3366,8229,11661,21070,65535,6992,33443,46825,59780,35321,65535,7000
1686567593,0,1,1,0,1223223,3367,8232,11661,21076,65535,6994,33455,46817,59828,35323,65535,7004
1686567599,0,1,1,0,1223223,3366,8231,11658,21072,65535,6994,33469,46839,59827,35330,65535,6999
