Timestamp,Amber,White,On,Override,Intensity,AS00,AS01,AS02,AS03,AS04,AS05,AS06,AS07,AS08,AS09,AS10,AS11
1686567605,0,1,1,0,1223223,3368,8233,11663,21068,65535,6992,33473,46841,59802,35311,65535,7002
1686567611,0,1,1,0,1223223,3367,8231,11660,21074,65535,6993,33451,46835,59812,35327,65535,7002
1686567617,0,1,1,0,1223223,3366,8228,11657,21068,65535,6992,33448,46827,59806,35327,65535,7000
1686567623,0,1,1,0,1223223,3368,8228,11661,21074,65535,6992,33468,46839,59820,35329,65535,7002
1686567629,0,1,1,0,1223223,3366,8224,11655,21070,65535,6990,33435,46826,59798,35320,65535,6996
1686567635,0,1,1,0,1223223,3365,8219,11646,21046,65535,6987,33448,46817,59802,35295,65535,7002
1686567641,0,1,1,0,1223223,3367,8227,11658,21064,65535,6992,33424,46786,59762,35293,65535,6994
1686567647,0,1,1,0,1223223,3369,8236,11660,21065,65535,6994,33461,46810,59807,35329,65535,7004
1686567653,0,1,1,0,1223223,3366,8231,11656,21075,65535,6992,33451,46840,59820,35319,65535,7002
1686567659,0,1,1,0,1223223,3369,8233,11661,21064,65535,6994,33475,46849,59807,35324,65535,6999
1686567665,0,1,1,0,1223223,3366,8225,11659,21066,65535,6988,33455,46824,59804,35313,65535,7000
1686567671,0,1,1,0,1223223,3369,8232,11654,21076,65535,6990,33461,46813,59811,35324,65535,7000
1686567677,0,1,1,0,1223223,3365,8231,11659,21068,65535,6991,33453,46811,59801,35292,65535,7000
1686567683,0,1,1,0,1223223,3365,8232,11663,21075,65535,6992,33464,46826,59813,35322,65535,7004
1686567689,0,1,1,0,1223223,3366,8229,11657,21069,65535,6989,33440,46805,59804,35313,65535,7000
1686567695,0,1,1,0,1223223,3365,8231,11658,21070,65535,6991,33448,46844,59817,35327,65535,7002
1686567701,0,1,1,0,1223223,3368,8229,11657,21073,65535,6990,33428,46786,59777,35310,65535,7000
1686567707,0,1,1,0,1223223,3365,8231,11657,21067,65535,6992,33473,46827,59818,35323,65535,7000
1686567713,0,1,1,0,1223223,3366,8233,11656,21080,65535,6992,33438,46834,59813,35305,65535,7001
1686567719,0,1,1,0,1223223,3366,8230,11665,21072,65535,6994,33459,46829,59786,35325,65535,6999
1686567725,0,1,1,0,1223223,3369,8234,11660,21066,65535,6996,33473,46847,59797,35329,65535,7004
1686567731,0,1,1,0,1223223,3369,8233,11662,21079,65535,6993,33464,46834,59813,35309,65535,7000
1686567737,0,1,1,0,1223223,3369,8232,11663,21076,65535,6994,33474,46842,59832,35331,65535,7002
1686567743,0,1,1,0,1223223,3370,8234,11664,21078,65535,6994,33477,46830,59832,35313,65535,7004
1686567749,0,1,1,0,1223223,3367,8231,11661,21062,65535,6986,33453,46828,59802,35316,65535,7002
1686567755,0,1,1,0,1223223,3368,8228,11659,21071,65535,6992,33463,46830,59813,35323,65535,6998
1686567761,0,1,1,0,1223223,3368,8232,11664,21074,65535,6989,33459,46832,59804,35323,65535,6998
1686567767,0,1,1,0,1223223,3368,8236,11660,21070,65535,6995,33470,46835,59812,35327,65535,7004
1686567773,0,1,1,0,1223223,3366,8230,11658,21072,65535,6993,33457,46828,59805,35322,65535,7000
1686567779,0,1,1,0,1223223,3362,8219,11640,21046,65535,6983,33312,46649,59550,35184,65535,6974
1686567785,0,1,1,0,1223223,3365,8228,11661,21069,65535,6992,33464,46831,59815,35320,65535,7002
1686567791,0,1,1,0,1223223,3367,8230,11656,21068,65535,6990,33460,46833,59822,35318,65535,7001
1686567797,0,1,1,0,1223223,3369,8231,11660,21072,65535,6992,33450,46832,59817,35307,65535,7004
1686567803,0,1,1,0,1223223,3366,8231,11660,21069,65535,6992,33445,46815,59817,35320,65535,7000
1686567809,0,1,1,0,1223223,3369,8230,11665,21059,65535,6990,33468,46839,59813,35326,65535,7001
1686567815,0,1,1,0,1223223,3365,8228,11662,21059,65535,6992,33466,46825,59800,35326,65535,7002
1686567821,0,1,1,0,1223223,3369,8226,11663,21071,65535,6992,33437,46831,59813,35317,65535,7000
1686567827,0,1,1,0,1223223,3366,8231,11665,21075,65535,6994,33470,46838,59827,35330,65535,7001
1686567833,0,1,1,0,1223223,3366,8231,11661,21074,65535,6994,33466,46840,59811,35322,65535,7002
1686567839,0,1,1,0,1223223,3366,8230,11660,21058,65535,6991,33443,46824,59818,35325,65535,6998
1686567845,0,1,1,0,1223223,3369,8232,11667,21066,65535,6992,33462,46822,59822,35304,65535,7001
1686567851,0,1,1,0,1223223,3368,8231,11670,21075,65535,6990,33467,46832,59819,35320,65535,7002
1686567857,0,1,1,0,1223223,3368,8227,11658,21065,65535,6986,33439,46823,59809,35315,65535,6998
1686567863,0,1,1,0,1223223,3367,8228,11658,21064,65535,6992,33463,46827,59819,35316,65535,7000
1686567869,0,1,1,0,1223223,3367,8230,11661,21071,65535,6992,33462,46829,59812,35323,65535,7000
1686567875,0,1,1,0,1223223,3368,8231,11663,21075,65535,6990,33441,46829,59800,35322,65535,7004
1686567881,0,1,1,0,1223223,3365,8225,11657,21067,65535,6992,33434,46815,59795,35315,65535,7000
1686567887,0,1,1,0,1223223,3366,8228,11664,21073,65535,6992,33457,46820,59807,35318,65535,7000
1686567893,0,1,1,0,1223223,3367,8231,11655,21064,65535,6992,33463,46835,59802,35311,65535,7002
1686567899,0,1,1,0,1223223,3366,8232,11656,21064,65535,6990,33440,46787,59762,35305,65535,6994
1686567905,0,1,1,0,1223223,3368,8229,11658,21069,65535,6989,33451,46820,59798,35311,65535,7000
1686567911,0,1,1,0,1223223,3368,8231,11660,21071,65535,6992,33459,46823,59811,35313,65535,7000
1686567917,0,1,1,0,1223223,3369,8230,11657,21065,65535,6992,33461,46822,59797,35320,65535,7002
1686567923,0,1,1,0,1223223,3366,8225,11654,21071,65535,6990,33432,46819,59787,35317,65535,7002
1686567929,0,1,1,0,1223223,3368,8231,11655,21065,65535,6990,33466,46828,59838,35327,65535,7002
1686567935,0,1,1,0,1223223,3366,8230,11660,21064,65535,6994,33456,46827,59806,35322,65535,7003
1686567941,0,1,1,0,1223223,3366,8232,11653,21074,65535,6992,33460,46802,59795,35320,65535,7000
1686567947,0,1,1,0,1223223,3367,8233,11657,21074,65535,6992,33472,46844,59827,35324,65535,7004
1686567953,0,1,1,0,1223223,3365,8232,11663,21063,65535,6993,33458,46826,59811,35313,65535,7002
1686567959,0,1,1,0,1223223,3369,8239,11669,21082,65535,6992,33461,46845,59829,35327,65535,7004
1686567965,0,1,1,0,1223223,3370,8232,11665,21083,65535,6994,33463,46833,59814,35308,65535,7002
1686567971,0,1,1,0,1223223,3369,8235,11664,21081,65535,6998,33466,46840,59827,35330,65535,7004
1686567977,0,1,1,0,1223223,3370,8234,11664,21075,65535,6994,33468,46840,59817,35321,65535,7004
1686567983,0,1,1,0,1223223,3367,8228,11654,21070,65535,6990,33459,46804,59811,35311,65535,7000
1686567989,0,1,1,0,1223223,3367,8232,11659,21072,65535,6992,33462,46835,59812,35319,65535,7000
1686567995,0,1,1,0,1223223,3369,8229,11659,21064,65535,6994,33461,46846,59813,35319,65535,7002
1686568001,0,1,1,0,1223223,3367,8233,11664,21068,65535,6992,33469,46834,59795,35324,65535,7000
1686568007,0,1,1,0,1223223,3370,8236,11661,21081,65535,6996,33460,46836,59788,35321,65535,7004
1686568013,0,1,1,0,1223223,3368,8233,11665,21076,65535,6990,33439,46809,59807,35323,65535,7000
1686568019,0,1,1,0,1223223,3368,8232,11663,21076,65535,6996,33461,46842,59819,35328,65535,7004
1686568025,0,1,1,0,1223223,3367,8226,11658,21069,65535,6988,33462,46816,59814,35324,65535,6998
1686568031,0,1,1,0,1223223,3368,8231,11656,21068,65535,6987,33454,46801,59803,35316,65535,7000
1686568037,0,1,1,0,1223223,3368,8232,11657,21070,65535,6992,33449,46823,59773,35319,65535,6999
1686568043,0,1,1,0,1223223,3368,8233,11668,21074,65535,6992,33454,46829,59792,35319,65535,6998
1686568049,0,1,1,0,1223223,3368,8231,11661,21065,65535,6992,33449,46823,59796,35316,65535,7002
1686568055,0,1,1,0,1223223,3368,8229,11658,21071,65535,6992,33450,46785,59769,35310,65535,6998
1686568061,0,1,1,0,1223223,3367,8231,11660,21064,65535,6994,33455,46825,59804,35302,65535,6998
1686568067,0,1,1,0,1223223,3364,8228,11654,21070,65535,6992,33457,46841,59807,35321,65535,7001
1686568073,0,1,1,0,1223223,3366,8229,11657,21075,65535,6992,33463,46835,59808,35322,65535,7002
1686568079,0,1,1,0,1223223,3368,8231,11658,21073,65535,6990,33468,46845,59779,35327,65535,7001
1686568085,0,1,1,0,1223223,3368,8236,11660,21076,65535,6991,33463,46843,59809,35327,65535,7002
1686568091,0,1,1,0,1223223,3368,8233,11658,21074,65535,6992,33473,46840,59809,35335,65535,7005
1686568097,0,1,1,0,1223223,3368,8229,11659,21075,65535,6992,33444,46833,59790,35318,65535,7002
1686568103,0,1,1,0,1223223,3367,8225,11656,21068,65535,6991,33466,46850,59813,35325,65535,7002
1686568109,0,1,1,0,1223223,3366,8230,11650,21069,65535,6988,33461,46833,59847,35323,65535,7000
1686568115,0,1,1,0,1223223,3367,8230,11658,21063,65535,6990,33449,46836,59802,35322,65535,7000
1686568121,0,1,1,0,1223223,3368,8230,11659,21073,65535,6988,33465,46838,59827,35309,65535,7002
1686568127,0,1,1,0,1223223,3369,8233,11661,21074,65535,6990,33462,46832,59768,35326,65535,6996
1686568133,0,1,1,0,1223223,3367,8229,11659,21075,65535,6991,33439,46834,59799,35303,65535,7002
1686568139,0,1,1,0,1223223,3367,8227,11658,21065,65535,6991,33456,46822,59792,35314,65535,7002
1686568145,0,1,1,0,1223223,3367,8230,11654,21059,65535,6990,33458,46839,59802,35321,65535,7002
1686568151,0,1,1,0,1223223,3367,8231,11658,21072,65535,6990,33468,46847,59818,35333,65535,7004
1686568157,0,1,1,0,1223223,3368,8231,11661,21068,65535,6990,33460,46822,59803,35325,65535,7001
1686568163,0,1,1,0,1223223,3366,8227,11652,21062,65535,6987,33453,46821,59800,35322,65535,7000
1686568169,0,1,1,0,1223223,3367,8230,11658,21059,65535,6990,33459,46830,59810,35317,65535,7000
1686568175,0,1,1,0,1223223,3367,8231,11661,21070,65535,6991,33461,46835,59824,35301,65535,7000
1686568181,0,1,1,0,1223223,3367,8230,11660,21057,65535,6992,33458,46831,59816,35317,65535,7000
1686568187,0,1,1,0,1223223,3368,8231,11659,21071,65535,6986,33450,46822,59801,35319,65535,6998
1686568193,0,1,1,0,1223223,3366,8231,11656,21072,65535,6991,33443,46831,59800,35305,65535,7001
1686568199,0,1,1,0,1223223,3368,8228,11659,21075,65535,6992,33453,46815,59807,35320,65535,7001
1686568205,0,1,1,0,1223223,3366,8224,11652,21067,65535,6988,33457,46814,59793,35302,65535,7000
1686568211,0,1,1,0,1223223,3366,8226,11658,21069,65535,6989,33451,46797,59800,35304,65535,6998
1686568217,0,1,1,0,1223223,3365,8226,11654,21067,65535,6990,33448,46812,59790,35298,65535,6994
1686568223,0,1,1,0,1223223,3366,8230,11659,21072,65535,6990,33453,46823,59805,35303,65535,7000
1686568229,0,1,1,0,1223223,3367,8228,11653,21055,65535,6992,33446,46815,59782,35312,65535,6998
1686568235,0,1,1,0,1223223,3368,8230,11653,21072,65535,6992,33458,46832,59792,35324,65535,6998
1686568241,0,1,1,0,1223223,3368,8230,11663,21076,65535,6994,33465,46832,59792,35321,65535,7002
1686568247,0,1,1,0,1223223,3367,8230,11657,21073,65535,6993,33461,46832,59792,35329,65535,7000
1686568253,0,1,1,0,1223223,3365,8228,11654,21069,65535,6988,33443,46799,59790,35316,65535,7000
1686568259,0,1,1,0,1223223,3365,8231,11658,21060,65535,6992,33454,46810,59803,35318,65535,7002
1686568265,0,1,1,0,1223223,3367,8233,11658,21072,65535,6992,33450,46821,59800,35316,65535,6998
1686568271,0,1,1,0,1223223,3366,8230,11659,21066,65535,6990,33450,46824,59804,35314,65535,7000
1686568277,0,1,1,0,1223223,3367,8231,11660,21069,65535,6988,33431,46824,59807,35316,65535,7002
1686568283,0,1,1,0,1223223,3365,8226,11651,21057,65535,6990,33426,46802,59766,35303,65535,6996
1686568289,0,1,1,0,1223223,3367,8230,11655,21070,65535,6992,33448,46834,59784,35319,65535,6999
1686568295,0,1,1,0,1223223,3367,8232,11658,21073,65535,6987,33448,46801,59767,35295,65535,6998
1686568301,0,1,1,0,1223223,3366,8230,11657,21074,65535,6990,33459,46829,59805,35319,65535,7000
1686568307,0,1,1,0,1223223,3368,8231,11661,21075,65535,6990,33459,46819,59799,35320,65535,6999
1686568313,0,1,1,0,1223223,3367,8231,11661,21072,65535,6992,33458,46828,59814,35321,65535,7001
1686568319,0,1,1,0,1223223,3367,8231,11657,21071,65535,6991,33456,46833,59806,35319,65535,7004
1686568325,0,1,1,0,1223223,3367,8229,11657,21072,65535,6993,33449,46812,59798,35300,65535,7000
1686568331,0,1,1,0,1223223,3367,8230,11660,21060,65535,6990,33461,46835,59817,35327,65535,7000
1686568337,0,1,1,0,1223223,3368,8229,11658,21072,65535,6993,33438,46832,59802,35320,65535,7000
1686568343,0,1,1,0,1223223,3367,8230,11660,21072,65535,6992,33461,46839,59817,35310,65535,7000
1686568349,0,1,1,0,1223223,3367,8226,11658,21074,65535,6992,33443,46824,59795,35319,65535,7004
1686568355,0,1,1,0,1223223,3366,8228,11657,21061,65535,6992,33446,46811,59802,35301,65535,6996
1686568361,0,1,1,0,1223223,3366,8226,11651,21071,65535,6990,33456,46819,59800,35303,65535,7000
1686568367,0,1,1,0,1223223,3366,8228,11659,21059,65535,6987,33444,46824,59781,35317,65535,6999
1686568373,0,1,1,0,1223223,3367,8227,11662,21073,65535,6992,33439,46809,59805,35314,65535,7004
1686568379,0,1,1,0,1223223,3367,8229,11660,21070,65535,6990,33463,46838,59814,35311,65535,7000
1686568385,0,1,1,0,1223223,3368,8231,11661,21073,65535,6990,33448,46823,59792,35320,65535,7004
1686568391,0,1,1,0,1223223,3369,8230,11658,21073,65535,6993,33449,46809,59794,35310,65535,7000
1686568397,0,1,1,0,1223223,3368,8229,11660,21073,65535,6993,33437,46800,59776,35283,65535,7000
1686568403,0,1,1,0,1223223,3367,8232,11659,21073,65535,6992,33462,46818,59819,35329,65535,6998
1686568409,0,1,1,0,1223223,3367,8231,11660,21072,65535,6994,33465,46844,59817,35322,65535,7002
1686568415,0,1,1,0,1223223,3367,8230,11661,21071,65535,6988,33465,46839,59827,35330,65535,7002
1686568421,0,1,1,0,1223223,3368,8232,11660,21074,65535,6994,33460,46835,59815,35328,65535,7004
1686568427,0,1,1,0,1223223,3367,8228,11661,21067,65535,6996,33447,46833,59796,35320,65535,7004
1686568433,0,1,1,0,1223223,3368,8228,11653,21071,65535,6993,33448,46795,59775,35312,65535,6997
1686568439,0,1,1,0,1223223,3367,8233,11661,21073,65535,6989,33473,46849,59822,35340,65535,7005
1686568445,0,1,1,0,1223223,3368,8233,11665,21067,65535,6994,33463,46853,59834,35335,65535,7002
1686568451,0,1,1,0,1223223,3367,8232,11662,21063,65535,6994,33449,46836,59806,35324,65535,7000
1686568457,0,1,1,0,1223223,3368,8232,11665,21078,65535,6990,33447,46823,59785,35298,65535,7000
1686568463,0,1,1,0,1223223,3366,8230,11663,21074,65535,6991,33445,46828,59786,35318,65535,7001
1686568469,0,1,1,0,1223223,3368,8233,11664,21077,65535,6992,33448,46830,59818,35322,65535,7004
1686568475,0,1,1,0,1223223,3368,8227,11656,21068,65535,6990,33459,46853,59788,35325,65535,7002
1686568481,0,1,1,0,1223223,3367,8232,11660,21073,65535,6992,33457,46839,59793,35323,65535,7004
1686568487,0,1,1,0,1223223,3370,8232,11662,21075,65535,6998,33480,46836,59839,35327,65535,6999
1686568493,0,1,1,0,1223223,3367,8233,11665,21076,65535,6993,33457,46812,59828,35326,65535,7003
1686568499,0,1,1,0,1223223,3369,8234,11660,21077,65535,6995,33466,46843,59827,35328,65535,7000
1686568505,0,1,1,0,1223223,3369,8234,11658,21066,65535,6992,33457,46833,59811,35328,65535,7004
1686568511,0,1,1,0,1223223,3369,8232,11662,21075,65535,6993,33471,46851,59826,35329,65535,7004
1686568517,0,1,1,0,1223223,3368,8235,11662,21080,65535,6994,33457,46833,59818,35307,65535,7002
1686568523,0,1,1,0,1223223,3367,8234,11664,21068,65535,6993,33453,46830,59819,35324,65535,7001
1686568529,0,1,1,0,1223223,3368,8233,11667,21082,65535,6994,33480,46852,59840,35318,65535,7006
1686568535,0,1,1,0,1223223,3368,8233,11660,21068,65535,6996,33465,46820,59837,35330,65535,7004
1686568541,0,1,1,0,1223223,3369,8234,11666,21084,65535,6994,33458,46837,59808,35329,65535,7004
1686568547,0,1,1,0,1223223,3370,8235,11667,21072,65535,6996,33463,46839,59833,35331,65535,7006
1686568553,0,1,1,0,1223223,3368,8227,11665,21078,65535,6992,33451,46829,59791,35326,65535,6998
1686568559,0,1,1,0,1223223,3367,8232,11660,21069,65535,6992,33456,46837,59799,35329,65535,7002
1686568565,0,1,1,0,1223223,3369,8233,11663,21083,65535,6994,33475,46845,59825,35343,65535,7004
1686568571,0,1,1,0,1223223,3368,8234,11671,21086,65535,6993,33470,46841,59816,35341,65535,7002
1686568577,0,1,1,0,1223223,3370,8232,11666,21072,65535,6992,33468,46843,59831,35317,65535,7005
1686568583,0,1,1,0,1223223,3367,8234,11666,21085,65535,6995,33468,46835,59828,35335,65535,7004
1686568589,0,1,1,0,1223223,3368,8231,11659,21076,65535,6994,33463,46835,59796,35329,65535,7002
1686568595,0,1,1,0,1223223,3368,8233,11665,21082,65535,6992,33450,46814,59812,35302,65535,6998
1686568601,0,1,1,0,1223223,3368,8233,11662,21079,65535,6994,33464,46832,59809,35313,65535,7002
1686568607,0,1,1,0,1223223,3368,8232,11661,21079,65535,6994,33469,46837,59832,35331,65535,7000
1686568613,0,1,1,0,1223223,3368,8234,11664,21066,65535,6994,33440,46808,59778,35291,65535,6996
1686568619,0,1,1,0,1223223,3368,8234,11663,21068,65535,6994,33466,46837,59820,35335,65535,7004
1686568625,0,1,1,0,1223223,3368,8233,11665,21070,65535,6992,33469,46846,59841,35340,65535,7006
1686568631,0,1,1,0,1223223,3367,8232,11664,21070,65535,6992,33459,46836,59799,35336,65535,7000
1686568637,0,1,1,0,1223223,3368,8235,11659,21074,65535,6994,33460,46845,59829,35334,65535,7003
1686568643,0,1,1,0,1223223,3366,8234,11672,21070,65535,6996,33465,46849,59824,35336,65535,7000
1686568649,0,1,1,0,1223223,3368,8232,11658,21079,65535,6992,33468,46846,59840,35338,65535,7002
1686568655,0,1,1,0,1223223,3368,8231,11659,21063,65535,6992,33456,46823,59802,35309,65535,7000
1686568661,0,1,1,0,1223223,3369,8234,11666,21073,65535,6997,33466,46832,59822,35332,65535,7006
1686568667,0,1,1,0,1223223,3368,8233,11664,21083,65535,6993,33471,46844,59833,35322,65535,7002
1686568673,0,1,1,0,1223223,3369,8233,11661,21081,65535,6994,33481,46854,59827,35342,65535,7004
1686568679,0,1,1,0,1223223,3368,8232,11663,21084,65535,6994,33465,46843,59828,35337,65535,7004
1686568685,0,1,1,0,1223223,3367,8229,11659,21062,65535,6992,33462,46829,59804,35327,65535,6998
1686568691,0,1,1,0,1223223,3367,8229,11655,21069,65535,6990,33452,46824,59802,35320,65535,7002
1686568697,0,1,1,0,1223223,3367,8229,11652,21071,65535,6991,33431,46781,59751,35285,65535,6996
1686568703,0,1,1,0,1223223,3367,8228,11657,21068,65535,6990,33450,46816,59785,35316,65535,6998
1686568709,0,1,1,0,1223223,3367,8228,11659,21071,65535,6992,33445,46815,59804,35313,65535,6998
1686568715,0,1,1,0,1223223,3368,8228,11664,21074,65535,6994,33451,46822,59812,35308,65535,7002
1686568721,0,1,1,0,1223223,3366,8226,11658,21072,65535,6993,33448,46818,59793,35300,65535,7000
1686568727,0,1,1,0,1223223,3366,8228,11656,21057,65535,6992,33452,46817,59798,35311,65535,6996
1686568733,0,1,1,0,1223223,3368,8231,11661,21076,65535,6990,33454,46829,59815,35323,65535,7000
1686568739,0,1,1,0,1223223,3366,8228,11657,21063,65535,6992,33431,46824,59784,35328,65535,6999
1686568745,0,1,1,0,1223223,3367,8228,11654,21073,65535,6989,33443,46808,59761,35298,65535,7000
1686568751,0,1,1,0,1223223,3366,8230,11658,21072,65535,6991,33457,46828,59802,35321,65535,7002
1686568757,0,1,1,0,1223223,3366,8229,11651,21064,65535,6990,33446,46810,59779,35311,65535,6998
1686568763,0,1,1,0,1223223,3366,8229,11652,21071,65535,6992,33444,46818,59774,35313,65535,7002
1686568769,0,1,1,0,1223223,3365,8227,11657,21057,65535,6990,33451,46836,59813,35317,65535,6998
1686568775,0,1,1,0,1223223,3367,8227,11657,21074,65535,6988,33444,46810,59801,35320,65535,7000
1686568781,0,1,1,0,1223223,3367,8229,11658,21072,65535,6990,33454,46811,59802,35313,65535,7000
1686568787,0,1,1,0,1223223,3366,8226,11655,21058,65535,6990,33429,46806,59771,35293,65535,6996
1686568793,0,1,1,0,1223223,3367,8228,11657,21074,65535,6988,33456,46797,59798,35306,65535,6998
1686568799,0,1,1,0,1223223,3366,8227,11658,21070,65535,6990,33440,46802,59801,35318,65535,6999
1686568805,0,1,1,0,1223223,3367,8227,11656,21059,65535,6992,33448,46806,59763,35308,65535,7000
1686568811,0,1,1,0,1223223,3367,8227,11653,21065,65535,6990,33457,46839,59813,35301,65535,7000
1686568817,0,1,1,0,1223223,3366,8228,11657,21072,65535,6990,33454,46812,59807,35322,65535,7000
1686568823,0,1,1,0,1223223,3366,8230,11661,21065,65535,6992,33459,46822,59818,35310,65535,7000
1686568829,0,1,1,0,1223223,3365,8224,11654,21068,65535,6988,33421,46802,59799,35295,65535,7000
1686568835,0,1,1,0,1223223,3366,8228,11660,21072,65535,6984,33453,46815,59811,35305,65535,7002
1686568841,0,1,1,0,1223223,3366,8228,11660,21072,65535,6992,33444,46817,59807,35321,65535,7002
1686568847,0,1,1,0,1223223,3367,8233,11661,21067,65535,6992,33454,46820,59782,35323,65535,6998
1686568853,0,1,1,0,1223223,3367,8229,11659,21074,65535,6987,33451,46819,59802,35316,65535,6996
1686568859,0,1,1,0,1223223,3367,8231,11658,21070,65535,6992,33445,46818,59797,35316,65535,7000
1686568865,0,1,1,0,1223223,3366,8227,11651,21070,65535,6990,33451,46825,59788,35317,65535,6997
1686568871,0,1,1,0,1223223,3365,8226,11655,21056,65535,6990,33453,46817,59803,35318,65535,6998
1686568877,0,1,1,0,1223223,3365,8227,11657,21064,65535,6989,33461,46830,59816,35326,65535,6996
1686568883,0,1,1,0,1223223,3367,8229,11655,21072,65535,6990,33449,46822,59797,35322,65535,7000
1686568889,0,1,1,0,1223223,3365,8229,11655,21076,65535,6994,33452,46810,59806,35308,65535,7002
1686568895,0,1,1,0,1223223,3367,8232,11659,21076,65535,6989,33462,46840,59815,35305,65535,7002
1686568901,0,1,1,0,1223223,3366,8229,11657,21080,65535,6994,33447,46819,59798,35324,65535,7000
1686568907,0,1,1,0,1223223,3367,8229,11654,21071,65535,6991,33418,46804,59777,35290,65535,7000
1686568913,0,1,1,0,1223223,3368,8232,11661,21070,65535,6994,33458,46842,59802,35304,65535,7000
1686568919,0,1,1,0,1223223,3367,8228,11651,21062,65535,6994,33446,46816,59811,35305,65535,7002
1686568925,0,1,1,0,1223223,3366,8230,11657,21073,65535,6990,33455,46815,59784,35321,65535,7002
1686568931,0,1,1,0,1223223,3367,8228,11658,21060,65535,6988,33436,46801,59764,35292,65535,6998
1686568937,0,1,1,0,1223223,3367,8230,11657,21068,65535,6990,33400,46780,59763,35282,65535,6996
1686568943,0,1,1,0,1223223,3366,8227,11648,21059,65535,6990,33445,46819,59798,35298,65535,6998
1686568949,0,1,1,0,1223223,3365,8229,11655,21062,65535,6988,33453,46820,59813,35323,65535,6998
1686568955,0,1,1,0,1223223,3368,8229,11653,21081,65535,6992,33440,46802,59796,35317,65535,6996
1686568961,0,1,1,0,1223223,3365,8228,11656,21064,65535,6986,33457,46812,59814,35333,65535,6999
1686568967,0,1,1,0,1223223,3366,8229,11655,21062,65535,6992,33444,46815,59793,35298,65535,6995
1686568973,0,1,1,0,1223223,3365,8228,11657,21062,65535,6989,33454,46824,59794,35328,65535,6998
1686568979,0,1,1,0,1223223,3365,8230,11652,21077,65535,6990,33455,46825,59797,35312,65535,6999
1686568985,0,1,1,0,1223223,3367,8229,11658,21063,65535,6988,33442,46808,59797,35294,65535,6994
1686568991,0,1,1,0,1223223,3368,8231,11660,21071,65535,6992,33432,46817,59797,35325,65535,7000
1686568997,0,1,1,0,1223223,3367,8226,11655,21065,65535,6989,33443,46803,59768,35319,65535,6998
1686569003,0,1,1,0,1223223,3366,8226,11652,21072,65535,6986,33434,46793,59768,35304,65535,6996
1686569009,0,1,1,0,1223223,3366,8229,11655,21073,65535,6990,33437,46809,59776,35315,65535,6995
1686569015,0,1,1,0,1223223,3367,8228,11655,21057,65535,6986,33448,46820,59791,35301,65535,7000
1686569021,0,1,1,0,1223223,3367,8231,11656,21081,65535,6991,33451,46815,59786,35308,65535,7002
1686569027,0,1,1,0,1223223,3365,8230,11656,21077,65535,6994,33464,46823,59834,35334,65535,7002
1686569033,0,1,1,0,1223223,3368,8231,11659,21080,65535,6992,33463,46825,59810,35316,65535,7001
1686569039,0,1,1,0,1223223,3368,8235,11660,21076,65535,6992,33451,46813,59802,35324,65535,6998
1686569045,0,1,1,0,1223223,3367,8226,11656,21075,65535,6990,33443,46834,59790,35307,65535,7004
1686569051,0,1,1,0,1223223,3367,8231,11659,21079,65535,6990,33460,46841,59818,35334,65535,7000
1686569057,0,1,1,0,1223223,3367,8228,11655,21075,65535,6992,33448,46807,59795,35301,65535,7001
1686569063,0,1,1,0,1223223,3368,8228,11663,21068,65535,6992,33452,46821,59794,35305,65535,7002
1686569069,0,1,1,0,1223223,3367,8228,11659,21070,65535,6991,33460,46829,59806,35327,65535,7001
1686569075,0,1,1,0,1223223,3366,8228,11654,21061,65535,6992,33440,46832,59807,35328,65535,6998
1686569081,0,1,1,0,1223223,3368,8229,11655,21073,65535,6991,33422,46806,59778,35296,65535,7000
1686569087,0,1,1,0,1223223,3366,8225,11652,21057,65535,6991,33459,46807,59768,35308,65535,6999
1686569093,0,1,1,0,1223223,3366,8227,11650,21061,65535,6990,33449,46799,59783,35315,65535,6997
1686569099,0,1,1,0,1223223,3364,8227,11653,21075,65535,6990,33448,46812,59787,35321,65535,7000
1686569105,0,1,1,0,1223223,3366,8229,11652,21077,65535,6991,33456,46815,59819,35315,65535,7000
1686569111,0,1,1,0,1223223,3367,8228,11654,21074,65535,6990,33460,46813,59805,35328,65535,7000
1686569117,0,1,1,0,1223223,3368,8228,11658,21068,65535,6990,33460,46815,59836,35319,65535,6996
1686569123,0,1,1,0,1223223,3367,8228,11654,21073,65535,6990,33462,46819,59795,35324,65535,7002
1686569129,0,1,1,0,1223223,3368,8227,11655,21068,65535,6990,33458,46815,59788,35326,65535,7002
1686569135,0,1,1,0,1223223,3367,8224,11648,21070,65535,6990,33437,46791,59786,35311,65535,6998
1686569141,0,1,1,0,1223223,3368,8229,11660,21072,65535,6988,33460,46808,59826,35319,65535,7000
1686569147,0,1,1,0,1223223,3367,8230,11658,21067,65535,6992,33449,46807,59812,35324,65535,7002
1686569153,0,1,1,0,1223223,3367,8229,11657,21062,65535,6988,33455,46805,59810,35294,65535,6998
1686569159,0,1,1,0,1223223,3365,8228,11657,21065,65535,6992,33442,46817,59807,35302,65535,7002
1686569165,0,1,1,0,1223223,3368,8229,11651,21075,65535,6988,33445,46820,59808,35324,65535,7000
1686569171,0,1,1,0,1223223,3367,8228,11654,21073,65535,6989,33449,46816,59778,35319,65535,6998
1686569177,0,1,1,0,1223223,3367,8229,11660,21076,65535,6992,33458,46825,59793,35324,65535,7001
1686569183,0,1,1,0,1223223,3367,8229,11653,21062,65535,6990,33449,46813,59803,35297,65535,6998
1686569189,0,1,1,0,1223223,3368,8230,11654,21064,65535,6990,33456,46823,59790,35302,65535,6997
1686569195,0,1,1,0,1223223,3366,8229,11651,21057,65535,6990,33450,46808,59766,35302,65535,6998
1686569201,0,1,1,0,1223223,3366,8230,11651,21059,65535,6990,33452,46810,59814,35320,65535,7000
1686569207,0,1,1,0,1223223,3367,8229,11654,21072,65535,6990,33425,46806,59784,35316,65535,6998
1686569213,0,1,1,0,1223223,3365,8229,11658,21074,65535,6990,33437,46772,59780,35305,65535,6996
1686569219,0,1,1,0,1223223,3366,8225,11652,21067,65535,6988,33428,46802,59789,35312,65535,6997
1686569225,0,1,1,0,1223223,3366,8228,11649,21059,65535,6990,33452,46811,59792,35301,65535,6997
1686569231,0,1,1,0,1223223,3366,8226,11649,21060,65535,6989,33448,46799,59761,35314,65535,6999
1686569237,0,1,1,0,1223223,3364,8226,11659,21061,65535,6990,33444,46801,59772,35315,65535,7000
1686569243,0,1,1,0,1223223,3368,8231,11661,21079,65535,6991,33450,46824,59819,35311,65535,7000
1686569249,0,1,1,0,1223223,3368,8228,11658,21060,65535,6992,33460,46817,59811,35326,65535,7000
1686569255,0,1,1,0,1223223,3366,8230,11654,21082,65535,6990,33466,46833,59819,35329,65535,7002
1686569261,0,1,1,0,1223223,3367,8227,11660,21067,65535,6990,33463,46807,59798,35325,65535,6998
1686569267,0,1,1,0,1223223,3367,8226,11658,21075,65535,6992,33447,46813,59799,35297,65535,7002
1686569273,0,1,1,0,1223223,3364,8231,11657,21069,65535,6990,33439,46800,59767,35319,65535,6996
1686569279,0,1,1,0,1223223,3365,8226,11651,21062,65535,6992,33448,46818,59782,35316,65535,7002
1686569285,0,1,1,0,1223223,3366,8225,11655,21060,65535,6992,33449,46815,59792,35298,65535,7002
1686569291,0,1,1,0,1223223,3366,8229,11655,21075,65535,6992,33461,46825,59775,35307,65535,7002
1686569297,0,1,1,0,1223223,3366,8229,11655,21067,65535,6989,33442,46808,59780,35312,65535,7002
1686569303,0,1,1,0,1223223,3367,8231,11657,21062,65535,6987,33436,46813,59786,35312,65535,6995
1686569309,0,1,1,0,1223223,3365,8226,11655,21058,65535,6992,33447,46817,59786,35316,65535,7002
1686569315,0,1,1,0,1223223,3367,8229,11657,21063,65535,6986,33451,46828,59798,35319,65535,6996
1686569321,0,1,1,0,1223223,3367,8226,11658,21069,65535,6990,33444,46819,59806,35314,65535,7000
1686569327,0,1,1,0,1223223,3365,8228,11653,21057,65535,6990,33446,46809,59788,35295,65535,7000
1686569333,0,1,1,0,1223223,3366,8228,11652,21059,65535,6991,33449,46826,59817,35319,65535,6998
1686569339,0,1,1,0,1223223,3367,8221,11653,21073,65535,6990,33439,46785,59775,35300,65535,7001
1686569345,0,1,1,0,1223223,3365,8224,11648,21066,65535,6992,33444,46801,59794,35308,65535,7000
1686569351,0,1,1,0,1223223,3366,8228,11655,21071,65535,6988,33440,46815,59811,35316,65535,6998
1686569357,0,1,1,0,1223223,3365,8227,11648,21062,65535,6986,33433,46793,59774,35287,65535,6998
1686569363,0,1,1,0,1223223,3366,8230,11657,21075,65535,6992,33424,46803,59769,35299,65535,6998
1686569369,0,1,1,0,1223223,3366,8228,11658,21065,65535,6988,33445,46820,59780,35324,65535,7002
1686569375,0,1,1,0,1223223,3366,8230,11657,21062,65535,6990,33451,46797,59795,35308,65535,6998
1686569381,0,1,1,0,1223223,3365,8229,11652,21071,65535,6988,33446,46813,59794,35321,65535,6999
1686569387,0,1,1,0,1223223,3367,8225,11660,21070,65535,6992,33458,46828,59782,35303,65535,6999
1686569393,0,1,1,0,1223223,3367,8228,11650,21074,65535,6992,33451,46817,59799,35305,65535,7002
1686569399,0,1,1,0,1223223,3365,8232,11659,21070,65535,6992,33449,46808,59809,35324,65535,7000
1686569405,0,1,1,0,1223223,3365,8225,11652,21063,65535,6988,33452,46818,59784,35330,65535,7000
1686569411,0,1,1,0,1223223,3364,8225,11646,21057,65535,6990,33436,46799,59765,35297,65535,6996
1686569417,0,1,1,0,1223223,3367,8227,11654,21063,65535,6990,33431,46789,59766,35294,65535,6996
1686569423,0,1,1,0,1223223,3366,8230,11654,21067,65535,6988,33440,46817,59809,35314,65535,6997
1686569429,0,1,1,0,1223223,3367,8228,11654,21080,65535,6992,33451,46817,59779,35314,65535,7000
1686569435,0,1,1,0,1223223,3366,8228,11651,21058,65535,6988,33444,46789,59759,35299,65535,6995
1686569441,0,1,1,0,1223223,3367,8229,11658,21071,65535,6990,33437,46807,59793,35306,65535,6999
1686569447,0,1,1,0,1223223,3365,8225,11647,21060,65535,6988,33444,46802,59770,35301,65535,7000
1686569453,0,1,1,0,1223223,3363,8226,11652,21057,65535,6985,33425,46801,59790,35298,65535,6996
1686569459,0,1,1,0,1223223,3366,8222,11655,21060,65535,6988,33445,46811,59797,35303,65535,7000
1686569465,0,1,1,0,1223223,3367,8226,11656,21065,65535,6988,33451,46816,59796,35313,65535,6998
1686569471,0,1,1,0,1223223,3363,8227,11647,21061,65535,6988,33439,46813,59790,35300,65535,6998
1686569477,0,1,1,0,1223223,3365,8228,11654,21073,65535,6990,33447,46817,59776,35314,65535,6998
1686569483,0,1,1,0,1223223,3363,8222,11645,21044,65535,6981,33439,46816,59788,35297,65535,6996
1686569489,0,1,1,0,1223223,3366,8230,11658,21063,65535,6990,33450,46830,59806,35314,65535,6999
1686569495,0,1,1,0,1223223,3365,8228,11653,21061,65535,6992,33446,46812,59786,35311,65535,7002
1686569501,0,1,1,0,1223223,3367,8229,11654,21064,65535,6990,33449,46823,59804,35306,65535,7000
1686569507,0,1,1,0,1223223,3366,8229,11651,21076,65535,6990,33452,46815,59776,35320,65535,7001
1686569513,0,1,1,0,1223223,3365,8227,11655,21073,65535,6990,33432,46799,59814,35308,65535,6999
1686569519,0,1,1,0,1223223,3366,8228,11659,21072,65535,6992,33444,46823,59804,35319,65535,7002
1686569525,0,1,1,0,1223223,3367,8229,11660,21064,65535,6988,33453,46823,59812,35304,65535,7000
1686569531,0,1,1,0,1223223,3367,8228,11655,21076,65535,6990,33445,46818,59777,35322,65535,7000
1686569537,0,1,1,0,1223223,3366,8227,11650,21072,65535,6990,33459,46843,59790,35328,65535,7000
1686569543,0,1,1,0,1223223,3366,8227,11652,21061,65535,6990,33441,46807,59781,35299,65535,6994
1686569549,0,1,1,0,1223223,3368,8225,11649,21071,65535,6990,33460,46815,59800,35309,65535,7000
1686569555,0,1,1,0,1223223,3366,8226,11645,21055,65535,6990,33456,46813,59766,35313,65535,7000
1686569561,0,1,1,0,1223223,3368,8229,11653,21078,65535,6990,33454,46813,59794,35319,65535,7000
1686569567,0,1,1,0,1223223,3366,8227,11646,21073,65535,6994,33445,46819,59783,35297,65535,6998
1686569573,0,1,1,0,1223223,3365,8226,11655,21057,65535,6990,33418,46778,59788,35296,65535,6996
1686569579,0,1,1,0,1223223,3367,8228,11658,21076,65535,6992,33438,46816,59772,35302,65535,7000
1686569585,0,1,1,0,1223223,3366,8224,11653,21062,65535,6989,33451,46838,59792,35309,65535,7002
1686569591,0,1,1,0,1223223,3366,8230,11656,21075,65535,6990,33450,46817,59805,35323,65535,7000
1686569597,0,1,1,0,1223223,3366,8226,11650,21066,65535,6986,33445,46811,59777,35293,65535,6996
1686569603,0,1,1,0,1223223,3366,8222,11653,21070,65535,6990,33445,46813,59790,35293,65535,6995
1686569609,0,1,1,0,1223223,3365,8226,11652,21071,65535,6988,33443,46809,59787,35311,65535,7000
1686569615,0,1,1,0,1223223,3368,8224,11653,21064,65535,6990,33450,46809,59804,35302,65535,6999
1686569621,0,1,1,0,1223223,3367,8229,11656,21064,65535,6990,33447,46789,59809,35300,65535,7002
1686569627,0,1,1,0,1223223,3365,8228,11652,21058,65535,6988,33448,46819,59791,35305,65535,7000
1686569633,0,1,1,0,1223223,3364,8225,11655,21067,65535,6990,33437,46808,59788,35298,65535,7000
1686569639,0,1,1,0,1223223,3365,8227,11650,21062,65535,6989,33442,46801,59774,35316,65535,7000
1686569645,0,1,1,0,1223223,3364,8227,11654,21069,65535,6984,33435,46791,59793,35292,65535,6997
1686569651,0,1,1,0,1223223,3365,8223,11653,21062,65535,6990,33436,46803,59776,35317,65535,6998
1686569657,0,1,1,0,1223223,3365,8224,11653,21054,65535,6988,33438,46792,59796,35296,65535,6998
1686569663,0,1,1,0,1223223,3366,8227,11648,21060,65535,6990,33421,46785,59757,35303,65535,6997
1686569669,0,1,1,0,1223223,3365,8225,11655,21072,65535,6990,33441,46795,59779,35297,65535,6994
1686569675,0,1,1,0,1223223,3364,8224,11650,21069,65535,6990,33437,46803,59774,35317,65535,6998
1686569681,0,1,1,0,1223223,3365,8224,11652,21072,65535,6988,33439,46796,59784,35295,65535,6997
1686569687,0,1,1,0,1223223,3363,8225,11650,21057,65535,6988,33427,46785,59781,35291,65535,6998
1686569693,0,1,1,0,1223223,3365,8224,11658,21074,65535,6990,33439,46799,59769,35296,65535,6998
1686569699,0,1,1,0,1223223,3365,8225,11653,21061,65535,6989,33445,46809,59790,35315,65535,6998
1686569705,0,1,1,0,1223223,3366,8225,11654,21058,65535,6988,33420,46796,59767,35315,65535,7000
1686569711,0,1,1,0,1223223,3365,8228,11655,21075,65535,6990,33445,46813,59779,35311,65535,7002
1686569717,0,1,1,0,1223223,3365,8228,11649,21061,65535,6990,33454,46817,59790,35309,65535,6999
1686569723,0,1,1,0,1223223,3365,8223,11651,21058,65535,6990,33454,46817,59815,35302,65535,7000
1686569729,0,1,1,0,1223223,3363,8225,11646,21058,65535,6990,33452,46807,59804,35301,65535,6996
1686569735,0,1,1,0,1223223,3365,8223,11657,21062,65535,6988,33461,46793,59777,35300,65535,7000
1686569741,0,1,1,0,1223223,3366,8220,11649,21058,65535,6988,33446,46806,59795,35291,65535,6996
1686569747,0,1,1,0,1223223,3366,8226,11652,21062,65535,6986,33435,46789,59795,35293,65535,6998
1686569753,0,1,1,0,1223223,3365,8224,11647,21061,65535,6985,33438,46792,59760,35308,65535,6996
1686569759,0,1,1,0,1223223,3366,8225,11654,21060,65535,6987,33441,46808,59784,35312,65535,6997
1686569765,0,1,1,0,1223223,3365,8227,11651,21061,65535,6989,33449,46815,59803,35315,65535,6997
1686569771,0,1,1,0,1223223,3364,8226,11657,21069,65535,6989,33446,46817,59772,35306,65535,6998
1686569777,0,1,1,0,1223223,3365,8225,11647,21054,65535,6989,33441,46803,59764,35295,65535,6998
1686569783,0,1,1,0,1223223,3366,8226,11652,21060,65535,6987,33430,46814,59787,35303,65535,6994
1686569789,0,1,1,0,1223223,3366,8227,11649,21052,65535,6989,33432,46823,59762,35300,65535,6996
1686569795,0,1,1,0,1223223,3366,8226,11643,21056,65535,6988,33410,46786,59756,35292,65535,6996
1686569801,0,1,1,0,1223223,3365,8224,11647,21065,65535,6988,33441,46804,59785,35291,65535,6998
1686569807,0,1,1,0,1223223,3363,8222,11645,21067,65535,6988,33437,46798,59773,35314,65535,6998
1686569813,0,1,1,0,1223223,3364,8223,11647,21054,65535,6989,33424,46791,59750,35308,65535,7000
1686569819,0,1,1,0,1223223,3365,8220,11648,21060,65535,6987,33412,46777,59706,35292,65535,6994
1686569825,0,1,1,0,1223223,3365,8222,11652,21068,65535,6990,33437,46806,59762,35313,65535,7000
1686569831,0,1,1,0,1223223,3365,8225,11655,21057,65535,6988,33429,46791,59776,35283,65535,6998
1686569837,0,1,1,0,1223223,3362,8223,11651,21052,65535,6986,33421,46790,59750,35304,65535,6998
1686569843,0,1,1,0,1223223,3364,8222,11646,21062,65535,6988,33437,46803,59768,35308,65535,6995
1686569849,0,1,1,0,1223223,3364,8224,11650,21061,65535,6988,33425,46790,59752,35299,65535,6996
1686569855,0,1,1,0,1223223,3365,8225,11653,21073,65535,6986,33433,46796,59772,35287,65535,6996
1686569861,0,1,1,0,1223223,3365,8225,11651,21057,65535,6990,33433,46796,59802,35291,65535,6998
1686569867,0,1,1,0,1223223,3364,8222,11645,21048,65535,6986,33430,46791,59757,35285,65535,6994
1686569873,0,1,1,0,1223223,3366,8227,11652,21069,65535,6990,33442,46804,59779,35310,65535,6996
1686569879,0,1,1,0,1223223,3365,8226,11648,21055,65535,6988,33423,46794,59754,35314,65535,6994
1686569885,0,1,1,0,1223223,3365,8224,11652,21056,65535,6986,33430,46793,59775,35302,65535,6998
1686569891,0,1,1,0,1223223,3365,8224,11643,21051,65535,6988,33433,46786,59752,35303,65535,6998
1686569897,0,1,1,0,1223223,3365,8228,11656,21058,65535,6990,33446,46810,59789,35308,65535,6998
1686569903,0,1,1,0,1223223,3366,8223,11653,21068,65535,6988,33441,46797,59769,35289,65535,6997
1686569909,0,1,1,0,1223223,3366,8226,11647,21062,65535,6986,33427,46795,59771,35297,65535,6997
1686569915,0,1,1,0,1223223,3364,8224,11645,21059,65535,6986,33435,46792,59768,35299,65535,6998
1686569921,0,1,1,0,1223223,3365,8225,11651,21066,65535,6990,33422,46790,59742,35304,65535,6998
1686569927,0,1,1,0,1223223,3365,8226,11653,21067,65535,6986,33431,46804,59781,35305,65535,6996
1686569933,0,1,1,0,1223223,3364,8221,11650,21062,65535,6990,33438,46798,59753,35285,65535,6996
1686569939,0,1,1,0,1223223,3364,8227,11652,21063,65535,6988,33444,46808,59770,35310,65535,6998
1686569945,0,1,1,0,1223223,3365,8223,11646,21051,65535,6986,33446,46799,59764,35293,65535,6998
1686569951,0,1,1,0,1223223,3367,8228,11657,21061,65535,6989,33425,46802,59774,35311,65535,6996
1686569957,0,1,1,0,1223223,3364,8222,11649,21066,65535,6986,33417,46767,59760,35270,65535,6996
1686569963,0,1,1,0,1223223,3366,8224,11648,21072,65535,6990,33447,46807,59809,35309,65535,7000
1686569969,0,1,1,0,1223223,3364,8227,11651,21062,65535,6986,33429,46799,59808,35317,65535,6998
1686569975,0,1,1,0,1223223,3364,8221,11645,21044,65535,6985,33437,46799,59770,35296,65535,6997
1686569981,0,1,1,0,1223223,3363,8224,11646,21065,65535,6987,33425,46782,59764,35281,65535,6993
1686569987,0,1,1,0,1223223,3366,8226,11655,21070,65535,6988,33440,46811,59801,35304,65535,6998
1686569993,0,1,1,0,1223223,3366,8226,11653,21067,65535,6987,33446,46808,59766,35308,65535,6996
1686569999,0,1,1,0,1223223,3365,8224,11645,21058,65535,6988,33442,46802,59784,35296,65535,6996
1686570005,0,1,1,0,1223223,3366,8226,11654,21071,65535,6991,33450,46808,59797,35307,65535,6999
1686570011,0,1,1,0,1223223,3366,8228,11655,21070,65535,6992,33428,46817,59806,35312,65535,6998
1686570017,0,1,1,0,1223223,3366,8225,11649,21071,65535,6989,33441,46800,59770,35314,65535,6998
1686570023,0,1,1,0,1223223,3367,8226,11646,21058,65535,6984,33412,46788,59748,35287,65535,6996
1686570029,0,1,1,0,1223223,3365,8224,11648,21069,65535,6988,33433,46796,59753,35302,65535,6998
1686570035,0,1,1,0,1223223,3366,8222,11652,21058,65535,6988,33433,46802,59754,35285,65535,6998
1686570041,0,1,1,0,1223223,3367,8227,11652,21071,65535,6988,33447,46813,59790,35315,65535,7000
1686570047,0,1,1,0,1223223,3363,8227,11649,21069,65535,6988,33435,46797,59771,35307,65535,6998
1686570053,0,1,1,0,1223223,3365,8229,11655,21062,65535,6986,33423,46799,59785,35308,65535,6998
1686570059,0,1,1,0,1223223,3367,8226,11655,21061,65535,6990,33439,46803,59778,35293,65535,6997
1686570065,0,1,1,0,1223223,3366,8226,11653,21058,65535,6988,33437,46793,59773,35300,65535,6996
1686570071,0,1,1,0,1223223,3366,8224,11657,21058,65535,6988,33413,46795,59758,35296,65535,6996
1686570077,0,1,1,0,1223223,3366,8228,11648,21063,65535,6991,33444,46814,59807,35314,65535,6999
1686570083,0,1,1,0,1223223,3363,8227,11654,21065,65535,6989,33453,46798,59780,35316,65535,7000
1686570089,0,1,1,0,1223223,3366,8226,11654,21060,65535,6988,33450,46814,59775,35312,65535,6994
1686570095,0,1,1,0,1223223,3365,8228,11650,21065,65535,6986,33412,46771,59765,35284,65535,6991
1686570101,0,1,1,0,1223223,3366,8228,11653,21074,65535,6987,33440,46802,59782,35288,65535,6998
1686570107,0,1,1,0,1223223,3367,8228,11657,21070,65535,6990,33431,46783,59757,35299,65535,6994
1686570113,0,1,1,0,1223223,3365,8225,11648,21063,65535,6989,33420,46799,59802,35299,65535,6998
1686570119,0,1,1,0,1223223,3366,8227,11650,21066,65535,6988,33448,46806,59782,35293,65535,6998
1686570125,0,1,1,0,1223223,3365,8225,11645,21053,65535,6987,33446,46798,59784,35291,65535,6998
1686570131,0,1,1,0,1223223,3366,8223,11650,21054,65535,6990,33447,46806,59781,35297,65535,6998
1686570137,0,1,1,0,1223223,3365,8224,11654,21054,65535,6988,33442,46802,59769,35312,65535,6994
1686570143,0,1,1,0,1223223,3366,8229,11655,21068,65535,6987,33442,46804,59754,35295,65535,6997
1686570149,0,1,1,0,1223223,3366,8227,11649,21057,65535,6988,33448,46828,59764,35307,65535,6998
1686570155,0,1,1,0,1223223,3364,8223,11645,21058,65535,6987,33425,46786,59771,35289,65535,6998
1686570161,0,1,1,0,1223223,3366,8225,11653,21065,65535,6987,33433,46789,59757,35288,65535,6997
1686570167,0,1,1,0,1223223,3366,8224,11648,21066,65535,6990,33416,46788,59748,35275,65535,6994
1686570173,0,1,1,0,1223223,3365,8227,11651,21069,65535,6990,33440,46804,59764,35309,65535,7000
1686570179,0,1,1,0,1223223,3366,8228,11653,21072,65535,6990,33446,46806,59789,35317,65535,6998
1686570185,0,1,1,0,1223223,3365,8227,11647,21062,65535,6989,33425,46797,59775,35297,65535,6997
1686570191,0,1,1,0,1223223,3365,8223,11657,21059,65535,6990,33436,46787,59752,35285,65535,6998
1686570197,0,1,1,0,1223223,3367,8225,11653,21076,65535,6988,33445,46791,59783,35295,65535,6997
1686570203,0,1,1,0,1223223,3363,8227,11659,21074,65535,6989,33449,46805,59801,35291,65535,7000
1686570209,0,1,1,0,1223223,3366,8226,11648,21070,65535,6986,33446,46797,59767,35311,65535,6996
1686570215,0,1,1,0,1223223,3363,8226,11653,21056,65535,6988,33444,46779,59773,35313,65535,6998
1686570221,0,1,1,0,1223223,3366,8228,11651,21063,65535,6990,33451,46802,59782,35299,65535,6997
1686570227,0,1,1,0,1223223,3366,8224,11651,21063,65535,6988,33447,46808,59774,35292,65535,6998
1686570233,0,1,1,0,1223223,3367,8227,11648,21060,65535,6990,33443,46779,59771,35313,65535,7000
1686570239,0,1,1,0,1223223,3364,8218,11639,21039,65535,6982,33428,46787,59744,35285,65535,6994
1686570245,0,1,1,0,1223223,3365,8228,11657,21072,65535,6989,33457,46811,59784,35313,65535,6997
1686570251,0,1,1,0,1223223,3363,8221,11648,21052,65535,6986,33433,46809,59803,35298,65535,6997
1686570257,0,1,1,0,1223223,3365,8226,11647,21066,65535,6990,33435,46807,59768,35316,65535,7000
1686570263,0,1,1,0,1223223,3365,8225,11652,21056,65535,6988,33438,46796,59751,35305,65535,6998
1686570269,0,1,1,0,1223223,3366,8227,11650,21069,65535,6987,33423,46805,59779,35293,65535,6995
1686570275,0,1,1,0,1223223,3366,8227,11654,21068,65535,6987,33411,46787,59743,35278,65535,6994
1686570281,0,1,1,0,1223223,3365,8228,11656,21075,65535,6990,33446,46809,59766,35309,65535,6998
1686570287,0,1,1,0,1223223,3367,8226,11649,21068,65535,6988,33428,46804,59784,35288,65535,6997
1686570293,0,1,1,0,1223223,3368,8226,11657,21074,65535,6990,33436,46807,59790,35315,65535,7000
1686570299,0,1,1,0,1223223,3365,8224,11656,21070,65535,6990,33434,46786,59806,35292,65535,7000
1686570305,0,1,1,0,1223223,3365,8221,11646,21054,65535,6984,33416,46790,59807,35296,65535,6996
1686570311,0,1,1,0,1223223,3364,8228,11649,21067,65535,6987,33425,46803,59767,35311,65535,7000
1686570317,0,1,1,0,1223223,3367,8230,11657,21066,65535,6990,33435,46815,59777,35319,65535,6994
1686570323,0,1,1,0,1223223,3365,8226,11653,21065,65535,6988,33442,46802,59776,35305,65535,6998
1686570329,0,1,1,0,1223223,3367,8229,11658,21064,65535,6991,33457,46822,59806,35318,65535,7000
1686570335,0,1,1,0,1223223,3368,8229,11652,21057,65535,6990,33444,46813,59772,35317,65535,7000
1686570341,0,1,1,0,1223223,3366,8226,11653,21073,65535,6990,33426,46799,59767,35308,65535,6998
1686570347,0,1,1,0,1223223,3366,8229,11652,21075,65535,6990,33432,46801,59767,35291,65535,7000
1686570353,0,1,1,0,1223223,3367,8225,11652,21054,65535,6990,33423,46790,59768,35284,65535,6997
1686570359,0,1,1,0,1223223,3365,8227,11649,21069,65535,6991,33437,46811,59769,35295,65535,7000
1686570365,0,1,1,0,1223223,3364,8227,11655,21068,65535,6988,33432,46802,59769,35291,65535,6998
1686570371,0,1,1,0,1223223,3364,8221,11642,21046,65535,6986,33434,46796,59787,35289,65535,6998
1686570377,0,1,1,0,1223223,3364,8225,11651,21059,65535,6988,33445,46799,59765,35295,65535,6998
1686570383,0,1,1,0,1223223,3363,8226,11652,21057,65535,6988,33425,46790,59790,35291,65535,6998
1686570389,0,1,1,0,1223223,3365,8226,11649,21060,65535,6986,33412,46779,59770,35271,65535,6996
1686570395,0,1,1,0,1223223,3364,8225,11650,21069,65535,6990,33424,46795,59765,35306,65535,6997
1686570401,0,1,1,0,1223223,3364,8220,11653,21056,65535,6988,33423,46793,59784,35288,65535,6996
1686570407,0,1,1,0,1223223,3365,8227,11652,21067,65535,6986,33431,46800,59764,35293,65535,7000
1686570413,0,1,1,0,1223223,3363,8227,11650,21069,65535,6988,33444,46785,59766,35299,65535,6996
1686570419,0,1,1,0,1223223,3366,8226,11650,21070,65535,6992,33432,46813,59793,35315,65535,6999
1686570425,0,1,1,0,1223223,3364,8226,11650,21070,65535,6988,33414,46784,59766,35299,65535,6995
1686570431,0,1,1,0,1223223,3352,8190,11598,20978,65535,6956,33317,46639,59563,35171,65535,6974
1686570437,0,1,1,0,1223223,3367,8227,11647,21057,65535,6988,33421,46770,59794,35299,65535,6997
1686570443,0,1,1,0,1223223,3363,8223,11647,21058,65535,6986,33435,46787,59767,35288,65535,7000
1686570449,0,1,1,0,1223223,3365,8224,11649,21059,65535,6990,33439,46791,59787,35283,65535,6994
1686570455,0,1,1,0,1223223,3364,8227,11652,21084,65535,6990,33444,46804,59784,35306,65535,7000
1686570461,0,1,1,0,1223223,3366,8225,11650,21066,65535,6986,33440,46789,59750,35282,65535,6996
1686570467,0,1,1,0,1223223,3363,8220,11642,21062,65535,6990,33432,46780,59749,35278,65535,6991
1686570473,0,1,1,0,1223223,3365,8223,11646,21063,65535,6988,33405,46766,59736,35287,65535,6998
1686570479,0,1,1,0,1223223,3364,8223,11644,21062,65535,6988,33414,46773,59745,35292,65535,6996
1686570485,0,1,1,0,1223223,3363,8223,11644,21065,65535,6988,33404,46760,59726,35296,65535,6996
1686570491,0,1,1,0,1223223,3364,8222,11644,21064,65535,6988,33417,46783,59760,35282,65535,6996
1686570497,0,1,1,0,1223223,3363,8219,11641,21047,65535,6984,33424,46758,59743,35292,65535,6996
1686570503,0,1,1,0,1223223,3366,8223,11649,21067,65535,6988,33436,46777,59737,35302,65535,6996
1686570509,0,1,1,0,1223223,3361,8220,11648,21059,65535,6990,33437,46775,59750,35281,65535,6994
1686570515,0,1,1,0,1223223,3365,8219,11650,21054,65535,6988,33444,46785,59777,35307,65535,6998
1686570521,0,1,1,0,1223223,3365,8220,11646,21065,65535,6990,33432,46778,59739,35279,65535,6995
1686570527,0,1,1,0,1223223,3365,8223,11645,21053,65535,6986,33437,46790,59782,35290,65535,6998
1686570533,0,1,1,0,1223223,3362,8226,11646,21050,65535,6986,33417,46771,59768,35298,65535,6992
1686570539,0,1,1,0,1223223,3365,8220,11649,21059,65535,6988,33423,46768,59767,35291,65535,6996
1686570545,0,1,1,0,1223223,3363,8217,11646,21058,65535,6986,33417,46756,59730,35283,65535,6995
1686570551,0,1,1,0,1223223,3362,8220,11644,21060,65535,6984,33437,46778,59791,35302,65535,6996
1686570557,0,1,1,0,1223223,3363,8222,11645,21064,65535,6988,33405,46759,59766,35290,65535,6996
1686570563,0,1,1,0,1223223,3363,8220,11645,21052,65535,6990,33406,46767,59775,35278,65535,6997
1686570569,0,1,1,0,1223223,3366,8220,11642,21046,65535,6990,33410,46774,59746,35292,65535,6996
1686570575,0,1,1,0,1223223,3364,8222,11645,21064,65535,6984,33406,46764,59744,35291,65535,6992
1686570581,0,1,1,0,1223223,3365,8222,11647,21065,65535,6986,33422,46765,59741,35271,65535,6994
1686570587,0,1,1,0,1223223,3365,8221,11647,21055,65535,6984,33423,46758,59755,35275,65535,6998
1686570593,0,1,1,0,1223223,3364,8219,11643,21058,65535,6986,33411,46761,59744,35288,65535,6996
1686570599,0,1,1,0,1223223,3363,8221,11644,21066,65535,6988,33407,46764,59735,35269,65535,6994
1686570605,0,1,1,0,1223223,3364,8224,11646,21061,65535,6984,33430,46746,59748,35271,65535,6994
1686570611,0,1,1,0,1223223,3363,8222,11650,21064,65535,6986,33425,46763,59737,35273,65535,6994
1686570617,0,1,1,0,1223223,3363,8219,11647,21060,65535,6986,33419,46775,59750,35281,65535,6997
1686570623,0,1,1,0,1223223,3366,8225,11649,21070,65535,6988,33422,46785,59761,35289,65535,6998
1686570629,0,1,1,0,1223223,3363,8219,11644,21051,65535,6990,33396,46751,59728,35280,65535,6996
1686570635,0,1,1,0,1223223,3364,8221,11649,21049,65535,6989,33424,46791,59780,35281,65535,7000
1686570641,0,1,1,0,1223223,3363,8223,11647,21054,65535,6988,33430,46790,59803,35307,65535,7000
1686570647,0,1,1,0,1223223,3362,8222,11643,21054,65535,6988,33413,46764,59748,35297,65535,6996
1686570653,0,1,1,0,1223223,3366,8224,11650,21065,65535,6988,33447,46797,59768,35316,65535,6998
1686570659,0,1,1,0,1223223,3366,8224,11647,21063,65535,6990,33432,46788,59784,35295,65535,7000
1686570665,0,1,1,0,1223223,3365,8223,11644,21066,65535,6988,33435,46777,59747,35300,65535,6998
1686570671,0,1,1,0,1223223,3364,8222,11646,21066,65535,6987,33445,46792,59798,35291,65535,6998
1686570677,0,1,1,0,1223223,3365,8222,11647,21066,65535,6988,33431,46777,59778,35295,65535,7000
1686570683,0,1,1,0,1223223,3363,8221,11647,21063,65535,6987,33441,46811,59767,35307,65535,6995
1686570689,0,1,1,0,1223223,3366,8223,11647,21058,65535,6990,33433,46782,59757,35281,65535,6997
1686570695,0,1,1,0,1223223,3365,8221,11648,21055,65535,6985,33432,46769,59763,35297,65535,6994
1686570701,0,1,1,0,1223223,3364,8220,11645,21055,65535,6986,33438,46776,59790,35283,65535,6994
1686570707,0,1,1,0,1223223,3366,8223,11647,21067,65535,6990,33434,46781,59783,35286,65535,6999
1686570713,0,1,1,0,1223223,3366,8225,11649,21059,65535,6988,33439,46788,59764,35304,65535,6998
1686570719,0,1,1,0,1223223,3365,8222,11645,21056,65535,6990,33435,46786,59769,35287,65535,6998
1686570725,0,1,1,0,1223223,3364,8222,11646,21068,65535,6989,33438,46779,59765,35288,65535,6996
1686570731,0,1,1,0,1223223,3366,8225,11648,21063,65535,6989,33429,46777,59781,35308,65535,6998
1686570737,0,1,1,0,1223223,3365,8220,11646,21056,65535,6992,33449,46800,59800,35317,65535,6999
1686570743,0,1,1,0,1223223,3367,8223,11649,21059,65535,6990,33450,46792,59803,35296,65535,7000
1686570749,0,1,1,0,1223223,3366,8225,11654,21062,65535,6989,33439,46800,59764,35295,65535,7000
1686570755,0,1,1,0,1223223,3365,8222,11646,21057,65535,6990,33444,46788,59795,35294,65535,7000
1686570761,0,1,1,0,1223223,3367,8226,11651,21066,65535,6992,33439,46785,59782,35287,65535,6997
1686570767,0,1,1,0,1223223,3367,8225,11656,21077,65535,6990,33439,46795,59795,35319,65535,6997
1686570773,0,1,1,0,1223223,3365,8218,11640,21040,65535,6985,33424,46780,59772,35310,65535,6998
1686570779,0,1,1,0,1223223,3368,8227,11651,21076,65535,6989,33459,46799,59810,35300,65535,7002
1686570785,0,1,1,0,1223223,3367,8226,11654,21072,65535,6990,33440,46798,59797,35297,65535,6999
1686570791,0,1,1,0,1223223,3365,8223,11647,21063,65535,6992,33430,46786,59784,35310,65535,6998
1686570797,0,1,1,0,1223223,3365,8226,11653,21061,65535,6986,33445,46779,59763,35306,65535,6999
1686570803,0,1,1,0,1223223,3365,8219,11644,21069,65535,6992,33437,46795,59776,35313,65535,6998
1686570809,0,1,1,0,1223223,3366,8226,11651,21065,65535,6990,33446,46797,59763,35310,65535,7000
1686570815,0,1,1,0,1223223,3364,8221,11643,21061,65535,6989,33433,46779,59772,35286,65535,7000
1686570821,0,1,1,0,1223223,3365,8224,11652,21069,65535,6990,33426,46776,59769,35307,65535,6998
1686570827,0,1,1,0,1223223,3365,8227,11650,21062,65535,6990,33439,46791,59755,35291,65535,7002
1686570833,0,1,1,0,1223223,3365,8223,11648,21069,65535,6992,33434,46790,59763,35293,65535,7002
1686570839,0,1,1,0,1223223,3366,8225,11649,21074,65535,6990,33439,46790,59798,35310,65535,6999
1686570845,0,1,1,0,1223223,3365,8224,11653,21060,65535,6990,33438,46782,59777,35306,65535,6998
1686570851,0,1,1,0,1223223,3364,8223,11649,21067,65535,6990,33437,46796,59780,35309,65535,7000
1686570857,0,1,1,0,1223223,3361,8219,11648,21050,65535,6984,33437,46786,59778,35313,65535,7000
1686570863,0,1,1,0,1223223,3364,8225,11647,21053,65535,6986,33450,46818,59790,35307,65535,7004
1686570869,0,1,1,0,1223223,3364,8224,11651,21060,65535,6990,33424,46769,59763,35282,65535,6997
1686570875,0,1,1,0,1223223,3363,8220,11645,21055,65535,6988,33440,46785,59797,35286,65535,6998
1686570881,0,1,1,0,1223223,3366,8222,11644,21057,65535,6988,33435,46770,59785,35295,65535,6996
1686570887,0,1,1,0,1223223,3364,8222,11649,21055,65535,6986,33430,46779,59780,35302,65535,6997
1686570893,0,1,1,0,1223223,3364,8220,11645,21056,65535,6988,33428,46782,59762,35299,65535,6997
1686570899,0,1,1,0,1223223,3364,8223,11647,21066,65535,6992,33433,46789,59769,35311,65535,7000
1686570905,0,1,1,0,1223223,3364,8226,11646,21067,65535,6988,33429,46770,59760,35305,65535,7000
1686570911,0,1,1,0,1223223,3364,8217,11649,21066,65535,6990,33427,46770,59737,35275,65535,7000
1686570917,0,1,1,0,1223223,3364,8220,11643,21065,65535,6986,33435,46790,59767,35307,65535,7000
1686570923,0,1,1,0,1223223,3365,8224,11648,21058,65535,6992,33444,46790,59780,35309,65535,7000
1686570929,0,1,1,0,1223223,3366,8223,11648,21058,65535,6991,33430,46778,59788,35300,65535,6997
1686570935,0,1,1,0,1223223,3365,8221,11646,21059,65535,6991,33445,46794,59791,35312,65535,6997
1686570941,0,1,1,0,1223223,3365,8221,11648,21054,65535,6990,33431,46781,59765,35280,65535,6998
1686570947,0,1,1,0,1223223,3365,8223,11647,21067,65535,6992,33444,46796,59781,35293,65535,7000
1686570953,0,1,1,0,1223223,3365,8224,11657,21071,65535,6992,33450,46784,59783,35315,65535,7000
1686570959,0,1,1,0,1223223,3366,8225,11648,21069,65535,6990,33435,46784,59791,35307,65535,7001
1686570965,0,1,1,0,1223223,3366,8225,11644,21066,65535,6991,33423,46778,59754,35313,65535,7001
1686570971,0,1,1,0,1223223,3365,8223,11649,21068,65535,6990,33440,46793,59787,35295,65535,7001
1686570977,0,1,1,0,1223223,3364,8220,11643,21063,65535,6990,33433,46772,59777,35302,65535,7000
1686570983,0,1,1,0,1223223,3365,8222,11650,21062,65535,6990,33455,46812,59784,35314,65535,7000
1686570989,0,1,1,0,1223223,3364,8222,11644,21064,65535,6992,33426,46789,59770,35301,65535,7000
1686570995,0,1,1,0,1223223,3366,8228,11652,21061,65535,6991,33441,46783,59765,35308,65535,7000
1686571001,0,1,1,0,1223223,3366,8225,11647,21072,65535,6990,33445,46796,59772,35296,65535,7004
1686571007,0,1,1,0,1223223,3367,8223,11652,21075,65535,6994,33444,46796,59776,35321,65535,7001
1686571013,0,1,1,0,1223223,3363,8224,11644,21057,65535,6990,33434,46774,59779,35305,65535,7000
1686571019,0,1,1,0,1223223,3366,8224,11650,21069,65535,6988,33437,46807,59771,35303,65535,6999
1686571025,0,1,1,0,1223223,3365,8223,11652,21056,65535,6992,33443,46796,59785,35316,65535,6999
1686571031,0,1,1,0,1223223,3364,8223,11649,21071,65535,6991,33437,46790,59769,35313,65535,7000
1686571037,0,1,1,0,1223223,3365,8224,11656,21073,65535,6991,33454,46775,59767,35308,65535,6998
1686571043,0,1,1,0,1223223,3366,8222,11648,21070,65535,6992,33432,46777,59746,35286,65535,6998
1686571049,0,1,1,0,1223223,3364,8224,11647,21069,65535,6994,33435,46786,59759,35294,65535,7000
1686571055,0,1,1,0,1223223,3365,8227,11651,21058,65535,6988,33437,46792,59772,35304,65535,6996
1686571061,0,1,1,0,1223223,3365,8224,11651,21056,65535,6990,33440,46791,59768,35310,65535,7000
1686571067,0,1,1,0,1223223,3364,8219,11640,21052,65535,6990,33430,46779,59779,35307,65535,6998
1686571073,0,1,1,0,1223223,3365,8224,11651,21072,65535,6993,33439,46793,59784,35284,65535,6999
1686571079,0,1,1,0,1223223,3365,8223,11652,21058,65535,6989,33425,46773,59750,35297,65535,7000
1686571085,0,1,1,0,1223223,3364,8223,11650,21061,65535,6990,33428,46773,59751,35304,65535,7000
1686571091,0,1,1,0,1223223,3364,8224,11646,21068,65535,6988,33433,46795,59780,35299,65535,6998
1686571097,0,1,1,0,1223223,3365,8220,11651,21073,65535,6990,33441,46791,59784,35293,65535,6996
1686571103,0,1,1,0,1223223,3366,8225,11650,21071,65535,6989,33443,46764,59787,35311,65535,7002
1686571109,0,1,1,0,1223223,3365,8226,11653,21066,65535,6986,33446,46797,59802,35323,65535,7002
1686571115,0,1,1,0,1223223,3364,8219,11644,21055,65535,6991,33431,46779,59772,35299,65535,7002
1686571121,0,1,1,0,1223223,3365,8224,11651,21071,65535,6994,33437,46786,59763,35290,65535,6998
1686571127,0,1,1,0,1223223,3364,8223,11645,21056,65535,6988,33432,46778,59784,35294,65535,6999
1686571133,0,1,1,0,1223223,3362,8215,11637,21046,65535,6984,33443,46787,59795,35309,65535,7000
1686571139,0,1,1,0,1223223,3365,8221,11649,21053,65535,6992,33435,46771,59785,35313,65535,7001
1686571145,0,1,1,0,1223223,3364,8223,11642,21056,65535,6990,33445,46794,59772,35312,65535,7001
1686571151,0,1,1,0,1223223,3366,8223,11651,21071,65535,6992,33439,46786,59826,35309,65535,7002
1686571157,0,1,1,0,1223223,3361,8217,11634,21051,65535,6984,33400,46749,59711,35262,65535,6993
1686571163,0,1,1,0,1223223,3364,8223,11652,21065,65535,6988,33442,46801,59790,35315,65535,7001
1686571169,0,1,1,0,1223223,3366,8228,11653,21072,65535,6994,33450,46812,59795,35298,65535,7002
1686571175,0,1,1,0,1223223,3366,8223,11655,21064,65535,6994,33447,46793,59804,35321,65535,6998
1686571181,0,1,1,0,1223223,3365,8221,11648,21055,65535,6989,33418,46775,59779,35288,65535,7002
1686571187,0,1,1,0,1223223,3366,8223,11655,21061,65535,6995,33443,46787,59771,35293,65535,7004
1686571193,0,1,1,0,1223223,3367,8226,11655,21075,65535,6996,33449,46812,59812,35326,65535,7002
1686571199,0,1,1,0,1223223,3366,8224,11651,21061,65535,6992,33430,46783,59767,35293,65535,6998
