Timestamp,Amber,White,On,Override,Intensity,AS00,AS01,AS02,AS03,AS04,AS05,AS06,AS07,AS08,AS09,AS10,AS11
1686556805,0,1,1,0,1223223,3371,8235,11674,21085,65535,6999,33496,46881,59854,35359,65535,7005
1686556811,0,1,1,0,1223223,3372,8235,11682,21085,65535,6999,33481,46860,59860,35359,65535,7005
1686556817,0,1,1,0,1223223,3371,8234,11675,21074,65535,6994,33483,46860,59853,35355,65535,7008
1686556823,0,1,1,0,1223223,3372,8236,11677,21076,65535,6998,33490,46874,59886,35342,65535,7007
1686556829,0,1,1,0,1223223,3370,8233,11672,21086,65535,6998,33488,46859,59857,35352,65535,7006
1686556835,0,1,1,0,1223223,3371,8233,11672,21080,65535,7000,33496,46860,59853,35357,65535,7004
1686556841,0,1,1,0,1223223,3372,8237,11678,21075,65535,6996,33477,46850,59860,35346,65535,7008
1686556847,0,1,1,0,1223223,3371,8234,11675,21074,65535,6998,33483,46857,59835,35353,65535,7005
1686556853,0,1,1,0,1223223,3370,8238,11676,21084,65535,6997,33485,46844,59838,35352,65535,7004
1686556859,0,1,1,0,1223223,3370,8229,11671,21080,65535,6991,33484,46884,59874,35363,65535,7010
1686556865,0,1,1,0,1223223,3372,8233,11677,21085,65535,7000,33483,46858,59895,35370,65535,7005
1686556871,0,1,1,0,1223223,3373,8239,11680,21076,65535,6999,33505,46882,59890,35364,65535,7008
1686556877,0,1,1,0,1223223,3371,8235,11672,21085,65535,6996,33500,46879,59885,35357,65535,7008
1686556883,0,1,1,0,1223223,3370,8234,11674,21084,65535,6996,33491,46864,59857,35355,65535,7004
1686556889,0,1,1,0,1223223,3371,8235,11677,21084,65535,6994,33467,46859,59835,35351,65535,7005
1686556895,0,1,1,0,1223223,3372,8237,11676,21089,65535,6997,33511,46893,59865,35375,65535,7008
1686556901,0,1,1,0,1223223,3371,8235,11678,21086,65535,6998,33492,46872,59869,35356,65535,7004
1686556907,0,1,1,0,1223223,3371,8235,11670,21085,65535,6997,33486,46869,59861,35351,65535,7004
1686556913,0,1,1,0,1223223,3372,8234,11680,21081,65535,6994,33492,46864,59866,35347,65535,7005
1686556919,0,1,1,0,1223223,3372,8236,11675,21088,65535,7002,33498,46867,59875,35340,65535,7008
1686556925,0,1,1,0,1223223,3372,8237,11683,21080,65535,6998,33503,46874,59876,35362,65535,7006
1686556931,0,1,1,0,1223223,3372,8236,11680,21087,65535,7000,33479,46853,59844,35348,65535,7008
1686556937,0,1,1,0,1223223,3372,8236,11680,21083,65535,6998,33492,46863,59882,35352,65535,7008
1686556943,0,1,1,0,1223223,3372,8236,11683,21088,65535,6998,33497,46867,59894,35363,65535,7007
1686556949,0,1,1,0,1223223,3372,8237,11683,21089,65535,7002,33492,46861,59886,35359,65535,7008
1686556955,0,1,1,0,1223223,3373,8234,11677,21086,65535,7000,33507,46884,59873,35371,65535,7008
1686556961,0,1,1,0,1223223,3373,8238,11678,21084,65535,6998,33498,46882,59915,35374,65535,7008
1686556967,0,1,1,0,1223223,3373,8237,11674,21086,65535,6996,33495,46868,59894,35341,65535,7008
1686556973,0,1,1,0,1223223,3371,8241,11678,21091,65535,6998,33498,46885,59872,35362,65535,7007
1686556979,0,1,1,0,1223223,3374,8240,11681,21096,65535,7002,33498,46891,59897,35373,65535,7010
1686556985,0,1,1,0,1223223,3371,8234,11681,21087,65535,6999,33498,46884,59857,35369,65535,7003
1686556991,0,1,1,0,1223223,3373,8241,11680,21089,65535,6998,33512,46901,59892,35371,65535,7006
1686556997,0,1,1,0,1223223,3372,8238,11675,21086,65535,6998,33502,46883,59845,35370,65535,7010
1686557003,0,1,1,0,1223223,3371,8239,11681,21092,65535,7001,33508,46867,59896,35372,65535,7010
1686557009,0,1,1,0,1223223,3371,8238,11678,21086,65535,6999,33496,46879,59883,35367,65535,7008
1686557015,0,1,1,0,1223223,3371,8237,11681,21088,65535,6996,33479,46882,59891,35365,65535,7010
1686557021,0,1,1,0,1223223,3373,8238,11675,21077,65535,7000,33503,46863,59888,35367,65535,7008
1686557027,0,1,1,0,1223223,3372,8237,11679,21082,65535,6998,33465,46833,59806,35329,65535,7001
1686557033,0,1,1,0,1223223,3372,8241,11681,21091,65535,6998,33499,46888,59868,35373,65535,7008
1686557039,0,1,1,0,1223223,3371,8235,11673,21082,65535,6998,33495,46901,59868,35348,65535,7004
1686557045,0,1,1,0,1223223,3371,8234,11677,21081,65535,6997,33491,46873,59875,35362,65535,7010
1686557051,0,1,1,0,1223223,3373,8238,11675,21090,65535,7002,33512,46905,59913,35379,65535,7010
1686557057,0,1,1,0,1223223,3373,8239,11681,21094,65535,7000,33505,46877,59905,35374,65535,7010
1686557063,0,1,1,0,1223223,3373,8239,11681,21094,65535,7000,33497,46870,59854,35340,65535,7010
1686557069,0,1,1,0,1223223,3371,8237,11678,21090,65535,6997,33480,46852,59847,35344,65535,7000
1686557075,0,1,1,0,1223223,3373,8234,11680,21090,65535,6999,33509,46893,59898,35379,65535,7010
1686557081,0,1,1,0,1223223,3373,8237,11682,21094,65535,6999,33480,46856,59867,35336,65535,7008
1686557087,0,1,1,0,1223223,3372,8240,11682,21095,65535,6998,33504,46890,59892,35375,65535,7010
1686557093,0,1,1,0,1223223,3371,8231,11678,21083,65535,6995,33492,46849,59875,35358,65535,7010
1686557099,0,1,1,0,1223223,3370,8236,11677,21098,65535,6999,33510,46891,59901,35351,65535,7011
1686557105,0,1,1,0,1223223,3373,8236,11676,21087,65535,6998,33474,46866,59849,35358,65535,7008
1686557111,0,1,1,0,1223223,3372,8238,11678,21094,65535,6998,33497,46886,59893,35373,65535,7010
1686557117,0,1,1,0,1223223,3374,8241,11684,21095,65535,7000,33502,46886,59878,35372,65535,7008
1686557123,0,1,1,0,1223223,3372,8241,11678,21092,65535,6998,33499,46890,59878,35370,65535,7008
1686557129,0,1,1,0,1223223,3372,8240,11681,21079,65535,6999,33506,46869,59876,35376,65535,7008
1686557135,0,1,1,0,1223223,3372,8238,11677,21092,65535,6996,33481,46869,59851,35363,65535,7010
1686557141,0,1,1,0,1223223,3371,8239,11682,21101,65535,6998,33496,46883,59870,35366,65535,7007
1686557147,0,1,1,0,1223223,3373,8238,11676,21091,65535,7000,33501,46885,59876,35369,65535,7008
1686557153,0,1,1,0,1223223,3370,8240,11675,21087,65535,6996,33484,46851,59858,35350,65535,7002
1686557159,0,1,1,0,1223223,3371,8235,11672,21082,65535,7000,33503,46888,59876,35365,65535,7008
1686557165,0,1,1,0,1223223,3371,8237,11675,21088,65535,6998,33487,46871,59854,35337,65535,7007
1686557171,0,1,1,0,1223223,3372,8236,11678,21083,65535,6998,33492,46851,59884,35356,65535,7012
1686557177,0,1,1,0,1223223,3370,8237,11680,21088,65535,6997,33493,46879,59867,35349,65535,7007
1686557183,0,1,1,0,1223223,3372,8237,11675,21092,65535,6999,33486,46860,59853,35343,65535,7007
1686557189,0,1,1,0,1223223,3371,8231,11665,21077,65535,6992,33493,46859,59858,35338,65535,7010
1686557195,0,1,1,0,1223223,3371,8234,11671,21084,65535,7000,33495,46877,59863,35363,65535,7012
1686557201,0,1,1,0,1223223,3373,8233,11673,21088,65535,6996,33502,46875,59861,35367,65535,7010
1686557207,0,1,1,0,1223223,3373,8234,11675,21088,65535,7000,33506,46872,59872,35364,65535,7008
1686557213,0,1,1,0,1223223,3370,8236,11684,21091,65535,6998,33473,46863,59878,35364,65535,7008
1686557219,0,1,1,0,1223223,3372,8238,11672,21088,65535,6997,33507,46880,59901,35370,65535,7008
1686557225,0,1,1,0,1223223,3372,8234,11672,21088,65535,6998,33489,46864,59856,35334,65535,7008
1686557231,0,1,1,0,1223223,3372,8238,11677,21085,65535,6996,33507,46881,59869,35367,65535,7007
1686557237,0,1,1,0,1223223,3373,8234,11672,21076,65535,6998,33498,46860,59855,35345,65535,7008
1686557243,0,1,1,0,1223223,3373,8236,11673,21086,65535,6998,33476,46839,59843,35358,65535,7006
1686557249,0,1,1,0,1223223,3372,8234,11670,21087,65535,7000,33502,46880,59864,35375,65535,7008
1686557255,0,1,1,0,1223223,3372,8235,11671,21089,65535,7000,33503,46871,59854,35364,65535,7008
1686557261,0,1,1,0,1223223,3370,8234,11670,21083,65535,6999,33511,46877,59894,35344,65535,7003
1686557267,0,1,1,0,1223223,3371,8235,11668,21070,65535,7000,33492,46871,59836,35361,65535,7008
1686557273,0,1,1,0,1223223,3372,8234,11674,21086,65535,7000,33502,46856,59880,35368,65535,7008
1686557279,0,1,1,0,1223223,3372,8232,11679,21089,65535,6998,33495,46879,59864,35344,65535,7004
1686557285,0,1,1,0,1223223,3371,8232,11669,21080,65535,6997,33475,46845,59833,35338,65535,7002
1686557291,0,1,1,0,1223223,3371,8236,11672,21082,65535,6998,33489,46872,59849,35360,65535,7010
1686557297,0,1,1,0,1223223,3373,8237,11679,21073,65535,6996,33485,46863,59846,35357,65535,7005
1686557303,0,1,1,0,1223223,3372,8234,11676,21088,65535,7000,33502,46888,59901,35361,65535,7012
1686557309,0,1,1,0,1223223,3370,8240,11678,21088,65535,6996,33503,46877,59884,35366,65535,7008
1686557315,0,1,1,0,1223223,3373,8239,11683,21089,65535,7002,33505,46886,59894,35358,65535,7010
1686557321,0,1,1,0,1223223,3370,8231,11671,21081,65535,6998,33488,46874,59849,35359,65535,7005
1686557327,0,1,1,0,1223223,3371,8234,11674,21078,65535,6994,33498,46873,59866,35359,65535,7012
1686557333,0,1,1,0,1223223,3371,8235,11672,21083,65535,6996,33497,46876,59879,35360,65535,7008
1686557339,0,1,1,0,1223223,3371,8235,11674,21083,65535,6996,33499,46875,59858,35366,65535,7006
1686557345,0,1,1,0,1223223,3371,8239,11672,21086,65535,6996,33491,46851,59865,35353,65535,7006
1686557351,0,1,1,0,1223223,3371,8241,11675,21087,65535,6996,33473,46849,59850,35355,65535,7004
1686557357,0,1,1,0,1223223,3373,8236,11679,21092,65535,6995,33501,46888,59897,35370,65535,7010
1686557363,0,1,1,0,1223223,3372,8240,11675,21092,65535,7000,33479,46856,59873,35354,65535,7003
1686557369,0,1,1,0,1223223,3369,8235,11669,21069,65535,6995,33498,46866,59891,35345,65535,7002
1686557375,0,1,1,0,1223223,3372,8237,11676,21091,65535,7000,33495,46899,59858,35365,65535,7010
1686557381,0,1,1,0,1223223,3370,8235,11680,21087,65535,7002,33507,46872,59870,35368,65535,7006
1686557387,0,1,1,0,1223223,3372,8239,11678,21088,65535,7000,33508,46891,59880,35368,65535,7011
1686557393,0,1,1,0,1223223,3373,8236,11672,21088,65535,7002,33505,46880,59867,35369,65535,7007
1686557399,0,1,1,0,1223223,3372,8235,11676,21084,65535,6999,33488,46876,59872,35380,65535,7010
1686557405,0,1,1,0,1223223,3372,8240,11680,21095,65535,6996,33494,46872,59875,35357,65535,7008
1686557411,0,1,1,0,1223223,3372,8237,11678,21092,65535,6996,33481,46881,59872,35345,65535,7006
1686557417,0,1,1,0,1223223,3370,8236,11680,21086,65535,7000,33476,46866,59879,35356,65535,7006
1686557423,0,1,1,0,1223223,3373,8239,11685,21094,65535,6995,33482,46878,59884,35361,65535,7006
1686557429,0,1,1,0,1223223,3372,8234,11682,21090,65535,6999,33507,46882,59905,35356,65535,7010
1686557435,0,1,1,0,1223223,3371,8230,11678,21089,65535,7000,33508,46865,59875,35371,65535,7010
1686557441,0,1,1,0,1223223,3372,8239,11680,21095,65535,6998,33485,46874,59871,35370,65535,7007
1686557447,0,1,1,0,1223223,3371,8231,11671,21072,65535,6992,33506,46869,59885,35366,65535,7008
1686557453,0,1,1,0,1223223,3371,8238,11678,21096,65535,7000,33497,46848,59860,35344,65535,7010
1686557459,0,1,1,0,1223223,3370,8236,11678,21087,65535,7000,33509,46877,59887,35360,65535,7009
1686557465,0,1,1,0,1223223,3373,8239,11679,21079,65535,6998,33510,46889,59902,35353,65535,7006
1686557471,0,1,1,0,1223223,3372,8238,11679,21089,65535,7000,33506,46886,59899,35372,65535,7010
1686557477,0,1,1,0,1223223,3374,8242,11679,21099,65535,7004,33508,46876,59907,35372,65535,7012
1686557483,0,1,1,0,1223223,3373,8239,11680,21092,65535,6998,33514,46899,59923,35372,65535,7009
1686557489,0,1,1,0,1223223,3372,8242,11686,21097,65535,7004,33487,46859,59866,35348,65535,7009
1686557495,0,1,1,0,1223223,3372,8240,11686,21097,65535,7000,33508,46885,59868,35366,65535,7010
1686557501,0,1,1,0,1223223,3374,8239,11677,21095,65535,7004,33520,46902,59896,35381,65535,7014
1686557507,0,1,1,0,1223223,3370,8240,11680,21090,65535,7002,33524,46906,59912,35357,65535,7010
1686557513,0,1,1,0,1223223,3372,8238,11682,21090,65535,6998,33496,46881,59894,35365,65535,7011
1686557519,0,1,1,0,1223223,3373,8234,11681,21090,65535,7000,33501,46863,59892,35366,65535,7013
1686557525,0,1,1,0,1223223,3372,8234,11680,21089,65535,7001,33483,46824,59832,35340,65535,7002
1686557531,0,1,1,0,1223223,3373,8238,11680,21093,65535,7001,33503,46892,59888,35372,65535,7010
1686557537,0,1,1,0,1223223,3373,8239,11682,21084,65535,7002,33497,46889,59897,35367,65535,7011
1686557543,0,1,1,0,1223223,3374,8236,11683,21087,65535,7002,33508,46888,59891,35368,65535,7009
1686557549,0,1,1,0,1223223,3373,8239,11684,21092,65535,7001,33512,46888,59911,35373,65535,7014
1686557555,0,1,1,0,1223223,3374,8237,11680,21091,65535,7000,33474,46859,59884,35356,65535,7008
1686557561,0,1,1,0,1223223,3374,8238,11678,21095,65535,7002,33485,46856,59867,35351,65535,7003
1686557567,0,1,1,0,1223223,3372,8239,11680,21090,65535,6998,33495,46890,59893,35356,65535,7010
1686557573,0,1,1,0,1223223,3370,8235,11677,21085,65535,6998,33502,46876,59883,35361,65535,7008
1686557579,0,1,1,0,1223223,3369,8234,11673,21087,65535,7000,33517,46894,59881,35375,65535,7011
1686557585,0,1,1,0,1223223,3374,8237,11683,21092,65535,7002,33504,46872,59877,35367,65535,7008
1686557591,0,1,1,0,1223223,3373,8237,11680,21082,65535,6998,33509,46877,59903,35371,65535,7012
1686557597,0,1,1,0,1223223,3373,8236,11682,21101,65535,7000,33493,46899,59897,35351,65535,7010
1686557603,0,1,1,0,1223223,3373,8236,11672,21089,65535,7001,33506,46869,59891,35384,65535,7012
1686557609,0,1,1,0,1223223,3374,8236,11683,21097,65535,6999,33515,46886,59903,35373,65535,7012
1686557615,0,1,1,0,1223223,3370,8231,11671,21078,65535,6994,33489,46864,59865,35358,65535,7004
1686557621,0,1,1,0,1223223,3371,8240,11674,21090,65535,7001,33512,46893,59871,35391,65535,7012
1686557627,0,1,1,0,1223223,3372,8235,11676,21089,65535,6996,33499,46863,59870,35367,65535,7012
1686557633,0,1,1,0,1223223,3372,8235,11677,21083,65535,6995,33486,46869,59884,35364,65535,7004
1686557639,0,1,1,0,1223223,3371,8235,11676,21087,65535,6996,33508,46879,59887,35370,65535,7010
1686557645,0,1,1,0,1223223,3373,8236,11678,21088,65535,6998,33496,46865,59847,35374,65535,7006
1686557651,0,1,1,0,1223223,3371,8239,11681,21107,65535,7002,33513,46890,59877,35377,65535,7009
1686557657,0,1,1,0,1223223,3372,8237,11678,21085,65535,7002,33504,46883,59898,35365,65535,7012
1686557663,0,1,1,0,1223223,3373,8237,11676,21088,65535,7002,33500,46871,59889,35360,65535,7008
1686557669,0,1,1,0,1223223,3373,8239,11679,21102,65535,6998,33507,46882,59890,35342,65535,7006
1686557675,0,1,1,0,1223223,3374,8240,11684,21095,65535,6999,33494,46866,59867,35353,65535,7008
1686557681,0,1,1,0,1223223,3372,8238,11678,21088,65535,7000,33492,46874,59872,35356,65535,7010
1686557687,0,1,1,0,1223223,3372,8238,11678,21104,65535,6998,33501,46886,59896,35367,65535,7010
1686557693,0,1,1,0,1223223,3373,8237,11680,21093,65535,7004,33518,46889,59908,35374,65535,7008
1686557699,0,1,1,0,1223223,3373,8238,11679,21090,65535,7001,33477,46881,59886,35363,65535,7008
1686557705,0,1,1,0,1223223,3373,8237,11680,21095,65535,7000,33512,46891,59894,35367,65535,7012
1686557711,0,1,1,0,1223223,3372,8237,11680,21089,65535,6998,33494,46875,59880,35340,65535,7009
1686557717,0,1,1,0,1223223,3373,8237,11675,21090,65535,6998,33491,46868,59846,35357,65535,7008
1686557723,0,1,1,0,1223223,3372,8236,11680,21079,65535,6998,33487,46875,59879,35364,65535,7010
1686557729,0,1,1,0,1223223,3372,8235,11675,21092,65535,7000,33498,46881,59898,35374,65535,7010
1686557735,0,1,1,0,1223223,3371,8237,11676,21085,65535,7000,33485,46876,59864,35356,65535,7009
1686557741,0,1,1,0,1223223,3372,8235,11671,21084,65535,6995,33495,46878,59885,35365,65535,7008
1686557747,0,1,1,0,1223223,3370,8232,11675,21085,65535,7000,33489,46860,59855,35347,65535,7006
1686557753,0,1,1,0,1223223,3367,8230,11664,21065,65535,6995,33471,46838,59813,35335,65535,7004
1686557759,0,1,1,0,1223223,3372,8237,11677,21090,65535,7000,33493,46873,59883,35354,65535,7009
1686557765,0,1,1,0,1223223,3372,8239,11673,21089,65535,7000,33500,46881,59886,35378,65535,7008
1686557771,0,1,1,0,1223223,3355,8195,11616,20983,65535,6962,33486,46874,59863,35359,65535,7008
1686557777,0,1,1,0,1223223,3372,8237,11680,21092,65535,7002,33494,46878,59881,35358,65535,7012
1686557783,0,1,1,0,1223223,3369,8230,11671,21068,65535,6993,33467,46824,59850,35330,65535,7002
1686557789,0,1,1,0,1223223,3372,8237,11674,21087,65535,6999,33484,46858,59882,35353,65535,7004
1686557795,0,1,1,0,1223223,3371,8239,11679,21085,65535,6998,33490,46859,59871,35357,65535,7008
1686557801,0,1,1,0,1223223,3370,8236,11673,21072,65535,6996,33471,46859,59835,35332,65535,7004
1686557807,0,1,1,0,1223223,3370,8236,11675,21080,65535,6996,33491,46850,59873,35337,65535,7010
1686557813,0,1,1,0,1223223,3371,8239,11678,21090,65535,6999,33476,46875,59867,35348,65535,7008
1686557819,0,1,1,0,1223223,3370,8237,11679,21086,65535,7002,33487,46867,59846,35351,65535,7006
1686557825,0,1,1,0,1223223,3372,8237,11678,21099,65535,7002,33494,46879,59878,35362,65535,7006
1686557831,0,1,1,0,1223223,3370,8235,11671,21092,65535,6994,33479,46850,59832,35334,65535,7006
1686557837,0,1,1,0,1223223,3371,8235,11679,21079,65535,7000,33487,46876,59853,35355,65535,7010
1686557843,0,1,1,0,1223223,3371,8237,11682,21083,65535,7002,33497,46877,59883,35355,65535,7008
1686557849,0,1,1,0,1223223,3371,8235,11675,21073,65535,7000,33503,46881,59880,35363,65535,7008
1686557855,0,1,1,0,1223223,3372,8237,11677,21099,65535,6997,33497,46854,59881,35365,65535,7008
1686557861,0,1,1,0,1223223,3373,8240,11685,21094,65535,6996,33465,46871,59882,35354,65535,7004
1686557867,0,1,1,0,1223223,3371,8239,11674,21092,65535,7004,33496,46881,59883,35362,65535,7008
1686557873,0,1,1,0,1223223,3371,8233,11672,21089,65535,6996,33498,46881,59885,35364,65535,7008
1686557879,0,1,1,0,1223223,3371,8237,11671,21085,65535,6996,33486,46864,59856,35346,65535,7008
1686557885,0,1,1,0,1223223,3372,8236,11675,21090,65535,6998,33494,46884,59860,35359,65535,7008
1686557891,0,1,1,0,1223223,3373,8236,11672,21088,65535,6998,33491,46870,59846,35353,65535,7008
1686557897,0,1,1,0,1223223,3371,8234,11672,21087,65535,7000,33492,46878,59869,35354,65535,7010
1686557903,0,1,1,0,1223223,3372,8238,11674,21088,65535,7000,33501,46890,59892,35364,65535,7012
1686557909,0,1,1,0,1223223,3372,8239,11679,21086,65535,7003,33501,46871,59873,35362,65535,7005
1686557915,0,1,1,0,1223223,3371,8238,11681,21090,65535,7002,33494,46879,59883,35361,65535,7008
1686557921,0,1,1,0,1223223,3372,8240,11677,21087,65535,6998,33493,46870,59879,35358,65535,7009
1686557927,0,1,1,0,1223223,3370,8235,11677,21087,65535,7000,33483,46859,59849,35358,65535,7010
1686557933,0,1,1,0,1223223,3371,8239,11672,21084,65535,6999,33505,46881,59870,35372,65535,7009
1686557939,0,1,1,0,1223223,3373,8242,11679,21091,65535,7002,33498,46893,59907,35362,65535,7011
1686557945,0,1,1,0,1223223,3370,8228,11667,21075,65535,6994,33499,46886,59870,35364,65535,7006
1686557951,0,1,1,0,1223223,3373,8239,11677,21089,65535,7001,33502,46881,59865,35367,65535,7010
1686557957,0,1,1,0,1223223,3371,8236,11679,21090,65535,7002,33496,46880,59884,35359,65535,7008
1686557963,0,1,1,0,1223223,3373,8238,11675,21088,65535,6998,33485,46879,59871,35364,65535,7008
1686557969,0,1,1,0,1223223,3371,8237,11677,21090,65535,6999,33500,46888,59880,35389,65535,7006
1686557975,0,1,1,0,1223223,3372,8239,11684,21095,65535,7000,33509,46884,59871,35369,65535,7008
1686557981,0,1,1,0,1223223,3370,8237,11676,21083,65535,7000,33487,46870,59861,35357,65535,7009
1686557987,0,1,1,0,1223223,3373,8240,11675,21090,65535,6996,33501,46882,59879,35365,65535,7008
1686557993,0,1,1,0,1223223,3373,8237,11684,21093,65535,7002,33493,46881,59867,35367,65535,7008
1686557999,0,1,1,0,1223223,3372,8238,11677,21091,65535,7002,33502,46873,59879,35371,65535,7012
1686558005,0,1,1,0,1223223,3373,8241,11685,21093,65535,6999,33499,46864,59872,35368,65535,7011
1686558011,0,1,1,0,1223223,3372,8238,11681,21092,65535,7000,33495,46883,59882,35361,65535,7010
1686558017,0,1,1,0,1223223,3374,8239,11680,21084,65535,6998,33504,46895,59889,35376,65535,7008
1686558023,0,1,1,0,1223223,3373,8241,11682,21096,65535,7000,33498,46891,59870,35366,65535,7012
1686558029,0,1,1,0,1223223,3373,8236,11676,21091,65535,7002,33509,46895,59885,35383,65535,7012
1686558035,0,1,1,0,1223223,3370,8239,11677,21090,65535,7002,33511,46896,59887,35391,65535,7010
1686558041,0,1,1,0,1223223,3373,8241,11676,21089,65535,6998,33504,46885,59871,35359,65535,7012
1686558047,0,1,1,0,1223223,3374,8240,11677,21095,65535,7000,33505,46895,59875,35364,65535,7008
1686558053,0,1,1,0,1223223,3374,8241,11679,21093,65535,7002,33504,46893,59873,35368,65535,7008
1686558059,0,1,1,0,1223223,3371,8239,11681,21088,65535,7001,33489,46877,59878,35359,65535,7010
1686558065,0,1,1,0,1223223,3373,8239,11679,21090,65535,7000,33496,46878,59869,35362,65535,7009
1686558071,0,1,1,0,1223223,3373,8235,11678,21088,65535,6998,33501,46880,59886,35364,65535,7010
1686558077,0,1,1,0,1223223,3372,8236,11685,21089,65535,7004,33507,46878,59903,35378,65535,7012
1686558083,0,1,1,0,1223223,3371,8237,11677,21086,65535,6999,33504,46877,59911,35365,65535,7008
1686558089,0,1,1,0,1223223,3370,8233,11671,21075,65535,6994,33502,46884,59881,35363,65535,7010
1686558095,0,1,1,0,1223223,3373,8240,11681,21087,65535,6998,33495,46879,59911,35363,65535,7010
1686558101,0,1,1,0,1223223,3371,8236,11673,21082,65535,7001,33492,46867,59858,35348,65535,7004
1686558107,0,1,1,0,1223223,3372,8237,11680,21078,65535,6998,33499,46878,59887,35356,65535,7010
1686558113,0,1,1,0,1223223,3372,8236,11675,21082,65535,7002,33501,46884,59900,35360,65535,7011
1686558119,0,1,1,0,1223223,3372,8237,11673,21084,65535,7000,33486,46864,59875,35353,65535,7006
1686558125,0,1,1,0,1223223,3372,8234,11680,21085,65535,6999,33495,46882,59859,35348,65535,7011
1686558131,0,1,1,0,1223223,3372,8232,11675,21081,65535,7000,33496,46880,59888,35357,65535,7006
1686558137,0,1,1,0,1223223,3372,8234,11675,21087,65535,7000,33495,46869,59886,35355,65535,7012
1686558143,0,1,1,0,1223223,3371,8239,11673,21088,65535,7002,33507,46897,59865,35370,65535,7010
1686558149,0,1,1,0,1223223,3370,8230,11671,21079,65535,7000,33484,46862,59835,35342,65535,7006
1686558155,0,1,1,0,1223223,3372,8237,11673,21089,65535,6998,33500,46876,59859,35365,65535,7010
1686558161,0,1,1,0,1223223,3371,8231,11672,21083,65535,6998,33505,46884,59887,35360,65535,7008
1686558167,0,1,1,0,1223223,3372,8240,11680,21086,65535,7002,33507,46862,59873,35353,65535,7010
1686558173,0,1,1,0,1223223,3372,8235,11676,21081,65535,7000,33507,46887,59876,35364,65535,7006
1686558179,0,1,1,0,1223223,3372,8236,11683,21085,65535,7000,33490,46909,59881,35368,65535,7009
1686558185,0,1,1,0,1223223,3372,8238,11675,21087,65535,7001,33497,46873,59863,35358,65535,7008
1686558191,0,1,1,0,1223223,3372,8236,11681,21086,65535,7000,33499,46882,59879,35370,65535,7008
1686558197,0,1,1,0,1223223,3373,8239,11679,21093,65535,7001,33505,46882,59881,35364,65535,7008
1686558203,0,1,1,0,1223223,3371,8237,11677,21082,65535,7000,33504,46883,59875,35365,65535,7008
1686558209,0,1,1,0,1223223,3370,8239,11680,21086,65535,7000,33496,46876,59869,35357,65535,7010
1686558215,0,1,1,0,1223223,3372,8237,11676,21088,65535,7002,33507,46887,59900,35376,65535,7012
1686558221,0,1,1,0,1223223,3373,8239,11679,21093,65535,7002,33495,46882,59875,35364,65535,7006
1686558227,0,1,1,0,1223223,3373,8237,11676,21080,65535,7000,33505,46884,59880,35366,65535,7010
1686558233,0,1,1,0,1223223,3373,8238,11682,21079,65535,7002,33504,46883,59876,35361,65535,7008
1686558239,0,1,1,0,1223223,3373,8238,11678,21080,65535,7000,33488,46867,59890,35356,65535,7008
1686558245,0,1,1,0,1223223,3372,8237,11679,21089,65535,6998,33505,46890,59892,35368,65535,7010
1686558251,0,1,1,0,1223223,3372,8238,11680,21088,65535,7000,33501,46883,59867,35367,65535,7006
1686558257,0,1,1,0,1223223,3373,8240,11687,21099,65535,7004,33501,46882,59906,35363,65535,7007
1686558263,0,1,1,0,1223223,3374,8236,11686,21096,65535,7001,33509,46882,59883,35356,65535,7012
1686558269,0,1,1,0,1223223,3374,8242,11679,21091,65535,7004,33502,46867,59907,35366,65535,7010
1686558275,0,1,1,0,1223223,3372,8238,11678,21091,65535,7000,33521,46898,59897,35373,65535,7012
1686558281,0,1,1,0,1223223,3373,8239,11680,21088,65535,7002,33507,46882,59871,35362,65535,7008
1686558287,0,1,1,0,1223223,3372,8238,11678,21085,65535,7002,33518,46896,59900,35370,65535,7012
1686558293,0,1,1,0,1223223,3374,8240,11678,21091,65535,7006,33516,46888,59886,35365,65535,7010
1686558299,0,1,1,0,1223223,3373,8239,11676,21084,65535,7000,33512,46885,59893,35369,65535,7011
1686558305,0,1,1,0,1223223,3373,8237,11676,21092,65535,7001,33495,46862,59881,35357,65535,7008
1686558311,0,1,1,0,1223223,3373,8236,11678,21094,65535,7003,33505,46884,59888,35370,65535,7006
1686558317,0,1,1,0,1223223,3374,8238,11684,21094,65535,7002,33513,46889,59874,35372,65535,7010
1686558323,0,1,1,0,1223223,3372,8239,11676,21092,65535,6998,33500,46878,59876,35362,65535,7006
1686558329,0,1,1,0,1223223,3372,8238,11677,21097,65535,6998,33505,46882,59891,35361,65535,7005
1686558335,0,1,1,0,1223223,3372,8237,11678,21090,65535,6996,33497,46868,59859,35361,65535,7007
1686558341,0,1,1,0,1223223,3373,8242,11683,21096,65535,7002,33504,46891,59866,35365,65535,7010
1686558347,0,1,1,0,1223223,3372,8239,11682,21078,65535,7001,33511,46889,59899,35353,65535,7009
1686558353,0,1,1,0,1223223,3373,8239,11683,21089,65535,7002,33482,46883,59895,35362,65535,7010
1686558359,0,1,1,0,1223223,3374,8239,11683,21088,65535,7000,33501,46874,59861,35361,65535,7006
1686558365,0,1,1,0,1223223,3374,8240,11678,21092,65535,7001,33513,46895,59890,35368,65535,7010
1686558371,0,1,1,0,1223223,3371,8239,11679,21088,65535,7000,33502,46878,59900,35357,65535,7012
1686558377,0,1,1,0,1223223,3372,8237,11675,21086,65535,6998,33506,46880,59897,35361,65535,7008
1686558383,0,1,1,0,1223223,3372,8232,11679,21086,65535,7002,33501,46879,59893,35364,65535,7012
1686558389,0,1,1,0,1223223,3372,8241,11685,21093,65535,7004,33502,46887,59877,35364,65535,7013
1686558395,0,1,1,0,1223223,3373,8236,11680,21085,65535,6996,33507,46900,59917,35371,65535,7012
1686558401,0,1,1,0,1223223,3372,8238,11683,21092,65535,7002,33500,46881,59873,35351,65535,7013
1686558407,0,1,1,0,1223223,3372,8235,11678,21090,65535,7000,33503,46889,59874,35363,65535,7010
1686558413,0,1,1,0,1223223,3371,8236,11682,21092,65535,6998,33495,46874,59882,35348,65535,7012
1686558419,0,1,1,0,1223223,3372,8239,11674,21086,65535,6996,33503,46878,59866,35358,65535,7008
1686558425,0,1,1,0,1223223,3372,8239,11675,21089,65535,6996,33506,46861,59875,35364,65535,7008
1686558431,0,1,1,0,1223223,3372,8236,11679,21089,65535,7004,33512,46911,59889,35376,65535,7010
1686558437,0,1,1,0,1223223,3372,8237,11675,21091,65535,6999,33494,46868,59857,35358,65535,7010
1686558443,0,1,1,0,1223223,3373,8237,11676,21089,65535,7001,33482,46877,59881,35359,65535,7008
1686558449,0,1,1,0,1223223,3373,8239,11674,21091,65535,7002,33507,46886,59882,35364,65535,7011
1686558455,0,1,1,0,1223223,3374,8243,11682,21096,65535,6998,33496,46877,59877,35340,65535,7006
1686558461,0,1,1,0,1223223,3372,8242,11672,21091,65535,7002,33503,46872,59894,35368,65535,7006
1686558467,0,1,1,0,1223223,3372,8235,11680,21087,65535,7003,33492,46859,59877,35357,65535,7007
1686558473,0,1,1,0,1223223,3373,8238,11681,21094,65535,7000,33501,46890,59925,35371,65535,7011
1686558479,0,1,1,0,1223223,3371,8238,11673,21087,65535,7000,33500,46892,59896,35364,65535,7010
1686558485,0,1,1,0,1223223,3372,8235,11673,21091,65535,7000,33495,46865,59896,35367,65535,7004
1686558491,0,1,1,0,1223223,3373,8237,11680,21091,65535,7002,33494,46882,59889,35361,65535,7008
1686558497,0,1,1,0,1223223,3373,8237,11680,21091,65535,7000,33493,46852,59860,35362,65535,7006
1686558503,0,1,1,0,1223223,3373,8238,11678,21092,65535,6999,33515,46865,59888,35374,65535,7008
1686558509,0,1,1,0,1223223,3373,8241,11683,21087,65535,7001,33504,46862,59881,35366,65535,7012
1686558515,0,1,1,0,1223223,3373,8239,11678,21095,65535,7001,33499,46880,59891,35368,65535,7011
1686558521,0,1,1,0,1223223,3374,8240,11676,21097,65535,7003,33488,46886,59890,35371,65535,7008
1686558527,0,1,1,0,1223223,3373,8236,11682,21087,65535,7000,33505,46890,59902,35368,65535,7012
1686558533,0,1,1,0,1223223,3373,8237,11680,21089,65535,7000,33498,46888,59898,35365,65535,7008
1686558539,0,1,1,0,1223223,3373,8237,11679,21093,65535,6998,33503,46888,59885,35364,65535,7008
1686558545,0,1,1,0,1223223,3371,8238,11680,21084,65535,7000,33505,46874,59872,35350,65535,7011
1686558551,0,1,1,0,1223223,3372,8237,11678,21090,65535,6999,33494,46879,59871,35362,65535,7008
1686558557,0,1,1,0,1223223,3372,8233,11679,21080,65535,6998,33474,46848,59842,35341,65535,7008
1686558563,0,1,1,0,1223223,3372,8240,11682,21087,65535,6998,33480,46848,59852,35352,65535,7008
1686558569,0,1,1,0,1223223,3372,8232,11679,21087,65535,6993,33512,46890,59921,35369,65535,7012
1686558575,0,1,1,0,1223223,3371,8237,11679,21089,65535,7000,33507,46869,59917,35366,65535,7010
1686558581,0,1,1,0,1223223,3369,8232,11671,21074,65535,6992,33466,46824,59850,35336,65535,7000
1686558587,0,1,1,0,1223223,3373,8238,11678,21092,65535,7002,33497,46865,59901,35361,65535,7010
1686558593,0,1,1,0,1223223,3372,8238,11680,21094,65535,7000,33506,46884,59884,35369,65535,7008
1686558599,0,1,1,0,1223223,3373,8239,11678,21093,65535,6996,33482,46885,59889,35372,65535,7010
1686558605,0,1,1,0,1223223,3371,8232,11676,21086,65535,6994,33494,46863,59858,35359,65535,7006
1686558611,0,1,1,0,1223223,3372,8238,11679,21085,65535,6994,33500,46885,59872,35372,65535,7006
1686558617,0,1,1,0,1223223,3370,8238,11681,21088,65535,7000,33488,46888,59897,35361,65535,7004
1686558623,0,1,1,0,1223223,3371,8235,11671,21087,65535,6998,33478,46870,59880,35365,65535,7007
1686558629,0,1,1,0,1223223,3374,8239,11678,21094,65535,7000,33495,46876,59896,35359,65535,7005
1686558635,0,1,1,0,1223223,3372,8235,11674,21088,65535,6995,33471,46876,59877,35341,65535,7007
1686558641,0,1,1,0,1223223,3369,8238,11676,21089,65535,6999,33487,46883,59876,35379,65535,7008
1686558647,0,1,1,0,1223223,3372,8240,11679,21086,65535,6999,33503,46890,59866,35361,65535,7003
1686558653,0,1,1,0,1223223,3371,8237,11676,21084,65535,7000,33493,46872,59854,35356,65535,7006
1686558659,0,1,1,0,1223223,3372,8236,11673,21080,65535,6996,33490,46859,59849,35355,65535,7008
1686558665,0,1,1,0,1223223,3369,8236,11676,21085,65535,7000,33483,46862,59843,35324,65535,7004
1686558671,0,1,1,0,1223223,3371,8233,11675,21082,65535,7000,33485,46847,59876,35352,65535,7004
1686558677,0,1,1,0,1223223,3372,8232,11673,21071,65535,6996,33478,46858,59837,35340,65535,7004
1686558683,0,1,1,0,1223223,3371,8237,11675,21080,65535,6998,33491,46859,59880,35372,65535,7006
1686558689,0,1,1,0,1223223,3372,8235,11679,21089,65535,6999,33507,46880,59900,35347,65535,7010
1686558695,0,1,1,0,1223223,3372,8237,11676,21082,65535,6997,33493,46853,59866,35356,65535,7008
1686558701,0,1,1,0,1223223,3372,8240,11679,21093,65535,6996,33497,46870,59863,35362,65535,7007
1686558707,0,1,1,0,1223223,3371,8230,11677,21084,65535,6996,33505,46877,59886,35368,65535,7009
1686558713,0,1,1,0,1223223,3372,8230,11675,21089,65535,6997,33490,46867,59860,35355,65535,7004
1686558719,0,1,1,0,1223223,3371,8238,11682,21087,65535,7002,33506,46896,59880,35371,65535,7004
1686558725,0,1,1,0,1223223,3369,8238,11674,21090,65535,7000,33499,46874,59891,35364,65535,7008
1686558731,0,1,1,0,1223223,3370,8238,11676,21093,65535,7000,33476,46874,59888,35365,65535,7012
1686558737,0,1,1,0,1223223,3372,8235,11674,21076,65535,6998,33492,46859,59875,35357,65535,7004
1686558743,0,1,1,0,1223223,3371,8240,11676,21090,65535,7000,33509,46889,59881,35371,65535,7010
1686558749,0,1,1,0,1223223,3370,8238,11678,21081,65535,7000,33490,46873,59887,35356,65535,7008
1686558755,0,1,1,0,1223223,3374,8235,11685,21092,65535,7000,33494,46894,59878,35346,65535,7006
1686558761,0,1,1,0,1223223,3372,8238,11674,21089,65535,7001,33485,46889,59880,35348,65535,7010
1686558767,0,1,1,0,1223223,3372,8232,11677,21091,65535,7000,33502,46895,59866,35365,65535,7008
1686558773,0,1,1,0,1223223,3370,8237,11679,21088,65535,6996,33477,46884,59872,35358,65535,7008
1686558779,0,1,1,0,1223223,3372,8233,11678,21088,65535,6996,33492,46879,59857,35360,65535,7008
1686558785,0,1,1,0,1223223,3373,8234,11678,21090,65535,6996,33468,46866,59861,35362,65535,7012
1686558791,0,1,1,0,1223223,3373,8238,11679,21094,65535,6996,33499,46872,59873,35350,65535,7008
1686558797,0,1,1,0,1223223,3372,8237,11680,21088,65535,6998,33477,46869,59861,35357,65535,7010
1686558803,0,1,1,0,1223223,3373,8234,11672,21089,65535,7000,33510,46884,59902,35377,65535,7010
1686558809,0,1,1,0,1223223,3372,8237,11673,21074,65535,6995,33499,46856,59883,35361,65535,7006
1686558815,0,1,1,0,1223223,3372,8237,11683,21090,65535,7002,33508,46884,59878,35377,65535,7008
1686558821,0,1,1,0,1223223,3371,8240,11682,21079,65535,7000,33491,46862,59900,35366,65535,7012
1686558827,0,1,1,0,1223223,3372,8234,11674,21090,65535,7000,33504,46884,59881,35368,65535,7006
1686558833,0,1,1,0,1223223,3371,8237,11678,21093,65535,6998,33486,46878,59881,35367,65535,7006
1686558839,0,1,1,0,1223223,3370,8239,11679,21089,65535,7000,33505,46877,59868,35372,65535,7010
1686558845,0,1,1,0,1223223,3374,8240,11685,21095,65535,7002,33481,46876,59872,35369,65535,7008
1686558851,0,1,1,0,1223223,3373,8239,11680,21097,65535,7002,33513,46885,59880,35358,65535,7009
1686558857,0,1,1,0,1223223,3373,8238,11684,21096,65535,6996,33481,46888,59872,35376,65535,7012
1686558863,0,1,1,0,1223223,3370,8238,11674,21078,65535,7000,33495,46869,59886,35346,65535,7010
1686558869,0,1,1,0,1223223,3372,8237,11680,21089,65535,7000,33473,46869,59848,35354,65535,7012
1686558875,0,1,1,0,1223223,3370,8234,11671,21076,65535,6996,33476,46841,59828,35320,65535,7003
1686558881,0,1,1,0,1223223,3372,8236,11673,21093,65535,6999,33494,46871,59852,35355,65535,7010
1686558887,0,1,1,0,1223223,3373,8236,11677,21092,65535,6998,33482,46892,59878,35349,65535,7009
1686558893,0,1,1,0,1223223,3373,8238,11680,21090,65535,6996,33506,46879,59867,35366,65535,7010
1686558899,0,1,1,0,1223223,3373,8238,11676,21089,65535,7000,33488,46857,59851,35345,65535,7006
1686558905,0,1,1,0,1223223,3373,8236,11682,21091,65535,7000,33511,46889,59884,35353,65535,7010
1686558911,0,1,1,0,1223223,3371,8230,11681,21077,65535,6996,33482,46865,59891,35362,65535,7008
1686558917,0,1,1,0,1223223,3370,8237,11675,21087,65535,7002,33514,46885,59895,35361,65535,7010
1686558923,0,1,1,0,1223223,3373,8242,11680,21095,65535,7002,33520,46880,59900,35376,65535,7012
1686558929,0,1,1,0,1223223,3371,8238,11682,21091,65535,6998,33503,46867,59863,35368,65535,7012
1686558935,0,1,1,0,1223223,3373,8239,11676,21091,65535,6998,33524,46907,59897,35382,65535,7008
1686558941,0,1,1,0,1223223,3372,8237,11685,21080,65535,6998,33499,46867,59866,35359,65535,7010
1686558947,0,1,1,0,1223223,3373,8237,11677,21077,65535,6996,33496,46877,59876,35364,65535,7003
1686558953,0,1,1,0,1223223,3370,8234,11675,21084,65535,7000,33491,46886,59866,35359,65535,7008
1686558959,0,1,1,0,1223223,3373,8236,11674,21086,65535,7000,33508,46876,59863,35364,65535,7008
1686558965,0,1,1,0,1223223,3370,8239,11678,21094,65535,6998,33469,46871,59886,35363,65535,7011
1686558971,0,1,1,0,1223223,3372,8238,11678,21088,65535,7000,33474,46866,59870,35340,65535,7008
1686558977,0,1,1,0,1223223,3370,8236,11673,21079,65535,6999,33472,46861,59858,35338,65535,7007
1686558983,0,1,1,0,1223223,3370,8234,11675,21080,65535,7002,33491,46874,59906,35370,65535,7009
1686558989,0,1,1,0,1223223,3371,8240,11678,21098,65535,7001,33483,46857,59881,35370,65535,7008
1686558995,0,1,1,0,1223223,3370,8234,11680,21078,65535,6998,33478,46868,59877,35347,65535,7005
1686559001,0,1,1,0,1223223,3373,8237,11683,21093,65535,7000,33478,46863,59853,35352,65535,7006
1686559007,0,1,1,0,1223223,3372,8241,11681,21091,65535,6998,33492,46859,59877,35362,65535,7006
1686559013,0,1,1,0,1223223,3373,8236,11675,21087,65535,7002,33472,46846,59850,35359,65535,7007
1686559019,0,1,1,0,1223223,3373,8242,11679,21079,65535,6998,33469,46858,59857,35352,65535,7006
1686559025,0,1,1,0,1223223,3373,8237,11678,21086,65535,6999,33477,46872,59879,35356,65535,7005
1686559031,0,1,1,0,1223223,3373,8234,11684,21091,65535,7002,33477,46856,59878,35349,65535,7006
1686559037,0,1,1,0,1223223,3372,8231,11670,21079,65535,6994,33489,46851,59869,35354,65535,7007
1686559043,0,1,1,0,1223223,3372,8234,11679,21070,65535,6999,33504,46872,59869,35352,65535,7008
1686559049,0,1,1,0,1223223,3372,8231,11671,21081,65535,6996,33467,46872,59857,35352,65535,7004
1686559055,0,1,1,0,1223223,3367,8233,11675,21084,65535,6993,33486,46863,59859,35352,65535,7006
1686559061,0,1,1,0,1223223,3369,8231,11674,21081,65535,6998,33489,46853,59852,35351,65535,7006
1686559067,0,1,1,0,1223223,3371,8236,11675,21086,65535,6996,33492,46855,59842,35350,65535,7005
1686559073,0,1,1,0,1223223,3372,8235,11675,21086,65535,6997,33483,46851,59831,35349,65535,7004
1686559079,0,1,1,0,1223223,3371,8235,11675,21087,65535,6999,33492,46872,59873,35373,65535,7008
1686559085,0,1,1,0,1223223,3372,8239,11675,21088,65535,7000,33502,46881,59881,35342,65535,7002
1686559091,0,1,1,0,1223223,3370,8235,11667,21072,65535,6995,33496,46877,59866,35340,65535,7008
1686559097,0,1,1,0,1223223,3371,8236,11675,21088,65535,6996,33473,46862,59837,35362,65535,7008
1686559103,0,1,1,0,1223223,3371,8235,11674,21078,65535,6994,33500,46899,59868,35358,65535,7006
1686559109,0,1,1,0,1223223,3370,8233,11676,21077,65535,6996,33490,46862,59879,35345,65535,7006
1686559115,0,1,1,0,1223223,3371,8234,11676,21086,65535,6997,33477,46843,59826,35330,65535,7008
1686559121,0,1,1,0,1223223,3370,8235,11673,21074,65535,6998,33495,46858,59860,35354,65535,7003
1686559127,0,1,1,0,1223223,3370,8234,11667,21083,65535,6998,33473,46847,59822,35346,65535,7002
1686559133,0,1,1,0,1223223,3371,8236,11680,21079,65535,6996,33484,46856,59857,35359,65535,7008
1686559139,0,1,1,0,1223223,3370,8234,11670,21086,65535,6993,33495,46866,59879,35358,65535,7010
1686559145,0,1,1,0,1223223,3370,8233,11667,21076,65535,6998,33465,46834,59819,35323,65535,7006
1686559151,0,1,1,0,1223223,3369,8232,11670,21076,65535,6994,33453,46846,59839,35350,65535,7006
1686559157,0,1,1,0,1223223,3370,8232,11676,21074,65535,6998,33484,46850,59869,35332,65535,7004
1686559163,0,1,1,0,1223223,3369,8228,11666,21065,65535,6996,33445,46822,59817,35333,65535,7006
1686559169,0,1,1,0,1223223,3372,8238,11675,21088,65535,6997,33478,46835,59839,35340,65535,7004
1686559175,0,1,1,0,1223223,3372,8237,11672,21089,65535,6993,33463,46860,59849,35348,65535,7008
1686559181,0,1,1,0,1223223,3371,8233,11675,21082,65535,6998,33483,46855,59855,35336,65535,7003
1686559187,0,1,1,0,1223223,3369,8233,11670,21083,65535,6997,33483,46855,59838,35349,65535,7004
1686559193,0,1,1,0,1223223,3372,8236,11680,21081,65535,7000,33505,46884,59874,35381,65535,7010
1686559199,0,1,1,0,1223223,3371,8235,11671,21081,65535,6998,33488,46845,59879,35352,65535,7002
1686559205,0,1,1,0,1223223,3371,8234,11677,21084,65535,6998,33478,46854,59836,35354,65535,7006
1686559211,0,1,1,0,1223223,3370,8234,11669,21078,65535,6997,33479,46851,59849,35344,65535,7003
1686559217,0,1,1,0,1223223,3371,8237,11674,21072,65535,6995,33481,46860,59864,35333,65535,7006
1686559223,0,1,1,0,1223223,3370,8236,11674,21081,65535,6996,33474,46847,59854,35340,65535,7006
1686559229,0,1,1,0,1223223,3371,8237,11674,21072,65535,6996,33494,46876,59857,35354,65535,7008
1686559235,0,1,1,0,1223223,3370,8233,11666,21073,65535,6994,33490,46865,59851,35345,65535,7004
1686559241,0,1,1,0,1223223,3372,8236,11674,21071,65535,6999,33498,46871,59856,35352,65535,7006
1686559247,0,1,1,0,1223223,3368,8228,11669,21066,65535,6993,33481,46868,59874,35350,65535,7002
1686559253,0,1,1,0,1223223,3371,8237,11676,21087,65535,6998,33491,46882,59851,35353,65535,7006
1686559259,0,1,1,0,1223223,3370,8236,11674,21089,65535,6998,33475,46865,59845,35347,65535,7008
1686559265,0,1,1,0,1223223,3371,8239,11684,21091,65535,6997,33487,46860,59846,35361,65535,7004
1686559271,0,1,1,0,1223223,3371,8235,11670,21083,65535,6996,33500,46897,59883,35361,65535,7007
1686559277,0,1,1,0,1223223,3371,8233,11672,21080,65535,6994,33477,46847,59848,35349,65535,7004
1686559283,0,1,1,0,1223223,3373,8236,11673,21079,65535,6998,33489,46870,59851,35352,65535,7004
1686559289,0,1,1,0,1223223,3372,8235,11673,21083,65535,6995,33483,46865,59847,35350,65535,7006
1686559295,0,1,1,0,1223223,3372,8233,11669,21079,65535,6998,33478,46850,59855,35329,65535,7008
1686559301,0,1,1,0,1223223,3372,8233,11677,21086,65535,6998,33483,46853,59863,35346,65535,7008
1686559307,0,1,1,0,1223223,3370,8234,11666,21080,65535,6996,33490,46862,59870,35351,65535,7005
1686559313,0,1,1,0,1223223,3371,8233,11667,21075,65535,7000,33491,46866,59868,35354,65535,7004
1686559319,0,1,1,0,1223223,3371,8236,11671,21083,65535,6996,33478,46865,59853,35351,65535,7004
1686559325,0,1,1,0,1223223,3371,8236,11675,21082,65535,6997,33479,46878,59860,35353,65535,7004
1686559331,0,1,1,0,1223223,3369,8236,11675,21083,65535,6998,33489,46866,59874,35356,65535,7007
1686559337,0,1,1,0,1223223,3371,8234,11673,21084,65535,6998,33470,46841,59811,35340,65535,7004
1686559343,0,1,1,0,1223223,3372,8235,11675,21087,65535,7000,33488,46848,59832,35350,65535,7007
1686559349,0,1,1,0,1223223,3371,8235,11673,21084,65535,6998,33488,46889,59855,35350,65535,7006
1686559355,0,1,1,0,1223223,3371,8233,11673,21080,65535,6994,33485,46856,59858,35349,65535,7003
1686559361,0,1,1,0,1223223,3371,8234,11671,21081,65535,6998,33485,46846,59841,35361,65535,7002
1686559367,0,1,1,0,1223223,3371,8233,11674,21081,65535,6998,33491,46863,59859,35352,65535,7006
1686559373,0,1,1,0,1223223,3371,8231,11667,21075,65535,6996,33494,46868,59848,35366,65535,7008
1686559379,0,1,1,0,1223223,3371,8233,11669,21077,65535,7000,33480,46867,59845,35345,65535,7008
1686559385,0,1,1,0,1223223,3371,8229,11670,21077,65535,7000,33489,46853,59846,35343,65535,7007
1686559391,0,1,1,0,1223223,3371,8233,11669,21083,65535,7000,33485,46852,59838,35331,65535,7002
1686559397,0,1,1,0,1223223,3368,8233,11673,21076,65535,6996,33481,46858,59842,35347,65535,7006
1686559403,0,1,1,0,1223223,3371,8233,11671,21082,65535,6997,33482,46847,59870,35345,65535,7008
1686559409,0,1,1,0,1223223,3371,8235,11671,21073,65535,6998,33487,46852,59845,35351,65535,7002
1686559415,0,1,1,0,1223223,3369,8232,11672,21067,65535,6995,33470,46856,59868,35351,65535,7006
1686559421,0,1,1,0,1223223,3368,8231,11670,21080,65535,6998,33449,46827,59853,35334,65535,7004
1686559427,0,1,1,0,1223223,3370,8233,11672,21078,65535,6996,33480,46849,59832,35345,65535,7004
1686559433,0,1,1,0,1223223,3371,8237,11669,21072,65535,6998,33482,46849,59846,35348,65535,7006
1686559439,0,1,1,0,1223223,3370,8228,11668,21069,65535,6994,33450,46809,59793,35319,65535,6998
1686559445,0,1,1,0,1223223,3370,8233,11668,21079,65535,6996,33497,46858,59873,35352,65535,7006
1686559451,0,1,1,0,1223223,3371,8233,11668,21082,65535,6994,33492,46855,59849,35369,65535,7010
1686559457,0,1,1,0,1223223,3370,8234,11674,21080,65535,6994,33489,46864,59851,35351,65535,7004
1686559463,0,1,1,0,1223223,3371,8231,11669,21081,65535,6998,33478,46841,59839,35340,65535,7005
1686559469,0,1,1,0,1223223,3371,8229,11670,21079,65535,6996,33463,46851,59850,35359,65535,7008
1686559475,0,1,1,0,1223223,3370,8237,11666,21078,65535,6996,33473,46837,59856,35341,65535,7003
1686559481,0,1,1,0,1223223,3368,8232,11672,21076,65535,6994,33472,46841,59842,35351,65535,7006
1686559487,0,1,1,0,1223223,3371,8235,11677,21087,65535,6998,33477,46858,59836,35350,65535,7007
1686559493,0,1,1,0,1223223,3371,8233,11670,21082,65535,6998,33466,46858,59836,35347,65535,7008
1686559499,0,1,1,0,1223223,3370,8230,11665,21078,65535,6994,33474,46840,59844,35329,65535,7004
1686559505,0,1,1,0,1223223,3372,8234,11670,21073,65535,6998,33481,46857,59828,35349,65535,7007
1686559511,0,1,1,0,1223223,3371,8233,11672,21086,65535,6996,33478,46844,59853,35341,65535,7006
1686559517,0,1,1,0,1223223,3370,8233,11670,21070,65535,6996,33482,46850,59847,35344,65535,7004
1686559523,0,1,1,0,1223223,3368,8232,11674,21078,65535,6998,33494,46865,59855,35357,65535,7004
1686559529,0,1,1,0,1223223,3371,8235,11674,21079,65535,6995,33487,46846,59858,35321,65535,7006
1686559535,0,1,1,0,1223223,3371,8233,11668,21073,65535,6996,33481,46844,59826,35342,65535,7008
1686559541,0,1,1,0,1223223,3368,8233,11674,21080,65535,6998,33486,46857,59872,35356,65535,7007
1686559547,0,1,1,0,1223223,3369,8235,11672,21084,65535,6998,33483,46847,59835,35330,65535,7003
1686559553,0,1,1,0,1223223,3372,8235,11678,21087,65535,7000,33480,46844,59828,35332,65535,7006
1686559559,0,1,1,0,1223223,3372,8237,11672,21081,65535,6995,33485,46852,59853,35355,65535,7008
1686559565,0,1,1,0,1223223,3367,8232,11671,21078,65535,6997,33491,46877,59860,35348,65535,7006
1686559571,0,1,1,0,1223223,3372,8238,11671,21085,65535,7000,33504,46881,59864,35362,65535,7007
1686559577,0,1,1,0,1223223,3368,8234,11674,21083,65535,7000,33357,46688,59625,35206,65535,6980
1686559583,0,1,1,0,1223223,3370,8234,11670,21078,65535,6998,33476,46867,59867,35357,65535,7008
1686559589,0,1,1,0,1223223,3371,8233,11674,21080,65535,6997,33474,46850,59820,35362,65535,7006
1686559595,0,1,1,0,1223223,3369,8236,11675,21073,65535,6998,33484,46858,59844,35350,65535,7007
1686559601,0,1,1,0,1223223,3372,8234,11670,21082,65535,6998,33471,46853,59833,35350,65535,7002
1686559607,0,1,1,0,1223223,3371,8238,11671,21082,65535,6996,33461,46844,59835,35344,65535,7004
1686559613,0,1,1,0,1223223,3370,8234,11674,21086,65535,7000,33490,46851,59848,35332,65535,7005
1686559619,0,1,1,0,1223223,3371,8233,11673,21078,65535,6994,33489,46855,59858,35350,65535,7010
1686559625,0,1,1,0,1223223,3372,8235,11677,21087,65535,6996,33476,46856,59873,35354,65535,7002
1686559631,0,1,1,0,1223223,3372,8241,11675,21075,65535,7000,33499,46863,59861,35354,65535,7008
1686559637,0,1,1,0,1223223,3368,8235,11674,21082,65535,6997,33480,46855,59824,35326,65535,7000
1686559643,0,1,1,0,1223223,3370,8234,11675,21083,65535,6996,33474,46857,59854,35352,65535,7008
1686559649,0,1,1,0,1223223,3370,8236,11675,21086,65535,6996,33502,46877,59878,35362,65535,7008
1686559655,0,1,1,0,1223223,3371,8238,11674,21072,65535,7000,33473,46876,59863,35356,65535,7006
1686559661,0,1,1,0,1223223,3370,8235,11677,21087,65535,6996,33499,46864,59868,35355,65535,7008
1686559667,0,1,1,0,1223223,3372,8235,11670,21081,65535,7000,33492,46869,59875,35352,65535,7010
1686559673,0,1,1,0,1223223,3371,8236,11675,21082,65535,6996,33482,46858,59840,35353,65535,7009
1686559679,0,1,1,0,1223223,3371,8234,11676,21081,65535,6998,33474,46849,59869,35355,65535,7006
1686559685,0,1,1,0,1223223,3369,8231,11666,21067,65535,6992,33498,46852,59851,35355,65535,7010
1686559691,0,1,1,0,1223223,3371,8234,11676,21085,65535,7000,33495,46863,59868,35372,65535,7009
1686559697,0,1,1,0,1223223,3371,8234,11670,21088,65535,6996,33473,46842,59839,35355,65535,7006
1686559703,0,1,1,0,1223223,3371,8235,11675,21084,65535,6997,33492,46855,59862,35343,65535,7007
1686559709,0,1,1,0,1223223,3372,8235,11678,21087,65535,6996,33473,46859,59854,35339,65535,7008
1686559715,0,1,1,0,1223223,3372,8233,11673,21073,65535,6994,33490,46843,59861,35336,65535,7010
1686559721,0,1,1,0,1223223,3372,8234,11676,21089,65535,6997,33490,46858,59862,35354,65535,7010
1686559727,0,1,1,0,1223223,3372,8233,11674,21087,65535,7002,33510,46868,59870,35362,65535,7007
1686559733,0,1,1,0,1223223,3372,8238,11677,21086,65535,6996,33492,46854,59857,35337,65535,7008
1686559739,0,1,1,0,1223223,3371,8238,11679,21092,65535,6997,33489,46861,59864,35339,65535,7007
1686559745,0,1,1,0,1223223,3372,8234,11673,21084,65535,6995,33439,46795,59776,35307,65535,6994
1686559751,0,1,1,0,1223223,3372,8236,11673,21085,65535,6998,33463,46851,59852,35326,65535,7007
1686559757,0,1,1,0,1223223,3371,8234,11671,21074,65535,6998,33469,46854,59855,35355,65535,7008
1686559763,0,1,1,0,1223223,3369,8229,11664,21076,65535,6996,33458,46848,59828,35352,65535,7006
1686559769,0,1,1,0,1223223,3369,8234,11668,21086,65535,6996,33466,46807,59830,35333,65535,7002
1686559775,0,1,1,0,1223223,3368,8232,11675,21076,65535,6996,33474,46854,59864,35335,65535,7005
1686559781,0,1,1,0,1223223,3368,8234,11674,21083,65535,6999,33484,46834,59828,35340,65535,7007
1686559787,0,1,1,0,1223223,3371,8235,11675,21077,65535,6994,33489,46854,59859,35350,65535,7002
1686559793,0,1,1,0,1223223,3371,8234,11671,21081,65535,6998,33494,46846,59846,35355,65535,7007
1686559799,0,1,1,0,1223223,3368,8234,11669,21067,65535,6994,33492,46869,59846,35346,65535,7002
1686559805,0,1,1,0,1223223,3370,8233,11669,21080,65535,6998,33479,46836,59841,35341,65535,7002
1686559811,0,1,1,0,1223223,3370,8232,11670,21084,65535,6997,33470,46841,59857,35352,65535,7005
1686559817,0,1,1,0,1223223,3370,8230,11672,21082,65535,6997,33481,46835,59831,35328,65535,7002
1686559823,0,1,1,0,1223223,3369,8235,11673,21083,65535,6999,33461,46836,59822,35341,65535,7007
1686559829,0,1,1,0,1223223,3369,8234,11673,21082,65535,6998,33461,46845,59853,35341,65535,7006
1686559835,0,1,1,0,1223223,3371,8233,11673,21070,65535,6994,33468,46850,59842,35350,65535,7006
1686559841,0,1,1,0,1223223,3367,8232,11667,21072,65535,6996,33472,46830,59812,35324,65535,7006
1686559847,0,1,1,0,1223223,3369,8235,11670,21071,65535,6997,33475,46836,59845,35347,65535,7004
1686559853,0,1,1,0,1223223,3370,8227,11662,21070,65535,6990,33473,46835,59819,35342,65535,7002
1686559859,0,1,1,0,1223223,3369,8232,11668,21077,65535,6991,33464,46852,59867,35346,65535,7006
1686559865,0,1,1,0,1223223,3372,8234,11673,21094,65535,6993,33493,46854,59851,35351,65535,7008
1686559871,0,1,1,0,1223223,3369,8229,11669,21086,65535,6998,33491,46856,59831,35330,65535,7006
1686559877,0,1,1,0,1223223,3372,8236,11674,21074,65535,7000,33498,46866,59864,35353,65535,7004
1686559883,0,1,1,0,1223223,3372,8235,11671,21074,65535,6998,33490,46864,59871,35341,65535,7006
1686559889,0,1,1,0,1223223,3370,8234,11670,21075,65535,7000,33493,46855,59865,35346,65535,7004
1686559895,0,1,1,0,1223223,3370,8236,11668,21077,65535,6996,33493,46857,59870,35334,65535,7008
1686559901,0,1,1,0,1223223,3370,8234,11675,21088,65535,7000,33473,46862,59858,35338,65535,7007
1686559907,0,1,1,0,1223223,3371,8233,11671,21075,65535,6994,33495,46863,59870,35360,65535,7010
1686559913,0,1,1,0,1223223,3371,8236,11673,21085,65535,6995,33469,46853,59847,35336,65535,7006
1686559919,0,1,1,0,1223223,3369,8233,11672,21083,65535,6996,33499,46886,59856,35334,65535,7006
1686559925,0,1,1,0,1223223,3373,8235,11678,21088,65535,7000,33477,46840,59846,35350,65535,7006
1686559931,0,1,1,0,1223223,3371,8236,11677,21088,65535,6996,33508,46857,59880,35342,65535,7008
1686559937,0,1,1,0,1223223,3371,8233,11676,21089,65535,6998,33470,46845,59841,35342,65535,7002
1686559943,0,1,1,0,1223223,3372,8234,11676,21083,65535,6996,33480,46859,59857,35357,65535,7008
1686559949,0,1,1,0,1223223,3371,8232,11668,21082,65535,6995,33487,46838,59881,35359,65535,7010
1686559955,0,1,1,0,1223223,3373,8239,11673,21091,65535,6996,33474,46846,59850,35359,65535,7010
1686559961,0,1,1,0,1223223,3369,8238,11680,21086,65535,6996,33475,46867,59855,35355,65535,7010
1686559967,0,1,1,0,1223223,3369,8238,11671,21088,65535,6998,33504,46878,59861,35361,65535,7008
1686559973,0,1,1,0,1223223,3370,8238,11674,21090,65535,6997,33476,46850,59855,35358,65535,7006
1686559979,0,1,1,0,1223223,3369,8241,11673,21086,65535,7000,33506,46878,59891,35365,65535,7009
1686559985,0,1,1,0,1223223,3370,8234,11674,21085,65535,6996,33462,46839,59828,35334,65535,7000
1686559991,0,1,1,0,1223223,3370,8233,11671,21085,65535,6996,33496,46863,59848,35362,65535,7006
1686559997,0,1,1,0,1223223,3371,8234,11670,21085,65535,6999,33490,46853,59871,35351,65535,7006
1686560003,0,1,1,0,1223223,3370,8235,11678,21086,65535,7000,33477,46903,59872,35358,65535,7008
1686560009,0,1,1,0,1223223,3369,8234,11671,21081,65535,7000,33501,46870,59891,35355,65535,7007
1686560015,0,1,1,0,1223223,3369,8234,11667,21080,65535,7000,33467,46846,59830,35346,65535,7010
1686560021,0,1,1,0,1223223,3372,8233,11676,21083,65535,6996,33474,46858,59846,35349,65535,7006
1686560027,0,1,1,0,1223223,3370,8235,11671,21082,65535,6997,33471,46851,59836,35347,65535,7008
1686560033,0,1,1,0,1223223,3371,8233,11673,21087,65535,6998,33508,46866,59896,35359,65535,7008
1686560039,0,1,1,0,1223223,3372,8237,11679,21087,65535,6998,33469,46835,59844,35347,65535,7010
1686560045,0,1,1,0,1223223,3370,8236,11672,21090,65535,6994,33508,46874,59883,35343,65535,7008
1686560051,0,1,1,0,1223223,3369,8232,11675,21081,65535,6998,33480,46841,59835,35343,65535,7006
1686560057,0,1,1,0,1223223,3370,8233,11673,21070,65535,6998,33495,46862,59849,35351,65535,7006
1686560063,0,1,1,0,1223223,3371,8235,11674,21081,65535,6998,33473,46863,59833,35361,65535,7006
1686560069,0,1,1,0,1223223,3369,8233,11668,21069,65535,6998,33472,46849,59839,35351,65535,7006
1686560075,0,1,1,0,1223223,3372,8232,11671,21084,65535,6996,33481,46848,59860,35346,65535,7004
1686560081,0,1,1,0,1223223,3368,8235,11675,21081,65535,6996,33465,46846,59840,35324,65535,7008
1686560087,0,1,1,0,1223223,3372,8234,11677,21082,65535,6999,33485,46863,59857,35340,65535,7008
1686560093,0,1,1,0,1223223,3371,8233,11674,21069,65535,7002,33506,46866,59875,35360,65535,7004
1686560099,0,1,1,0,1223223,3371,8235,11679,21074,65535,7000,33494,46866,59857,35357,65535,7010
1686560105,0,1,1,0,1223223,3370,8233,11671,21087,65535,6996,33485,46846,59870,35347,65535,7004
1686560111,0,1,1,0,1223223,3371,8232,11670,21079,65535,6996,33463,46860,59871,35347,65535,7006
1686560117,0,1,1,0,1223223,3369,8232,11674,21078,65535,6996,33493,46857,59850,35330,65535,7005
1686560123,0,1,1,0,1223223,3368,8232,11669,21077,65535,6995,33485,46845,59867,35344,65535,7008
1686560129,0,1,1,0,1223223,3371,8233,11671,21087,65535,6998,33492,46863,59885,35334,65535,7007
1686560135,0,1,1,0,1223223,3369,8230,11670,21088,65535,6996,33481,46839,59838,35345,65535,7003
1686560141,0,1,1,0,1223223,3368,8230,11673,21071,65535,6997,33468,46840,59867,35347,65535,7004
1686560147,0,1,1,0,1223223,3368,8228,11674,21080,65535,6995,33500,46865,59873,35352,65535,7006
1686560153,0,1,1,0,1223223,3369,8233,11675,21085,65535,7000,33493,46855,59844,35336,65535,7005
1686560159,0,1,1,0,1223223,3370,8235,11674,21082,65535,6996,33470,46866,59876,35354,65535,7009
1686560165,0,1,1,0,1223223,3371,8231,11676,21084,65535,6996,33501,46864,59873,35351,65535,7007
1686560171,0,1,1,0,1223223,3371,8235,11667,21084,65535,6994,33473,46840,59875,35353,65535,7008
1686560177,0,1,1,0,1223223,3370,8233,11664,21071,65535,6996,33479,46853,59875,35353,65535,7007
1686560183,0,1,1,0,1223223,3372,8236,11669,21081,65535,6997,33495,46871,59876,35354,65535,7006
1686560189,0,1,1,0,1223223,3369,8233,11672,21086,65535,6999,33490,46846,59840,35348,65535,7004
1686560195,0,1,1,0,1223223,3371,8233,11670,21073,65535,6998,33487,46857,59869,35349,65535,7008
1686560201,0,1,1,0,1223223,3371,8233,11665,21085,65535,6996,33492,46861,59854,35354,65535,7009
1686560207,0,1,1,0,1223223,3369,8230,11670,21078,65535,6993,33482,46840,59819,35323,65535,7005
1686560213,0,1,1,0,1223223,3368,8236,11664,21079,65535,6998,33469,46855,59832,35336,65535,7008
1686560219,0,1,1,0,1223223,3372,8234,11666,21087,65535,7000,33476,46849,59827,35349,65535,7010
1686560225,0,1,1,0,1223223,3371,8236,11674,21088,65535,6996,33495,46851,59838,35342,65535,7006
1686560231,0,1,1,0,1223223,3371,8236,11676,21087,65535,6996,33479,46860,59867,35358,65535,7008
1686560237,0,1,1,0,1223223,3371,8237,11682,21085,65535,6998,33485,46862,59868,35354,65535,7002
1686560243,0,1,1,0,1223223,3371,8237,11674,21085,65535,6998,33485,46867,59860,35351,65535,7008
1686560249,0,1,1,0,1223223,3373,8237,11674,21089,65535,6998,33512,46869,59878,35362,65535,7005
1686560255,0,1,1,0,1223223,3370,8238,11675,21088,65535,6998,33503,46852,59858,35354,65535,7010
1686560261,0,1,1,0,1223223,3369,8232,11667,21084,65535,6994,33469,46837,59834,35348,65535,7007
1686560267,0,1,1,0,1223223,3370,8230,11668,21081,65535,6994,33471,46829,59847,35348,65535,7004
1686560273,0,1,1,0,1223223,3370,8235,11672,21087,65535,6998,33475,46846,59839,35333,65535,7004
1686560279,0,1,1,0,1223223,3369,8233,11674,21084,65535,6998,33474,46855,59880,35352,65535,7008
1686560285,0,1,1,0,1223223,3370,8235,11675,21088,65535,6998,33488,46859,59861,35362,65535,7007
1686560291,0,1,1,0,1223223,3370,8228,11667,21080,65535,6994,33493,46857,59855,35347,65535,7002
1686560297,0,1,1,0,1223223,3371,8235,11672,21085,65535,6999,33498,46855,59847,35335,65535,7009
1686560303,0,1,1,0,1223223,3371,8234,11675,21087,65535,7000,33512,46869,59863,35348,65535,7010
1686560309,0,1,1,0,1223223,3370,8233,11670,21086,65535,6996,33484,46868,59871,35360,65535,7010
1686560315,0,1,1,0,1223223,3370,8234,11674,21072,65535,6996,33487,46863,59876,35344,65535,7008
1686560321,0,1,1,0,1223223,3369,8234,11673,21074,65535,6997,33468,46853,59864,35354,65535,7008
1686560327,0,1,1,0,1223223,3371,8235,11673,21088,65535,6998,33472,46858,59848,35355,65535,7004
1686560333,0,1,1,0,1223223,3370,8236,11680,21093,65535,6998,33486,46875,59858,35361,65535,7004
1686560339,0,1,1,0,1223223,3373,8234,11673,21091,65535,7000,33488,46855,59893,35351,65535,7006
1686560345,0,1,1,0,1223223,3368,8234,11675,21093,65535,7000,33492,46837,59871,35340,65535,7004
1686560351,0,1,1,0,1223223,3373,8242,11671,21092,65535,7000,33501,46877,59884,35350,65535,7008
1686560357,0,1,1,0,1223223,3370,8233,11677,21089,65535,6998,33496,46880,59886,35354,65535,7008
1686560363,0,1,1,0,1223223,3372,8235,11678,21077,65535,6998,33487,46866,59852,35359,65535,7008
1686560369,0,1,1,0,1223223,3370,8236,11669,21076,65535,6996,33488,46854,59876,35355,65535,7008
1686560375,0,1,1,0,1223223,3369,8235,11671,21084,65535,6996,33461,46853,59865,35347,65535,7004
1686560381,0,1,1,0,1223223,3369,8231,11667,21080,65535,6998,33489,46836,59849,35349,65535,7003
1686560387,0,1,1,0,1223223,3371,8233,11669,21079,65535,6994,33483,46851,59834,35347,65535,7003
1686560393,0,1,1,0,1223223,3370,8229,11669,21085,65535,6996,33463,46828,59858,35342,65535,7004
1686560399,0,1,1,0,1223223,3368,8231,11665,21071,65535,6994,33473,46851,59873,35338,65535,7005
