Timestamp,Amber,White,On,Override,Intensity,AS00,AS01,AS02,AS03,AS04,AS05,AS06,AS07,AS08,AS09,AS10,AS11
1686535205,0,1,0,0,1,19,26,39,52,494,370,63,63,80,85,483,364
1686535211,0,1,0,0,1,19,24,36,49,468,356,60,60,75,81,466,356
1686535217,0,1,0,0,1,19,24,36,49,463,354,60,60,76,81,465,354
1686535223,0,1,0,0,1,20,26,38,51,491,370,64,63,81,88,491,370
1686535229,0,1,0,0,1,18,23,34,46,448,348,57,57,71,77,450,348
1686535235,0,1,0,0,1,18,25,36,48,457,350,59,59,74,80,458,350
1686535241,0,1,0,0,1,19,24,35,48,456,348,58,58,73,78,453,348
1686535247,0,1,0,0,1,19,24,37,49,469,356,60,60,76,81,465,354
1686535253,0,1,0,0,1,20,25,38,51,482,364,63,62,79,86,482,364
1686535259,0,1,0,0,1,19,24,38,50,475,360,62,62,78,84,476,362
1686535265,0,1,0,0,1,19,24,36,49,462,352,60,59,75,80,460,350
1686535271,0,1,0,0,1,19,24,36,49,471,360,61,62,77,83,472,360
1686535277,0,1,0,0,1,19,24,37,49,473,360,62,62,79,84,480,364
1686535283,0,1,0,0,1,19,24,36,48,465,356,60,60,76,81,465,356
1686535289,0,1,0,0,1,19,23,35,47,449,344,57,56,71,76,444,342
1686535295,0,1,0,0,1,17,23,34,45,434,336,55,54,68,73,432,336
1686535301,0,1,0,0,1,19,25,37,49,471,358,59,58,74,79,454,348
1686535307,0,1,0,0,0,17,22,33,43,421,334,52,52,64,69,415,330
1686535313,0,1,0,0,1,18,22,33,45,430,336,56,55,69,75,438,340
1686535319,0,1,0,0,1,18,24,35,46,446,344,57,56,71,76,445,344
1686535325,0,1,0,0,1,19,23,35,47,449,346,58,58,73,78,454,348
1686535331,0,1,0,0,1,17,22,33,44,426,332,54,53,67,71,426,332
1686535337,0,1,0,0,1,17,22,33,43,419,330,51,50,63,67,407,324
1686535343,0,1,0,0,0,16,20,30,41,397,318,48,47,58,62,389,314
1686535349,0,1,0,0,0,16,20,29,39,384,310,50,49,60,64,397,316
1686535355,0,1,0,0,0,15,20,29,39,381,310,48,48,59,63,390,314
1686535361,0,1,0,0,0,16,20,29,39,385,310,51,50,62,66,405,320
1686535367,0,1,0,0,0,16,20,29,40,390,314,48,46,58,62,388,314
1686535373,0,1,0,0,0,16,21,30,40,396,316,48,47,58,63,390,314
1686535379,0,1,0,0,0,17,22,32,43,420,332,52,51,64,68,413,328
1686535385,0,1,0,0,0,16,20,29,39,386,310,49,48,60,64,393,314
1686535391,0,1,0,0,1,18,22,34,45,434,338,55,54,68,73,433,340
1686535397,0,1,0,0,0,16,21,31,41,403,320,51,50,62,67,407,322
1686535403,0,1,0,0,0,17,21,32,42,412,324,54,52,65,71,422,330
1686535409,0,1,0,0,0,16,21,31,42,405,322,50,49,60,65,399,318
1686535415,0,1,0,0,0,16,20,29,40,386,308,47,46,57,61,383,308
1686535421,0,1,0,0,0,17,21,32,42,413,326,55,54,68,73,431,336
1686535427,0,1,0,0,1,18,22,34,44,433,338,54,54,67,73,428,334
1686535433,0,1,0,0,0,16,20,30,39,389,312,48,47,58,61,384,310
1686535439,0,1,0,0,0,16,20,29,39,382,308,50,48,60,64,395,316
1686535445,0,1,0,0,0,17,21,31,42,411,324,52,51,63,68,411,324
1686535451,0,1,0,0,0,16,21,31,41,401,320,50,48,60,64,394,316
1686535457,0,1,0,0,0,15,20,29,38,381,308,47,46,57,60,380,306
1686535463,0,1,0,0,0,16,20,30,41,396,316,50,50,62,66,402,320
1686535469,0,1,0,0,0,15,20,29,38,375,304,47,46,55,59,376,304
1686535475,0,1,0,0,0,15,19,28,37,373,302,46,45,55,60,376,304
1686535481,0,1,0,0,0,17,21,31,41,405,322,50,49,61,66,401,320
1686535487,0,1,0,0,0,15,19,29,38,376,304,46,45,55,60,377,306
1686535493,0,1,0,0,0,16,21,31,41,407,324,51,49,62,66,403,320
1686535499,0,1,0,0,0,15,20,29,38,377,304,46,45,55,58,372,302
1686535505,0,1,0,0,0,15,19,28,38,371,300,46,45,54,58,370,300
1686535511,0,1,0,0,0,15,19,29,38,375,302,47,45,56,59,376,304
1686535517,0,1,0,0,0,15,19,28,38,371,298,46,44,54,58,369,300
1686535523,0,1,0,0,0,15,21,29,38,377,302,46,45,56,59,376,304
1686535529,0,1,0,0,0,15,19,29,38,371,300,46,45,54,58,370,300
1686535535,0,1,0,0,0,16,20,30,40,389,310,49,48,59,63,389,310
1686535541,0,1,0,0,0,15,19,28,38,371,300,46,45,55,59,373,302
1686535547,0,1,0,0,0,15,18,27,37,365,296,45,43,53,57,364,296
1686535553,0,1,0,0,0,16,20,30,40,393,314,47,46,57,61,380,306
1686535559,0,1,0,0,0,16,20,30,39,384,308,48,47,57,61,381,306
1686535565,0,1,0,0,0,16,19,29,38,376,304,47,46,57,61,380,304
1686535571,0,1,0,0,0,16,20,30,40,393,314,49,48,60,64,392,312
1686535577,0,1,0,0,0,15,19,28,37,369,300,46,44,55,58,370,300
1686535583,0,1,0,0,0,16,19,30,39,382,306,47,47,58,63,387,308
1686535589,0,1,0,0,0,15,18,27,37,363,296,45,43,53,56,362,296
1686535595,0,1,0,0,0,16,20,30,39,383,306,48,47,58,63,387,310
1686535601,0,1,0,0,0,16,21,31,40,398,318,51,50,62,68,405,322
1686535607,0,1,0,0,0,16,20,31,41,397,314,49,48,60,65,393,312
1686535613,0,1,0,0,0,15,19,28,37,368,298,45,45,53,57,365,296
1686535619,0,1,0,0,0,15,19,28,37,365,296,45,44,54,57,366,296
1686535625,0,1,0,0,0,15,18,27,36,361,294,44,43,52,56,361,294
1686535631,0,1,0,0,0,16,20,30,40,390,312,49,48,59,64,390,310
1686535637,0,1,0,0,0,15,19,28,36,361,294,45,43,53,57,362,294
1686535643,0,1,0,0,0,16,20,29,39,380,306,46,44,55,59,370,298
1686535649,0,1,0,0,0,15,19,28,38,373,300,46,45,55,60,373,300
1686535655,0,1,0,0,0,15,20,29,39,378,304,47,45,56,61,378,302
1686535661,0,1,0,0,0,15,19,29,38,373,300,45,44,54,57,364,294
1686535667,0,1,0,0,0,15,18,28,37,362,292,45,43,53,57,361,292
1686535673,0,1,0,0,0,15,18,28,36,361,292,44,43,52,56,359,292
1686535679,0,1,0,0,0,15,19,27,36,356,290,44,43,53,56,359,290
1686535685,0,1,0,0,0,15,19,28,37,365,296,45,43,53,57,364,296
1686535691,0,1,0,0,0,14,18,26,35,351,288,43,42,50,53,351,288
1686535697,0,1,0,0,0,14,18,27,37,359,294,43,42,52,55,357,292
1686535703,0,1,0,0,0,15,18,26,35,354,290,43,42,51,54,354,290
1686535709,0,1,0,0,0,16,19,29,38,375,300,45,44,54,58,367,296
1686535715,0,1,0,0,0,15,20,29,38,380,304,47,47,58,62,383,306
1686535721,0,1,0,0,0,16,21,30,41,396,312,48,47,58,63,387,308
1686535727,0,1,0,0,0,15,19,29,39,381,306,47,45,57,61,379,304
1686535733,0,1,0,0,0,16,20,30,39,383,308,47,46,57,62,384,308
1686535739,0,1,0,0,0,15,19,28,37,366,298,45,45,54,58,368,298
1686535745,0,1,0,0,0,15,19,29,38,378,304,45,43,53,57,364,296
1686535751,0,1,0,0,0,14,18,27,36,358,292,44,42,52,55,359,292
1686535757,0,1,0,0,0,14,18,27,36,352,288,43,42,50,55,354,290
1686535763,0,1,0,0,0,15,19,29,38,377,304,46,45,55,59,372,300
1686535769,0,1,0,0,0,14,18,27,35,350,288,42,40,49,52,347,286
1686535775,0,1,0,0,0,14,18,26,35,346,284,42,41,50,53,347,286
1686535781,0,1,0,0,0,14,18,26,35,352,288,43,42,51,55,355,290
1686535787,0,1,0,0,0,15,19,27,37,362,296,45,43,53,57,365,296
1686535793,0,1,0,0,0,16,19,29,38,378,304,46,45,56,60,374,302
1686535799,0,1,0,0,0,16,19,29,38,375,302,46,44,55,59,371,300
1686535805,0,1,0,0,0,15,19,28,38,372,302,46,45,56,60,375,302
1686535811,0,1,0,0,0,15,19,29,39,380,306,46,45,56,60,377,304
1686535817,0,1,0,0,0,14,17,27,35,351,288,42,41,49,53,348,286
1686535823,0,1,0,0,0,15,18,28,37,366,296,46,45,55,60,376,304
1686535829,0,1,0,0,0,15,19,29,38,377,304,47,45,56,61,380,306
1686535835,0,1,0,0,0,15,19,28,37,366,296,45,45,54,59,371,298
1686535841,0,1,0,0,0,14,19,27,36,356,290,43,42,52,55,356,290
1686535847,0,1,0,0,0,15,20,29,38,374,302,47,46,57,61,378,304
1686535853,0,1,0,0,0,14,18,26,34,342,282,42,40,48,52,345,284
1686535859,0,1,0,0,0,15,19,29,37,371,300,46,45,55,60,373,302
1686535865,0,1,0,0,0,15,19,29,38,377,304,46,45,56,60,376,302
1686535871,0,1,0,0,0,15,19,28,37,365,296,44,43,53,57,362,294
1686535877,0,1,0,0,0,14,19,28,37,362,292,45,44,54,58,367,296
1686535883,0,1,0,0,0,14,17,25,34,337,278,41,40,47,50,337,278
1686535889,0,1,0,0,0,14,18,27,36,358,290,44,42,52,56,357,290
1686535895,0,1,0,0,0,15,18,27,36,358,292,43,41,51,54,354,288
1686535901,0,1,0,0,0,14,18,26,35,349,286,42,41,50,54,350,286
1686535907,0,1,0,0,0,14,17,26,35,343,282,41,40,48,52,343,282
1686535913,0,1,0,0,0,15,20,29,38,380,304,46,45,56,61,377,304
1686535919,0,1,0,0,0,15,20,30,39,382,306,47,46,57,62,380,304
1686535925,0,1,0,0,0,14,18,27,36,354,288,44,43,53,57,361,292
1686535931,0,1,0,0,0,15,19,28,37,364,294,45,43,54,58,365,294
1686535937,0,1,0,0,0,15,19,29,38,372,300,44,43,53,56,359,292
1686535943,0,1,0,0,0,14,18,27,36,356,288,43,42,51,55,355,290
1686535949,0,1,0,0,0,14,17,25,33,334,276,40,39,47,50,335,276
1686535955,0,1,0,0,0,14,17,26,34,342,280,41,39,48,52,340,280
1686535961,0,1,0,0,0,14,17,26,35,344,282,42,40,49,52,344,282
1686535967,0,1,0,0,0,14,18,26,35,347,282,42,40,49,52,341,280
1686535973,0,1,0,0,0,14,19,26,34,341,278,41,40,49,52,341,278
1686535979,0,1,0,0,0,14,18,27,36,354,288,45,43,54,58,366,296
1686535985,0,1,0,0,0,14,17,26,34,338,280,40,38,47,49,334,278
1686535991,0,1,0,0,0,14,18,25,34,339,280,41,40,48,51,341,280
1686535997,0,1,0,0,0,15,18,27,36,361,292,43,42,51,55,354,288
1686536003,0,1,0,0,0,13,17,25,34,337,276,41,40,49,52,341,278
1686536009,0,1,0,0,0,14,17,25,34,339,280,41,39,47,51,339,278
1686536015,0,1,0,0,0,14,18,27,35,352,286,42,41,51,54,351,286
1686536021,0,1,0,0,0,14,18,27,36,364,294,45,44,53,58,366,296
1686536027,0,1,0,0,0,15,19,28,38,373,300,45,45,55,59,371,298
1686536033,0,1,0,0,0,13,17,25,34,336,276,40,39,48,50,336,278
1686536039,0,1,0,0,0,14,18,26,35,346,282,43,43,51,55,354,288
1686536045,0,1,0,0,0,14,17,25,34,339,280,41,39,48,51,339,280
1686536051,0,1,0,0,0,13,17,25,33,337,278,40,39,47,51,336,278
1686536057,0,1,0,0,0,14,17,27,34,342,280,41,39,48,51,340,280
1686536063,0,1,0,0,0,13,17,26,34,335,276,40,39,47,50,335,276
1686536069,0,1,0,0,0,14,17,26,34,343,280,41,40,49,52,343,280
1686536075,0,1,0,0,0,15,19,28,37,370,296,46,44,55,59,371,298
1686536081,0,1,0,0,0,14,17,26,34,344,280,42,40,49,52,345,282
1686536087,0,1,0,0,0,14,18,26,34,343,282,41,40,49,52,344,282
1686536093,0,1,0,0,0,14,18,27,35,350,286,42,41,50,54,350,286
1686536099,0,1,0,0,0,14,17,25,34,342,280,42,40,49,52,345,282
1686536105,0,1,0,0,0,14,18,25,33,336,276,40,39,47,50,336,276
1686536111,0,1,0,0,0,14,17,25,33,334,276,40,38,46,50,333,274
1686536117,0,1,0,0,0,14,17,26,34,344,282,42,41,50,55,351,286
1686536123,0,1,0,0,0,14,18,27,36,356,288,41,40,50,53,347,282
1686536129,0,1,0,0,0,14,17,26,34,343,280,41,40,48,51,343,280
1686536135,0,1,0,0,0,15,19,27,36,359,290,44,43,53,57,363,292
1686536141,0,1,0,0,0,15,19,27,37,366,294,45,43,53,57,364,294
1686536147,0,1,0,0,0,14,17,26,35,347,282,42,41,50,54,348,284
1686536153,0,1,0,0,0,14,17,26,35,344,280,42,41,50,53,349,284
1686536159,0,1,0,0,0,15,19,28,36,363,292,43,42,52,56,359,290
1686536165,0,1,0,0,0,14,18,27,35,347,280,43,42,51,55,355,286
1686536171,0,1,0,0,0,14,17,27,35,346,280,42,41,50,53,347,282
1686536177,0,1,0,0,0,14,18,26,36,351,286,42,41,49,53,347,282
1686536183,0,1,0,0,0,13,17,24,33,329,272,40,38,46,50,334,274
1686536189,0,1,0,0,0,13,17,26,33,334,274,41,40,49,52,340,278
1686536195,0,1,0,0,0,14,18,27,37,363,294,43,42,52,57,359,290
1686536201,0,1,0,0,0,14,17,26,35,341,278,41,40,50,53,344,280
1686536207,0,1,0,0,0,14,18,26,35,350,282,42,41,50,54,351,284
1686536213,0,1,0,0,0,14,18,27,34,347,280,42,41,50,54,348,282
1686536219,0,1,0,0,0,13,17,25,34,336,274,41,39,48,52,338,274
1686536225,0,1,0,0,0,14,18,26,35,348,282,42,40,49,53,344,278
1686536231,0,1,0,0,0,14,18,26,35,343,278,42,40,49,53,344,278
1686536237,0,1,0,0,0,14,18,26,35,345,280,42,40,50,53,343,278
1686536243,0,1,0,0,0,14,18,26,35,350,282,43,42,51,55,350,282
1686536249,0,1,0,0,0,14,17,26,34,336,272,41,39,48,51,337,274
1686536255,0,1,0,0,0,13,17,25,33,328,268,39,38,46,49,328,268
1686536261,0,1,0,0,0,14,18,25,33,332,270,40,39,48,51,334,272
1686536267,0,1,0,0,0,14,17,25,34,331,270,40,39,47,50,332,270
1686536273,0,1,0,0,0,13,16,25,33,326,266,39,38,46,49,325,266
1686536279,0,1,0,0,0,13,16,25,32,325,266,39,38,46,49,326,266
1686536285,0,1,0,0,0,13,17,26,34,335,270,40,39,48,51,333,270
1686536291,0,1,0,0,0,13,17,25,32,323,262,38,37,45,48,322,264
1686536297,0,1,0,0,0,13,17,25,33,330,266,40,39,48,51,332,268
1686536303,0,1,0,0,0,13,17,25,33,328,266,40,38,47,50,330,268
1686536309,0,1,0,0,0,13,17,25,33,334,270,40,39,47,52,333,268
1686536315,0,1,0,0,0,13,17,25,33,329,266,40,39,48,51,330,266
1686536321,0,1,0,0,0,13,16,24,32,320,260,39,37,45,48,319,260
1686536327,0,1,0,0,0,13,16,24,32,318,260,39,37,46,49,321,262
1686536333,0,1,0,0,0,14,18,26,35,346,276,42,41,51,55,347,276
1686536339,0,1,0,0,0,13,17,24,32,324,262,39,38,46,49,325,264
1686536345,0,1,0,0,0,13,17,25,33,328,264,41,39,47,50,330,266
1686536351,0,1,0,0,0,13,16,25,33,326,264,39,38,46,50,327,264
1686536357,0,1,0,0,0,13,17,25,33,331,266,40,40,48,52,331,266
1686536363,0,1,0,0,0,13,16,25,33,324,262,39,38,46,50,323,260
1686536369,0,1,0,0,0,13,17,25,33,331,266,40,38,48,51,329,264
1686536375,0,1,0,0,0,12,16,25,33,323,260,39,38,47,50,323,260
1686536381,0,1,0,0,0,14,17,26,35,341,270,41,39,49,52,334,268
1686536387,0,1,0,0,0,13,17,25,33,331,264,40,38,47,50,325,262
1686536393,0,1,0,0,0,13,17,25,33,329,264,40,39,47,51,329,264
1686536399,0,1,0,0,0,13,17,24,32,325,262,40,39,47,51,327,264
1686536405,0,1,0,0,0,13,17,25,34,334,266,41,40,49,53,333,266
1686536411,0,1,0,0,0,13,17,25,33,329,264,40,39,48,51,330,264
1686536417,0,1,0,0,0,13,18,26,34,336,266,40,39,48,52,333,266
1686536423,0,1,0,0,0,13,16,25,33,328,262,40,38,47,51,328,262
1686536429,0,1,0,0,0,13,17,27,35,348,272,42,41,52,56,347,272
1686536435,0,1,0,0,0,13,16,25,32,326,262,39,38,46,49,320,258
1686536441,0,1,0,0,0,13,17,24,33,328,262,39,38,47,50,326,262
1686536447,0,1,0,0,0,13,17,25,33,333,266,41,40,49,52,334,266
1686536453,0,1,0,0,0,13,16,24,32,320,258,39,37,46,49,320,258
1686536459,0,1,0,0,0,13,16,24,31,316,254,38,37,45,48,315,254
1686536465,0,1,0,0,0,13,17,25,33,330,264,41,40,49,53,334,264
1686536471,0,1,0,0,0,13,16,24,33,327,262,40,38,47,50,324,260
1686536477,0,1,0,0,0,14,17,25,34,333,264,41,40,49,53,335,266
1686536483,0,1,0,0,0,13,17,24,33,328,262,40,39,48,51,328,262
1686536489,0,1,0,0,0,13,17,25,34,331,262,40,39,48,52,328,262
1686536495,0,1,0,0,0,13,16,24,32,319,256,39,39,47,50,324,258
1686536501,0,1,0,0,0,12,16,24,33,323,258,40,39,48,51,327,260
1686536507,0,1,0,0,0,14,18,26,35,345,270,43,43,54,58,352,276
1686536513,0,1,0,0,0,13,17,25,34,334,264,40,38,47,51,327,260
1686536519,0,1,0,0,0,13,16,24,32,315,254,38,37,45,49,316,254
1686536525,0,1,0,0,0,12,15,24,31,312,252,38,36,44,48,313,252
1686536531,0,1,0,0,0,13,16,25,34,328,260,41,40,48,52,333,264
1686536537,0,1,0,0,0,14,18,26,36,353,274,43,42,53,56,348,272
1686536543,0,1,0,0,0,14,17,26,35,345,270,43,43,54,58,351,272
1686536549,0,1,0,0,0,13,17,25,34,338,266,41,40,49,54,334,264
1686536555,0,1,0,0,0,13,16,25,32,318,256,39,37,46,49,320,256
1686536561,0,1,0,0,0,13,17,25,33,332,262,41,40,49,53,331,262
1686536567,0,1,0,0,0,14,17,26,35,342,268,43,42,52,56,347,272
1686536573,0,1,0,0,0,14,17,25,34,334,262,42,41,51,54,338,266
1686536579,0,1,0,0,0,13,16,24,32,321,256,39,38,46,50,321,256
1686536585,0,1,0,0,0,13,16,25,32,316,254,39,37,45,49,317,254
1686536591,0,1,0,0,0,12,16,24,31,312,250,37,36,43,46,308,248
1686536597,0,1,0,0,0,12,16,24,31,309,248,38,36,44,47,309,250
1686536603,0,1,0,0,0,12,16,23,31,309,248,38,36,44,47,308,248
1686536609,0,1,0,0,0,13,17,25,34,333,262,42,41,52,55,343,268
1686536615,0,1,0,0,0,13,17,25,34,333,262,42,42,52,56,345,268
1686536621,0,1,0,0,0,12,16,26,33,328,258,38,37,46,49,316,252
1686536627,0,1,0,0,0,14,17,26,35,345,268,42,41,51,55,341,266
1686536633,0,1,0,0,0,14,17,27,35,343,266,41,40,49,53,334,262
1686536639,0,1,0,0,0,13,17,26,34,334,264,40,39,48,51,326,258
1686536645,0,1,0,0,0,13,16,25,32,321,254,40,39,48,52,327,258
1686536651,0,1,0,0,0,13,17,25,34,332,260,40,39,49,51,327,258
1686536657,0,1,0,0,0,13,16,25,33,327,258,42,41,51,55,337,264
1686536663,0,1,0,0,0,13,16,24,32,313,250,39,38,46,50,318,252
1686536669,0,1,0,0,0,13,17,25,34,330,260,38,37,46,49,318,254
1686536675,0,1,0,0,0,13,16,24,31,312,248,39,37,46,48,314,250
1686536681,0,1,0,0,0,12,17,25,31,308,246,38,36,45,48,310,246
1686536687,0,1,0,0,0,12,16,23,31,303,242,37,36,43,46,303,242
1686536693,0,1,0,0,0,12,15,24,31,306,242,38,36,44,47,306,242
1686536699,0,1,0,0,0,12,17,24,32,313,250,38,37,45,48,313,250
1686536705,0,1,0,0,0,12,15,24,31,309,246,38,36,44,47,309,246
1686536711,0,1,0,0,0,13,16,25,32,317,250,40,39,47,51,323,254
1686536717,0,1,0,0,0,12,16,24,31,311,248,39,37,46,48,315,250
1686536723,0,1,0,0,0,12,16,24,32,317,250,39,38,47,50,321,252
1686536729,0,1,0,0,0,13,16,24,32,316,250,40,38,47,51,322,254
1686536735,0,1,0,0,0,12,15,24,31,303,242,37,36,43,46,304,242
1686536741,0,1,0,0,0,12,16,24,32,315,248,39,38,47,51,319,250
1686536747,0,1,0,0,0,13,17,26,34,333,258,41,40,50,54,330,258
1686536753,0,1,0,0,0,12,16,25,34,321,250,40,38,47,50,318,250
1686536759,0,1,0,0,0,13,16,25,33,322,252,39,39,47,50,318,249
1686536765,0,1,0,0,0,13,16,25,33,323,254,40,39,49,52,325,252
1686536771,0,1,0,0,0,12,16,24,32,317,248,40,39,48,51,322,252
1686536777,0,1,0,0,0,13,16,24,32,308,242,38,36,44,48,303,240
1686536783,0,1,0,0,0,12,15,23,31,308,242,37,36,44,47,306,242
1686536789,0,1,0,0,0,12,16,24,32,309,246,38,37,45,48,311,246
1686536795,0,1,0,0,0,12,16,23,32,310,244,38,37,44,48,308,244
1686536801,0,1,0,0,0,12,16,23,31,305,242,38,36,44,48,305,242
1686536807,0,1,0,0,0,12,15,24,31,304,240,38,36,45,48,308,244
1686536813,0,1,0,0,0,12,15,23,31,308,242,37,36,44,47,305,240
1686536819,0,1,0,0,0,13,16,24,32,316,246,39,37,46,50,311,244
1686536825,0,1,0,0,0,13,17,27,36,337,258,43,42,53,57,340,258
1686536831,0,1,0,0,0,13,17,25,34,326,252,40,39,48,53,323,250
1686536837,0,1,0,0,0,12,15,23,31,306,240,38,36,44,47,304,240
1686536843,0,1,0,0,0,12,16,24,32,308,240,37,36,45,48,306,240
1686536849,0,1,0,0,0,12,15,24,31,303,240,37,36,44,47,303,238
1686536855,0,1,0,0,0,12,16,24,32,309,242,38,37,46,48,309,242
1686536861,0,1,0,0,0,13,16,25,34,323,248,44,43,55,59,346,260
1686536867,0,1,0,0,0,12,16,24,31,309,242,39,37,46,50,311,242
1686536873,0,1,0,0,0,12,15,23,30,299,236,37,35,44,46,301,238
1686536879,0,1,0,0,0,12,15,23,31,300,236,36,35,43,45,298,236
1686536885,0,1,0,0,0,12,15,23,31,302,236,37,36,44,46,300,236
1686536891,0,1,0,0,0,12,16,24,32,314,242,39,37,47,50,309,240
1686536897,0,1,0,0,0,11,15,23,31,301,236,38,36,44,47,301,236
1686536903,0,1,0,0,0,13,18,26,35,333,252,43,42,53,57,339,254
1686536909,0,1,0,0,0,12,15,23,31,303,236,38,36,44,48,303,236
1686536915,0,1,0,0,0,12,15,23,31,298,232,37,36,44,47,300,234
1686536921,0,1,0,0,0,11,15,23,30,297,234,37,35,43,47,299,234
1686536927,0,1,0,0,0,13,16,26,34,326,248,41,40,51,54,327,248
1686536933,0,1,0,0,0,12,16,25,32,307,238,37,36,43,47,297,232
1686536939,0,1,0,0,0,12,15,24,32,307,236,40,39,49,52,319,242
1686536945,0,1,0,0,0,12,15,23,31,302,234,38,37,44,48,302,234
1686536951,0,1,0,0,0,12,16,24,33,311,238,38,36,45,48,303,236
1686536957,0,1,0,0,0,12,16,23,32,306,236,39,37,46,49,308,236
1686536963,0,1,0,0,0,12,16,24,32,306,236,40,39,49,52,319,244
1686536969,0,1,0,0,0,12,16,26,34,323,244,41,40,49,53,322,244
1686536975,0,1,0,0,0,12,16,24,32,312,238,38,36,45,49,304,236
1686536981,0,1,0,0,0,14,17,27,35,339,254,43,42,53,56,336,252
1686536987,0,1,0,0,0,12,15,24,32,303,234,37,36,45,48,301,232
1686536993,0,1,0,0,0,11,15,22,30,292,226,38,36,45,48,301,230
1686536999,0,1,0,0,0,12,16,24,33,308,234,39,38,47,51,311,236
1686537005,0,1,0,0,0,12,15,23,30,293,228,36,35,44,46,293,226
1686537011,0,1,0,0,0,11,14,22,30,290,226,37,35,43,47,294,226
1686537017,0,1,0,0,0,11,15,22,30,287,224,36,34,42,45,287,224
1686537023,0,1,0,0,0,11,14,22,30,284,222,35,33,41,44,284,222
1686537029,0,1,0,0,0,11,14,22,29,282,220,35,34,41,43,283,222
1686537035,0,1,0,0,0,12,15,23,31,297,228,37,36,44,48,297,228
1686537041,0,1,0,0,0,12,16,25,32,310,234,40,38,47,51,310,234
1686537047,0,1,0,0,0,12,15,23,31,298,228,38,36,45,48,299,228
1686537053,0,1,0,0,0,12,16,25,32,306,232,39,38,47,51,309,234
1686537059,0,1,0,0,0,12,15,24,31,298,226,38,36,45,48,300,228
1686537065,0,1,0,0,0,12,15,24,30,293,224,37,35,44,47,295,226
1686537071,0,1,0,0,0,11,15,22,30,291,226,37,35,44,47,295,226
1686537077,0,1,0,0,0,11,14,22,29,281,218,35,34,41,44,281,218
1686537083,0,1,0,0,0,11,15,23,30,290,224,36,34,42,45,289,224
1686537089,0,1,0,0,0,11,14,22,30,283,220,36,34,42,45,285,220
1686537095,0,1,0,0,0,12,15,24,32,304,230,38,37,46,50,303,228
1686537101,0,1,0,0,0,12,15,23,31,297,226,38,36,45,47,297,224
1686537107,0,1,0,0,0,11,15,23,31,293,224,38,36,44,48,296,224
1686537113,0,1,0,0,0,12,16,24,32,305,230,39,37,47,50,304,228
1686537119,0,1,0,0,0,12,15,24,32,302,230,39,37,47,51,306,230
1686537125,0,1,0,0,0,12,16,24,32,305,230,38,37,46,49,300,226
1686537131,0,1,0,0,0,12,15,23,32,302,228,38,36,45,48,298,224
1686537137,0,1,0,0,0,12,15,23,32,298,226,38,36,45,49,298,226
1686537143,0,1,0,0,0,11,14,22,30,286,218,36,34,42,44,284,218
1686537149,0,1,0,0,0,11,15,23,30,292,220,37,36,43,46,291,220
1686537155,0,1,0,0,0,11,14,22,30,285,218,35,34,42,45,284,216
1686537161,0,1,0,0,0,11,14,22,29,279,214,35,33,41,44,280,214
1686537167,0,1,0,0,0,11,15,22,30,289,220,36,35,44,47,289,218
1686537173,0,1,0,0,0,11,14,22,30,288,218,36,34,43,46,287,218
1686537179,0,1,0,0,0,12,15,24,31,299,224,38,36,46,49,299,224
1686537185,0,1,0,0,0,11,15,23,31,302,226,38,36,45,49,297,222
1686537191,0,1,0,0,0,12,16,24,33,305,226,40,38,48,51,307,228
1686537197,0,1,0,0,0,13,16,24,33,310,230,40,38,48,52,307,228
1686537203,0,1,0,0,0,12,16,24,32,306,226,40,38,48,52,308,226
1686537209,0,1,0,0,0,12,16,24,33,309,228,38,37,47,50,300,224
1686537215,0,1,0,0,0,11,14,22,29,281,214,35,34,42,44,278,212
1686537221,0,1,0,0,0,11,14,22,29,281,212,35,34,43,45,280,210
1686537227,0,1,0,0,0,12,16,25,34,309,226,40,38,49,52,305,224
1686537233,0,1,0,0,0,12,16,25,34,314,230,41,40,50,54,314,230
1686537239,0,1,0,0,0,11,15,23,31,289,216,37,36,45,48,293,220
1686537245,0,1,0,0,0,11,14,22,30,287,214,37,35,43,47,287,216
1686537251,0,1,0,0,0,11,14,22,30,283,214,36,35,43,46,285,214
1686537257,0,1,0,0,0,11,15,23,32,295,218,38,37,47,50,299,220
1686537263,0,1,0,0,0,12,15,24,32,303,224,38,37,47,50,298,220
1686537269,0,1,0,0,0,12,15,24,32,299,220,38,37,46,49,295,218
1686537275,0,1,0,0,0,12,16,26,34,315,228,43,42,52,57,323,232
1686537281,0,1,0,0,0,11,14,22,30,284,212,36,34,42,46,283,212
1686537287,0,1,0,0,0,11,14,22,30,278,210,36,34,42,45,279,210
1686537293,0,1,0,0,0,12,16,24,33,301,220,39,38,48,51,301,220
1686537299,0,1,0,0,0,11,15,23,31,295,222,38,36,45,49,296,222
1686537305,0,1,0,0,0,11,14,22,29,279,210,35,34,42,46,279,208
1686537311,0,1,0,0,0,11,14,22,29,281,210,37,35,43,47,282,210
1686537317,0,1,0,0,0,11,14,22,30,279,210,36,34,42,45,279,210
1686537323,0,1,0,0,0,11,14,22,29,276,208,35,33,42,45,276,208
1686537329,0,1,0,0,0,11,15,23,30,287,214,37,35,45,49,289,214
1686537335,0,1,0,0,0,11,15,23,31,286,212,37,36,45,48,287,212
1686537341,0,1,0,0,0,11,15,24,32,296,218,39,37,47,50,297,218
1686537347,0,1,0,0,0,12,16,25,34,308,224,40,39,49,53,306,220
1686537353,0,1,0,0,0,12,15,23,32,300,218,40,38,49,52,304,220
1686537359,0,1,0,0,0,12,16,25,34,319,230,42,41,52,57,321,230
1686537365,0,1,0,0,0,12,15,24,32,305,220,39,37,48,51,299,218
1686537371,0,1,0,0,0,10,14,22,29,277,206,36,34,43,45,277,206
1686537377,0,1,0,0,0,11,14,22,29,276,204,35,34,42,45,275,204
1686537383,0,1,0,0,0,11,14,23,30,286,210,37,35,43,47,283,210
1686537389,0,1,0,0,0,11,14,22,29,278,206,37,34,44,46,280,206
1686537395,0,1,0,0,0,10,14,22,29,277,206,36,33,43,46,275,204
1686537401,0,1,0,0,0,10,14,21,28,267,198,35,34,42,45,274,202
1686537407,0,1,0,0,0,11,15,24,32,297,216,39,38,48,52,298,216
1686537413,0,1,0,0,0,11,14,23,31,287,212,38,37,48,51,295,214
1686537419,0,1,0,0,0,11,15,23,31,287,208,38,36,46,49,287,210
1686537425,0,1,0,0,0,12,15,23,33,305,220,39,37,47,51,295,214
1686537431,0,1,0,0,0,11,14,22,29,277,204,36,34,42,46,277,204
1686537437,0,1,0,0,0,11,15,23,31,290,210,38,37,46,50,290,210
1686537443,0,1,0,0,0,11,15,24,31,289,210,39,37,47,51,294,212
1686537449,0,1,0,0,0,10,14,21,29,275,202,35,34,42,45,271,200
1686537455,0,1,0,0,0,12,16,25,34,308,218,40,39,49,54,301,214
1686537461,0,1,0,0,0,11,14,23,31,285,208,37,36,45,49,286,208
1686537467,0,1,0,0,0,12,16,25,34,312,222,40,38,49,53,302,216
1686537473,0,1,0,0,0,12,16,25,34,313,222,42,41,53,58,318,226
1686537479,0,1,0,0,0,11,14,23,32,293,212,37,36,46,49,289,210
1686537485,0,1,0,0,0,11,14,22,31,285,206,38,36,46,50,286,206
1686537491,0,1,0,0,0,12,15,23,32,295,212,40,39,49,54,301,214
1686537497,0,1,0,0,0,13,17,25,35,322,226,42,41,53,58,316,222
1686537503,0,1,0,0,0,12,16,25,34,314,222,42,41,53,58,318,226
1686537509,0,1,0,0,0,12,16,24,34,313,222,42,42,54,58,318,224
1686537515,0,1,0,0,0,13,16,26,36,324,228,45,44,57,62,336,234
1686537521,0,1,0,0,0,13,16,26,36,331,234,44,43,56,61,330,232
1686537527,0,1,0,0,0,11,15,23,31,290,208,37,35,45,49,283,204
1686537533,0,1,0,0,0,12,15,24,33,306,218,40,38,49,53,303,216
1686537539,0,1,0,0,0,11,14,22,29,275,200,36,34,43,46,274,200
1686537545,0,1,0,0,0,11,14,22,30,274,198,36,34,43,46,273,196
1686537551,0,1,0,0,0,11,14,22,30,274,198,35,34,43,47,274,200
1686537557,0,1,0,0,0,10,14,21,29,268,196,35,33,41,45,267,194
1686537563,0,1,0,0,0,11,14,22,29,274,198,35,34,42,46,273,198
1686537569,0,1,0,0,0,10,14,22,29,271,196,35,33,42,46,271,196
1686537575,0,1,0,0,0,11,15,23,32,294,208,40,38,49,54,300,212
1686537581,0,1,0,0,0,13,17,26,35,330,230,43,42,55,60,326,228
1686537587,0,1,0,0,0,13,16,25,35,317,220,43,43,55,61,325,228
1686537593,0,1,0,0,0,11,15,23,32,295,210,39,38,49,52,295,208
1686537599,0,1,0,0,0,11,16,24,32,300,212,43,42,54,59,320,222
1686537605,0,1,0,0,0,10,13,22,29,271,196,36,34,44,47,274,198
1686537611,0,1,0,0,0,10,15,23,31,286,204,38,36,47,51,289,206
1686537617,0,1,0,0,0,11,15,24,32,299,212,40,39,50,55,302,212
1686537623,0,1,0,0,0,11,14,22,30,282,202,37,35,46,50,285,204
1686537629,0,1,0,0,0,13,16,27,36,326,226,43,43,56,61,323,222
1686537635,0,1,0,0,0,11,14,23,32,287,202,39,38,49,53,293,204
1686537641,0,1,0,0,0,11,14,23,31,282,198,39,37,48,52,288,202
1686537647,0,1,0,0,0,10,13,21,29,269,192,36,34,44,48,272,194
1686537653,0,1,0,0,0,12,15,24,33,300,210,40,39,51,55,304,212
1686537659,0,1,0,0,0,13,16,26,36,322,224,42,41,53,59,315,222
1686537665,0,1,0,0,0,11,14,22,30,276,196,38,37,47,51,286,202
1686537671,0,1,0,0,0,11,14,23,31,284,200,36,35,45,49,279,198
1686537677,0,1,0,0,0,10,14,22,30,276,196,38,36,47,50,281,198
1686537683,0,1,0,0,0,12,16,25,33,309,214,42,42,54,59,316,218
1686537689,0,1,0,0,0,11,15,24,33,297,208,40,39,50,54,298,208
1686537695,0,1,0,0,0,11,14,22,30,279,198,37,37,48,51,284,200
1686537701,0,1,0,0,0,12,16,25,35,313,216,42,42,54,59,314,216
1686537707,0,1,0,0,0,13,18,28,38,345,236,45,45,59,66,336,230
1686537713,0,1,0,0,0,12,15,24,33,299,206,41,40,51,57,302,208
1686537719,0,1,0,0,0,11,14,23,30,280,198,38,36,47,52,286,200
1686537725,0,1,0,0,0,10,14,23,31,282,198,38,37,48,52,287,200
1686537731,0,1,0,0,0,11,14,22,31,281,196,38,36,47,52,286,200
1686537737,0,1,0,0,0,11,14,22,30,278,196,35,35,44,48,271,192
1686537743,0,1,0,0,0,10,13,21,28,259,184,34,32,41,44,259,184
1686537749,0,1,0,0,0,10,13,21,29,267,190,36,34,44,47,268,188
1686537755,0,1,0,0,0,10,14,22,30,283,198,36,34,44,47,268,190
1686537761,0,1,0,0,0,10,13,21,28,261,186,35,34,43,47,265,188
1686537767,0,1,0,0,0,12,15,24,33,300,206,44,43,57,63,325,222
1686537773,0,1,0,0,0,11,15,24,33,300,204,40,39,51,56,298,204
1686537779,0,1,0,0,0,11,16,25,34,301,204,42,41,54,59,305,208
1686537785,0,1,0,0,0,11,15,25,34,300,202,43,42,55,61,307,206
1686537791,0,1,0,0,0,10,13,21,28,261,184,34,33,42,46,261,184
1686537797,0,1,0,0,0,11,14,24,32,296,204,41,40,52,57,303,208
1686537803,0,1,0,0,0,9,13,21,29,266,186,37,36,46,51,278,192
1686537809,0,1,0,0,0,10,13,20,28,255,180,34,32,41,45,255,180
1686537815,0,1,0,0,0,9,12,20,27,246,176,33,31,39,43,250,178
1686537821,0,1,0,0,0,10,14,22,29,270,188,39,37,49,53,287,198
1686537827,0,1,0,0,0,11,15,24,33,296,202,42,42,54,60,306,206
1686537833,0,1,0,0,0,10,13,22,30,273,188,37,36,46,49,274,190
1686537839,0,1,0,0,0,9,13,20,27,243,172,32,30,38,42,242,172
1686537845,0,1,0,0,0,10,13,20,27,250,176,33,31,40,43,247,174
1686537851,0,1,0,0,0,9,12,19,26,241,172,32,30,38,41,240,170
1686537857,0,1,0,0,0,10,14,22,31,282,194,40,39,51,56,298,204
1686537863,0,1,0,0,0,10,15,23,31,279,190,39,38,50,53,282,192
1686537869,0,1,0,0,0,11,15,24,33,290,196,42,41,53,59,299,200
1686537875,0,1,0,0,0,12,16,25,33,296,200,40,39,51,56,290,196
1686537881,0,1,0,0,0,11,14,23,32,287,196,39,37,48,53,281,192
1686537887,0,1,0,0,0,10,13,21,29,262,182,34,33,43,46,258,180
1686537893,0,1,0,0,0,9,13,20,27,249,172,32,31,39,42,244,172
1686537899,0,1,0,0,0,10,14,22,30,270,186,36,34,44,49,265,182
1686537905,0,1,0,0,0,9,12,19,27,243,170,33,31,40,44,245,172
1686537911,0,1,0,0,0,10,13,21,29,259,176,37,35,46,50,267,180
1686537917,0,1,0,0,0,9,12,20,27,247,172,34,33,42,45,252,174
1686537923,0,1,0,0,0,9,12,19,26,243,170,34,32,41,45,251,174
1686537929,0,1,0,0,0,9,12,20,26,242,168,35,34,44,48,259,178
1686537935,0,1,0,0,0,9,12,19,27,242,170,32,30,39,42,241,170
1686537941,0,1,0,0,0,9,13,20,27,243,170,32,30,39,42,242,168
1686537947,0,1,0,0,0,9,13,21,29,254,172,36,35,45,49,259,174
1686537953,0,1,0,0,0,11,15,24,32,289,194,40,39,50,56,289,194
1686537959,0,1,0,0,0,10,13,21,29,257,174,35,34,44,48,256,174
1686537965,0,1,0,0,0,8,12,19,25,236,166,31,30,37,40,237,168
1686537971,0,1,0,0,0,9,12,19,26,241,168,32,31,39,43,242,170
1686537977,0,1,0,0,0,9,13,20,27,246,170,33,32,41,45,246,170
1686537983,0,1,0,0,0,9,12,19,27,241,166,32,30,39,42,238,166
1686537989,0,1,0,0,0,10,13,21,30,265,178,35,33,44,48,256,174
1686537995,0,1,0,0,0,9,12,20,27,242,166,33,32,40,45,246,168
1686538001,0,1,0,0,0,9,12,20,28,249,170,34,32,42,46,249,170
1686538007,0,1,0,0,0,9,12,20,27,246,170,33,32,41,44,245,168
1686538013,0,1,0,0,0,8,12,20,26,239,164,32,29,37,41,236,162
1686538019,0,1,0,0,0,10,13,21,30,262,174,37,36,47,52,268,180
1686538025,0,1,0,0,0,9,12,20,28,250,170,35,34,44,48,259,176
1686538031,0,1,0,0,0,9,13,21,29,259,176,38,37,49,54,273,182
1686538037,0,1,0,0,0,9,13,20,28,251,170,34,33,43,47,253,172
1686538043,0,1,0,0,0,10,13,21,29,259,174,35,34,45,49,262,176
1686538049,0,1,0,0,0,9,13,20,28,245,166,34,32,42,46,249,168
1686538055,0,1,0,0,0,9,12,19,26,238,162,33,31,40,43,242,164
1686538061,0,1,0,0,0,9,12,20,27,243,166,33,31,40,43,243,164
1686538067,0,1,0,0,0,9,12,20,26,237,162,32,31,39,43,238,164
1686538073,0,1,0,0,0,9,12,19,26,239,164,32,30,38,42,234,162
1686538079,0,1,0,0,0,8,11,18,25,223,156,30,28,35,38,223,154
1686538085,0,1,0,0,0,8,12,19,25,227,156,31,29,37,40,228,156
1686538091,0,1,0,0,0,8,11,19,25,227,156,30,28,35,39,224,154
1686538097,0,1,0,0,0,9,12,19,27,238,162,32,31,40,43,240,164
1686538103,0,1,0,0,0,9,12,20,27,247,168,33,32,41,45,249,170
1686538109,0,1,0,0,0,10,13,21,29,251,166,34,32,42,46,245,164
1686538115,0,1,0,0,0,9,12,19,25,231,158,30,29,37,40,231,158
1686538121,0,1,0,0,0,8,12,18,25,230,158,31,29,37,40,229,158
1686538127,0,1,0,0,0,8,11,18,24,222,152,30,29,37,41,226,154
1686538133,0,1,0,0,0,9,12,20,27,241,164,32,31,40,44,241,164
1686538139,0,1,0,0,0,9,12,20,28,244,164,32,31,40,44,240,162
1686538145,0,1,0,0,0,10,13,21,29,260,174,35,34,44,48,258,172
1686538151,0,1,0,0,0,9,12,19,26,233,158,32,30,39,43,236,160
1686538157,0,1,0,0,0,8,11,19,25,228,156,30,28,37,39,225,154
1686538163,0,1,0,0,0,8,12,19,26,232,158,33,32,41,45,240,160
1686538169,0,1,0,0,0,8,11,19,25,226,152,31,29,37,41,228,154
1686538175,0,1,0,0,0,9,12,20,26,237,158,32,31,41,44,240,160
1686538181,0,1,0,0,0,8,12,19,25,226,152,31,29,37,41,226,152
1686538187,0,1,0,0,0,9,12,21,28,244,162,33,32,42,45,242,160
1686538193,0,1,0,0,0,8,12,19,25,226,152,31,30,38,42,228,154
1686538199,0,1,0,0,0,9,12,20,26,236,158,31,29,38,41,228,154
1686538205,0,1,0,0,0,8,11,18,24,217,148,28,27,35,38,216,148
1686538211,0,1,0,0,0,8,11,18,25,222,150,29,28,36,40,223,150
1686538217,0,1,0,0,0,8,11,18,25,226,152,32,30,39,42,230,154
1686538223,0,1,0,0,0,8,11,18,25,220,148,30,29,37,40,224,150
1686538229,0,1,0,0,0,8,11,19,26,230,154,32,31,39,43,235,158
1686538235,0,1,0,0,0,8,12,19,26,230,156,31,29,38,41,229,154
1686538241,0,1,0,0,0,9,12,20,26,235,156,30,29,37,40,224,150
1686538247,0,1,0,0,0,8,11,18,25,227,154,30,28,36,40,223,150
1686538253,0,1,0,0,0,8,11,17,24,213,144,29,27,35,38,212,144
1686538259,0,1,0,0,0,8,11,18,24,216,144,30,29,37,40,221,148
1686538265,0,1,0,0,0,8,11,18,24,220,148,30,29,37,40,225,152
1686538271,0,1,0,0,0,8,12,19,26,226,150,31,28,37,41,223,148
1686538277,0,1,0,0,0,9,12,20,27,243,160,33,33,43,47,247,162
1686538283,0,1,0,0,0,9,11,19,26,229,152,34,34,44,49,254,168
1686538289,0,1,0,0,0,9,14,21,29,255,166,32,30,39,43,233,154
1686538295,0,1,0,0,0,9,12,20,27,242,160,32,32,41,45,240,160
1686538301,0,1,0,0,0,10,12,21,29,260,170,34,33,43,48,250,164
1686538307,0,1,0,0,0,9,12,21,28,250,164,36,35,47,51,258,166
1686538313,0,1,0,0,0,9,12,20,27,240,158,32,30,40,44,236,156
1686538319,0,1,0,0,0,8,12,19,26,234,154,31,30,38,42,227,150
1686538325,0,1,0,0,0,9,11,19,26,229,152,30,29,38,41,225,148
1686538331,0,1,0,0,0,9,13,21,28,252,164,33,32,42,47,243,158
1686538337,0,1,0,0,0,8,11,19,26,231,150,32,31,41,45,234,152
1686538343,0,1,0,0,0,7,10,16,23,205,136,28,26,33,37,205,136
1686538349,0,1,0,0,0,9,13,20,28,254,166,32,31,40,45,236,154
1686538355,0,1,0,0,0,8,12,19,27,239,158,33,31,41,46,241,160
1686538361,0,1,0,0,0,7,10,16,23,204,138,28,26,33,36,203,136
1686538367,0,1,0,0,0,8,12,19,27,239,156,33,31,41,45,237,156
1686538373,0,1,0,0,0,9,12,20,28,252,166,34,33,44,49,252,166
1686538379,0,1,0,0,0,8,11,18,24,216,142,30,29,38,42,224,148
1686538385,0,1,0,0,0,9,12,20,29,253,166,34,33,44,49,246,160
1686538391,0,1,0,0,0,9,13,20,28,253,166,32,30,40,45,237,158
1686538397,0,1,0,0,0,8,12,18,26,233,154,30,28,37,41,222,148
1686538403,0,1,0,0,0,8,11,18,24,214,140,30,29,38,42,223,146
1686538409,0,1,0,0,0,8,10,17,24,212,140,29,27,35,38,208,138
1686538415,0,1,0,0,0,9,12,20,28,250,164,35,34,46,51,257,166
1686538421,0,1,0,0,0,9,12,21,28,259,168,37,36,48,54,270,174
1686538427,0,1,0,0,0,7,11,18,24,215,142,31,30,39,43,230,152
1686538433,0,1,0,0,0,8,11,18,25,224,146,30,29,37,42,222,146
1686538439,0,1,0,0,0,8,10,17,24,214,142,29,28,36,40,216,142
1686538445,0,1,0,0,0,7,10,18,23,210,138,28,26,33,36,203,134
1686538451,0,1,0,0,0,7,10,17,23,205,136,28,26,35,38,209,138
1686538457,0,1,0,0,0,7,10,17,23,209,138,27,25,33,36,202,134
1686538463,0,1,0,0,0,7,10,17,22,201,132,26,25,32,35,196,130
1686538469,0,1,0,0,0,7,11,17,24,208,136,29,27,36,39,212,140
1686538475,0,1,0,0,0,7,11,18,23,210,138,29,27,36,40,214,140
1686538481,0,1,0,0,0,6,10,15,21,189,126,26,24,30,33,191,126
1686538487,0,1,0,0,0,7,10,16,23,198,130,27,25,33,36,198,130
1686538493,0,1,0,0,0,8,12,19,27,234,150,30,29,38,42,221,144
1686538499,0,1,0,0,0,7,9,15,21,185,122,25,23,29,32,184,120
1686538505,0,1,0,0,0,6,9,15,21,186,124,25,23,29,31,183,122
1686538511,0,1,0,0,0,7,10,17,23,201,132,30,28,37,41,216,140
1686538517,0,1,0,0,0,9,12,20,28,248,160,37,36,49,56,270,172
1686538523,0,1,0,0,0,8,10,18,25,224,146,29,28,37,41,214,138
1686538529,0,1,0,0,0,7,10,16,22,195,128,26,25,32,36,193,128
1686538535,0,1,0,0,0,6,8,14,20,179,118,24,22,28,31,180,118
1686538541,0,1,0,0,0,6,9,14,20,177,118,24,22,28,30,177,118
1686538547,0,1,0,0,0,6,9,15,20,180,118,24,22,28,30,178,118
1686538553,0,1,0,0,0,6,10,15,21,183,120,25,24,30,33,186,122
1686538559,0,1,0,0,0,6,9,15,20,180,118,24,22,30,32,182,120
1686538565,0,1,0,0,0,6,9,15,21,179,118,24,23,29,32,181,118
1686538571,0,1,0,0,0,6,8,15,20,180,118,25,23,30,33,185,120
1686538577,0,1,0,0,0,6,9,16,21,183,120,24,23,29,32,182,118
1686538583,0,1,0,0,0,6,9,15,21,183,120,25,24,31,34,184,120
1686538589,0,1,0,0,0,6,9,14,19,171,112,23,21,27,29,170,112
1686538595,0,1,0,0,0,6,10,16,22,187,122,26,25,32,35,190,122
1686538601,0,1,0,0,0,7,9,16,21,186,120,25,24,30,33,185,120
1686538607,0,1,0,0,0,7,9,15,21,187,120,23,22,28,30,173,112
1686538613,0,1,0,0,0,6,10,15,20,176,116,24,22,29,31,178,116
1686538619,0,1,0,0,0,6,9,15,20,173,112,24,22,28,31,176,114
1686538625,0,1,0,0,0,5,8,14,19,169,110,22,21,25,28,167,108
1686538631,0,1,0,0,0,6,8,14,19,166,108,22,21,26,28,166,108
1686538637,0,1,0,0,0,6,8,14,19,167,110,22,21,26,28,167,108
1686538643,0,1,0,0,0,6,9,14,20,172,112,23,22,28,30,173,112
1686538649,0,1,0,0,0,6,9,15,20,178,114,25,23,30,33,179,116
1686538655,0,1,0,0,0,6,8,14,19,167,108,23,21,27,30,171,112
1686538661,0,1,0,0,0,5,7,14,18,162,106,22,20,25,27,163,106
1686538667,0,1,0,0,0,6,8,14,19,166,108,22,20,26,28,164,108
1686538673,0,1,0,0,0,6,9,14,19,167,108,23,21,27,29,170,110
1686538679,0,1,0,0,0,6,8,14,19,165,106,23,21,27,29,168,108
1686538685,0,1,0,0,0,5,8,13,19,161,104,22,20,25,27,160,104
1686538691,0,1,0,0,0,6,8,14,19,161,102,22,20,25,27,160,102
1686538697,0,1,0,0,0,5,8,14,18,160,104,22,20,25,26,159,102
1686538703,0,1,0,0,0,5,8,13,18,156,102,21,19,24,26,157,102
1686538709,0,1,0,0,0,5,7,13,18,156,100,21,19,23,26,156,100
1686538715,0,1,0,0,0,5,7,13,19,159,102,21,20,25,27,159,102
1686538721,0,1,0,0,0,6,8,13,18,155,100,21,19,24,25,155,100
1686538727,0,1,0,0,0,5,8,13,18,153,98,20,19,23,25,153,98
1686538733,0,1,0,0,0,5,7,13,18,153,98,21,19,23,25,153,98
1686538739,0,1,0,0,0,5,8,13,18,154,98,21,20,24,25,154,98
1686538745,0,1,0,0,0,5,8,13,18,153,98,21,19,24,25,154,98
1686538751,0,1,0,0,0,5,8,13,18,153,98,21,19,24,25,152,98
1686538757,0,1,0,0,0,5,7,13,18,153,98,21,18,24,25,153,96
1686538763,0,1,0,0,0,5,7,13,18,153,98,21,19,24,25,153,98
1686538769,0,1,0,0,0,5,8,13,17,151,96,20,18,23,24,150,96
1686538775,0,1,0,0,0,5,8,13,17,151,96,21,18,23,24,151,96
1686538781,0,1,0,0,0,5,8,13,17,151,96,20,19,23,24,150,96
1686538787,0,1,0,0,0,5,7,13,17,149,94,20,18,23,24,149,96
1686538793,0,1,0,0,0,5,7,13,17,150,96,21,18,23,25,149,96
1686538799,0,1,0,0,0,5,7,12,17,150,94,20,19,23,24,150,96
