Timestamp,Amber,White,On,Override,Intensity,AS00,AS01,AS02,AS03,AS04,AS05,AS06,AS07,AS08,AS09,AS10,AS11
1686546005,0,1,1,0,1223223,3365,8219,11652,21056,65535,6992,33420,46790,59766,35308,65535,7001
1686546011,0,1,1,0,1223223,3365,8220,11653,21043,65535,6993,33437,46793,59809,35320,65535,7002
1686546017,0,1,1,0,1223223,3363,8214,11645,21045,65535,6990,33435,46817,59813,35316,65535,6998
1686546023,0,1,1,0,1223223,3365,8219,11654,21054,65535,6996,33432,46807,59798,35314,65535,7000
1686546029,0,1,1,0,1223223,3367,8222,11653,21060,65535,6988,33437,46815,59806,35320,65535,7006
1686546035,0,1,1,0,1223223,3365,8220,11648,21051,65535,6992,33430,46783,59816,35309,65535,7001
1686546041,0,1,1,0,1223223,3366,8220,11654,21055,65535,6994,33431,46779,59782,35303,65535,7002
1686546047,0,1,1,0,1223223,3367,8223,11652,21063,65535,6988,33453,46820,59803,35332,65535,6998
1686546053,0,1,1,0,1223223,3364,8220,11653,21057,65535,6991,33444,46819,59814,35321,65535,6998
1686546059,0,1,1,0,1223223,3367,8219,11651,21054,65535,6996,33445,46811,59793,35317,65535,7003
1686546065,0,1,1,0,1223223,3366,8217,11648,21055,65535,6984,33439,46793,59786,35315,65535,7002
1686546071,0,1,1,0,1223223,3364,8214,11647,21039,65535,6986,33421,46800,59774,35306,65535,7002
1686546077,0,1,1,0,1223223,3365,8217,11654,21057,65535,6991,33430,46790,59797,35316,65535,7002
1686546083,0,1,1,0,1223223,3366,8222,11657,21059,65535,6990,33445,46818,59814,35319,65535,7002
1686546089,0,1,1,0,1223223,3366,8216,11655,21050,65535,6992,33442,46799,59826,35322,65535,7002
1686546095,0,1,1,0,1223223,3366,8223,11658,21058,65535,6994,33434,46788,59787,35314,65535,7004
1686546101,0,1,1,0,1223223,3366,8221,11653,21061,65535,6992,33431,46785,59787,35293,65535,7004
1686546107,0,1,1,0,1223223,3366,8216,11653,21053,65535,6992,33436,46805,59792,35311,65535,7004
1686546113,0,1,1,0,1223223,3366,8216,11646,21058,65535,6988,33415,46768,59747,35293,65535,6998
1686546119,0,1,1,0,1223223,3364,8216,11649,21048,65535,6990,33423,46793,59787,35302,65535,6998
1686546125,0,1,1,0,1223223,3365,8214,11654,21056,65535,6990,33432,46808,59802,35308,65535,7000
1686546131,0,1,1,0,1223223,3365,8216,11652,21053,65535,6990,33433,46794,59797,35295,65535,7000
1686546137,0,1,1,0,1223223,3365,8214,11653,21055,65535,6992,33439,46807,59796,35317,65535,6999
1686546143,0,1,1,0,1223223,3365,8221,11649,21059,65535,6990,33437,46817,59785,35316,65535,6996
1686546149,0,1,1,0,1223223,3366,8215,11647,21053,65535,6986,33431,46793,59805,35317,65535,6998
1686546155,0,1,1,0,1223223,3366,8218,11656,21059,65535,6992,33434,46800,59784,35315,65535,7000
1686546161,0,1,1,0,1223223,3366,8224,11656,21061,65535,6991,33433,46782,59772,35316,65535,6996
1686546167,0,1,1,0,1223223,3368,8222,11658,21065,65535,6992,33442,46815,59809,35327,65535,7000
1686546173,0,1,1,0,1223223,3367,8223,11652,21062,65535,6992,33440,46796,59829,35326,65535,6999
1686546179,0,1,1,0,1223223,3365,8222,11656,21064,65535,6992,33444,46815,59779,35329,65535,7000
1686546185,0,1,1,0,1223223,3367,8223,11660,21069,65535,6992,33439,46807,59817,35324,65535,7001
1686546191,0,1,1,0,1223223,3366,8222,11659,21063,65535,6993,33438,46809,59790,35321,65535,7003
1686546197,0,1,1,0,1223223,3367,8222,11655,21058,65535,6994,33453,46804,59791,35324,65535,7004
1686546203,0,1,1,0,1223223,3365,8220,11654,21056,65535,6990,33444,46796,59782,35319,65535,7002
1686546209,0,1,1,0,1223223,3367,8220,11658,21062,65535,6994,33445,46820,59792,35327,65535,7000
1686546215,0,1,1,0,1223223,3362,8210,11645,21040,65535,6986,33417,46784,59742,35302,65535,6998
1686546221,0,1,1,0,1223223,3359,8203,11624,21000,65535,6976,33444,46822,59819,35326,65535,7002
1686546227,0,1,1,0,1223223,3366,8217,11658,21059,65535,6992,33442,46815,59812,35316,65535,7000
1686546233,0,1,1,0,1223223,3366,8218,11657,21058,65535,6992,33456,46819,59819,35339,65535,7004
1686546239,0,1,1,0,1223223,3367,8222,11659,21062,65535,6992,33445,46815,59812,35323,65535,7005
1686546245,0,1,1,0,1223223,3366,8221,11661,21062,65535,6994,33440,46808,59814,35315,65535,7001
1686546251,0,1,1,0,1223223,3367,8222,11661,21056,65535,6998,33444,46819,59822,35324,65535,7003
1686546257,0,1,1,0,1223223,3368,8225,11663,21065,65535,6990,33453,46828,59822,35325,65535,7000
1686546263,0,1,1,0,1223223,3368,8222,11660,21061,65535,6990,33441,46810,59803,35314,65535,6996
1686546269,0,1,1,0,1223223,3366,8228,11654,21061,65535,6991,33445,46823,59822,35307,65535,7004
1686546275,0,1,1,0,1223223,3367,8223,11658,21068,65535,6992,33453,46827,59842,35331,65535,7006
1686546281,0,1,1,0,1223223,3367,8228,11662,21050,65535,6994,33453,46832,59813,35325,65535,7006
1686546287,0,1,1,0,1223223,3366,8224,11661,21058,65535,6995,33446,46825,59825,35308,65535,7004
1686546293,0,1,1,0,1223223,3368,8226,11654,21056,65535,6993,33424,46786,59775,35290,65535,7002
1686546299,0,1,1,0,1223223,3366,8219,11658,21045,65535,6992,33443,46825,59820,35319,65535,7004
1686546305,0,1,1,0,1223223,3367,8218,11662,21059,65535,6993,33461,46830,59840,35314,65535,7004
1686546311,0,1,1,0,1223223,3367,8227,11665,21064,65535,6990,33442,46812,59830,35318,65535,7003
1686546317,0,1,1,0,1223223,3366,8224,11659,21064,65535,6990,33437,46823,59848,35316,65535,7002
1686546323,0,1,1,0,1223223,3368,8223,11662,21046,65535,6993,33446,46812,59835,35316,65535,7002
1686546329,0,1,1,0,1223223,3368,8224,11663,21064,65535,6992,33436,46814,59793,35314,65535,7000
1686546335,0,1,1,0,1223223,3368,8224,11661,21063,65535,6992,33452,46819,59833,35325,65535,7006
1686546341,0,1,1,0,1223223,3366,8221,11663,21054,65535,6992,33440,46815,59813,35316,65535,7001
1686546347,0,1,1,0,1223223,3369,8224,11659,21063,65535,6994,33460,46828,59831,35330,65535,7005
1686546353,0,1,1,0,1223223,3366,8222,11658,21058,65535,6994,33437,46813,59818,35319,65535,6998
1686546359,0,1,1,0,1223223,3366,8225,11669,21065,65535,6998,33439,46824,59839,35324,65535,7002
1686546365,0,1,1,0,1223223,3368,8224,11665,21064,65535,6994,33449,46817,59832,35317,65535,7004
1686546371,0,1,1,0,1223223,3366,8222,11658,21055,65535,6992,33442,46814,59805,35314,65535,7002
1686546377,0,1,1,0,1223223,3367,8218,11654,21055,65535,6996,33444,46797,59805,35318,65535,7002
1686546383,0,1,1,0,1223223,3366,8222,11663,21057,65535,6992,33443,46826,59799,35319,65535,7002
1686546389,0,1,1,0,1223223,3369,8224,11660,21071,65535,6992,33446,46799,59828,35334,65535,7004
1686546395,0,1,1,0,1223223,3366,8224,11658,21061,65535,6994,33454,46827,59834,35326,65535,7004
1686546401,0,1,1,0,1223223,3368,8221,11659,21053,65535,6992,33450,46830,59839,35317,65535,7000
1686546407,0,1,1,0,1223223,3367,8223,11661,21063,65535,6992,33453,46801,59797,35343,65535,6999
1686546413,0,1,1,0,1223223,3367,8223,11661,21068,65535,6996,33437,46798,59824,35318,65535,7000
1686546419,0,1,1,0,1223223,3366,8223,11656,21057,65535,6994,33451,46829,59832,35323,65535,7003
1686546425,0,1,1,0,1223223,3367,8226,11657,21059,65535,6994,33450,46803,59813,35318,65535,7002
1686546431,0,1,1,0,1223223,3366,8225,11660,21057,65535,6990,33455,46844,59817,35329,65535,7000
1686546437,0,1,1,0,1223223,3367,8222,11658,21068,65535,6994,33468,46833,59833,35336,65535,7004
1686546443,0,1,1,0,1223223,3367,8223,11665,21053,65535,6998,33452,46815,59828,35317,65535,7004
1686546449,0,1,1,0,1223223,3367,8222,11664,21059,65535,6994,33449,46805,59821,35324,65535,7004
1686546455,0,1,1,0,1223223,3368,8223,11657,21063,65535,6996,33467,46818,59837,35330,65535,7006
1686546461,0,1,1,0,1223223,3368,8225,11660,21070,65535,6994,33463,46848,59845,35335,65535,7006
1686546467,0,1,1,0,1223223,3367,8226,11663,21065,65535,6994,33452,46831,59825,35324,65535,7002
1686546473,0,1,1,0,1223223,3368,8224,11664,21066,65535,6994,33454,46831,59823,35327,65535,7002
1686546479,0,1,1,0,1223223,3367,8226,11660,21066,65535,6996,33462,46845,59845,35332,65535,7006
1686546485,0,1,1,0,1223223,3366,8221,11660,21064,65535,6996,33463,46844,59821,35336,65535,7004
1686546491,0,1,1,0,1223223,3369,8224,11666,21080,65535,6996,33457,46835,59829,35327,65535,7006
1686546497,0,1,1,0,1223223,3368,8224,11663,21060,65535,6996,33454,46848,59846,35327,65535,7000
1686546503,0,1,1,0,1223223,3366,8226,11665,21068,65535,6992,33465,46812,59839,35333,65535,7000
1686546509,0,1,1,0,1223223,3368,8224,11660,21072,65535,6994,33458,46829,59845,35330,65535,7001
1686546515,0,1,1,0,1223223,3367,8226,11666,21070,65535,6996,33467,46845,59849,35341,65535,7004
1686546521,0,1,1,0,1223223,3368,8224,11658,21063,65535,6994,33453,46832,59827,35330,65535,7006
1686546527,0,1,1,0,1223223,3368,8223,11666,21061,65535,6992,33460,46845,59831,35327,65535,7004
1686546533,0,1,1,0,1223223,3368,8226,11668,21071,65535,6996,33464,46850,59844,35336,65535,7004
1686546539,0,1,1,0,1223223,3367,8226,11666,21062,65535,6996,33449,46830,59802,35325,65535,7004
1686546545,0,1,1,0,1223223,3368,8225,11666,21066,65535,6994,33458,46825,59837,35315,65535,7008
1686546551,0,1,1,0,1223223,3366,8221,11658,21053,65535,6992,33457,46817,59851,35318,65535,7005
1686546557,0,1,1,0,1223223,3368,8227,11661,21068,65535,6996,33452,46830,59810,35344,65535,7002
1686546563,0,1,1,0,1223223,3367,8222,11657,21057,65535,6994,33456,46844,59854,35341,65535,7004
1686546569,0,1,1,0,1223223,3368,8225,11665,21068,65535,6993,33455,46824,59838,35335,65535,7002
1686546575,0,1,1,0,1223223,3368,8220,11668,21065,65535,6994,33465,46818,59837,35335,65535,7006
1686546581,0,1,1,0,1223223,3371,8230,11669,21070,65535,6996,33455,46836,59854,35333,65535,7004
1686546587,0,1,1,0,1223223,3369,8230,11670,21070,65535,6998,33467,46856,59858,35341,65535,7005
1686546593,0,1,1,0,1223223,3369,8230,11668,21069,65535,7000,33467,46857,59839,35343,65535,7004
1686546599,0,1,1,0,1223223,3371,8227,11669,21068,65535,6996,33469,46849,59829,35339,65535,7006
1686546605,0,1,1,0,1223223,3368,8228,11663,21066,65535,6996,33468,46829,59830,35340,65535,7003
1686546611,0,1,1,0,1223223,3369,8231,11670,21073,65535,6994,33463,46852,59821,35342,65535,7005
1686546617,0,1,1,0,1223223,3367,8224,11662,21061,65535,6990,33440,46810,59814,35315,65535,6998
1686546623,0,1,1,0,1223223,3368,8226,11665,21064,65535,6997,33449,46817,59803,35314,65535,7005
1686546629,0,1,1,0,1223223,3368,8223,11660,21067,65535,6995,33478,46831,59836,35345,65535,7006
1686546635,0,1,1,0,1223223,3366,8222,11655,21055,65535,6992,33477,46816,59839,35319,65535,7002
1686546641,0,1,1,0,1223223,3369,8226,11667,21060,65535,6996,33454,46841,59847,35327,65535,7004
1686546647,0,1,1,0,1223223,3369,8227,11667,21066,65535,6996,33462,46829,59859,35342,65535,7005
1686546653,0,1,1,0,1223223,3369,8229,11665,21068,65535,6992,33483,46828,59846,35339,65535,7004
1686546659,0,1,1,0,1223223,3368,8229,11666,21068,65535,7000,33465,46826,59819,35347,65535,7004
1686546665,0,1,1,0,1223223,3369,8223,11669,21070,65535,6994,33452,46828,59820,35348,65535,7004
1686546671,0,1,1,0,1223223,3368,8231,11672,21067,65535,6998,33458,46833,59848,35336,65535,7008
1686546677,0,1,1,0,1223223,3369,8226,11668,21080,65535,6997,33448,46845,59841,35346,65535,7006
1686546683,0,1,1,0,1223223,3368,8227,11667,21063,65535,6996,33449,46837,59805,35326,65535,7002
1686546689,0,1,1,0,1223223,3369,8225,11667,21060,65535,6993,33455,46828,59856,35344,65535,7007
1686546695,0,1,1,0,1223223,3369,8232,11665,21072,65535,7000,33467,46861,59862,35346,65535,7009
1686546701,0,1,1,0,1223223,3369,8225,11662,21067,65535,6992,33450,46828,59837,35333,65535,7004
1686546707,0,1,1,0,1223223,3369,8226,11659,21061,65535,6996,33469,46850,59842,35320,65535,7006
1686546713,0,1,1,0,1223223,3368,8229,11665,21072,65535,6998,33460,46857,59863,35342,65535,7008
1686546719,0,1,1,0,1223223,3369,8225,11664,21071,65535,6998,33458,46849,59853,35339,65535,7007
1686546725,0,1,1,0,1223223,3369,8225,11670,21068,65535,6999,33458,46843,59860,35340,65535,7005
1686546731,0,1,1,0,1223223,3367,8228,11666,21067,65535,6994,33454,46821,59837,35333,65535,7000
1686546737,0,1,1,0,1223223,3367,8226,11666,21073,65535,6998,33467,46869,59854,35349,65535,7006
1686546743,0,1,1,0,1223223,3368,8224,11666,21057,65535,6998,33468,46859,59866,35346,65535,7004
1686546749,0,1,1,0,1223223,3369,8228,11672,21073,65535,6996,33459,46838,59854,35317,65535,7004
1686546755,0,1,1,0,1223223,3367,8222,11663,21067,65535,6994,33472,46854,59849,35346,65535,7008
1686546761,0,1,1,0,1223223,3369,8234,11668,21080,65535,6996,33463,46839,59843,35341,65535,7000
1686546767,0,1,1,0,1223223,3369,8229,11673,21074,65535,6996,33467,46851,59868,35344,65535,7004
1686546773,0,1,1,0,1223223,3370,8232,11669,21071,65535,6996,33480,46866,59891,35365,65535,7003
1686546779,0,1,1,0,1223223,3370,8230,11665,21069,65535,6996,33480,46875,59864,35346,65535,7004
1686546785,0,1,1,0,1223223,3370,8226,11668,21064,65535,6994,33459,46852,59842,35333,65535,7004
1686546791,0,1,1,0,1223223,3368,8226,11664,21067,65535,6992,33480,46840,59861,35342,65535,7003
1686546797,0,1,1,0,1223223,3368,8227,11663,21065,65535,6990,33480,46858,59865,35345,65535,7007
1686546803,0,1,1,0,1223223,3369,8227,11668,21064,65535,6995,33456,46847,59833,35344,65535,7004
1686546809,0,1,1,0,1223223,3369,8225,11668,21064,65535,6996,33452,46842,59832,35330,65535,7006
1686546815,0,1,1,0,1223223,3368,8226,11670,21068,65535,6997,33464,46838,59834,35351,65535,7007
1686546821,0,1,1,0,1223223,3368,8225,11665,21047,65535,6996,33478,46840,59820,35329,65535,7004
1686546827,0,1,1,0,1223223,3370,8223,11671,21069,65535,6994,33451,46837,59844,35332,65535,7003
1686546833,0,1,1,0,1223223,3370,8227,11672,21073,65535,6994,33463,46845,59871,35347,65535,7006
1686546839,0,1,1,0,1223223,3370,8230,11670,21073,65535,7000,33458,46845,59847,35341,65535,7008
1686546845,0,1,1,0,1223223,3371,8230,11671,21082,65535,6997,33473,46851,59855,35341,65535,7006
1686546851,0,1,1,0,1223223,3369,8230,11669,21074,65535,6998,33481,46871,59870,35362,65535,7004
1686546857,0,1,1,0,1223223,3371,8234,11671,21076,65535,6996,33479,46854,59859,35348,65535,7004
1686546863,0,1,1,0,1223223,3371,8234,11677,21084,65535,6998,33479,46868,59844,35348,65535,7008
1686546869,0,1,1,0,1223223,3370,8233,11676,21077,65535,7000,33473,46869,59875,35358,65535,7008
1686546875,0,1,1,0,1223223,3370,8232,11673,21073,65535,6997,33477,46855,59858,35345,65535,7008
1686546881,0,1,1,0,1223223,3369,8231,11671,21078,65535,6996,33480,46874,59875,35354,65535,7004
1686546887,0,1,1,0,1223223,3370,8233,11668,21073,65535,6995,33486,46880,59862,35359,65535,7010
1686546893,0,1,1,0,1223223,3370,8232,11678,21081,65535,7000,33483,46865,59860,35346,65535,7010
1686546899,0,1,1,0,1223223,3370,8232,11672,21075,65535,7000,33478,46863,59861,35351,65535,7006
1686546905,0,1,1,0,1223223,3369,8229,11675,21086,65535,6998,33485,46869,59876,35360,65535,7009
1686546911,0,1,1,0,1223223,3370,8229,11674,21075,65535,7001,33473,46855,59832,35341,65535,7006
1686546917,0,1,1,0,1223223,3370,8225,11664,21074,65535,6998,33468,46860,59853,35354,65535,7008
1686546923,0,1,1,0,1223223,3370,8231,11669,21070,65535,6996,33463,46851,59836,35339,65535,7004
1686546929,0,1,1,0,1223223,3369,8232,11675,21072,65535,6994,33463,46853,59835,35340,65535,7006
1686546935,0,1,1,0,1223223,3369,8229,11673,21071,65535,6993,33462,46844,59834,35335,65535,7002
1686546941,0,1,1,0,1223223,3369,8230,11667,21070,65535,6996,33470,46848,59875,35343,65535,7006
1686546947,0,1,1,0,1223223,3368,8225,11667,21067,65535,6996,33461,46854,59825,35332,65535,7004
1686546953,0,1,1,0,1223223,3369,8230,11672,21072,65535,6996,33476,46858,59862,35349,65535,7008
1686546959,0,1,1,0,1223223,3370,8229,11674,21083,65535,6998,33465,46852,59863,35343,65535,7004
1686546965,0,1,1,0,1223223,3370,8230,11677,21071,65535,6997,33469,46856,59852,35343,65535,7006
1686546971,0,1,1,0,1223223,3368,8224,11667,21069,65535,6998,33453,46843,59803,35339,65535,7004
1686546977,0,1,1,0,1223223,3370,8230,11672,21071,65535,7000,33458,46841,59842,35337,65535,7006
1686546983,0,1,1,0,1223223,3369,8231,11674,21068,65535,6994,33463,46853,59861,35340,65535,7004
1686546989,0,1,1,0,1223223,3369,8229,11668,21067,65535,6996,33465,46860,59834,35343,65535,7002
1686546995,0,1,1,0,1223223,3369,8235,11669,21078,65535,6996,33480,46868,59883,35350,65535,7006
1686547001,0,1,1,0,1223223,3368,8229,11667,21070,65535,6994,33462,46842,59826,35336,65535,7008
1686547007,0,1,1,0,1223223,3369,8229,11671,21069,65535,6998,33463,46846,59837,35334,65535,7004
1686547013,0,1,1,0,1223223,3370,8231,11671,21073,65535,7000,33459,46857,59828,35345,65535,7005
1686547019,0,1,1,0,1223223,3369,8228,11671,21072,65535,6996,33478,46862,59871,35355,65535,7008
1686547025,0,1,1,0,1223223,3370,8229,11672,21074,65535,6994,33463,46843,59829,35350,65535,7008
1686547031,0,1,1,0,1223223,3368,8225,11669,21069,65535,6997,33462,46855,59827,35329,65535,7002
1686547037,0,1,1,0,1223223,3369,8229,11668,21069,65535,6998,33466,46846,59850,35344,65535,7004
1686547043,0,1,1,0,1223223,3371,8226,11667,21073,65535,6994,33458,46856,59842,35345,65535,7004
1686547049,0,1,1,0,1223223,3371,8232,11668,21074,65535,6998,33456,46859,59863,35342,65535,7002
1686547055,0,1,1,0,1223223,3368,8229,11665,21074,65535,6998,33454,46827,59873,35326,65535,7007
1686547061,0,1,1,0,1223223,3369,8230,11666,21064,65535,7000,33461,46843,59832,35329,65535,7002
1686547067,0,1,1,0,1223223,3368,8223,11663,21062,65535,6996,33459,46842,59833,35339,65535,7003
1686547073,0,1,1,0,1223223,3370,8228,11669,21071,65535,6996,33464,46845,59859,35341,65535,7004
1686547079,0,1,1,0,1223223,3369,8230,11670,21077,65535,6998,33451,46852,59852,35345,65535,7002
1686547085,0,1,1,0,1223223,3368,8227,11670,21073,65535,6996,33453,46832,59840,35320,65535,7010
1686547091,0,1,1,0,1223223,3369,8230,11670,21074,65535,6998,33468,46857,59855,35348,65535,7006
1686547097,0,1,1,0,1223223,3370,8232,11669,21066,65535,6992,33475,46846,59834,35334,65535,7001
1686547103,0,1,1,0,1223223,3369,8227,11666,21076,65535,6997,33487,46869,59862,35350,65535,7005
1686547109,0,1,1,0,1223223,3370,8232,11668,21072,65535,6996,33485,46848,59868,35362,65535,7008
1686547115,0,1,1,0,1223223,3370,8230,11672,21072,65535,6998,33477,46868,59877,35357,65535,7007
1686547121,0,1,1,0,1223223,3369,8232,11674,21078,65535,6994,33470,46859,59865,35345,65535,7006
1686547127,0,1,1,0,1223223,3371,8232,11669,21079,65535,6998,33488,46866,59881,35355,65535,7010
1686547133,0,1,1,0,1223223,3371,8233,11677,21077,65535,6998,33476,46861,59861,35349,65535,7006
1686547139,0,1,1,0,1223223,3369,8232,11673,21074,65535,6996,33473,46865,59863,35365,65535,7006
1686547145,0,1,1,0,1223223,3370,8229,11668,21078,65535,6998,33463,46833,59864,35343,65535,7006
1686547151,0,1,1,0,1223223,3370,8229,11672,21078,65535,6994,33470,46839,59874,35351,65535,7004
1686547157,0,1,1,0,1223223,3370,8230,11670,21075,65535,6996,33473,46874,59850,35353,65535,7008
1686547163,0,1,1,0,1223223,3370,8233,11671,21079,65535,6998,33482,46872,59876,35358,65535,7008
1686547169,0,1,1,0,1223223,3370,8234,11674,21080,65535,7000,33472,46842,59867,35348,65535,7009
1686547175,0,1,1,0,1223223,3370,8231,11675,21070,65535,6994,33455,46841,59829,35340,65535,7006
1686547181,0,1,1,0,1223223,3369,8232,11670,21078,65535,6998,33471,46845,59848,35342,65535,7003
1686547187,0,1,1,0,1223223,3370,8233,11668,21076,65535,6996,33486,46862,59866,35361,65535,7009
1686547193,0,1,1,0,1223223,3369,8229,11673,21075,65535,6996,33467,46855,59871,35345,65535,7006
1686547199,0,1,1,0,1223223,3371,8232,11671,21077,65535,6997,33474,46869,59882,35354,65535,7005
1686547205,0,1,1,0,1223223,3371,8230,11672,21081,65535,7000,33487,46875,59890,35362,65535,7009
1686547211,0,1,1,0,1223223,3370,8230,11676,21089,65535,7000,33483,46864,59899,35354,65535,7008
1686547217,0,1,1,0,1223223,3371,8232,11676,21074,65535,6998,33498,46877,59876,35375,65535,7009
1686547223,0,1,1,0,1223223,3372,8232,11676,21075,65535,6998,33486,46866,59896,35355,65535,7004
1686547229,0,1,1,0,1223223,3370,8235,11668,21074,65535,6998,33486,46865,59858,35357,65535,7008
1686547235,0,1,1,0,1223223,3373,8238,11680,21076,65535,6998,33494,46882,59906,35367,65535,7010
1686547241,0,1,1,0,1223223,3371,8231,11676,21078,65535,6997,33491,46868,59867,35360,65535,7006
1686547247,0,1,1,0,1223223,3371,8233,11678,21080,65535,7000,33482,46866,59858,35358,65535,7012
1686547253,0,1,1,0,1223223,3371,8230,11672,21070,65535,6996,33462,46838,59830,35337,65535,7000
1686547259,0,1,1,0,1223223,3371,8233,11675,21081,65535,6998,33478,46864,59852,35353,65535,7004
1686547265,0,1,1,0,1223223,3370,8233,11673,21080,65535,6996,33466,46848,59836,35341,65535,7006
1686547271,0,1,1,0,1223223,3372,8233,11671,21079,65535,6996,33482,46847,59867,35349,65535,7004
1686547277,0,1,1,0,1223223,3369,8230,11671,21074,65535,6996,33486,46866,59869,35352,65535,7006
1686547283,0,1,1,0,1223223,3371,8233,11674,21077,65535,6998,33485,46884,59875,35376,65535,7008
1686547289,0,1,1,0,1223223,3370,8224,11666,21069,65535,6996,33475,46869,59853,35351,65535,7011
1686547295,0,1,1,0,1223223,3368,8228,11664,21065,65535,6996,33478,46868,59848,35350,65535,7008
1686547301,0,1,1,0,1223223,3369,8230,11669,21072,65535,6996,33465,46849,59844,35337,65535,7002
1686547307,0,1,1,0,1223223,3369,8230,11669,21075,65535,6996,33462,46834,59841,35338,65535,7002
1686547313,0,1,1,0,1223223,3370,8229,11672,21074,65535,7000,33476,46855,59871,35351,65535,7004
1686547319,0,1,1,0,1223223,3370,8234,11675,21075,65535,6998,33464,46857,59838,35356,65535,7008
1686547325,0,1,1,0,1223223,3370,8232,11669,21079,65535,6994,33475,46861,59843,35349,65535,7008
1686547331,0,1,1,0,1223223,3370,8229,11671,21076,65535,6998,33476,46852,59867,35369,65535,7006
1686547337,0,1,1,0,1223223,3370,8229,11669,21071,65535,6998,33471,46856,59860,35351,65535,7003
1686547343,0,1,1,0,1223223,3369,8229,11670,21072,65535,6994,33460,46845,59835,35332,65535,7006
1686547349,0,1,1,0,1223223,3370,8228,11674,21070,65535,6997,33480,46859,59854,35350,65535,7002
1686547355,0,1,1,0,1223223,3371,8230,11669,21070,65535,6997,33475,46858,59865,35349,65535,7008
1686547361,0,1,1,0,1223223,3369,8230,11669,21075,65535,6994,33469,46840,59835,35338,65535,7010
1686547367,0,1,1,0,1223223,3369,8230,11666,21070,65535,6997,33468,46858,59824,35343,65535,7002
1686547373,0,1,1,0,1223223,3370,8232,11668,21064,65535,6996,33483,46868,59885,35352,65535,7006
1686547379,0,1,1,0,1223223,3369,8230,11668,21074,65535,6998,33477,46856,59841,35352,65535,7006
1686547385,0,1,1,0,1223223,3370,8231,11674,21074,65535,6996,33471,46853,59854,35343,65535,7008
1686547391,0,1,1,0,1223223,3371,8231,11669,21074,65535,6995,33473,46861,59854,35332,65535,7004
1686547397,0,1,1,0,1223223,3369,8232,11668,21074,65535,6996,33445,46829,59846,35345,65535,7002
1686547403,0,1,1,0,1223223,3370,8232,11668,21075,65535,6996,33479,46847,59852,35357,65535,7005
1686547409,0,1,1,0,1223223,3369,8233,11668,21081,65535,6996,33466,46855,59836,35350,65535,7004
1686547415,0,1,1,0,1223223,3369,8231,11669,21076,65535,6997,33469,46861,59850,35331,65535,7006
1686547421,0,1,1,0,1223223,3370,8230,11669,21077,65535,6997,33470,46844,59848,35332,65535,7006
1686547427,0,1,1,0,1223223,3369,8226,11672,21065,65535,6998,33468,46851,59861,35351,65535,7008
1686547433,0,1,1,0,1223223,3371,8228,11677,21080,65535,6995,33472,46852,59844,35347,65535,7006
1686547439,0,1,1,0,1223223,3370,8230,11675,21079,65535,7001,33474,46857,59850,35354,65535,7007
1686547445,0,1,1,0,1223223,3370,8231,11674,21077,65535,7000,33472,46861,59845,35354,65535,7004
1686547451,0,1,1,0,1223223,3371,8234,11676,21081,65535,6998,33485,46864,59858,35369,65535,7008
1686547457,0,1,1,0,1223223,3367,8230,11673,21068,65535,6997,33468,46861,59841,35353,65535,7006
1686547463,0,1,1,0,1223223,3370,8228,11674,21073,65535,6996,33479,46854,59842,35350,65535,7007
1686547469,0,1,1,0,1223223,3370,8225,11673,21076,65535,6996,33466,46847,59860,35347,65535,7006
1686547475,0,1,1,0,1223223,3371,8234,11671,21083,65535,6998,33493,46871,59890,35364,65535,7006
1686547481,0,1,1,0,1223223,3370,8235,11679,21082,65535,6996,33477,46864,59852,35353,65535,7006
1686547487,0,1,1,0,1223223,3372,8233,11673,21086,65535,7001,33492,46864,59893,35363,65535,7006
1686547493,0,1,1,0,1223223,3371,8226,11671,21076,65535,6995,33485,46860,59877,35356,65535,7006
1686547499,0,1,1,0,1223223,3371,8228,11674,21084,65535,6998,33474,46857,59867,35358,65535,7010
1686547505,0,1,1,0,1223223,3370,8229,11671,21067,65535,6992,33461,46830,59818,35339,65535,7000
1686547511,0,1,1,0,1223223,3371,8229,11676,21080,65535,7000,33481,46873,59863,35356,65535,7008
1686547517,0,1,1,0,1223223,3367,8220,11657,21056,65535,6990,33463,46823,59863,35340,65535,7005
1686547523,0,1,1,0,1223223,3370,8229,11672,21082,65535,6996,33471,46850,59853,35362,65535,7004
1686547529,0,1,1,0,1223223,3371,8232,11669,21081,65535,6999,33484,46865,59855,35335,65535,7006
1686547535,0,1,1,0,1223223,3371,8232,11670,21083,65535,6996,33468,46845,59857,35338,65535,7004
1686547541,0,1,1,0,1223223,3371,8228,11665,21076,65535,6996,33484,46861,59882,35349,65535,7005
1686547547,0,1,1,0,1223223,3372,8232,11670,21081,65535,6997,33485,46861,59856,35354,65535,7007
1686547553,0,1,1,0,1223223,3370,8230,11671,21078,65535,6996,33485,46876,59894,35359,65535,7010
1686547559,0,1,1,0,1223223,3370,8232,11672,21077,65535,6998,33475,46867,59858,35356,65535,7006
1686547565,0,1,1,0,1223223,3372,8232,11673,21087,65535,6999,33481,46854,59873,35355,65535,7007
1686547571,0,1,1,0,1223223,3371,8231,11679,21080,65535,6998,33479,46856,59886,35354,65535,7004
1686547577,0,1,1,0,1223223,3370,8231,11676,21073,65535,7002,33473,46865,59889,35365,65535,7008
1686547583,0,1,1,0,1223223,3370,8233,11671,21079,65535,6999,33487,46852,59887,35363,65535,7009
1686547589,0,1,1,0,1223223,3372,8232,11671,21084,65535,6998,33494,46874,59876,35358,65535,7009
1686547595,0,1,1,0,1223223,3369,8233,11674,21082,65535,6994,33489,46871,59869,35363,65535,7010
1686547601,0,1,1,0,1223223,3371,8235,11673,21071,65535,6998,33469,46861,59875,35360,65535,7006
1686547607,0,1,1,0,1223223,3371,8230,11667,21078,65535,6997,33470,46853,59825,35339,65535,7004
1686547613,0,1,1,0,1223223,3372,8235,11672,21079,65535,6996,33480,46864,59865,35350,65535,7006
1686547619,0,1,1,0,1223223,3368,8228,11667,21082,65535,7000,33497,46866,59876,35363,65535,7006
1686547625,0,1,1,0,1223223,3370,8229,11669,21076,65535,6994,33483,46846,59859,35350,65535,7007
1686547631,0,1,1,0,1223223,3370,8229,11674,21084,65535,6999,33494,46880,59882,35341,65535,7008
1686547637,0,1,1,0,1223223,3371,8230,11669,21078,65535,6996,33489,46863,59880,35357,65535,7006
1686547643,0,1,1,0,1223223,3371,8225,11666,21079,65535,6998,33478,46853,59868,35350,65535,7004
1686547649,0,1,1,0,1223223,3371,8230,11671,21077,65535,6994,33472,46838,59855,35341,65535,7004
1686547655,0,1,1,0,1223223,3370,8231,11673,21077,65535,6996,33481,46848,59852,35351,65535,7008
1686547661,0,1,1,0,1223223,3371,8231,11673,21067,65535,6994,33476,46843,59851,35351,65535,7006
1686547667,0,1,1,0,1223223,3370,8233,11673,21084,65535,6999,33479,46848,59853,35356,65535,7008
1686547673,0,1,1,0,1223223,3370,8229,11669,21076,65535,6996,33478,46838,59845,35354,65535,7004
1686547679,0,1,1,0,1223223,3369,8226,11669,21073,65535,6998,33476,46857,59876,35353,65535,7004
1686547685,0,1,1,0,1223223,3371,8232,11673,21077,65535,6998,33469,46848,59882,35359,65535,7004
1686547691,0,1,1,0,1223223,3369,8232,11674,21081,65535,7000,33475,46865,59867,35358,65535,7005
1686547697,0,1,1,0,1223223,3373,8234,11670,21083,65535,6994,33481,46868,59871,35355,65535,7008
1686547703,0,1,1,0,1223223,3371,8234,11669,21074,65535,6998,33474,46867,59864,35360,65535,7008
1686547709,0,1,1,0,1223223,3370,8232,11671,21074,65535,6998,33473,46859,59871,35362,65535,7006
1686547715,0,1,1,0,1223223,3370,8229,11676,21071,65535,6998,33488,46850,59866,35363,65535,7004
1686547721,0,1,1,0,1223223,3371,8233,11674,21081,65535,7000,33462,46861,59876,35351,65535,7006
1686547727,0,1,1,0,1223223,3367,8219,11664,21053,65535,6991,33469,46831,59843,35330,65535,7004
1686547733,0,1,1,0,1223223,3370,8229,11675,21071,65535,6996,33463,46859,59856,35358,65535,7012
1686547739,0,1,1,0,1223223,3371,8230,11670,21068,65535,7000,33481,46861,59865,35357,65535,7009
1686547745,0,1,1,0,1223223,3369,8226,11674,21079,65535,7000,33452,46852,59843,35333,65535,7010
1686547751,0,1,1,0,1223223,3370,8233,11677,21083,65535,6998,33487,46858,59858,35336,65535,7005
1686547757,0,1,1,0,1223223,3372,8230,11667,21072,65535,6996,33469,46858,59855,35350,65535,7004
1686547763,0,1,1,0,1223223,3370,8234,11674,21088,65535,7000,33483,46868,59860,35348,65535,7005
1686547769,0,1,1,0,1223223,3370,8231,11677,21077,65535,6996,33478,46854,59850,35357,65535,7008
1686547775,0,1,1,0,1223223,3372,8232,11673,21075,65535,6998,33463,46837,59858,35361,65535,7005
1686547781,0,1,1,0,1223223,3370,8234,11672,21088,65535,7000,33488,46867,59861,35348,65535,7008
1686547787,0,1,1,0,1223223,3371,8233,11672,21083,65535,6994,33473,46845,59863,35369,65535,7006
1686547793,0,1,1,0,1223223,3369,8235,11678,21084,65535,7000,33478,46865,59882,35367,65535,7006
1686547799,0,1,1,0,1223223,3371,8232,11674,21084,65535,6999,33481,46866,59873,35362,65535,7006
1686547805,0,1,1,0,1223223,3371,8232,11676,21083,65535,6996,33489,46871,59900,35364,65535,7010
1686547811,0,1,1,0,1223223,3371,8233,11673,21078,65535,7000,33492,46870,59886,35348,65535,7007
1686547817,0,1,1,0,1223223,3370,8230,11675,21078,65535,6994,33473,46845,59860,35334,65535,7006
1686547823,0,1,1,0,1223223,3371,8231,11669,21084,65535,6997,33478,46851,59876,35361,65535,7008
1686547829,0,1,1,0,1223223,3369,8232,11671,21072,65535,6996,33481,46855,59861,35337,65535,7003
1686547835,0,1,1,0,1223223,3370,8232,11676,21081,65535,6996,33480,46855,59849,35359,65535,7004
1686547841,0,1,1,0,1223223,3371,8232,11670,21083,65535,7002,33464,46859,59852,35363,65535,7006
1686547847,0,1,1,0,1223223,3372,8234,11673,21075,65535,7000,33476,46862,59870,35372,65535,7007
1686547853,0,1,1,0,1223223,3369,8230,11672,21087,65535,6996,33498,46862,59861,35361,65535,7010
1686547859,0,1,1,0,1223223,3368,8231,11673,21083,65535,7000,33466,46861,59875,35363,65535,7004
1686547865,0,1,1,0,1223223,3368,8234,11674,21078,65535,6996,33485,46869,59850,35364,65535,7006
1686547871,0,1,1,0,1223223,3371,8234,11672,21080,65535,6998,33486,46864,59872,35337,65535,7008
1686547877,0,1,1,0,1223223,3372,8233,11672,21082,65535,6998,33465,46855,59882,35353,65535,7010
1686547883,0,1,1,0,1223223,3372,8229,11669,21074,65535,7000,33457,46842,59812,35341,65535,7007
1686547889,0,1,1,0,1223223,3368,8232,11670,21080,65535,6997,33462,46846,59829,35357,65535,7010
1686547895,0,1,1,0,1223223,3367,8226,11668,21070,65535,6993,33474,46860,59873,35357,65535,7006
1686547901,0,1,1,0,1223223,3372,8233,11678,21077,65535,6996,33488,46857,59880,35340,65535,7010
1686547907,0,1,1,0,1223223,3372,8232,11676,21088,65535,6998,33487,46866,59894,35368,65535,7006
1686547913,0,1,1,0,1223223,3373,8234,11681,21087,65535,6999,33501,46869,59897,35366,65535,7008
1686547919,0,1,1,0,1223223,3370,8233,11674,21070,65535,7000,33478,46839,59862,35340,65535,7008
1686547925,0,1,1,0,1223223,3372,8232,11677,21085,65535,6995,33480,46860,59873,35360,65535,7007
1686547931,0,1,1,0,1223223,3372,8233,11674,21081,65535,7000,33474,46862,59890,35347,65535,7008
1686547937,0,1,1,0,1223223,3371,8230,11675,21083,65535,7000,33463,46852,59879,35358,65535,7008
1686547943,0,1,1,0,1223223,3372,8234,11678,21085,65535,7000,33485,46854,59855,35357,65535,7004
1686547949,0,1,1,0,1223223,3371,8232,11677,21087,65535,6998,33475,46864,59876,35359,65535,7004
1686547955,0,1,1,0,1223223,3370,8232,11681,21084,65535,6998,33508,46861,59883,35366,65535,7003
1686547961,0,1,1,0,1223223,3372,8234,11676,21086,65535,6999,33484,46887,59872,35364,65535,7009
1686547967,0,1,1,0,1223223,3372,8233,11673,21086,65535,6994,33480,46866,59872,35358,65535,7006
1686547973,0,1,1,0,1223223,3369,8231,11672,21078,65535,6994,33493,46869,59865,35356,65535,7006
1686547979,0,1,1,0,1223223,3373,8232,11677,21081,65535,6994,33483,46856,59847,35347,65535,7008
1686547985,0,1,1,0,1223223,3373,8232,11674,21083,65535,6996,33497,46868,59877,35358,65535,7008
1686547991,0,1,1,0,1223223,3370,8233,11671,21087,65535,6997,33484,46875,59863,35364,65535,7008
1686547997,0,1,1,0,1223223,3371,8232,11672,21082,65535,6999,33486,46852,59852,35350,65535,7005
1686548003,0,1,1,0,1223223,3372,8232,11670,21080,65535,6997,33482,46866,59863,35382,65535,7007
1686548009,0,1,1,0,1223223,3369,8230,11670,21085,65535,6998,33476,46853,59836,35342,65535,7005
1686548015,0,1,1,0,1223223,3372,8231,11675,21083,65535,6999,33484,46860,59847,35359,65535,7006
1686548021,0,1,1,0,1223223,3372,8235,11678,21091,65535,6998,33487,46887,59884,35374,65535,7010
1686548027,0,1,1,0,1223223,3369,8226,11659,21068,65535,6992,33486,46863,59878,35364,65535,7004
1686548033,0,1,1,0,1223223,3371,8234,11670,21084,65535,6996,33484,46855,59882,35354,65535,7008
1686548039,0,1,1,0,1223223,3372,8235,11670,21089,65535,6998,33496,46880,59861,35367,65535,7006
1686548045,0,1,1,0,1223223,3371,8233,11673,21090,65535,7000,33493,46865,59869,35365,65535,7008
1686548051,0,1,1,0,1223223,3370,8232,11673,21082,65535,6996,33486,46865,59866,35361,65535,7008
1686548057,0,1,1,0,1223223,3371,8235,11674,21086,65535,6997,33499,46860,59876,35370,65535,7010
1686548063,0,1,1,0,1223223,3372,8232,11677,21092,65535,6998,33487,46854,59866,35360,65535,7010
1686548069,0,1,1,0,1223223,3369,8233,11673,21083,65535,6997,33267,46560,59452,35140,65535,6964
1686548075,0,1,1,0,1223223,3371,8231,11671,21076,65535,6997,33470,46847,59856,35333,65535,7006
1686548081,0,1,1,0,1223223,3372,8232,11677,21075,65535,6997,33499,46871,59901,35364,65535,7008
1686548087,0,1,1,0,1223223,3370,8232,11670,21082,65535,6996,33472,46848,59869,35354,65535,7006
1686548093,0,1,1,0,1223223,3370,8229,11676,21085,65535,6997,33492,46869,59857,35369,65535,7006
1686548099,0,1,1,0,1223223,3371,8233,11671,21076,65535,6998,33461,46837,59848,35347,65535,7002
1686548105,0,1,1,0,1223223,3371,8231,11667,21078,65535,6998,33483,46853,59852,35355,65535,7006
1686548111,0,1,1,0,1223223,3370,8232,11672,21084,65535,6998,33478,46845,59852,35354,65535,7004
1686548117,0,1,1,0,1223223,3371,8234,11675,21084,65535,6996,33477,46836,59880,35338,65535,7002
1686548123,0,1,1,0,1223223,3371,8227,11668,21082,65535,6996,33489,46853,59858,35360,65535,7007
1686548129,0,1,1,0,1223223,3371,8229,11670,21084,65535,6997,33475,46850,59862,35352,65535,7001
1686548135,0,1,1,0,1223223,3370,8230,11672,21076,65535,6994,33468,46849,59836,35345,65535,7004
1686548141,0,1,1,0,1223223,3370,8232,11669,21082,65535,6998,33464,46862,59827,35345,65535,7005
1686548147,0,1,1,0,1223223,3368,8230,11670,21062,65535,6997,33475,46854,59852,35354,65535,7001
1686548153,0,1,1,0,1223223,3371,8232,11669,21082,65535,6996,33483,46859,59876,35353,65535,7006
1686548159,0,1,1,0,1223223,3370,8229,11666,21087,65535,6994,33482,46846,59858,35343,65535,7003
1686548165,0,1,1,0,1223223,3370,8228,11670,21064,65535,6995,33472,46848,59853,35345,65535,7006
1686548171,0,1,1,0,1223223,3371,8235,11674,21081,65535,6997,33478,46861,59832,35346,65535,7004
1686548177,0,1,1,0,1223223,3372,8232,11673,21078,65535,6998,33475,46859,59864,35349,65535,7008
1686548183,0,1,1,0,1223223,3370,8230,11670,21072,65535,6998,33469,46855,59855,35347,65535,7008
1686548189,0,1,1,0,1223223,3372,8231,11667,21083,65535,6998,33499,46878,59882,35362,65535,7010
1686548195,0,1,1,0,1223223,3370,8233,11672,21087,65535,7000,33494,46849,59875,35364,65535,7008
1686548201,0,1,1,0,1223223,3372,8233,11673,21081,65535,6998,33494,46879,59849,35361,65535,7008
1686548207,0,1,1,0,1223223,3371,8233,11671,21082,65535,6994,33474,46855,59822,35349,65535,7008
1686548213,0,1,1,0,1223223,3370,8232,11671,21081,65535,6998,33483,46860,59858,35351,65535,7005
1686548219,0,1,1,0,1223223,3371,8232,11674,21081,65535,6998,33493,46859,59839,35367,65535,7008
1686548225,0,1,1,0,1223223,3368,8230,11668,21078,65535,7000,33479,46846,59831,35355,65535,7006
1686548231,0,1,1,0,1223223,3369,8229,11660,21073,65535,6996,33461,46838,59853,35337,65535,7002
1686548237,0,1,1,0,1223223,3369,8228,11667,21078,65535,6996,33470,46859,59844,35349,65535,7008
1686548243,0,1,1,0,1223223,3372,8230,11670,21079,65535,6996,33480,46885,59868,35353,65535,7002
1686548249,0,1,1,0,1223223,3371,8230,11667,21069,65535,6996,33473,46855,59863,35347,65535,7002
1686548255,0,1,1,0,1223223,3370,8233,11670,21076,65535,6998,33483,46856,59871,35347,65535,7004
1686548261,0,1,1,0,1223223,3370,8232,11671,21078,65535,6998,33446,46818,59819,35320,65535,7003
1686548267,0,1,1,0,1223223,3372,8233,11667,21091,65535,6996,33485,46856,59886,35358,65535,7006
1686548273,0,1,1,0,1223223,3369,8230,11666,21072,65535,7002,33479,46865,59879,35353,65535,7006
1686548279,0,1,1,0,1223223,3369,8230,11671,21078,65535,7000,33478,46860,59870,35355,65535,7007
1686548285,0,1,1,0,1223223,3370,8232,11668,21078,65535,6996,33469,46837,59864,35347,65535,7004
1686548291,0,1,1,0,1223223,3371,8232,11672,21076,65535,6997,33469,46861,59852,35343,65535,7002
1686548297,0,1,1,0,1223223,3370,8232,11671,21088,65535,6998,33484,46842,59855,35357,65535,7008
1686548303,0,1,1,0,1223223,3370,8235,11671,21083,65535,6996,33488,46844,59899,35346,65535,7006
1686548309,0,1,1,0,1223223,3371,8232,11668,21078,65535,6996,33477,46865,59861,35354,65535,7006
1686548315,0,1,1,0,1223223,3372,8231,11676,21083,65535,6998,33490,46880,59862,35357,65535,7006
1686548321,0,1,1,0,1223223,3370,8233,11674,21080,65535,6994,33477,46861,59842,35342,65535,7004
1686548327,0,1,1,0,1223223,3368,8223,11663,21061,65535,6992,33487,46856,59860,35359,65535,7006
1686548333,0,1,1,0,1223223,3370,8229,11669,21078,65535,6999,33466,46843,59836,35347,65535,7005
1686548339,0,1,1,0,1223223,3371,8234,11673,21084,65535,6996,33480,46866,59845,35356,65535,7008
1686548345,0,1,1,0,1223223,3371,8227,11672,21071,65535,6994,33472,46840,59860,35326,65535,7006
1686548351,0,1,1,0,1223223,3370,8232,11668,21074,65535,7000,33446,46820,59797,35332,65535,7002
1686548357,0,1,1,0,1223223,3370,8232,11669,21079,65535,6996,33485,46869,59860,35358,65535,7005
1686548363,0,1,1,0,1223223,3370,8229,11670,21074,65535,6998,33462,46840,59834,35356,65535,7002
1686548369,0,1,1,0,1223223,3371,8229,11673,21083,65535,6998,33487,46876,59863,35358,65535,7009
1686548375,0,1,1,0,1223223,3371,8231,11676,21082,65535,6998,33481,46866,59891,35360,65535,7006
1686548381,0,1,1,0,1223223,3370,8232,11672,21076,65535,6996,33478,46852,59839,35346,65535,7008
1686548387,0,1,1,0,1223223,3370,8234,11673,21077,65535,6994,33482,46871,59857,35351,65535,7004
1686548393,0,1,1,0,1223223,3370,8233,11671,21082,65535,6998,33485,46872,59859,35359,65535,7010
1686548399,0,1,1,0,1223223,3369,8232,11673,21077,65535,6996,33470,46841,59851,35343,65535,7008
1686548405,0,1,1,0,1223223,3369,8231,11672,21082,65535,6996,33483,46871,59883,35353,65535,7004
1686548411,0,1,1,0,1223223,3369,8232,11676,21077,65535,7000,33471,46858,59881,35349,65535,7004
1686548417,0,1,1,0,1223223,3370,8230,11675,21075,65535,6994,33475,46861,59859,35349,65535,7005
1686548423,0,1,1,0,1223223,3370,8231,11673,21072,65535,6998,33459,46836,59845,35322,65535,7005
1686548429,0,1,1,0,1223223,3370,8230,11668,21076,65535,7000,33482,46872,59862,35348,65535,7010
1686548435,0,1,1,0,1223223,3370,8231,11675,21078,65535,6999,33488,46844,59856,35357,65535,7006
1686548441,0,1,1,0,1223223,3369,8234,11674,21071,65535,6997,33486,46872,59868,35351,65535,7008
1686548447,0,1,1,0,1223223,3372,8233,11678,21072,65535,6997,33489,46867,59869,35353,65535,7006
1686548453,0,1,1,0,1223223,3371,8234,11674,21084,65535,6996,33476,46856,59846,35351,65535,7008
1686548459,0,1,1,0,1223223,3370,8227,11670,21070,65535,6992,33484,46857,59876,35347,65535,7004
1686548465,0,1,1,0,1223223,3371,8235,11674,21090,65535,7000,33481,46863,59859,35365,65535,7006
1686548471,0,1,1,0,1223223,3370,8236,11676,21072,65535,6996,33482,46868,59874,35346,65535,7006
1686548477,0,1,1,0,1223223,3370,8230,11668,21078,65535,6996,33478,46858,59880,35347,65535,7007
1686548483,0,1,1,0,1223223,3372,8234,11673,21076,65535,6998,33481,46864,59883,35366,65535,7003
1686548489,0,1,1,0,1223223,3371,8233,11675,21087,65535,7000,33476,46859,59857,35343,65535,7004
1686548495,0,1,1,0,1223223,3371,8231,11673,21083,65535,7000,33485,46868,59887,35339,65535,7010
1686548501,0,1,1,0,1223223,3371,8234,11671,21089,65535,6998,33493,46886,59899,35366,65535,7009
1686548507,0,1,1,0,1223223,3370,8236,11678,21082,65535,6997,33481,46866,59881,35353,65535,7008
1686548513,0,1,1,0,1223223,3371,8235,11677,21082,65535,6998,33501,46868,59883,35352,65535,7008
1686548519,0,1,1,0,1223223,3370,8230,11669,21082,65535,7000,33486,46870,59852,35355,65535,7002
1686548525,0,1,1,0,1223223,3370,8234,11680,21079,65535,6998,33480,46878,59889,35360,65535,7008
1686548531,0,1,1,0,1223223,3371,8233,11671,21096,65535,6999,33459,46854,59830,35339,65535,7003
1686548537,0,1,1,0,1223223,3368,8231,11672,21077,65535,6996,33487,46878,59895,35369,65535,7006
1686548543,0,1,1,0,1223223,3370,8235,11678,21081,65535,6996,33484,46884,59863,35355,65535,7008
1686548549,0,1,1,0,1223223,3372,8231,11673,21083,65535,6997,33479,46884,59884,35353,65535,7008
1686548555,0,1,1,0,1223223,3372,8235,11678,21087,65535,6998,33475,46860,59877,35354,65535,7009
1686548561,0,1,1,0,1223223,3372,8234,11675,21083,65535,7000,33490,46887,59890,35359,65535,7012
1686548567,0,1,1,0,1223223,3371,8236,11672,21080,65535,7002,33484,46879,59859,35355,65535,7010
1686548573,0,1,1,0,1223223,3369,8231,11671,21078,65535,6998,33485,46882,59880,35358,65535,7006
1686548579,0,1,1,0,1223223,3371,8230,11673,21082,65535,7000,33485,46886,59867,35359,65535,7009
1686548585,0,1,1,0,1223223,3371,8233,11675,21081,65535,7000,33482,46890,59873,35341,65535,7006
1686548591,0,1,1,0,1223223,3370,8231,11673,21082,65535,6998,33486,46851,59867,35349,65535,7008
1686548597,0,1,1,0,1223223,3371,8234,11677,21075,65535,7000,33490,46881,59886,35364,65535,7010
1686548603,0,1,1,0,1223223,3371,8234,11669,21079,65535,7000,33481,46874,59874,35357,65535,7008
1686548609,0,1,1,0,1223223,3371,8236,11673,21083,65535,6998,33481,46872,59861,35347,65535,7006
1686548615,0,1,1,0,1223223,3372,8236,11679,21088,65535,6998,33489,46876,59855,35359,65535,7004
1686548621,0,1,1,0,1223223,3369,8229,11670,21074,65535,6995,33476,46872,59858,35349,65535,7006
1686548627,0,1,1,0,1223223,3370,8234,11669,21076,65535,6998,33478,46871,59855,35351,65535,7002
1686548633,0,1,1,0,1223223,3370,8237,11678,21081,65535,7000,33464,46835,59843,35348,65535,7003
1686548639,0,1,1,0,1223223,3372,8236,11683,21083,65535,6998,33499,46882,59861,35375,65535,7006
1686548645,0,1,1,0,1223223,3371,8237,11677,21079,65535,7000,33485,46863,59860,35353,65535,7010
1686548651,0,1,1,0,1223223,3371,8236,11680,21086,65535,7000,33490,46883,59870,35368,65535,7010
1686548657,0,1,1,0,1223223,3372,8233,11675,21084,65535,6996,33490,46877,59885,35360,65535,7008
1686548663,0,1,1,0,1223223,3370,8239,11673,21080,65535,6998,33485,46863,59858,35359,65535,7006
1686548669,0,1,1,0,1223223,3370,8234,11673,21072,65535,6998,33482,46866,59887,35342,65535,7008
1686548675,0,1,1,0,1223223,3371,8236,11675,21086,65535,6999,33472,46865,59844,35341,65535,7006
1686548681,0,1,1,0,1223223,3370,8233,11672,21082,65535,6998,33482,46868,59877,35358,65535,7012
1686548687,0,1,1,0,1223223,3364,8215,11643,21037,65535,6982,33484,46866,59874,35364,65535,7011
1686548693,0,1,1,0,1223223,3370,8231,11671,21069,65535,6998,33491,46872,59873,35362,65535,7010
1686548699,0,1,1,0,1223223,3371,8235,11673,21071,65535,6994,33482,46858,59848,35367,65535,7007
1686548705,0,1,1,0,1223223,3370,8231,11674,21081,65535,7000,33502,46893,59895,35367,65535,7006
1686548711,0,1,1,0,1223223,3371,8235,11676,21082,65535,6994,33482,46857,59876,35351,65535,7006
1686548717,0,1,1,0,1223223,3371,8234,11675,21066,65535,6994,33484,46871,59868,35354,65535,7006
1686548723,0,1,1,0,1223223,3372,8238,11674,21084,65535,7002,33458,46848,59844,35341,65535,7005
1686548729,0,1,1,0,1223223,3373,8233,11679,21087,65535,7000,33484,46877,59882,35361,65535,7012
1686548735,0,1,1,0,1223223,3371,8235,11671,21078,65535,6999,33492,46850,59889,35373,65535,7008
1686548741,0,1,1,0,1223223,3372,8233,11671,21091,65535,6996,33496,46890,59880,35366,65535,7012
1686548747,0,1,1,0,1223223,3372,8241,11677,21083,65535,6998,33476,46855,59863,35353,65535,7005
1686548753,0,1,1,0,1223223,3374,8236,11678,21085,65535,6998,33486,46875,59882,35359,65535,7008
1686548759,0,1,1,0,1223223,3372,8235,11673,21082,65535,7000,33480,46866,59878,35339,65535,7008
1686548765,0,1,1,0,1223223,3373,8238,11676,21085,65535,7000,33499,46896,59903,35370,65535,7008
1686548771,0,1,1,0,1223223,3372,8237,11673,21084,65535,6998,33493,46890,59893,35346,65535,7012
1686548777,0,1,1,0,1223223,3372,8236,11680,21087,65535,6998,33480,46883,59883,35360,65535,7009
1686548783,0,1,1,0,1223223,3372,8229,11682,21087,65535,7002,33501,46889,59874,35367,65535,7010
1686548789,0,1,1,0,1223223,3371,8233,11678,21082,65535,6999,33480,46873,59870,35350,65535,7006
1686548795,0,1,1,0,1223223,3372,8234,11677,21075,65535,6997,33492,46879,59889,35382,65535,7012
1686548801,0,1,1,0,1223223,3371,8235,11677,21082,65535,6999,33482,46870,59887,35371,65535,7007
1686548807,0,1,1,0,1223223,3372,8235,11671,21082,65535,6998,33479,46858,59861,35352,65535,7006
1686548813,0,1,1,0,1223223,3372,8232,11677,21081,65535,7000,33489,46894,59853,35364,65535,7009
1686548819,0,1,1,0,1223223,3371,8234,11677,21076,65535,7000,33493,46881,59867,35380,65535,7006
1686548825,0,1,1,0,1223223,3372,8234,11679,21086,65535,7000,33487,46856,59881,35363,65535,7008
1686548831,0,1,1,0,1223223,3371,8236,11679,21092,65535,6998,33501,46890,59894,35371,65535,7009
1686548837,0,1,1,0,1223223,3371,8236,11681,21088,65535,7000,33497,46867,59913,35372,65535,7008
1686548843,0,1,1,0,1223223,3372,8230,11676,21084,65535,6998,33496,46884,59880,35367,65535,7009
1686548849,0,1,1,0,1223223,3372,8234,11678,21093,65535,6998,33483,46852,59880,35357,65535,7006
1686548855,0,1,1,0,1223223,3368,8224,11665,21065,65535,6993,33494,46882,59891,35368,65535,7008
1686548861,0,1,1,0,1223223,3372,8234,11676,21086,65535,7000,33482,46881,59880,35358,65535,7006
1686548867,0,1,1,0,1223223,3373,8234,11678,21083,65535,6998,33498,46890,59891,35362,65535,7010
1686548873,0,1,1,0,1223223,3372,8236,11675,21090,65535,6999,33481,46880,59867,35346,65535,7009
1686548879,0,1,1,0,1223223,3371,8237,11680,21089,65535,7000,33485,46868,59877,35365,65535,7005
1686548885,0,1,1,0,1223223,3372,8235,11683,21089,65535,7001,33496,46881,59887,35367,65535,7010
1686548891,0,1,1,0,1223223,3373,8236,11683,21090,65535,7001,33511,46905,59893,35380,65535,7011
1686548897,0,1,1,0,1223223,3374,8239,11679,21089,65535,6999,33479,46867,59835,35368,65535,7004
1686548903,0,1,1,0,1223223,3371,8239,11676,21086,65535,6999,33488,46885,59867,35356,65535,7008
1686548909,0,1,1,0,1223223,3371,8239,11680,21086,65535,7002,33494,46889,59895,35367,65535,7006
1686548915,0,1,1,0,1223223,3371,8234,11674,21087,65535,7002,33500,46873,59913,35374,65535,7010
1686548921,0,1,1,0,1223223,3373,8241,11684,21088,65535,6997,33485,46886,59894,35372,65535,7012
1686548927,0,1,1,0,1223223,3373,8235,11674,21086,65535,7000,33497,46874,59893,35370,65535,7009
1686548933,0,1,1,0,1223223,3373,8237,11679,21081,65535,7002,33506,46868,59908,35371,65535,7012
1686548939,0,1,1,0,1223223,3372,8239,11679,21086,65535,6999,33498,46870,59897,35362,65535,7008
1686548945,0,1,1,0,1223223,3375,8238,11684,21096,65535,7002,33495,46879,59868,35364,65535,7010
1686548951,0,1,1,0,1223223,3373,8239,11682,21085,65535,6999,33506,46896,59898,35369,65535,7010
1686548957,0,1,1,0,1223223,3372,8235,11680,21087,65535,7001,33483,46855,59880,35362,65535,7006
1686548963,0,1,1,0,1223223,3371,8234,11672,21080,65535,7002,33492,46869,59872,35367,65535,7008
1686548969,0,1,1,0,1223223,3372,8236,11677,21082,65535,6999,33481,46879,59885,35355,65535,7011
1686548975,0,1,1,0,1223223,3372,8237,11675,21084,65535,7000,33501,46870,59895,35368,65535,7011
1686548981,0,1,1,0,1223223,3373,8235,11678,21087,65535,7002,33492,46879,59889,35377,65535,7008
1686548987,0,1,1,0,1223223,3373,8238,11682,21091,65535,7000,33504,46888,59909,35366,65535,7009
1686548993,0,1,1,0,1223223,3371,8237,11680,21074,65535,7000,33497,46864,59892,35366,65535,7010
1686548999,0,1,1,0,1223223,3372,8237,11676,21094,65535,7000,33498,46887,59882,35387,65535,7009
1686549005,0,1,1,0,1223223,3372,8236,11679,21086,65535,7004,33502,46889,59901,35371,65535,7008
1686549011,0,1,1,0,1223223,3373,8237,11680,21082,65535,7002,33507,46897,59903,35369,65535,7011
1686549017,0,1,1,0,1223223,3373,8235,11683,21096,65535,7000,33505,46878,59899,35359,65535,7011
1686549023,0,1,1,0,1223223,3372,8239,11685,21092,65535,7000,33509,46885,59907,35376,65535,7012
1686549029,0,1,1,0,1223223,3373,8236,11687,21088,65535,7002,33486,46866,59874,35360,65535,7010
1686549035,0,1,1,0,1223223,3373,8235,11684,21096,65535,7004,33500,46891,59887,35377,65535,7014
1686549041,0,1,1,0,1223223,3371,8234,11672,21080,65535,7000,33494,46875,59860,35358,65535,7008
1686549047,0,1,1,0,1223223,3373,8238,11684,21106,65535,6996,33492,46870,59860,35365,65535,7011
1686549053,0,1,1,0,1223223,3371,8234,11675,21085,65535,6997,33507,46878,59873,35364,65535,7006
1686549059,0,1,1,0,1223223,3372,8237,11678,21088,65535,6998,33506,46881,59900,35372,65535,7010
1686549065,0,1,1,0,1223223,3373,8234,11681,21086,65535,7002,33500,46883,59885,35354,65535,7012
1686549071,0,1,1,0,1223223,3371,8231,11675,21082,65535,6998,33490,46879,59880,35360,65535,7010
1686549077,0,1,1,0,1223223,3373,8236,11676,21083,65535,6997,33495,46877,59878,35362,65535,7006
1686549083,0,1,1,0,1223223,3372,8236,11681,21093,65535,7002,33496,46857,59893,35367,65535,7010
1686549089,0,1,1,0,1223223,3372,8236,11680,21095,65535,7001,33488,46873,59900,35338,65535,7006
1686549095,0,1,1,0,1223223,3371,8234,11677,21087,65535,7000,33483,46866,59893,35360,65535,7010
1686549101,0,1,1,0,1223223,3372,8235,11680,21090,65535,6997,33500,46883,59906,35375,65535,7010
1686549107,0,1,1,0,1223223,3371,8236,11678,21087,65535,6996,33480,46863,59878,35364,65535,7007
1686549113,0,1,1,0,1223223,3371,8236,11679,21088,65535,7000,33509,46872,59876,35380,65535,7011
1686549119,0,1,1,0,1223223,3372,8233,11680,21092,65535,7002,33505,46873,59901,35376,65535,7010
1686549125,0,1,1,0,1223223,3372,8232,11680,21073,65535,7002,33484,46874,59879,35363,65535,7006
1686549131,0,1,1,0,1223223,3371,8235,11678,21074,65535,7004,33501,46884,59887,35372,65535,7007
1686549137,0,1,1,0,1223223,3373,8234,11676,21081,65535,7000,33486,46855,59873,35358,65535,7005
1686549143,0,1,1,0,1223223,3372,8236,11680,21085,65535,7000,33502,46887,59902,35374,65535,7013
1686549149,0,1,1,0,1223223,3372,8242,11677,21094,65535,6998,33512,46901,59879,35373,65535,7008
1686549155,0,1,1,0,1223223,3373,8239,11685,21096,65535,7002,33494,46881,59892,35376,65535,7008
1686549161,0,1,1,0,1223223,3370,8236,11677,21086,65535,6999,33483,46867,59864,35361,65535,7009
1686549167,0,1,1,0,1223223,3371,8233,11679,21076,65535,6998,33480,46890,59887,35357,65535,7006
1686549173,0,1,1,0,1223223,3372,8234,11678,21083,65535,7000,33488,46863,59863,35358,65535,7007
1686549179,0,1,1,0,1223223,3373,8235,11684,21085,65535,6998,33501,46890,59909,35384,65535,7011
1686549185,0,1,1,0,1223223,3374,8240,11681,21090,65535,7001,33504,46895,59893,35373,65535,7008
1686549191,0,1,1,0,1223223,3372,8237,11681,21089,65535,7002,33507,46894,59895,35373,65535,7013
1686549197,0,1,1,0,1223223,3373,8238,11683,21085,65535,7002,33488,46890,59872,35362,65535,7010
1686549203,0,1,1,0,1223223,3372,8238,11680,21095,65535,7001,33504,46887,59897,35366,65535,7010
1686549209,0,1,1,0,1223223,3374,8237,11678,21085,65535,7002,33495,46876,59891,35366,65535,7008
1686549215,0,1,1,0,1223223,3372,8235,11678,21083,65535,6997,33498,46872,59863,35368,65535,7009
1686549221,0,1,1,0,1223223,3374,8236,11676,21093,65535,7002,33496,46894,59881,35370,65535,7010
1686549227,0,1,1,0,1223223,3373,8235,11680,21090,65535,7000,33511,46911,59900,35382,65535,7008
1686549233,0,1,1,0,1223223,3372,8235,11674,21081,65535,7002,33487,46871,59865,35363,65535,7009
1686549239,0,1,1,0,1223223,3371,8237,11676,21084,65535,7000,33502,46893,59882,35375,65535,7010
1686549245,0,1,1,0,1223223,3373,8238,11681,21092,65535,7004,33494,46881,59883,35370,65535,7010
1686549251,0,1,1,0,1223223,3372,8233,11678,21092,65535,7002,33486,46863,59844,35364,65535,7008
1686549257,0,1,1,0,1223223,3374,8241,11679,21082,65535,7000,33502,46862,59877,35372,65535,7008
1686549263,0,1,1,0,1223223,3372,8237,11679,21083,65535,7000,33491,46868,59871,35371,65535,7009
1686549269,0,1,1,0,1223223,3373,8233,11684,21089,65535,7001,33483,46880,59860,35360,65535,7010
1686549275,0,1,1,0,1223223,3372,8234,11674,21080,65535,7003,33484,46872,59875,35364,65535,7010
1686549281,0,1,1,0,1223223,3371,8238,11679,21088,65535,7001,33479,46886,59868,35353,65535,7010
1686549287,0,1,1,0,1223223,3372,8234,11680,21093,65535,7000,33496,46882,59866,35378,65535,7010
1686549293,0,1,1,0,1223223,3370,8235,11674,21085,65535,7001,33495,46886,59861,35365,65535,7009
1686549299,0,1,1,0,1223223,3371,8233,11670,21085,65535,7000,33480,46869,59874,35364,65535,7009
1686549305,0,1,1,0,1223223,3370,8238,11679,21083,65535,6998,33496,46866,59896,35371,65535,7006
1686549311,0,1,1,0,1223223,3370,8233,11678,21083,65535,6995,33493,46869,59884,35361,65535,7004
1686549317,0,1,1,0,1223223,3372,8237,11681,21089,65535,7001,33498,46887,59875,35355,65535,7006
1686549323,0,1,1,0,1223223,3371,8237,11679,21089,65535,6999,33475,46867,59863,35355,65535,7006
1686549329,0,1,1,0,1223223,3372,8230,11675,21087,65535,6998,33499,46890,59893,35374,65535,7012
1686549335,0,1,1,0,1223223,3372,8235,11674,21075,65535,6998,33485,46871,59860,35363,65535,7006
1686549341,0,1,1,0,1223223,3372,8237,11684,21087,65535,7000,33502,46888,59909,35378,65535,7008
1686549347,0,1,1,0,1223223,3372,8232,11678,21090,65535,6998,33499,46880,59902,35355,65535,7010
1686549353,0,1,1,0,1223223,3372,8237,11677,21090,65535,7004,33494,46886,59897,35372,65535,7012
1686549359,0,1,1,0,1223223,3373,8234,11677,21086,65535,6998,33498,46880,59885,35350,65535,7008
1686549365,0,1,1,0,1223223,3371,8230,11671,21082,65535,6998,33496,46884,59900,35367,65535,7008
1686549371,0,1,1,0,1223223,3371,8235,11673,21083,65535,7001,33491,46879,59890,35363,65535,7006
1686549377,0,1,1,0,1223223,3371,8235,11679,21095,65535,6997,33490,46878,59880,35360,65535,7009
1686549383,0,1,1,0,1223223,3369,8232,11670,21080,65535,6996,33492,46868,59894,35362,65535,7006
1686549389,0,1,1,0,1223223,3371,8233,11677,21077,65535,6998,33485,46865,59856,35354,65535,7006
1686549395,0,1,1,0,1223223,3371,8235,11674,21095,65535,7000,33491,46884,59902,35366,65535,7012
1686549401,0,1,1,0,1223223,3371,8236,11674,21085,65535,7002,33487,46877,59872,35358,65535,7008
1686549407,0,1,1,0,1223223,3372,8236,11680,21091,65535,7000,33486,46872,59892,35363,65535,7010
1686549413,0,1,1,0,1223223,3372,8237,11683,21087,65535,7004,33491,46883,59903,35350,65535,7012
1686549419,0,1,1,0,1223223,3372,8233,11674,21075,65535,7002,33507,46879,59911,35370,65535,7010
1686549425,0,1,1,0,1223223,3370,8236,11679,21086,65535,7001,33482,46875,59863,35356,65535,7010
1686549431,0,1,1,0,1223223,3372,8236,11681,21089,65535,7002,33499,46884,59874,35371,65535,7008
1686549437,0,1,1,0,1223223,3372,8236,11677,21084,65535,7002,33496,46892,59902,35371,65535,7008
1686549443,0,1,1,0,1223223,3371,8236,11679,21080,65535,7000,33489,46874,59898,35367,65535,7010
1686549449,0,1,1,0,1223223,3372,8235,11682,21091,65535,6998,33487,46873,59898,35362,65535,7008
1686549455,0,1,1,0,1223223,3372,8236,11675,21087,65535,6998,33473,46872,59865,35360,65535,7008
1686549461,0,1,1,0,1223223,3371,8235,11671,21082,65535,7002,33479,46869,59863,35338,65535,7008
1686549467,0,1,1,0,1223223,3370,8231,11672,21075,65535,6994,33462,46840,59840,35339,65535,7000
1686549473,0,1,1,0,1223223,3372,8235,11680,21088,65535,6995,33492,46872,59886,35367,65535,7007
1686549479,0,1,1,0,1223223,3371,8234,11674,21085,65535,7000,33481,46860,59859,35367,65535,7010
1686549485,0,1,1,0,1223223,3372,8235,11678,21086,65535,6997,33496,46875,59886,35351,65535,7012
1686549491,0,1,1,0,1223223,3372,8232,11678,21083,65535,7000,33507,46884,59886,35372,65535,7008
1686549497,0,1,1,0,1223223,3372,8237,11677,21092,65535,7001,33485,46870,59853,35361,65535,7010
1686549503,0,1,1,0,1223223,3370,8232,11678,21084,65535,6998,33478,46857,59880,35363,65535,7010
1686549509,0,1,1,0,1223223,3372,8238,11678,21091,65535,6999,33496,46880,59901,35355,65535,7006
1686549515,0,1,1,0,1223223,3372,8234,11675,21083,65535,7000,33486,46860,59871,35347,65535,7008
1686549521,0,1,1,0,1223223,3370,8237,11672,21085,65535,6997,33496,46884,59884,35358,65535,7006
1686549527,0,1,1,0,1223223,3371,8230,11674,21083,65535,7000,33479,46863,59850,35354,65535,7008
1686549533,0,1,1,0,1223223,3371,8233,11672,21084,65535,6997,33485,46869,59874,35364,65535,7011
1686549539,0,1,1,0,1223223,3372,8234,11676,21086,65535,6998,33459,46851,59875,35356,65535,7008
1686549545,0,1,1,0,1223223,3372,8236,11676,21088,65535,7000,33496,46879,59891,35365,65535,7010
1686549551,0,1,1,0,1223223,3370,8232,11672,21077,65535,6997,33469,46846,59840,35337,65535,7005
1686549557,0,1,1,0,1223223,3371,8234,11676,21085,65535,6999,33504,46882,59889,35368,65535,7008
1686549563,0,1,1,0,1223223,3373,8234,11676,21089,65535,6998,33492,46872,59887,35364,65535,7007
1686549569,0,1,1,0,1223223,3368,8233,11675,21084,65535,6996,33483,46865,59869,35366,65535,7008
1686549575,0,1,1,0,1223223,3370,8234,11670,21075,65535,6996,33474,46860,59852,35347,65535,7003
1686549581,0,1,1,0,1223223,3370,8234,11674,21079,65535,6999,33480,46870,59873,35363,65535,7010
1686549587,0,1,1,0,1223223,3372,8233,11674,21083,65535,7000,33469,46857,59858,35351,65535,7008
1686549593,0,1,1,0,1223223,3371,8231,11676,21086,65535,7000,33477,46859,59861,35356,65535,7006
1686549599,0,1,1,0,1223223,3371,8235,11677,21085,65535,6998,33470,46852,59865,35350,65535,7004
