Timestamp,Amber,White,On,Override,Intensity,AS00,AS01,AS02,AS03,AS04,AS05,AS06,AS07,AS08,AS09,AS10,AS11
1686531605,0,1,0,0,2,37,46,69,91,883,672,116,120,155,168,884,674
1686531611,0,1,0,0,2,37,46,69,91,884,674,117,120,155,168,884,674
1686531617,0,1,0,0,2,37,46,69,91,886,676,117,120,156,169,886,674
1686531623,0,1,0,0,2,37,46,69,91,883,672,117,120,155,169,884,672
1686531629,0,1,0,0,2,37,47,69,91,886,674,117,120,155,169,887,674
1686531635,0,1,0,0,2,37,47,69,91,885,674,116,121,155,169,886,674
1686531641,0,1,0,0,2,37,46,69,92,887,672,117,121,156,169,886,670
1686531647,0,1,0,0,2,37,46,69,92,885,670,117,120,156,170,885,670
1686531653,0,1,0,0,2,37,46,70,92,885,672,117,121,156,169,885,672
1686531659,0,1,0,0,2,37,46,69,93,888,674,117,121,157,170,889,674
1686531665,0,1,0,0,2,37,46,69,92,888,672,117,121,157,170,888,672
1686531671,0,1,0,0,2,37,47,69,92,886,670,117,122,156,170,886,672
1686531677,0,1,0,0,2,37,46,70,93,891,674,118,121,157,171,890,674
1686531683,0,1,0,0,2,38,46,70,92,891,676,118,122,157,171,892,676
1686531689,0,1,0,0,2,38,47,70,93,893,676,118,121,157,171,893,676
1686531695,0,1,0,0,2,37,46,70,92,891,674,118,122,157,172,891,674
1686531701,0,1,0,0,2,38,47,70,93,894,676,118,122,158,172,894,676
1686531707,0,1,0,0,2,38,47,70,93,894,676,118,122,158,171,894,676
1686531713,0,1,0,0,2,38,47,70,93,894,676,118,122,158,171,894,674
1686531719,0,1,0,0,2,38,47,70,93,894,674,118,122,158,171,894,676
1686531725,0,1,0,0,2,38,47,70,94,895,676,119,122,158,172,897,678
1686531731,0,1,0,0,2,38,46,70,93,897,678,118,123,158,172,897,680
1686531737,0,1,0,0,2,38,48,71,93,899,680,119,123,159,172,898,680
1686531743,0,1,0,0,2,38,48,70,93,898,678,119,123,159,173,899,678
1686531749,0,1,0,0,2,37,47,70,93,895,674,119,122,159,173,895,674
1686531755,0,1,0,0,2,37,47,71,93,893,670,119,122,158,172,892,670
1686531761,0,1,0,0,2,37,48,71,93,897,674,119,123,159,173,897,676
1686531767,0,1,0,0,2,37,47,71,93,898,674,119,123,160,173,898,674
1686531773,0,1,0,0,2,38,47,71,94,900,680,120,123,160,174,901,678
1686531779,0,1,0,0,2,37,47,71,94,902,678,120,123,159,174,903,680
1686531785,0,1,0,0,2,38,48,70,94,904,680,120,124,160,173,903,680
1686531791,0,1,0,0,2,38,47,71,94,904,680,120,123,160,174,904,680
1686531797,0,1,0,0,2,38,47,70,94,904,680,120,124,161,174,904,680
1686531803,0,1,0,0,2,38,47,71,94,902,676,119,124,160,174,902,676
1686531809,0,1,0,0,2,38,47,71,94,900,674,120,124,160,174,901,676
1686531815,0,1,0,0,2,38,48,71,94,901,674,120,124,161,175,904,676
1686531821,0,1,0,0,2,38,47,71,94,900,672,119,124,161,174,900,674
1686531827,0,1,0,0,2,38,47,71,95,906,680,121,125,161,175,905,680
1686531833,0,1,0,0,2,38,48,71,94,906,678,120,124,161,175,906,678
1686531839,0,1,0,0,2,38,48,71,95,907,678,121,124,162,175,906,678
1686531845,0,1,0,0,2,38,48,71,94,906,679,120,124,161,175,906,680
1686531851,0,1,0,0,2,38,48,71,95,906,678,121,125,162,176,906,678
1686531857,0,1,0,0,2,38,48,72,95,910,682,121,125,162,176,910,682
1686531863,0,1,0,0,2,38,48,71,95,908,678,121,125,162,176,908,678
1686531869,0,1,0,0,2,38,47,72,95,909,678,121,125,162,176,909,680
1686531875,0,1,0,0,2,38,47,71,94,903,676,121,125,162,176,908,678
1686531881,0,1,0,0,2,38,47,71,95,902,670,121,125,162,176,902,668
1686531887,0,1,0,0,2,38,47,72,95,909,678,121,126,163,177,909,678
1686531893,0,1,0,0,2,38,48,71,95,909,678,121,125,162,177,907,678
1686531899,0,1,0,0,2,38,48,72,96,909,678,121,125,162,176,909,678
1686531905,0,1,0,0,2,39,48,72,96,915,682,122,127,164,178,913,680
1686531911,0,1,0,0,2,38,48,72,95,912,680,122,125,163,177,911,680
1686531917,0,1,0,0,2,38,48,72,96,913,680,122,126,163,178,914,680
1686531923,0,1,0,0,2,38,48,73,95,914,680,122,127,164,178,915,680
1686531929,0,1,0,0,2,38,48,72,97,915,682,122,126,164,179,915,682
1686531935,0,1,0,0,2,38,48,72,96,915,682,122,125,163,178,914,682
1686531941,0,1,0,0,2,38,48,72,97,915,680,123,126,164,179,914,682
1686531947,0,1,0,0,2,38,48,72,96,916,680,123,127,164,178,914,680
1686531953,0,1,0,0,2,38,48,73,96,911,674,122,126,164,179,911,672
1686531959,0,1,0,0,2,38,50,73,96,917,680,123,127,165,179,915,680
1686531965,0,1,0,0,2,39,48,72,96,916,680,123,127,164,179,914,678
1686531971,0,1,0,0,2,38,48,72,96,913,676,123,126,164,179,912,674
1686531977,0,1,0,0,2,38,48,72,96,914,678,123,127,165,179,915,678
1686531983,0,1,0,0,2,39,48,73,96,919,682,123,127,166,180,919,682
1686531989,0,1,0,0,2,39,48,73,96,921,684,123,128,166,180,921,682
1686531995,0,1,0,0,2,38,48,73,97,921,682,124,128,166,180,921,682
1686532001,0,1,0,0,2,39,48,73,96,916,676,124,127,165,181,916,676
1686532007,0,1,0,0,2,39,48,73,97,918,678,123,128,166,180,919,678
1686532013,0,1,0,0,2,39,48,72,97,909,666,123,127,165,180,908,664
1686532019,0,1,0,0,2,39,49,73,97,916,672,123,127,166,180,916,672
1686532025,0,1,0,0,2,38,49,73,97,922,680,124,128,167,181,922,680
1686532031,0,1,0,0,2,39,49,73,98,922,682,124,128,167,181,922,680
1686532037,0,1,0,0,2,39,49,73,97,924,682,124,128,167,181,924,682
1686532043,0,1,0,0,2,38,49,74,98,922,680,124,128,167,182,922,680
1686532049,0,1,0,0,2,39,48,73,97,921,676,124,128,167,182,918,674
1686532055,0,1,0,0,2,38,48,72,96,901,654,123,127,166,180,901,656
1686532061,0,1,0,0,2,38,48,73,97,912,664,124,128,167,182,912,666
1686532067,0,1,0,0,2,38,48,73,98,915,668,124,128,167,182,916,668
1686532073,0,1,0,0,2,38,48,73,97,914,668,124,128,167,182,916,670
1686532079,0,1,0,0,2,39,49,74,98,921,676,125,129,168,183,922,674
1686532085,0,1,0,0,2,39,49,74,98,927,680,125,129,168,183,927,680
1686532091,0,1,0,0,2,39,48,74,98,926,682,125,129,168,182,927,680
1686532097,0,1,0,0,2,39,49,73,98,927,682,125,129,168,183,928,682
1686532103,0,1,0,0,2,39,49,74,98,929,682,125,130,168,183,928,682
1686532109,0,1,0,0,2,39,49,74,99,927,680,126,130,169,183,928,680
1686532115,0,1,0,0,2,39,49,74,98,925,676,125,129,168,182,924,676
1686532121,0,1,0,0,2,39,49,74,99,931,684,125,130,169,184,932,682
1686532127,0,1,0,0,2,39,49,74,98,928,680,126,129,169,183,928,680
1686532133,0,1,0,0,2,39,49,74,98,929,680,126,130,169,184,930,682
1686532139,0,1,0,0,2,39,49,74,98,929,680,126,130,169,184,929,680
1686532145,0,1,0,0,2,39,49,74,99,934,684,126,130,169,184,934,684
1686532151,0,1,0,0,2,39,49,75,99,933,682,126,130,170,185,933,682
1686532157,0,1,0,0,2,39,50,75,99,932,682,126,131,170,185,931,680
1686532163,0,1,0,0,2,39,49,74,99,932,680,126,131,170,185,931,680
1686532169,0,1,0,0,2,40,50,75,99,933,680,126,131,171,185,933,680
1686532175,0,1,0,0,2,39,49,74,99,933,682,127,131,170,185,933,680
1686532181,0,1,0,0,2,39,50,75,100,935,682,127,132,171,186,934,680
1686532187,0,1,0,0,2,39,49,75,99,934,682,127,131,171,186,934,682
1686532193,0,1,0,0,2,39,50,75,99,936,684,127,131,171,185,937,684
1686532199,0,1,0,0,2,39,49,75,100,936,682,127,132,171,186,935,682
1686532205,0,1,0,0,2,40,50,75,99,936,682,127,131,171,186,936,682
1686532211,0,1,0,0,2,39,50,75,100,940,686,128,132,172,187,941,686
1686532217,0,1,0,0,2,39,50,75,100,942,686,128,132,171,187,941,688
1686532223,0,1,0,0,2,40,50,75,100,942,686,128,132,172,187,942,686
1686532229,0,1,0,0,2,39,50,75,100,942,686,128,132,172,188,942,686
1686532235,0,1,0,0,2,40,50,75,100,941,686,127,132,172,187,941,686
1686532241,0,1,0,0,2,39,51,76,100,939,682,127,132,172,187,938,682
1686532247,0,1,0,0,2,40,50,76,100,940,682,128,133,173,188,940,680
1686532253,0,1,0,0,2,39,50,75,100,936,678,128,132,173,187,936,676
1686532259,0,1,0,0,2,39,50,75,101,940,680,128,133,173,188,940,680
1686532265,0,1,0,0,2,40,50,75,100,939,680,128,132,174,187,940,680
1686532271,0,1,0,0,2,39,50,75,101,941,682,128,133,173,188,941,682
1686532277,0,1,0,0,2,40,50,76,101,944,686,129,132,173,188,943,684
1686532283,0,1,0,0,2,40,50,76,101,946,686,129,133,174,189,946,686
1686532289,0,1,0,0,2,39,50,76,101,945,684,129,133,174,188,945,686
1686532295,0,1,0,0,2,39,50,76,101,945,684,129,133,174,189,945,683
1686532301,0,1,0,0,2,40,50,76,101,946,686,129,133,174,189,946,684
1686532307,0,1,0,0,2,40,50,76,102,946,684,129,133,174,189,945,682
1686532313,0,1,0,0,2,40,50,76,101,946,684,129,134,174,190,946,684
1686532319,0,1,0,0,2,40,50,76,101,949,686,130,134,175,190,949,684
1686532325,0,1,0,0,2,40,50,77,101,949,686,130,133,175,189,950,686
1686532331,0,1,0,0,2,40,51,76,102,950,686,129,134,175,190,950,686
1686532337,0,1,0,0,2,40,51,76,101,950,686,129,134,175,191,950,688
1686532343,0,1,0,0,2,40,51,76,101,951,686,130,134,175,190,950,688
1686532349,0,1,0,0,2,40,51,76,102,952,688,130,135,175,190,953,688
1686532355,0,1,0,0,2,40,51,76,101,951,686,129,135,175,190,951,686
1686532361,0,1,0,0,2,40,50,77,102,952,688,130,134,176,191,953,688
1686532367,0,1,0,0,2,40,51,77,102,954,688,130,135,176,191,953,688
1686532373,0,1,0,0,2,40,51,77,102,953,688,131,135,176,191,953,688
1686532379,0,1,0,0,2,40,50,77,102,953,688,130,135,176,191,955,688
1686532385,0,1,0,0,2,40,51,77,102,955,688,131,135,176,191,955,688
1686532391,0,1,0,0,2,40,51,77,102,955,688,131,135,176,192,955,688
1686532397,0,1,0,0,2,40,51,77,102,956,690,131,135,177,192,956,690
1686532403,0,1,0,0,2,40,50,77,103,957,688,131,135,177,192,956,688
1686532409,0,1,0,0,2,40,50,77,102,953,686,130,135,176,191,953,686
1686532415,0,1,0,0,2,40,51,77,102,955,686,131,137,178,192,955,686
1686532421,0,1,0,0,2,40,51,77,102,953,684,131,135,176,192,954,684
1686532427,0,1,0,0,2,40,50,76,102,944,672,131,135,176,191,943,672
1686532433,0,1,0,0,2,39,51,76,102,950,678,131,134,177,191,950,680
1686532439,0,1,0,0,2,40,50,77,102,955,686,132,136,177,193,956,686
1686532445,0,1,0,0,2,40,51,78,103,957,682,132,136,177,193,956,684
1686532451,0,1,0,0,2,40,51,77,103,959,686,132,136,178,193,959,686
1686532457,0,1,0,0,2,40,51,78,103,960,688,132,137,178,193,961,688
1686532463,0,1,0,0,2,40,51,78,103,961,688,132,136,178,193,961,688
1686532469,0,1,0,0,2,40,51,78,103,962,690,132,136,178,193,962,690
1686532475,0,1,0,0,2,40,51,78,103,960,686,132,137,179,194,961,688
1686532481,0,1,0,0,2,40,50,78,103,961,688,132,137,178,195,961,688
1686532487,0,1,0,0,2,41,51,77,103,964,690,133,137,178,194,962,690
1686532493,0,1,0,0,2,40,51,77,104,965,690,133,137,179,194,965,690
1686532499,0,1,0,0,2,41,51,78,103,965,690,133,137,179,195,965,690
1686532505,0,1,0,0,2,40,52,78,103,965,690,133,137,179,195,965,690
1686532511,0,1,0,0,2,41,51,78,104,964,688,133,137,179,195,963,688
1686532517,0,1,0,0,2,40,51,78,104,967,690,133,137,179,195,967,690
1686532523,0,1,0,0,2,41,51,78,104,966,688,133,138,180,195,966,688
1686532529,0,1,0,0,2,40,51,78,104,963,686,132,138,180,195,963,686
1686532535,0,1,0,0,2,40,51,78,104,962,684,133,137,180,195,962,686
1686532541,0,1,0,0,2,41,52,78,104,966,690,134,138,180,196,967,688
1686532547,0,1,0,0,2,40,52,78,104,966,688,134,138,181,196,967,688
1686532553,0,1,0,0,2,41,52,79,104,969,690,133,138,181,196,969,688
1686532559,0,1,0,0,2,41,51,78,105,969,690,134,138,180,196,970,690
1686532565,0,1,0,0,2,41,51,78,104,967,688,133,138,180,196,967,688
1686532571,0,1,0,0,2,41,52,78,104,970,690,134,139,181,197,972,690
1686532577,0,1,0,0,2,41,52,78,105,971,690,134,138,181,197,973,692
1686532583,0,1,0,0,2,41,52,79,105,973,692,134,139,181,198,973,692
1686532589,0,1,0,0,2,41,52,79,105,972,690,135,139,182,197,973,690
1686532595,0,1,0,0,2,41,52,79,105,970,690,134,138,181,196,969,690
1686532601,0,1,0,0,2,40,52,79,105,970,686,134,139,181,197,970,686
1686532607,0,1,0,0,2,41,52,79,105,972,688,135,139,182,197,972,688
1686532613,0,1,0,0,2,40,52,79,105,973,690,135,139,182,198,974,690
1686532619,0,1,0,0,2,41,51,79,105,973,690,135,139,182,198,972,690
1686532625,0,1,0,0,2,41,52,79,105,975,690,135,140,182,198,975,690
1686532631,0,1,0,0,2,41,52,79,105,974,690,135,139,183,198,972,690
1686532637,0,1,0,0,2,41,52,80,105,975,688,135,140,182,198,975,690
1686532643,0,1,0,0,2,41,52,79,105,975,690,135,140,182,199,975,690
1686532649,0,1,0,0,2,41,52,80,106,975,690,135,139,183,198,975,690
1686532655,0,1,0,0,2,41,52,79,106,976,688,136,140,183,199,975,688
1686532661,0,1,0,0,2,41,52,80,106,979,690,136,141,184,199,978,692
1686532667,0,1,0,0,2,41,52,79,106,979,692,136,140,184,199,979,692
1686532673,0,1,0,0,2,41,52,79,106,978,692,136,140,184,199,978,692
1686532679,0,1,0,0,2,41,52,80,106,980,694,136,140,183,199,978,692
1686532685,0,1,0,0,2,41,52,79,106,979,692,136,141,184,199,980,694
1686532691,0,1,0,0,2,41,52,80,106,979,692,136,141,183,199,979,692
1686532697,0,1,0,0,2,41,52,79,107,980,692,136,141,184,200,980,692
1686532703,0,1,0,0,2,41,52,80,106,979,690,136,140,184,200,980,690
1686532709,0,1,0,0,2,40,52,80,107,978,690,136,141,184,199,979,690
1686532715,0,1,0,0,2,41,52,79,106,971,684,135,140,183,198,971,684
1686532721,0,1,0,0,2,41,52,79,106,973,686,136,140,183,198,975,686
1686532727,0,1,0,0,2,41,52,79,105,970,684,135,140,182,198,970,684
1686532733,0,1,0,0,2,41,52,80,107,981,690,136,141,185,200,981,690
1686532739,0,1,0,0,2,41,52,79,106,976,688,136,140,183,199,977,688
1686532745,0,1,0,0,2,41,52,80,106,978,688,136,141,184,199,978,688
1686532751,0,1,0,0,2,41,52,79,107,977,686,137,140,184,199,976,686
1686532757,0,1,0,0,2,41,53,81,107,981,688,137,141,186,201,982,688
1686532763,0,1,0,0,2,41,52,79,106,976,682,137,141,184,201,977,684
1686532769,0,1,0,0,2,41,52,80,107,977,684,137,141,184,200,978,684
1686532775,0,1,0,0,2,41,53,80,107,979,686,137,141,185,200,980,686
1686532781,0,1,0,0,2,41,53,80,107,982,688,137,142,185,201,982,688
1686532787,0,1,0,0,2,41,52,80,107,978,684,137,141,184,200,977,684
1686532793,0,1,0,0,2,41,52,80,107,980,686,137,141,185,200,979,686
1686532799,0,1,0,0,2,41,52,80,107,981,686,137,141,186,201,981,686
1686532805,0,1,0,0,2,41,52,80,107,978,684,136,141,186,200,979,686
1686532811,0,1,0,0,2,41,52,80,107,973,682,136,140,183,198,972,680
1686532817,0,1,0,0,2,42,53,81,107,984,686,137,142,186,202,985,688
1686532823,0,1,0,0,2,41,53,80,107,975,682,137,141,184,200,977,684
1686532829,0,1,0,0,2,41,52,80,107,978,682,137,141,185,201,978,680
1686532835,0,1,0,0,2,41,52,80,106,975,680,136,141,185,199,976,680
1686532841,0,1,0,0,2,41,52,80,108,983,686,138,142,186,202,983,686
1686532847,0,1,0,0,2,41,53,80,107,977,682,138,142,186,202,983,684
1686532853,0,1,0,0,2,41,53,80,107,979,684,137,142,185,200,979,684
1686532859,0,1,0,0,2,41,52,80,107,979,684,137,141,185,200,979,684
1686532865,0,1,0,0,2,41,53,81,108,986,688,138,143,187,203,988,690
1686532871,0,1,0,0,2,41,53,81,107,983,686,138,143,187,202,986,688
1686532877,0,1,0,0,2,41,53,81,108,987,688,139,142,187,203,986,688
1686532883,0,1,0,0,2,41,53,81,107,984,686,139,143,188,203,988,688
1686532889,0,1,0,0,2,41,53,81,107,983,684,138,142,186,202,981,682
1686532895,0,1,0,0,2,42,54,81,108,990,688,140,144,188,204,991,690
1686532901,0,1,0,0,2,41,54,81,108,989,688,139,143,187,203,987,686
1686532907,0,1,0,0,2,41,53,81,108,988,688,139,143,188,203,987,688
1686532913,0,1,0,0,2,41,53,81,108,988,688,139,144,188,204,991,690
1686532919,0,1,0,0,2,41,53,81,108,986,686,138,142,187,203,985,684
1686532925,0,1,0,0,2,41,52,80,107,974,680,136,141,184,199,971,678
1686532931,0,1,0,0,2,41,52,81,107,974,678,137,141,185,200,975,678
1686532937,0,1,0,0,2,41,52,80,107,973,676,137,142,184,201,973,676
1686532943,0,1,0,0,2,41,52,81,107,979,680,138,142,186,202,979,680
1686532949,0,1,0,0,2,42,52,80,108,980,682,138,142,186,202,981,682
1686532955,0,1,0,0,2,41,52,81,108,981,682,137,142,186,201,978,680
1686532961,0,1,0,0,2,42,53,82,109,993,688,140,144,188,205,992,688
1686532967,0,1,0,0,2,41,52,81,108,981,680,139,143,187,203,983,682
1686532973,0,1,0,0,2,41,52,80,107,975,678,137,141,185,201,975,678
1686532979,0,1,0,0,2,41,52,81,108,982,680,138,142,186,202,982,682
1686532985,0,1,0,0,2,41,53,80,107,977,678,138,142,187,202,979,678
1686532991,0,1,0,0,2,41,53,81,108,986,682,139,144,189,204,988,684
1686532997,0,1,0,0,2,41,54,81,107,981,680,138,143,187,202,982,680
1686533003,0,1,0,0,2,41,53,81,107,979,680,138,142,187,202,980,680
1686533009,0,1,0,0,2,41,53,81,108,984,682,139,143,187,203,984,682
1686533015,0,1,0,0,2,41,52,81,108,982,682,138,142,187,202,982,680
1686533021,0,1,0,0,2,41,52,80,107,975,678,138,142,186,201,978,678
1686533027,0,1,0,0,2,41,53,81,108,986,682,139,143,187,204,986,684
1686533033,0,1,0,0,2,41,52,81,108,977,678,138,143,188,203,981,680
1686533039,0,1,0,0,2,41,53,81,108,978,678,138,142,186,202,978,676
1686533045,0,1,0,0,2,40,52,80,106,970,672,136,141,184,199,968,672
1686533051,0,1,0,0,2,40,52,80,107,974,676,137,142,185,201,974,676
1686533057,0,1,0,0,2,40,52,80,106,969,672,137,140,184,201,970,672
1686533063,0,1,0,0,2,41,51,80,107,967,670,137,141,184,200,968,668
1686533069,0,1,0,0,2,40,51,79,106,964,668,136,140,184,199,966,668
1686533075,0,1,0,0,2,40,51,79,106,961,666,136,140,183,199,962,666
1686533081,0,1,0,0,2,40,52,79,106,964,668,136,140,183,199,964,668
1686533087,0,1,0,0,2,41,52,81,109,980,676,139,144,188,203,982,676
1686533093,0,1,0,0,2,41,52,80,107,972,672,137,142,185,200,972,672
1686533099,0,1,0,0,2,41,53,80,107,970,670,137,141,185,201,971,672
1686533105,0,1,0,0,2,41,52,80,107,971,672,137,142,185,201,972,672
1686533111,0,1,0,0,2,41,53,81,109,985,678,139,144,188,205,983,678
1686533117,0,1,0,0,2,41,52,81,108,977,674,138,142,186,202,976,674
1686533123,0,1,0,0,2,41,53,80,107,973,672,137,141,185,201,970,670
1686533129,0,1,0,0,2,41,52,80,107,973,672,138,141,186,202,973,672
1686533135,0,1,0,0,2,40,51,79,105,960,666,136,140,183,199,963,666
1686533141,0,1,0,0,2,42,53,82,110,994,682,140,144,190,206,993,682
1686533147,0,1,0,0,2,41,52,79,106,964,668,136,141,184,200,965,668
1686533153,0,1,0,0,2,40,51,79,107,961,664,136,140,183,199,961,664
1686533159,0,1,0,0,2,40,52,80,106,964,662,137,141,186,201,970,668
1686533165,0,1,0,0,2,40,53,80,107,973,672,137,142,186,201,972,670
1686533171,0,1,0,0,2,41,52,81,107,972,672,137,142,186,201,973,672
1686533177,0,1,0,0,2,40,51,79,105,958,664,136,141,183,199,960,664
1686533183,0,1,0,0,2,40,53,79,107,967,668,137,141,184,201,969,670
1686533189,0,1,0,0,2,40,53,79,106,961,662,136,140,184,198,961,662
1686533195,0,1,0,0,2,40,51,79,106,953,656,135,139,182,197,954,656
1686533201,0,1,0,0,2,39,51,78,104,943,652,134,138,181,196,949,654
1686533207,0,1,0,0,2,41,52,80,107,970,666,138,142,186,201,970,666
1686533213,0,1,0,0,2,40,52,80,107,967,666,137,140,185,200,967,666
1686533219,0,1,0,0,2,40,52,80,107,969,668,137,141,185,200,967,666
1686533225,0,1,0,0,2,41,52,80,108,971,668,136,140,185,200,966,666
1686533231,0,1,0,0,2,41,52,80,107,967,666,137,141,185,201,968,668
1686533237,0,1,0,0,2,40,51,79,105,953,658,135,139,182,197,954,658
1686533243,0,1,0,0,2,41,52,80,107,970,668,137,141,185,201,968,666
1686533249,0,1,0,0,2,41,52,80,107,972,670,137,142,186,201,972,670
1686533255,0,1,0,0,2,41,52,80,107,972,668,138,142,186,201,971,668
1686533261,0,1,0,0,2,40,52,79,106,962,664,136,140,184,199,963,662
1686533267,0,1,0,0,2,40,52,80,107,972,670,138,142,185,202,971,670
1686533273,0,1,0,0,2,41,52,80,108,971,668,137,142,186,202,971,668
1686533279,0,1,0,0,2,41,52,80,107,968,666,137,141,185,201,968,666
1686533285,0,1,0,0,2,40,52,79,106,963,662,136,140,184,199,961,660
1686533291,0,1,0,0,2,40,53,80,106,966,662,137,140,185,201,966,662
1686533297,0,1,0,0,2,40,51,78,105,950,654,134,139,182,198,951,656
1686533303,0,1,0,0,2,40,51,79,105,953,658,135,139,183,197,953,656
1686533309,0,1,0,0,2,40,51,79,106,958,660,135,139,183,198,957,660
1686533315,0,1,0,0,2,40,52,79,106,964,666,136,140,185,200,967,666
1686533321,0,1,0,0,2,40,51,78,105,949,654,134,138,181,196,946,650
1686533327,0,1,0,0,2,40,52,79,107,963,660,136,140,185,200,961,660
1686533333,0,1,0,0,2,40,51,78,106,963,660,136,140,184,200,961,662
1686533339,0,1,0,0,2,41,52,79,107,965,664,137,141,185,200,966,664
1686533345,0,1,0,0,2,40,51,79,106,962,662,136,140,184,200,960,660
1686533351,0,1,0,0,2,40,51,78,105,952,654,134,138,182,196,949,654
1686533357,0,1,0,0,2,40,51,78,105,946,650,135,139,183,198,953,652
1686533363,0,1,0,0,2,39,50,78,104,942,650,133,137,179,194,941,650
1686533369,0,1,0,0,2,40,51,79,105,950,652,134,138,182,196,946,650
1686533375,0,1,0,0,2,40,51,78,105,948,650,135,139,182,197,947,648
1686533381,0,1,0,0,2,39,51,79,106,951,652,135,140,184,198,950,652
1686533387,0,1,0,0,2,39,50,77,104,936,646,133,138,179,195,940,646
1686533393,0,1,0,0,2,40,52,79,106,957,658,135,139,183,199,955,656
1686533399,0,1,0,0,2,40,51,79,106,954,654,135,139,182,198,954,656
1686533405,0,1,0,0,2,40,52,80,107,968,664,137,142,186,201,967,662
1686533411,0,1,0,0,2,40,52,80,107,965,662,137,141,185,201,965,662
1686533417,0,1,0,0,2,40,52,79,107,962,660,136,140,184,200,962,660
1686533423,0,1,0,0,2,40,52,79,106,961,660,136,140,183,198,955,656
1686533429,0,1,0,0,2,40,52,80,107,966,662,137,141,186,201,967,660
1686533435,0,1,0,0,2,40,51,79,106,957,656,136,140,184,200,958,654
1686533441,0,1,0,0,2,39,51,78,104,942,648,135,138,182,197,950,652
1686533447,0,1,0,0,2,40,52,80,107,965,660,137,141,185,200,964,660
1686533453,0,1,0,0,2,40,51,79,106,954,654,135,139,182,198,952,652
1686533459,0,1,0,0,2,39,51,78,105,942,648,133,137,180,195,941,648
1686533465,0,1,0,0,2,40,50,78,106,947,650,135,138,182,197,949,650
1686533471,0,1,0,0,2,39,50,77,102,928,640,132,135,178,193,934,644
1686533477,0,1,0,0,2,39,50,78,103,938,644,134,138,180,196,942,646
1686533483,0,1,0,0,2,40,51,78,104,941,644,133,137,180,195,938,644
1686533489,0,1,0,0,2,39,51,78,105,943,648,133,137,180,195,942,646
1686533495,0,1,0,0,2,40,51,79,106,957,654,136,140,184,199,958,654
1686533501,0,1,0,0,2,40,51,79,106,957,654,136,140,184,200,960,656
1686533507,0,1,0,0,2,40,52,79,106,964,658,137,141,185,201,964,660
1686533513,0,1,0,0,2,40,51,79,106,955,654,136,140,184,198,955,654
1686533519,0,1,0,0,2,40,51,78,105,953,652,136,140,184,199,956,654
1686533525,0,1,0,0,2,40,51,79,106,956,654,136,140,184,199,957,654
1686533531,0,1,0,0,2,40,51,80,106,957,654,136,140,185,200,956,654
1686533537,0,1,0,0,2,39,51,78,105,951,650,135,139,183,198,953,652
1686533543,0,1,0,0,2,39,51,78,106,955,652,136,140,183,199,955,652
1686533549,0,1,0,0,2,40,52,80,107,961,656,137,141,185,200,961,656
1686533555,0,1,0,0,2,40,51,79,106,960,656,137,140,185,200,960,656
1686533561,0,1,0,0,2,40,51,79,106,957,654,136,140,184,199,957,654
1686533567,0,1,0,0,2,40,52,79,106,960,656,136,140,184,200,959,654
1686533573,0,1,0,0,2,40,51,79,105,952,652,135,139,182,197,950,650
1686533579,0,1,0,0,2,39,51,79,105,946,648,134,138,181,197,945,648
1686533585,0,1,0,0,2,39,51,79,105,954,652,135,140,183,198,953,650
1686533591,0,1,0,0,2,39,51,79,106,950,648,135,139,182,198,949,648
1686533597,0,1,0,0,2,39,51,79,105,953,650,136,139,183,199,953,650
1686533603,0,1,0,0,2,40,51,79,106,955,650,136,140,185,199,955,650
1686533609,0,1,0,0,2,40,51,79,106,953,650,136,140,184,198,954,650
1686533615,0,1,0,0,2,40,51,78,104,946,646,134,138,182,197,947,646
1686533621,0,1,0,0,2,39,50,77,103,938,642,133,136,179,195,936,642
1686533627,0,1,0,0,2,38,50,76,102,922,634,129,133,175,189,916,630
1686533633,0,1,0,0,2,39,50,77,103,929,638,132,135,179,193,934,642
1686533639,0,1,0,0,2,39,51,78,105,947,646,134,138,182,197,946,646
1686533645,0,1,0,0,2,39,51,79,105,951,648,135,139,183,198,950,648
1686533651,0,1,0,0,2,39,51,80,106,948,646,135,138,182,197,948,646
1686533657,0,1,0,0,2,39,50,78,105,945,644,134,138,182,197,944,644
1686533663,0,1,0,0,2,39,51,78,105,943,644,134,138,182,197,943,644
1686533669,0,1,0,0,2,39,50,77,104,937,638,133,137,180,195,937,640
1686533675,0,1,0,0,2,39,50,78,104,938,640,133,138,181,195,937,640
1686533681,0,1,0,0,2,38,49,76,102,923,632,132,135,178,192,926,632
1686533687,0,1,0,0,2,39,50,78,104,938,640,133,137,180,195,938,638
1686533693,0,1,0,0,2,39,50,78,104,941,642,134,137,181,196,941,642
1686533699,0,1,0,0,2,39,50,78,104,937,640,133,137,180,195,938,640
1686533705,0,1,0,0,2,39,50,77,104,937,640,133,136,180,194,933,636
1686533711,0,1,0,0,2,38,48,75,100,908,622,130,133,175,189,912,624
1686533717,0,1,0,0,2,38,48,75,101,908,620,129,132,174,189,910,622
1686533723,0,1,0,0,2,39,49,76,103,927,632,132,135,178,192,927,632
1686533729,0,1,0,0,2,38,49,76,102,923,630,131,135,178,192,925,630
1686533735,0,1,0,0,2,39,50,77,103,928,630,132,136,179,193,929,632
1686533741,0,1,0,0,2,38,50,77,103,926,630,132,135,178,193,927,632
1686533747,0,1,0,0,2,38,49,77,103,924,630,132,135,178,193,926,632
1686533753,0,1,0,0,2,38,49,76,102,915,626,130,133,176,191,917,626
1686533759,0,1,0,0,2,38,50,77,103,931,636,132,135,179,193,930,634
1686533765,0,1,0,0,2,38,49,76,102,919,628,130,134,177,191,921,630
1686533771,0,1,0,0,2,38,49,77,101,921,630,131,134,176,191,923,630
1686533777,0,1,0,0,2,38,49,76,103,924,630,132,135,178,192,925,630
1686533783,0,1,0,0,2,38,49,75,101,910,622,130,133,175,189,914,626
1686533789,0,1,0,0,2,38,48,75,101,907,620,129,132,175,189,912,624
1686533795,0,1,0,0,2,37,49,75,101,908,620,129,132,174,188,909,620
1686533801,0,1,0,0,2,38,49,75,101,917,624,130,133,176,191,918,626
1686533807,0,1,0,0,2,38,48,74,101,908,622,128,132,174,188,907,622
1686533813,0,1,0,0,2,38,48,75,101,912,624,129,132,174,188,910,622
1686533819,0,1,0,0,2,38,49,75,101,913,622,130,133,175,190,913,622
1686533825,0,1,0,0,2,38,49,76,102,912,620,130,133,175,190,913,622
1686533831,0,1,0,0,2,37,48,73,99,896,614,127,129,171,184,893,612
1686533837,0,1,0,0,2,37,48,74,99,898,616,126,130,171,185,894,614
1686533843,0,1,0,0,2,37,48,74,99,897,614,127,131,172,186,901,614
1686533849,0,1,0,0,2,38,48,75,100,903,618,129,132,174,188,907,620
1686533855,0,1,0,0,2,37,48,74,99,902,616,128,131,173,187,901,616
1686533861,0,1,0,0,2,37,47,73,99,894,612,126,129,170,184,893,612
1686533867,0,1,0,0,2,37,49,75,101,911,622,129,132,174,188,910,622
1686533873,0,1,0,0,2,38,48,75,101,908,620,129,132,174,188,908,620
1686533879,0,1,0,0,2,37,48,74,99,899,614,127,131,172,186,898,614
1686533885,0,1,0,0,2,37,49,75,101,910,620,128,132,174,188,909,622
1686533891,0,1,0,0,2,37,48,75,101,910,622,129,132,174,188,911,622
1686533897,0,1,0,0,2,38,48,74,100,904,618,129,131,173,188,906,620
1686533903,0,1,0,0,2,37,48,74,100,901,616,127,131,172,186,902,618
1686533909,0,1,0,0,2,37,48,74,99,901,616,127,130,173,185,900,616
1686533915,0,1,0,0,2,37,48,75,99,901,616,127,130,172,186,900,614
1686533921,0,1,0,0,2,37,48,74,100,903,616,128,132,174,188,907,620
1686533927,0,1,0,0,2,37,47,72,98,892,612,126,129,171,184,893,612
1686533933,0,1,0,0,2,37,48,74,100,899,614,127,129,171,185,896,614
1686533939,0,1,0,0,2,37,47,73,99,897,614,127,132,172,186,900,616
1686533945,0,1,0,0,2,37,48,73,99,899,616,127,130,172,185,898,614
1686533951,0,1,0,0,2,37,48,74,99,897,614,126,130,171,185,896,614
1686533957,0,1,0,0,2,37,47,73,98,887,610,126,128,169,183,889,608
1686533963,0,1,0,0,2,37,47,73,98,889,608,126,129,170,183,890,610
1686533969,0,1,0,0,2,37,47,73,99,894,612,126,129,171,185,894,612
1686533975,0,1,0,0,2,37,48,73,99,899,614,127,130,172,186,900,616
1686533981,0,1,0,0,2,37,48,74,99,900,616,127,130,172,186,899,614
1686533987,0,1,0,0,2,37,48,74,99,899,614,127,130,171,185,897,614
1686533993,0,1,0,0,2,37,48,73,99,895,612,126,129,171,185,896,612
1686533999,0,1,0,0,2,37,47,73,98,890,608,126,129,170,183,891,608
1686534005,0,1,0,0,2,36,47,72,97,884,606,125,127,168,181,881,604
1686534011,0,1,0,0,2,37,46,73,97,882,604,125,128,168,182,883,606
1686534017,0,1,0,0,2,37,47,73,98,888,608,126,128,170,183,889,608
1686534023,0,1,0,0,2,36,46,72,96,877,602,124,127,168,181,881,602
1686534029,0,1,0,0,2,36,47,73,98,889,608,125,129,169,182,886,606
1686534035,0,1,0,0,2,37,47,72,97,888,608,126,128,170,183,888,608
1686534041,0,1,0,0,2,37,47,73,98,891,610,126,128,170,183,891,608
1686534047,0,1,0,0,2,36,47,73,97,884,606,124,127,168,182,883,606
1686534053,0,1,0,0,2,36,47,72,97,877,602,124,127,168,181,881,604
1686534059,0,1,0,0,2,36,47,73,98,884,604,124,127,168,181,881,602
1686534065,0,1,0,0,2,36,46,72,96,877,602,124,126,168,181,879,602
1686534071,0,1,0,0,2,36,47,72,97,876,602,123,125,166,179,875,600
1686534077,0,1,0,0,2,36,46,71,96,870,600,122,125,165,178,869,598
1686534083,0,1,0,0,2,36,46,71,96,871,598,123,125,166,179,873,600
1686534089,0,1,0,0,2,35,46,72,96,873,598,122,125,165,179,872,598
1686534095,0,1,0,0,2,36,47,72,97,880,602,124,126,168,181,882,604
1686534101,0,1,0,0,2,36,47,72,97,884,604,125,127,168,182,884,604
1686534107,0,1,0,0,2,36,47,72,96,875,600,123,125,167,180,875,600
1686534113,0,1,0,0,2,36,47,71,96,870,598,123,125,165,178,869,596
1686534119,0,1,0,0,2,36,46,71,95,872,598,123,125,166,179,872,598
1686534125,0,1,0,0,2,36,46,71,96,869,596,122,125,166,180,871,598
1686534131,0,1,0,0,2,36,45,71,95,868,594,122,125,165,178,870,596
1686534137,0,1,0,0,2,36,46,70,96,869,594,122,125,165,178,870,596
1686534143,0,1,0,0,2,36,46,71,96,869,596,123,125,165,179,870,596
1686534149,0,1,0,0,2,35,46,71,96,871,598,123,125,166,178,869,596
1686534155,0,1,0,0,2,35,46,71,95,865,594,122,125,164,177,865,592
1686534161,0,1,0,0,2,36,46,71,96,871,596,122,125,165,178,870,596
1686534167,0,1,0,0,2,35,46,70,95,868,596,122,124,164,177,865,594
1686534173,0,1,0,0,2,35,46,71,97,873,598,123,126,166,180,873,598
1686534179,0,1,0,0,2,35,46,70,95,860,592,120,122,162,175,856,588
1686534185,0,1,0,0,2,35,45,69,94,856,590,120,121,160,174,851,586
1686534191,0,1,0,0,2,35,45,70,95,859,588,120,123,162,175,856,586
1686534197,0,1,0,0,2,35,45,69,93,850,582,119,122,162,174,849,582
1686534203,0,1,0,0,2,35,45,70,94,852,584,120,121,161,174,849,582
1686534209,0,1,0,0,2,35,45,69,94,847,582,119,121,160,172,846,582
1686534215,0,1,0,0,2,35,45,70,94,854,586,120,123,162,176,857,588
1686534221,0,1,0,0,2,35,45,70,94,855,588,120,122,162,175,856,588
1686534227,0,1,0,0,2,35,45,69,93,849,582,120,122,162,175,853,584
1686534233,0,1,0,0,2,35,45,69,93,849,580,119,121,161,173,849,582
1686534239,0,1,0,0,2,35,45,69,92,840,576,119,121,160,174,845,580
1686534245,0,1,0,0,2,35,45,70,94,856,586,120,123,163,176,857,586
1686534251,0,1,0,0,2,34,44,68,92,840,578,118,120,159,172,840,578
1686534257,0,1,0,0,2,34,44,68,90,828,572,118,120,159,171,839,576
1686534263,0,1,0,0,2,35,45,68,93,848,582,119,121,161,173,848,582
1686534269,0,1,0,0,2,34,44,68,92,841,578,118,120,160,172,845,582
1686534275,0,1,0,0,2,35,44,69,91,841,580,118,120,158,171,841,580
1686534281,0,1,0,0,2,34,44,68,92,840,578,118,119,158,170,839,578
1686534287,0,1,0,0,2,35,45,69,92,844,580,118,120,159,172,843,578
1686534293,0,1,0,0,2,35,45,69,93,848,582,119,123,162,173,849,582
1686534299,0,1,0,0,2,34,44,68,92,842,578,118,120,159,171,840,578
1686534305,0,1,0,0,2,35,44,69,94,849,582,119,121,161,173,849,582
1686534311,0,1,0,0,2,35,45,69,94,853,584,119,122,161,174,852,586
1686534317,0,1,0,0,2,35,45,69,93,849,582,119,122,161,173,849,582
1686534323,0,1,0,0,2,34,44,69,92,843,578,118,120,159,171,842,578
1686534329,0,1,0,0,2,34,44,68,92,839,578,118,120,159,171,842,578
1686534335,0,1,0,0,2,34,43,67,90,823,568,115,117,155,168,825,570
1686534341,0,1,0,0,2,34,44,67,90,829,570,116,119,157,169,832,572
1686534347,0,1,0,0,2,33,43,67,90,825,568,115,117,154,166,821,564
1686534353,0,1,0,0,2,34,44,68,90,828,568,117,118,158,170,832,570
1686534359,0,1,0,0,2,34,44,68,91,834,572,115,118,156,168,828,570
1686534365,0,1,0,0,2,34,45,68,91,834,572,116,118,157,169,830,570
1686534371,0,1,0,0,2,34,44,68,91,837,576,117,118,157,170,834,574
1686534377,0,1,0,0,2,34,44,67,90,829,570,117,118,157,169,833,572
1686534383,0,1,0,0,2,34,44,68,92,839,576,118,119,158,171,841,576
1686534389,0,1,0,0,2,33,44,68,91,833,570,117,119,157,170,833,572
1686534395,0,1,0,0,2,34,44,67,91,828,568,116,118,156,169,829,570
1686534401,0,1,0,0,2,34,44,67,91,825,564,116,118,157,168,827,566
1686534407,0,1,0,0,2,33,43,67,89,819,564,114,116,153,166,815,562
1686534413,0,1,0,0,2,33,43,67,89,813,560,114,116,153,165,816,562
1686534419,0,1,0,0,2,33,43,66,88,809,558,113,115,152,164,808,558
1686534425,0,1,0,0,2,34,43,68,91,827,566,117,118,157,169,830,568
1686534431,0,1,0,0,2,33,43,66,89,820,564,114,116,153,165,815,560
1686534437,0,1,0,0,2,33,43,67,89,816,560,114,116,153,165,816,560
1686534443,0,1,0,0,2,33,43,66,89,815,562,113,115,153,165,814,562
1686534449,0,1,0,0,2,33,43,66,89,813,560,114,115,153,165,815,558
1686534455,0,1,0,0,2,33,43,66,89,815,560,114,117,154,166,818,562
1686534461,0,1,0,0,2,33,43,67,89,815,560,114,116,153,166,818,562
1686534467,0,1,0,0,2,33,43,66,89,807,556,113,114,151,163,807,556
1686534473,0,1,0,0,2,33,43,65,89,807,556,113,115,152,164,811,558
1686534479,0,1,0,0,2,33,42,66,88,807,554,113,114,151,163,805,554
1686534485,0,1,0,0,2,32,42,65,88,799,550,111,113,150,161,796,548
1686534491,0,1,0,0,2,33,42,65,89,803,552,113,115,151,163,805,553
1686534497,0,1,0,0,2,32,42,65,88,802,552,112,114,151,163,805,552
1686534503,0,1,0,0,2,33,43,65,87,800,550,111,112,150,162,799,548
1686534509,0,1,0,0,2,32,42,66,88,802,550,112,113,150,162,800,550
1686534515,0,1,0,0,2,33,42,65,88,800,550,112,114,151,162,802,550
1686534521,0,1,0,0,2,32,42,65,88,801,550,112,113,150,162,798,548
1686534527,0,1,0,0,2,32,42,66,88,799,548,112,113,150,162,799,548
1686534533,0,1,0,0,2,32,41,64,86,785,540,109,110,145,157,781,540
1686534539,0,1,0,0,2,31,41,63,85,775,538,107,109,144,155,774,536
1686534545,0,1,0,0,2,32,41,64,86,788,544,110,112,147,159,789,544
1686534551,0,1,0,0,2,32,41,64,86,785,542,109,111,147,158,785,542
1686534557,0,1,0,0,2,32,41,64,86,784,540,109,110,147,158,784,542
1686534563,0,1,0,0,2,32,42,64,86,783,538,109,110,146,158,783,540
1686534569,0,1,0,0,2,32,41,64,86,782,538,108,109,146,157,780,538
1686534575,0,1,0,0,2,31,41,64,86,783,538,109,111,146,158,784,538
1686534581,0,1,0,0,2,32,41,64,85,778,536,109,110,146,157,782,538
1686534587,0,1,0,0,2,31,40,63,85,774,536,108,109,144,155,774,534
1686534593,0,1,0,0,2,31,41,63,85,776,534,107,109,145,155,773,532
1686534599,0,1,0,0,2,31,41,63,85,777,536,108,109,145,157,777,536
1686534605,0,1,0,0,2,31,40,62,84,768,532,107,108,143,154,768,530
1686534611,0,1,0,0,2,31,40,63,84,773,532,108,109,145,156,776,536
1686534617,0,1,0,0,1,31,41,62,84,765,528,106,108,142,154,766,530
1686534623,0,1,0,0,2,31,40,63,84,771,532,107,108,143,154,770,532
1686534629,0,1,0,0,2,31,42,63,84,773,534,108,110,145,156,774,534
1686534635,0,1,0,0,1,30,40,62,82,758,526,105,106,141,152,760,526
1686534641,0,1,0,0,1,30,40,60,82,750,518,105,106,140,151,753,520
1686534647,0,1,0,0,1,31,39,62,82,754,520,104,106,140,151,753,520
1686534653,0,1,0,0,1,30,40,61,83,756,524,105,107,141,151,755,522
1686534659,0,1,0,0,1,30,39,60,81,748,518,103,104,138,150,749,520
1686534665,0,1,0,0,1,30,39,61,82,751,520,104,106,139,150,752,520
1686534671,0,1,0,0,1,30,38,60,80,735,512,102,103,136,147,739,514
1686534677,0,1,0,0,1,30,39,60,80,737,512,102,102,136,147,738,514
1686534683,0,1,0,0,1,29,38,59,80,730,508,99,100,132,143,719,500
1686534689,0,1,0,0,1,30,39,60,81,746,516,103,104,138,148,741,512
1686534695,0,1,0,0,1,30,39,60,81,746,518,103,104,138,148,744,516
1686534701,0,1,0,0,1,28,35,54,74,678,478,95,95,126,135,689,484
1686534707,0,1,0,0,1,30,39,61,81,747,520,102,104,138,149,745,518
1686534713,0,1,0,0,1,29,38,58,78,717,500,99,99,131,141,712,498
1686534719,0,1,0,0,1,29,37,58,78,717,500,98,98,129,139,707,494
1686534725,0,1,0,0,1,28,36,56,75,695,488,95,96,127,136,692,486
1686534731,0,1,0,0,1,29,37,57,78,711,496,99,100,131,142,716,500
1686534737,0,1,0,0,1,29,37,57,77,708,496,97,98,129,139,705,492
1686534743,0,1,0,0,1,28,36,55,75,692,486,96,97,128,138,700,492
1686534749,0,1,0,0,1,29,36,56,75,698,490,97,99,130,140,711,498
1686534755,0,1,0,0,1,28,37,57,77,710,494,99,100,133,143,721,502
1686534761,0,1,0,0,1,29,38,59,79,730,508,99,100,132,143,721,504
1686534767,0,1,0,0,1,29,38,60,80,733,510,101,102,134,145,730,508
1686534773,0,1,0,0,1,27,36,54,74,679,478,91,91,120,130,664,468
1686534779,0,1,0,0,1,28,35,55,73,672,472,93,94,123,134,679,478
1686534785,0,1,0,0,1,27,35,54,73,671,472,91,91,120,129,664,470
1686534791,0,1,0,0,1,29,38,58,78,721,504,99,101,133,143,721,504
1686534797,0,1,0,0,1,27,35,53,72,666,470,93,94,123,132,678,476
1686534803,0,1,0,0,1,27,35,54,73,665,470,91,93,121,130,668,470
1686534809,0,1,0,0,1,28,35,55,74,674,474,92,93,123,131,672,474
1686534815,0,1,0,0,1,27,34,52,71,657,464,89,90,118,127,654,462
1686534821,0,1,0,0,1,27,34,54,71,655,464,91,91,120,128,661,466
1686534827,0,1,0,0,1,27,35,53,72,664,468,91,92,121,129,665,470
1686534833,0,1,0,0,1,28,36,56,75,694,486,96,98,128,138,698,488
1686534839,0,1,0,0,1,27,36,55,74,681,478,93,94,125,134,680,478
1686534845,0,1,0,0,1,27,35,54,73,672,472,93,94,124,133,680,478
1686534851,0,1,0,0,1,27,34,53,71,656,462,90,90,118,128,655,462
1686534857,0,1,0,0,1,26,33,52,69,646,458,88,90,117,125,645,458
1686534863,0,1,0,0,1,26,34,53,71,654,462,89,90,118,128,655,462
1686534869,0,1,0,0,1,26,33,51,69,635,452,86,87,113,122,631,450
1686534875,0,1,0,0,1,26,33,51,68,630,450,89,89,117,127,652,462
1686534881,0,1,0,0,1,26,33,51,69,636,452,87,87,114,123,638,454
1686534887,0,1,0,0,1,25,32,50,67,619,444,83,84,110,117,614,440
1686534893,0,1,0,0,1,26,33,51,68,631,448,86,86,113,122,629,450
1686534899,0,1,0,0,1,25,33,50,67,622,442,84,84,110,119,618,440
1686534905,0,1,0,0,1,25,32,49,67,617,440,84,86,110,119,617,440
1686534911,0,1,0,0,1,25,32,49,65,606,432,83,84,109,117,613,436
1686534917,0,1,0,0,1,26,34,53,71,649,458,88,88,116,125,642,454
1686534923,0,1,0,0,1,25,32,50,67,620,444,84,84,110,118,619,442
1686534929,0,1,0,0,1,24,32,49,66,611,436,83,83,109,117,611,436
1686534935,0,1,0,0,1,24,32,49,66,604,432,83,83,108,116,608,434
1686534941,0,1,0,0,1,25,32,48,66,603,432,82,82,108,116,606,434
1686534947,0,1,0,0,1,25,32,50,66,615,440,83,83,109,116,610,436
1686534953,0,1,0,0,1,24,31,47,63,588,424,79,79,103,111,587,424
1686534959,0,1,0,0,1,25,32,48,65,606,434,83,83,109,117,612,438
1686534965,0,1,0,0,1,25,32,50,66,614,438,82,83,109,117,612,438
1686534971,0,1,0,0,1,25,31,48,64,595,428,82,81,107,114,601,432
1686534977,0,1,0,0,1,25,32,50,66,616,440,82,83,108,115,607,436
1686534983,0,1,0,0,1,24,32,47,63,591,428,79,79,103,110,587,424
1686534989,0,1,0,0,1,24,32,49,65,606,436,82,82,107,116,606,436
1686534995,0,1,0,0,1,24,31,48,64,594,428,80,80,104,113,594,428
1686535001,0,1,0,0,1,25,32,48,64,601,432,80,80,105,113,595,430
1686535007,0,1,0,0,1,23,30,47,62,580,418,78,78,102,109,580,420
1686535013,0,1,0,0,1,23,29,45,60,557,406,76,77,99,107,569,414
1686535019,0,1,0,0,1,24,31,47,64,591,426,81,81,106,115,601,434
1686535025,0,1,0,0,1,23,30,46,61,573,416,76,76,98,105,565,412
1686535031,0,1,0,0,1,23,29,45,60,559,406,76,76,98,106,564,410
1686535037,0,1,0,0,1,23,29,44,59,549,400,74,73,96,103,550,402
1686535043,0,1,0,0,1,22,28,43,58,541,398,72,72,92,100,540,398
1686535049,0,1,0,0,1,22,28,43,57,535,394,72,72,93,99,540,396
1686535055,0,1,0,0,1,23,29,45,60,563,410,75,75,97,106,561,408
1686535061,0,1,0,0,1,22,28,43,57,539,396,72,72,93,100,541,398
1686535067,0,1,0,0,1,22,28,43,58,543,396,74,73,95,102,549,400
1686535073,0,1,0,0,1,22,29,44,59,552,404,76,76,99,106,571,416
1686535079,0,1,0,0,1,22,27,42,56,529,390,70,70,90,96,528,390
1686535085,0,1,0,0,1,22,28,43,58,546,400,75,75,98,105,562,410
1686535091,0,1,0,0,1,22,28,43,58,543,398,72,72,93,100,541,396
1686535097,0,1,0,0,1,23,30,45,60,565,412,76,75,98,106,568,414
1686535103,0,1,0,0,1,21,27,41,55,519,384,69,68,88,94,517,382
1686535109,0,1,0,0,1,20,26,39,53,498,372,66,65,82,89,498,374
1686535115,0,1,0,0,1,22,28,43,57,541,400,70,69,90,96,529,394
1686535121,0,1,0,0,1,20,25,38,51,484,366,63,63,80,85,483,366
1686535127,0,1,0,0,1,20,25,38,51,491,370,64,64,82,88,494,370
1686535133,0,1,0,0,1,21,26,40,53,506,378,66,65,84,90,504,378
1686535139,0,1,0,0,1,21,26,39,53,506,380,63,62,80,86,486,370
1686535145,0,1,0,0,1,20,25,39,51,489,368,65,64,82,88,493,370
1686535151,0,1,0,0,1,21,26,40,53,504,376,66,66,83,90,501,374
1686535157,0,1,0,0,1,22,27,41,56,530,390,70,70,90,97,528,392
1686535163,0,1,0,0,1,21,27,40,54,513,384,68,68,86,94,516,382
1686535169,0,1,0,0,1,21,27,41,54,511,380,68,69,89,95,519,384
1686535175,0,1,0,0,1,20,25,38,51,487,366,64,63,81,86,485,366
1686535181,0,1,0,0,1,21,27,41,56,524,390,68,67,87,94,515,384
1686535187,0,1,0,0,1,20,25,38,51,481,362,63,62,80,85,482,364
1686535193,0,1,0,0,1,20,25,38,51,483,364,63,63,79,85,480,362
1686535199,0,1,0,0,1,20,25,38,51,486,366,64,63,81,87,486,366
