Timestamp,Amber,White,On,Override,Intensity,AS00,AS01,AS02,AS03,AS04,AS05,AS06,AS07,AS08,AS09,AS10,AS11
1686553205,0,1,1,0,1223223,3371,8238,11679,21083,65535,7000,33500,46889,59908,35375,65535,7010
1686553211,0,1,1,0,1223223,3371,8234,11677,21087,65535,7002,33484,46870,59879,35353,65535,7004
1686553217,0,1,1,0,1223223,3371,8237,11678,21090,65535,7000,33487,46884,59874,35361,65535,7008
1686553223,0,1,1,0,1223223,3372,8234,11680,21091,65535,7002,33479,46881,59870,35367,65535,7012
1686553229,0,1,1,0,1223223,3371,8236,11686,21092,65535,7000,33479,46882,59899,35365,65535,7010
1686553235,0,1,1,0,1223223,3372,8241,11678,21089,65535,7000,33486,46897,59877,35371,65535,7006
1686553241,0,1,1,0,1223223,3372,8237,11680,21079,65535,6997,33490,46882,59885,35367,65535,7005
1686553247,0,1,1,0,1223223,3371,8237,11675,21084,65535,7001,33494,46893,59870,35370,65535,7010
1686553253,0,1,1,0,1223223,3371,8238,11673,21089,65535,7001,33496,46883,59897,35368,65535,7010
1686553259,0,1,1,0,1223223,3373,8240,11681,21085,65535,6999,33491,46883,59896,35369,65535,7010
1686553265,0,1,1,0,1223223,3370,8233,11682,21074,65535,6998,33489,46864,59887,35366,65535,7008
1686553271,0,1,1,0,1223223,3371,8236,11678,21073,65535,6996,33489,46877,59866,35359,65535,7007
1686553277,0,1,1,0,1223223,3373,8241,11685,21099,65535,7000,33485,46870,59868,35345,65535,7008
1686553283,0,1,1,0,1223223,3372,8237,11676,21090,65535,6998,33490,46861,59859,35345,65535,7004
1686553289,0,1,1,0,1223223,3371,8238,11676,21084,65535,6999,33485,46854,59885,35361,65535,7008
1686553295,0,1,1,0,1223223,3372,8233,11674,21080,65535,6999,33499,46885,59864,35364,65535,7008
1686553301,0,1,1,0,1223223,3372,8233,11679,21088,65535,6994,33484,46852,59878,35364,65535,7007
1686553307,0,1,1,0,1223223,3372,8241,11678,21081,65535,7000,33501,46895,59884,35356,65535,7008
1686553313,0,1,1,0,1223223,3372,8236,11680,21085,65535,6998,33482,46859,59876,35357,65535,7008
1686553319,0,1,1,0,1223223,3370,8239,11682,21088,65535,6998,33497,46870,59896,35367,65535,7006
1686553325,0,1,1,0,1223223,3372,8234,11678,21086,65535,6998,33497,46867,59893,35370,65535,7010
1686553331,0,1,1,0,1223223,3372,8233,11678,21090,65535,7002,33487,46864,59858,35346,65535,7007
1686553337,0,1,1,0,1223223,3370,8230,11672,21083,65535,6996,33471,46862,59832,35351,65535,7002
1686553343,0,1,1,0,1223223,3371,8232,11678,21087,65535,6997,33493,46891,59866,35366,65535,7008
1686553349,0,1,1,0,1223223,3372,8234,11675,21086,65535,6998,33493,46862,59902,35349,65535,7010
1686553355,0,1,1,0,1223223,3372,8238,11677,21090,65535,7000,33492,46896,59897,35372,65535,7010
1686553361,0,1,1,0,1223223,3372,8234,11676,21085,65535,6998,33502,46896,59907,35370,65535,7010
1686553367,0,1,1,0,1223223,3373,8235,11680,21082,65535,7000,33480,46874,59865,35365,65535,7006
1686553373,0,1,1,0,1223223,3373,8241,11681,21092,65535,6998,33489,46888,59876,35370,65535,7010
1686553379,0,1,1,0,1223223,3373,8238,11683,21092,65535,6998,33484,46879,59878,35364,65535,7009
1686553385,0,1,1,0,1223223,3370,8234,11682,21076,65535,6995,33480,46878,59886,35357,65535,7009
1686553391,0,1,1,0,1223223,3373,8236,11688,21090,65535,6999,33491,46877,59902,35365,65535,7009
1686553397,0,1,1,0,1223223,3373,8238,11679,21089,65535,6999,33500,46892,59912,35379,65535,7010
1686553403,0,1,1,0,1223223,3372,8235,11681,21093,65535,6999,33512,46893,59888,35382,65535,7012
1686553409,0,1,1,0,1223223,3372,8238,11680,21085,65535,7003,33510,46889,59915,35375,65535,7012
1686553415,0,1,1,0,1223223,3372,8237,11679,21093,65535,7000,33494,46880,59894,35368,65535,7012
1686553421,0,1,1,0,1223223,3373,8238,11684,21086,65535,7000,33493,46882,59881,35365,65535,7011
1686553427,0,1,1,0,1223223,3371,8231,11680,21088,65535,7000,33483,46875,59877,35363,65535,7007
1686553433,0,1,1,0,1223223,3374,8241,11680,21094,65535,7002,33515,46881,59895,35380,65535,7012
1686553439,0,1,1,0,1223223,3373,8241,11684,21095,65535,7001,33501,46874,59889,35378,65535,7011
1686553445,0,1,1,0,1223223,3372,8239,11685,21090,65535,7002,33502,46896,59909,35376,65535,7009
1686553451,0,1,1,0,1223223,3373,8240,11685,21092,65535,7004,33506,46895,59912,35381,65535,7013
1686553457,0,1,1,0,1223223,3372,8239,11687,21093,65535,7002,33508,46903,59918,35363,65535,7010
1686553463,0,1,1,0,1223223,3372,8241,11683,21093,65535,7000,33486,46885,59872,35351,65535,7008
1686553469,0,1,1,0,1223223,3373,8242,11685,21091,65535,7001,33490,46875,59925,35387,65535,7010
1686553475,0,1,1,0,1223223,3374,8241,11686,21095,65535,7000,33516,46882,59915,35384,65535,7010
1686553481,0,1,1,0,1223223,3373,8238,11678,21095,65535,7000,33496,46887,59896,35360,65535,7012
1686553487,0,1,1,0,1223223,3369,8233,11677,21081,65535,6998,33497,46877,59864,35369,65535,7008
1686553493,0,1,1,0,1223223,3373,8239,11683,21087,65535,6996,33503,46897,59910,35381,65535,7006
1686553499,0,1,1,0,1223223,3373,8239,11683,21095,65535,7000,33499,46908,59907,35362,65535,7010
1686553505,0,1,1,0,1223223,3372,8240,11683,21097,65535,7004,33497,46885,59882,35355,65535,7011
1686553511,0,1,1,0,1223223,3372,8238,11685,21098,65535,7002,33489,46882,59895,35360,65535,7008
1686553517,0,1,1,0,1223223,3374,8239,11683,21091,65535,7001,33482,46884,59870,35366,65535,7010
1686553523,0,1,1,0,1223223,3374,8236,11681,21095,65535,7004,33498,46883,59877,35365,65535,7012
1686553529,0,1,1,0,1223223,3372,8237,11684,21092,65535,6999,33501,46888,59899,35377,65535,7008
1686553535,0,1,1,0,1223223,3372,8240,11684,21094,65535,7002,33497,46890,59904,35377,65535,7014
1686553541,0,1,1,0,1223223,3374,8243,11688,21099,65535,7004,33508,46903,59891,35379,65535,7014
1686553547,0,1,1,0,1223223,3375,8243,11688,21099,65535,7004,33518,46918,59922,35389,65535,7014
1686553553,0,1,1,0,1223223,3373,8235,11686,21094,65535,7001,33511,46904,59912,35367,65535,7010
1686553559,0,1,1,0,1223223,3372,8239,11682,21091,65535,7002,33501,46897,59887,35395,65535,7012
1686553565,0,1,1,0,1223223,3374,8240,11680,21096,65535,7003,33493,46859,59896,35373,65535,7008
1686553571,0,1,1,0,1223223,3375,8240,11676,21092,65535,6998,33511,46902,59900,35379,65535,7010
1686553577,0,1,1,0,1223223,3374,8233,11682,21091,65535,7000,33512,46890,59871,35375,65535,7012
1686553583,0,1,1,0,1223223,3371,8237,11682,21077,65535,7000,33494,46880,59895,35369,65535,7009
1686553589,0,1,1,0,1223223,3375,8240,11679,21091,65535,7002,33502,46872,59900,35373,65535,7012
1686553595,0,1,1,0,1223223,3372,8240,11685,21094,65535,7002,33503,46882,59905,35356,65535,7013
1686553601,0,1,1,0,1223223,3342,8165,11568,20892,65535,6930,33405,46769,59726,35273,65535,6994
1686553607,0,1,1,0,1223223,3373,8238,11684,21085,65535,7002,33512,46895,59907,35384,65535,7012
1686553613,0,1,1,0,1223223,3372,8239,11682,21090,65535,6998,33494,46879,59870,35373,65535,7008
1686553619,0,1,1,0,1223223,3373,8237,11680,21087,65535,7004,33505,46894,59894,35370,65535,7012
1686553625,0,1,1,0,1223223,3373,8238,11684,21082,65535,6998,33497,46892,59896,35372,65535,7010
1686553631,0,1,1,0,1223223,3373,8239,11686,21092,65535,7000,33496,46885,59893,35375,65535,7012
1686553637,0,1,1,0,1223223,3373,8239,11680,21091,65535,7000,33508,46889,59896,35356,65535,7011
1686553643,0,1,1,0,1223223,3373,8239,11681,21095,65535,7003,33500,46889,59867,35367,65535,7006
1686553649,0,1,1,0,1223223,3373,8239,11679,21096,65535,7004,33499,46886,59871,35355,65535,7011
1686553655,0,1,1,0,1223223,3373,8241,11681,21085,65535,7002,33500,46893,59888,35393,65535,7012
1686553661,0,1,1,0,1223223,3373,8239,11680,21096,65535,7000,33495,46887,59881,35353,65535,7008
1686553667,0,1,1,0,1223223,3373,8239,11682,21095,65535,7003,33487,46885,59873,35371,65535,7012
1686553673,0,1,1,0,1223223,3372,8236,11680,21089,65535,7001,33494,46887,59876,35372,65535,7010
1686553679,0,1,1,0,1223223,3371,8236,11674,21088,65535,6997,33489,46873,59889,35345,65535,7006
1686553685,0,1,1,0,1223223,3372,8235,11685,21092,65535,7000,33490,46858,59872,35369,65535,7008
1686553691,0,1,1,0,1223223,3371,8236,11671,21072,65535,6993,33484,46879,59874,35343,65535,7008
1686553697,0,1,1,0,1223223,3373,8238,11681,21077,65535,7000,33488,46873,59875,35350,65535,7004
1686553703,0,1,1,0,1223223,3371,8235,11680,21073,65535,7000,33491,46871,59884,35362,65535,7010
1686553709,0,1,1,0,1223223,3373,8235,11682,21075,65535,6996,33498,46881,59893,35348,65535,7008
1686553715,0,1,1,0,1223223,3373,8240,11686,21096,65535,7001,33495,46881,59892,35370,65535,7010
1686553721,0,1,1,0,1223223,3372,8236,11682,21090,65535,7000,33501,46886,59893,35372,65535,7006
1686553727,0,1,1,0,1223223,3373,8239,11675,21078,65535,6999,33489,46865,59878,35369,65535,7009
1686553733,0,1,1,0,1223223,3372,8240,11677,21077,65535,7000,33500,46895,59896,35377,65535,7008
1686553739,0,1,1,0,1223223,3373,8238,11677,21078,65535,7001,33497,46883,59872,35377,65535,7014
1686553745,0,1,1,0,1223223,3372,8240,11687,21095,65535,7001,33491,46877,59870,35348,65535,7007
1686553751,0,1,1,0,1223223,3374,8238,11682,21094,65535,7002,33520,46901,59913,35370,65535,7014
1686553757,0,1,1,0,1223223,3374,8240,11683,21101,65535,7000,33498,46877,59887,35374,65535,7008
1686553763,0,1,1,0,1223223,3370,8233,11681,21087,65535,7000,33511,46900,59905,35381,65535,7012
1686553769,0,1,1,0,1223223,3373,8241,11686,21084,65535,7002,33526,46891,59898,35376,65535,7010
1686553775,0,1,1,0,1223223,3372,8237,11680,21089,65535,7004,33517,46883,59915,35370,65535,7010
1686553781,0,1,1,0,1223223,3372,8234,11678,21074,65535,7002,33507,46908,59912,35375,65535,7012
1686553787,0,1,1,0,1223223,3373,8238,11686,21092,65535,7001,33513,46894,59888,35376,65535,7010
1686553793,0,1,1,0,1223223,3372,8234,11684,21080,65535,7002,33500,46879,59892,35377,65535,7006
1686553799,0,1,1,0,1223223,3373,8239,11686,21085,65535,7001,33492,46872,59847,35351,65535,7008
1686553805,0,1,1,0,1223223,3373,8236,11682,21087,65535,6998,33509,46902,59897,35382,65535,7009
1686553811,0,1,1,0,1223223,3374,8234,11680,21095,65535,7002,33508,46883,59908,35378,65535,7008
1686553817,0,1,1,0,1223223,3373,8238,11682,21094,65535,7000,33509,46902,59898,35382,65535,7010
1686553823,0,1,1,0,1223223,3372,8238,11677,21086,65535,7000,33508,46894,59897,35366,65535,7010
1686553829,0,1,1,0,1223223,3372,8237,11680,21093,65535,7000,33494,46889,59862,35371,65535,7010
1686553835,0,1,1,0,1223223,3373,8241,11681,21095,65535,7001,33497,46890,59892,35372,65535,7011
1686553841,0,1,1,0,1223223,3373,8238,11680,21091,65535,7002,33495,46885,59866,35379,65535,7012
1686553847,0,1,1,0,1223223,3373,8241,11690,21103,65535,7002,33501,46894,59910,35386,65535,7015
1686553853,0,1,1,0,1223223,3373,8241,11689,21089,65535,7000,33526,46897,59919,35384,65535,7013
1686553859,0,1,1,0,1223223,3374,8242,11693,21102,65535,7005,33506,46890,59894,35378,65535,7014
1686553865,0,1,1,0,1223223,3371,8232,11677,21078,65535,6996,33508,46900,59897,35380,65535,7009
1686553871,0,1,1,0,1223223,3374,8237,11684,21103,65535,7006,33519,46911,59907,35371,65535,7013
1686553877,0,1,1,0,1223223,3373,8243,11687,21089,65535,7002,33535,46906,59901,35389,65535,7012
1686553883,0,1,1,0,1223223,3372,8240,11687,21089,65535,7005,33504,46908,59926,35372,65535,7014
1686553889,0,1,1,0,1223223,3374,8241,11684,21091,65535,7004,33516,46907,59922,35390,65535,7012
1686553895,0,1,1,0,1223223,3375,8243,11686,21102,65535,7003,33510,46906,59903,35387,65535,7014
1686553901,0,1,1,0,1223223,3375,8242,11685,21101,65535,7007,33514,46872,59889,35388,65535,7014
1686553907,0,1,1,0,1223223,3374,8243,11690,21099,65535,7006,33517,46908,59917,35369,65535,7016
1686553913,0,1,1,0,1223223,3373,8242,11689,21084,65535,7006,33515,46909,59899,35391,65535,7014
1686553919,0,1,1,0,1223223,3373,8239,11684,21099,65535,7006,33504,46901,59894,35380,65535,7012
1686553925,0,1,1,0,1223223,3375,8242,11690,21099,65535,7004,33527,46920,59935,35394,65535,7012
1686553931,0,1,1,0,1223223,3374,8241,11688,21087,65535,7005,33518,46908,59923,35381,65535,7010
1686553937,0,1,1,0,1223223,3374,8241,11686,21095,65535,7006,33515,46900,59931,35382,65535,7016
1686553943,0,1,1,0,1223223,3374,8241,11688,21097,65535,7002,33521,46905,59934,35392,65535,7012
1686553949,0,1,1,0,1223223,3376,8244,11687,21102,65535,7006,33535,46906,59941,35393,65535,7015
1686553955,0,1,1,0,1223223,3374,8244,11683,21101,65535,7008,33522,46923,59928,35386,65535,7016
1686553961,0,1,1,0,1223223,3375,8241,11688,21095,65535,7004,33529,46908,59923,35390,65535,7012
1686553967,0,1,1,0,1223223,3374,8245,11693,21093,65535,7006,33526,46926,59912,35389,65535,7014
1686553973,0,1,1,0,1223223,3373,8237,11689,21095,65535,7004,33515,46899,59919,35380,65535,7008
1686553979,0,1,1,0,1223223,3375,8241,11684,21097,65535,7002,33508,46905,59915,35366,65535,7012
1686553985,0,1,1,0,1223223,3372,8241,11688,21089,65535,7006,33530,46898,59923,35396,65535,7012
1686553991,0,1,1,0,1223223,3375,8243,11686,21095,65535,7004,33511,46874,59892,35365,65535,7012
1686553997,0,1,1,0,1223223,3374,8241,11682,21097,65535,7002,33520,46910,59921,35384,65535,7010
1686554003,0,1,1,0,1223223,3374,8240,11679,21089,65535,7002,33512,46882,59885,35381,65535,7014
1686554009,0,1,1,0,1223223,3373,8237,11678,21088,65535,7001,33514,46895,59889,35382,65535,7008
1686554015,0,1,1,0,1223223,3374,8242,11682,21097,65535,7004,33502,46885,59903,35353,65535,7010
1686554021,0,1,1,0,1223223,3373,8240,11682,21098,65535,7004,33499,46876,59873,35377,65535,7012
1686554027,0,1,1,0,1223223,3375,8238,11691,21099,65535,7001,33536,46929,59924,35400,65535,7014
1686554033,0,1,1,0,1223223,3373,8237,11679,21087,65535,6998,33502,46896,59902,35375,65535,7010
1686554039,0,1,1,0,1223223,3374,8241,11691,21096,65535,7007,33513,46901,59890,35382,65535,7012
1686554045,0,1,1,0,1223223,3375,8243,11687,21100,65535,7002,33523,46915,59937,35376,65535,7010
1686554051,0,1,1,0,1223223,3374,8238,11689,21097,65535,7005,33510,46895,59920,35375,65535,7010
1686554057,0,1,1,0,1223223,3371,8238,11688,21085,65535,7000,33489,46866,59878,35363,65535,7004
1686554063,0,1,1,0,1223223,3373,8239,11686,21093,65535,7001,33515,46902,59918,35387,65535,7013
1686554069,0,1,1,0,1223223,3375,8242,11691,21097,65535,7002,33510,46884,59906,35379,65535,7009
1686554075,0,1,1,0,1223223,3372,8240,11685,21097,65535,7004,33504,46905,59925,35388,65535,7014
1686554081,0,1,1,0,1223223,3375,8241,11690,21097,65535,7004,33522,46905,59931,35384,65535,7010
1686554087,0,1,1,0,1223223,3374,8240,11684,21085,65535,7006,33506,46893,59884,35376,65535,7012
1686554093,0,1,1,0,1223223,3371,8239,11688,21082,65535,7002,33502,46899,59928,35375,65535,7010
1686554099,0,1,1,0,1223223,3372,8241,11698,21088,65535,7000,33512,46896,59908,35378,65535,7012
1686554105,0,1,1,0,1223223,3374,8240,11688,21086,65535,7004,33530,46919,59910,35386,65535,7014
1686554111,0,1,1,0,1223223,3374,8238,11685,21081,65535,6996,33496,46884,59873,35369,65535,7012
1686554117,0,1,1,0,1223223,3372,8233,11674,21073,65535,6995,33502,46883,59872,35371,65535,7011
1686554123,0,1,1,0,1223223,3373,8236,11681,21093,65535,7002,33499,46883,59889,35353,65535,7010
1686554129,0,1,1,0,1223223,3375,8240,11689,21097,65535,7004,33511,46899,59918,35383,65535,7009
1686554135,0,1,1,0,1223223,3373,8236,11683,21086,65535,6998,33521,46894,59910,35380,65535,7010
1686554141,0,1,1,0,1223223,3373,8240,11684,21100,65535,7004,33517,46888,59895,35362,65535,7012
1686554147,0,1,1,0,1223223,3373,8239,11682,21095,65535,6999,33505,46892,59878,35371,65535,7008
1686554153,0,1,1,0,1223223,3374,8240,11688,21098,65535,7002,33508,46896,59906,35361,65535,7012
1686554159,0,1,1,0,1223223,3375,8240,11687,21096,65535,7002,33521,46914,59914,35386,65535,7012
1686554165,0,1,1,0,1223223,3373,8240,11685,21084,65535,7002,33502,46884,59901,35376,65535,7014
1686554171,0,1,1,0,1223223,3373,8238,11683,21094,65535,7002,33508,46898,59901,35387,65535,7012
1686554177,0,1,1,0,1223223,3373,8233,11682,21080,65535,6997,33505,46895,59902,35370,65535,7006
1686554183,0,1,1,0,1223223,3374,8242,11690,21086,65535,7006,33513,46906,59888,35387,65535,7014
1686554189,0,1,1,0,1223223,3375,8237,11686,21085,65535,7002,33501,46889,59873,35357,65535,7008
1686554195,0,1,1,0,1223223,3375,8241,11688,21090,65535,7002,33522,46911,59912,35388,65535,7012
1686554201,0,1,1,0,1223223,3373,8241,11685,21096,65535,7002,33514,46896,59920,35370,65535,7011
1686554207,0,1,1,0,1223223,3374,8238,11688,21093,65535,7000,33519,46890,59905,35371,65535,7014
1686554213,0,1,1,0,1223223,3375,8243,11693,21102,65535,7004,33520,46905,59926,35390,65535,7012
1686554219,0,1,1,0,1223223,3374,8242,11689,21100,65535,7004,33510,46899,59909,35384,65535,7011
1686554225,0,1,1,0,1223223,3373,8241,11681,21084,65535,7004,33527,46914,59927,35387,65535,7014
1686554231,0,1,1,0,1223223,3374,8240,11687,21093,65535,7004,33511,46894,59911,35383,65535,7011
1686554237,0,1,1,0,1223223,3374,8238,11683,21099,65535,7003,33526,46904,59896,35384,65535,7014
1686554243,0,1,1,0,1223223,3375,8239,11688,21096,65535,7002,33530,46904,59900,35393,65535,7012
1686554249,0,1,1,0,1223223,3373,8242,11689,21085,65535,7002,33507,46898,59901,35357,65535,7012
1686554255,0,1,1,0,1223223,3373,8238,11684,21092,65535,7002,33499,46888,59866,35361,65535,7010
1686554261,0,1,1,0,1223223,3373,8242,11688,21086,65535,7002,33518,46898,59919,35382,65535,7012
1686554267,0,1,1,0,1223223,3372,8240,11683,21086,65535,7004,33515,46897,59911,35390,65535,7012
1686554273,0,1,1,0,1223223,3372,8239,11686,21091,65535,7003,33506,46895,59915,35381,65535,7010
1686554279,0,1,1,0,1223223,3374,8238,11686,21095,65535,7001,33521,46895,59884,35384,65535,7013
1686554285,0,1,1,0,1223223,3373,8245,11689,21100,65535,7003,33531,46920,59905,35386,65535,7012
1686554291,0,1,1,0,1223223,3372,8242,11691,21097,65535,7002,33501,46894,59896,35350,65535,7012
1686554297,0,1,1,0,1223223,3373,8237,11683,21080,65535,6998,33494,46871,59880,35365,65535,7010
1686554303,0,1,1,0,1223223,3374,8239,11678,21096,65535,6998,33516,46903,59908,35366,65535,7013
1686554309,0,1,1,0,1223223,3373,8238,11687,21091,65535,7002,33504,46875,59874,35362,65535,7011
1686554315,0,1,1,0,1223223,3374,8240,11681,21098,65535,7002,33496,46858,59889,35373,65535,7010
1686554321,0,1,1,0,1223223,3373,8238,11685,21075,65535,7002,33508,46889,59867,35370,65535,7009
1686554327,0,1,1,0,1223223,3375,8243,11681,21083,65535,7002,33512,46912,59914,35386,65535,7014
1686554333,0,1,1,0,1223223,3373,8236,11683,21093,65535,7000,33519,46887,59923,35384,65535,7014
1686554339,0,1,1,0,1223223,3372,8242,11682,21098,65535,7003,33492,46884,59897,35373,65535,7010
1686554345,0,1,1,0,1223223,3373,8240,11686,21087,65535,7002,33502,46889,59874,35378,65535,7010
1686554351,0,1,1,0,1223223,3374,8241,11682,21093,65535,6999,33509,46894,59880,35377,65535,7011
1686554357,0,1,1,0,1223223,3369,8231,11674,21081,65535,6996,33473,46852,59848,35339,65535,7001
1686554363,0,1,1,0,1223223,3373,8242,11681,21082,65535,7002,33489,46859,59861,35362,65535,7006
1686554369,0,1,1,0,1223223,3373,8239,11686,21095,65535,7000,33512,46898,59893,35374,65535,7010
1686554375,0,1,1,0,1223223,3373,8241,11682,21084,65535,7004,33510,46894,59885,35358,65535,7014
1686554381,0,1,1,0,1223223,3373,8244,11689,21102,65535,7004,33503,46879,59909,35374,65535,7008
1686554387,0,1,1,0,1223223,3373,8243,11688,21086,65535,7001,33516,46889,59928,35369,65535,7010
1686554393,0,1,1,0,1223223,3374,8240,11689,21098,65535,7006,33503,46892,59906,35361,65535,7011
1686554399,0,1,1,0,1223223,3374,8239,11687,21100,65535,7004,33526,46921,59921,35390,65535,7012
1686554405,0,1,1,0,1223223,3375,8242,11690,21089,65535,7002,33520,46904,59921,35386,65535,7012
1686554411,0,1,1,0,1223223,3371,8237,11686,21079,65535,7000,33499,46897,59908,35368,65535,7012
1686554417,0,1,1,0,1223223,3372,8240,11683,21096,65535,7002,33487,46887,59886,35380,65535,7010
1686554423,0,1,1,0,1223223,3371,8239,11678,21081,65535,7002,33515,46904,59910,35389,65535,7012
1686554429,0,1,1,0,1223223,3374,8238,11683,21097,65535,7004,33489,46897,59909,35385,65535,7012
1686554435,0,1,1,0,1223223,3374,8240,11687,21091,65535,7003,33510,46900,59886,35394,65535,7016
1686554441,0,1,1,0,1223223,3373,8240,11676,21104,65535,7003,33517,46899,59888,35385,65535,7011
1686554447,0,1,1,0,1223223,3374,8236,11680,21090,65535,7001,33520,46901,59898,35390,65535,7011
1686554453,0,1,1,0,1223223,3374,8239,11682,21081,65535,7004,33509,46896,59882,35363,65535,7009
1686554459,0,1,1,0,1223223,3374,8241,11687,21084,65535,7000,33518,46906,59911,35384,65535,7012
1686554465,0,1,1,0,1223223,3375,8240,11687,21087,65535,7003,33506,46900,59907,35380,65535,7009
1686554471,0,1,1,0,1223223,3374,8240,11688,21087,65535,7001,33507,46905,59907,35363,65535,7013
1686554477,0,1,1,0,1223223,3373,8234,11685,21093,65535,7004,33510,46890,59902,35379,65535,7012
1686554483,0,1,1,0,1223223,3374,8240,11686,21099,65535,7001,33529,46915,59900,35397,65535,7012
1686554489,0,1,1,0,1223223,3375,8241,11689,21102,65535,7004,33514,46895,59910,35380,65535,7008
1686554495,0,1,1,0,1223223,3374,8240,11686,21099,65535,7002,33501,46887,59890,35361,65535,7010
1686554501,0,1,1,0,1223223,3373,8242,11685,21097,65535,7004,33489,46868,59850,35345,65535,7004
1686554507,0,1,1,0,1223223,3374,8242,11685,21088,65535,7004,33511,46898,59915,35385,65535,7010
1686554513,0,1,1,0,1223223,3373,8236,11684,21096,65535,7002,33515,46905,59892,35384,65535,7012
1686554519,0,1,1,0,1223223,3375,8243,11686,21090,65535,7002,33508,46901,59908,35387,65535,7014
1686554525,0,1,1,0,1223223,3372,8233,11681,21069,65535,6996,33516,46890,59892,35377,65535,7008
1686554531,0,1,1,0,1223223,3374,8240,11685,21103,65535,7003,33497,46884,59881,35364,65535,7012
1686554537,0,1,1,0,1223223,3372,8240,11689,21099,65535,7004,33493,46897,59887,35392,65535,7014
1686554543,0,1,1,0,1223223,3375,8245,11692,21103,65535,7006,33518,46908,59898,35373,65535,7010
1686554549,0,1,1,0,1223223,3374,8236,11680,21092,65535,7001,33514,46899,59914,35385,65535,7011
1686554555,0,1,1,0,1223223,3375,8245,11689,21097,65535,7006,33527,46923,59932,35397,65535,7014
1686554561,0,1,1,0,1223223,3374,8241,11686,21100,65535,7002,33522,46907,59908,35391,65535,7008
1686554567,0,1,1,0,1223223,3376,8243,11695,21092,65535,7000,33516,46908,59902,35371,65535,7012
1686554573,0,1,1,0,1223223,3375,8247,11690,21105,65535,7006,33530,46932,59930,35395,65535,7014
1686554579,0,1,1,0,1223223,3373,8238,11688,21088,65535,7004,33513,46900,59902,35389,65535,7013
1686554585,0,1,1,0,1223223,3375,8242,11685,21098,65535,7004,33514,46911,59926,35387,65535,7016
1686554591,0,1,1,0,1223223,3374,8243,11686,21094,65535,7008,33525,46909,59910,35392,65535,7012
1686554597,0,1,1,0,1223223,3372,8235,11676,21084,65535,6998,33525,46909,59914,35394,65535,7016
1686554603,0,1,1,0,1223223,3374,8241,11683,21099,65535,7006,33512,46887,59906,35384,65535,7012
1686554609,0,1,1,0,1223223,3375,8243,11692,21105,65535,7004,33511,46900,59912,35364,65535,7010
1686554615,0,1,1,0,1223223,3371,8234,11675,21078,65535,6998,33518,46881,59920,35383,65535,7011
1686554621,0,1,1,0,1223223,3374,8241,11691,21084,65535,7004,33508,46896,59884,35381,65535,7011
1686554627,0,1,1,0,1223223,3372,8236,11674,21084,65535,6996,33506,46904,59908,35369,65535,7012
1686554633,0,1,1,0,1223223,3372,8232,11675,21069,65535,6993,33511,46902,59884,35375,65535,7014
1686554639,0,1,1,0,1223223,3376,8243,11684,21101,65535,7000,33518,46916,59884,35387,65535,7014
1686554645,0,1,1,0,1223223,3374,8237,11682,21093,65535,7002,33501,46913,59926,35388,65535,7012
1686554651,0,1,1,0,1223223,3375,8236,11681,21096,65535,7002,33521,46918,59890,35390,65535,7014
1686554657,0,1,1,0,1223223,3375,8241,11679,21098,65535,7003,33504,46898,59879,35359,65535,7012
1686554663,0,1,1,0,1223223,3374,8243,11686,21096,65535,7004,33519,46881,59867,35381,65535,7012
1686554669,0,1,1,0,1223223,3376,8243,11683,21099,65535,7005,33516,46879,59890,35366,65535,7010
1686554675,0,1,1,0,1223223,3373,8239,11675,21082,65535,7001,33496,46879,59879,35368,65535,7008
1686554681,0,1,1,0,1223223,3375,8245,11691,21101,65535,7006,33522,46914,59888,35382,65535,7010
1686554687,0,1,1,0,1223223,3375,8240,11687,21089,65535,7002,33519,46901,59912,35364,65535,7016
1686554693,0,1,1,0,1223223,3373,8237,11679,21075,65535,6996,33518,46903,59883,35393,65535,7011
1686554699,0,1,1,0,1223223,3375,8243,11689,21100,65535,7002,33519,46882,59899,35396,65535,7012
1686554705,0,1,1,0,1223223,3369,8231,11674,21072,65535,6990,33478,46856,59843,35350,65535,7004
1686554711,0,1,1,0,1223223,3376,8239,11689,21101,65535,7006,33525,46905,59924,35383,65535,7014
1686554717,0,1,1,0,1223223,3375,8243,11683,21101,65535,7004,33478,46869,59869,35338,65535,7004
1686554723,0,1,1,0,1223223,3376,8242,11688,21098,65535,7005,33517,46906,59908,35384,65535,7010
1686554729,0,1,1,0,1223223,3371,8239,11682,21094,65535,7004,33519,46897,59891,35376,65535,7010
1686554735,0,1,1,0,1223223,3373,8239,11683,21080,65535,7002,33515,46890,59902,35376,65535,7006
1686554741,0,1,1,0,1223223,3374,8241,11687,21095,65535,7003,33507,46885,59897,35375,65535,7010
1686554747,0,1,1,0,1223223,3372,8241,11686,21093,65535,6998,33491,46895,59875,35367,65535,7010
1686554753,0,1,1,0,1223223,3374,8240,11680,21089,65535,7000,33501,46888,59870,35366,65535,7012
1686554759,0,1,1,0,1223223,3372,8236,11687,21093,65535,7002,33502,46906,59915,35373,65535,7012
1686554765,0,1,1,0,1223223,3372,8243,11683,21092,65535,7004,33530,46892,59911,35382,65535,7010
1686554771,0,1,1,0,1223223,3373,8243,11686,21094,65535,7004,33509,46904,59915,35370,65535,7013
1686554777,0,1,1,0,1223223,3376,8242,11685,21096,65535,7003,33511,46897,59918,35377,65535,7011
1686554783,0,1,1,0,1223223,3372,8236,11674,21077,65535,6995,33519,46906,59900,35362,65535,7010
1686554789,0,1,1,0,1223223,3376,8244,11687,21098,65535,7002,33511,46904,59923,35389,65535,7014
1686554795,0,1,1,0,1223223,3374,8242,11685,21086,65535,7004,33520,46897,59923,35398,65535,7011
1686554801,0,1,1,0,1223223,3373,8239,11687,21089,65535,7002,33508,46894,59911,35375,65535,7008
1686554807,0,1,1,0,1223223,3376,8241,11683,21077,65535,7004,33530,46920,59901,35382,65535,7014
1686554813,0,1,1,0,1223223,3373,8243,11684,21090,65535,7006,33507,46910,59905,35379,65535,7012
1686554819,0,1,1,0,1223223,3372,8241,11686,21088,65535,7004,33496,46885,59885,35358,65535,7009
1686554825,0,1,1,0,1223223,3373,8243,11686,21093,65535,7001,33494,46904,59898,35376,65535,7011
1686554831,0,1,1,0,1223223,3375,8242,11687,21092,65535,7004,33519,46897,59903,35373,65535,7008
1686554837,0,1,1,0,1223223,3372,8242,11692,21095,65535,7002,33505,46908,59904,35382,65535,7008
1686554843,0,1,1,0,1223223,3374,8238,11680,21091,65535,6998,33497,46879,59885,35376,65535,7012
1686554849,0,1,1,0,1223223,3375,8242,11689,21100,65535,7004,33517,46905,59913,35384,65535,7012
1686554855,0,1,1,0,1223223,3374,8242,11689,21089,65535,7004,33524,46908,59911,35395,65535,7014
1686554861,0,1,1,0,1223223,3372,8238,11683,21094,65535,7001,33515,46905,59917,35378,65535,7014
1686554867,0,1,1,0,1223223,3375,8237,11689,21094,65535,7006,33506,46900,59901,35382,65535,7012
1686554873,0,1,1,0,1223223,3375,8240,11679,21093,65535,7006,33517,46907,59893,35375,65535,7010
1686554879,0,1,1,0,1223223,3374,8244,11686,21092,65535,7002,33522,46912,59902,35378,65535,7014
1686554885,0,1,1,0,1223223,3374,8242,11685,21092,65535,7000,33516,46903,59887,35392,65535,7010
1686554891,0,1,1,0,1223223,3374,8235,11683,21093,65535,7002,33502,46890,59876,35373,65535,7011
1686554897,0,1,1,0,1223223,3373,8234,11684,21087,65535,6997,33483,46893,59884,35365,65535,7012
1686554903,0,1,1,0,1223223,3371,8236,11683,21091,65535,6998,33507,46898,59886,35363,65535,7009
1686554909,0,1,1,0,1223223,3372,8237,11683,21088,65535,7003,33499,46893,59886,35370,65535,7014
1686554915,0,1,1,0,1223223,3374,8242,11686,21093,65535,7002,33494,46867,59888,35372,65535,7010
1686554921,0,1,1,0,1223223,3371,8241,11685,21091,65535,7000,33499,46874,59861,35374,65535,7010
1686554927,0,1,1,0,1223223,3372,8238,11673,21074,65535,6998,33489,46877,59865,35358,65535,7010
1686554933,0,1,1,0,1223223,3373,8237,11684,21093,65535,7002,33503,46888,59884,35354,65535,7012
1686554939,0,1,1,0,1223223,3375,8242,11683,21092,65535,7004,33499,46905,59892,35381,65535,7010
1686554945,0,1,1,0,1223223,3372,8239,11678,21090,65535,7000,33478,46876,59873,35363,65535,7008
1686554951,0,1,1,0,1223223,3372,8240,11686,21096,65535,7004,33522,46905,59907,35387,65535,7012
1686554957,0,1,1,0,1223223,3373,8239,11683,21085,65535,7002,33483,46889,59890,35368,65535,7010
1686554963,0,1,1,0,1223223,3375,8238,11689,21092,65535,7001,33489,46888,59893,35369,65535,7012
1686554969,0,1,1,0,1223223,3371,8237,11682,21078,65535,7000,33479,46879,59890,35354,65535,7010
1686554975,0,1,1,0,1223223,3371,8240,11680,21087,65535,6998,33503,46896,59878,35368,65535,7010
1686554981,0,1,1,0,1223223,3370,8239,11681,21091,65535,7002,33508,46873,59881,35358,65535,7010
1686554987,0,1,1,0,1223223,3372,8239,11685,21085,65535,6998,33487,46875,59881,35357,65535,7010
1686554993,0,1,1,0,1223223,3371,8239,11678,21094,65535,7000,33496,46898,59899,35360,65535,7010
1686554999,0,1,1,0,1223223,3373,8240,11688,21088,65535,7000,33497,46882,59894,35356,65535,7011
1686555005,0,1,1,0,1223223,3375,8241,11686,21096,65535,7003,33509,46891,59897,35359,65535,7008
1686555011,0,1,1,0,1223223,3374,8238,11687,21093,65535,7002,33513,46899,59889,35382,65535,7010
1686555017,0,1,1,0,1223223,3372,8244,11688,21097,65535,7005,33518,46888,59911,35383,65535,7014
1686555023,0,1,1,0,1223223,3374,8243,11688,21094,65535,7004,33509,46897,59867,35376,65535,7011
1686555029,0,1,1,0,1223223,3375,8245,11690,21096,65535,7003,33522,46889,59914,35381,65535,7015
1686555035,0,1,1,0,1223223,3374,8241,11687,21091,65535,7003,33527,46917,59922,35385,65535,7014
1686555041,0,1,1,0,1223223,3375,8242,11685,21094,65535,7006,33501,46899,59883,35391,65535,7008
1686555047,0,1,1,0,1223223,3372,8238,11686,21098,65535,7000,33515,46883,59919,35380,65535,7013
1686555053,0,1,1,0,1223223,3371,8239,11686,21093,65535,7004,33527,46907,59923,35394,65535,7014
1686555059,0,1,1,0,1223223,3374,8243,11688,21093,65535,7004,33490,46899,59892,35374,65535,7008
1686555065,0,1,1,0,1223223,3372,8237,11685,21087,65535,7000,33513,46910,59883,35375,65535,7011
1686555071,0,1,1,0,1223223,3373,8241,11688,21092,65535,7004,33515,46902,59911,35380,65535,7012
1686555077,0,1,1,0,1223223,3373,8242,11689,21092,65535,7002,33497,46916,59911,35380,65535,7014
1686555083,0,1,1,0,1223223,3375,8241,11687,21097,65535,7002,33509,46886,59887,35384,65535,7012
1686555089,0,1,1,0,1223223,3372,8241,11691,21095,65535,7006,33510,46894,59928,35394,65535,7011
1686555095,0,1,1,0,1223223,3373,8238,11691,21102,65535,7002,33514,46879,59880,35387,65535,7008
1686555101,0,1,1,0,1223223,3374,8240,11688,21097,65535,6998,33523,46920,59882,35384,65535,7012
1686555107,0,1,1,0,1223223,3375,8242,11688,21083,65535,7002,33526,46900,59881,35390,65535,7012
1686555113,0,1,1,0,1223223,3376,8244,11690,21098,65535,7001,33525,46912,59923,35367,65535,7012
1686555119,0,1,1,0,1223223,3372,8243,11689,21087,65535,7002,33499,46900,59878,35387,65535,7012
1686555125,0,1,1,0,1223223,3373,8246,11692,21090,65535,7004,33507,46911,59904,35379,65535,7014
1686555131,0,1,1,0,1223223,3375,8245,11687,21100,65535,7002,33522,46900,59919,35391,65535,7013
1686555137,0,1,1,0,1223223,3376,8243,11695,21089,65535,7004,33501,46904,59931,35385,65535,7014
1686555143,0,1,1,0,1223223,3375,8241,11697,21090,65535,7003,33526,46906,59936,35373,65535,7012
1686555149,0,1,1,0,1223223,3375,8242,11686,21092,65535,7006,33511,46888,59921,35365,65535,7010
1686555155,0,1,1,0,1223223,3375,8244,11694,21097,65535,7000,33531,46923,59924,35385,65535,7012
1686555161,0,1,1,0,1223223,3375,8243,11689,21081,65535,7000,33503,46924,59906,35387,65535,7012
1686555167,0,1,1,0,1223223,3374,8242,11694,21101,65535,7003,33534,46918,59921,35379,65535,7012
1686555173,0,1,1,0,1223223,3375,8242,11688,21101,65535,7006,33532,46912,59917,35394,65535,7016
1686555179,0,1,1,0,1223223,3372,8239,11687,21096,65535,7003,33514,46903,59915,35370,65535,7016
1686555185,0,1,1,0,1223223,3374,8240,11682,21095,65535,7002,33515,46909,59888,35391,65535,7012
1686555191,0,1,1,0,1223223,3374,8241,11688,21094,65535,7002,33521,46915,59891,35377,65535,7014
1686555197,0,1,1,0,1223223,3374,8240,11685,21093,65535,7000,33516,46901,59901,35369,65535,7014
1686555203,0,1,1,0,1223223,3374,8240,11689,21091,65535,7004,33534,46922,59942,35394,65535,7016
1686555209,0,1,1,0,1223223,3374,8243,11686,21084,65535,7004,33516,46905,59900,35382,65535,7014
1686555215,0,1,1,0,1223223,3373,8242,11686,21087,65535,7000,33511,46907,59902,35388,65535,7012
1686555221,0,1,1,0,1223223,3374,8245,11695,21089,65535,7004,33505,46907,59893,35363,65535,7010
1686555227,0,1,1,0,1223223,3375,8243,11692,21091,65535,7002,33507,46900,59905,35366,65535,7011
1686555233,0,1,1,0,1223223,3375,8248,11687,21101,65535,7006,33498,46910,59902,35382,65535,7011
1686555239,0,1,1,0,1223223,3375,8243,11692,21099,65535,7004,33507,46886,59922,35382,65535,7012
1686555245,0,1,1,0,1223223,3372,8242,11680,21083,65535,7002,33527,46927,59901,35396,65535,7012
1686555251,0,1,1,0,1223223,3374,8241,11682,21093,65535,7002,33514,46891,59911,35383,65535,7014
1686555257,0,1,1,0,1223223,3375,8243,11687,21085,65535,7004,33515,46886,59913,35386,65535,7016
1686555263,0,1,1,0,1223223,3374,8244,11683,21098,65535,7004,33503,46888,59901,35378,65535,7012
1686555269,0,1,1,0,1223223,3373,8240,11685,21088,65535,7004,33517,46899,59880,35379,65535,7013
1686555275,0,1,1,0,1223223,3373,8240,11689,21084,65535,7006,33481,46837,59855,35366,65535,7006
1686555281,0,1,1,0,1223223,3371,8237,11681,21095,65535,7000,33512,46899,59895,35375,65535,7007
1686555287,0,1,1,0,1223223,3372,8240,11682,21091,65535,7002,33510,46896,59884,35364,65535,7010
1686555293,0,1,1,0,1223223,3374,8236,11686,21082,65535,7000,33512,46896,59908,35379,65535,7014
1686555299,0,1,1,0,1223223,3373,8239,11680,21088,65535,7000,33506,46876,59910,35378,65535,7008
1686555305,0,1,1,0,1223223,3373,8237,11679,21084,65535,7000,33505,46897,59879,35372,65535,7012
1686555311,0,1,1,0,1223223,3373,8240,11686,21089,65535,6998,33477,46872,59891,35370,65535,7010
1686555317,0,1,1,0,1223223,3371,8234,11677,21079,65535,6999,33509,46875,59870,35375,65535,7013
1686555323,0,1,1,0,1223223,3373,8238,11684,21085,65535,6998,33506,46895,59903,35363,65535,7012
1686555329,0,1,1,0,1223223,3373,8234,11685,21082,65535,6998,33518,46878,59925,35375,65535,7008
1686555335,0,1,1,0,1223223,3373,8241,11686,21102,65535,7003,33504,46866,59891,35359,65535,7012
1686555341,0,1,1,0,1223223,3372,8239,11682,21073,65535,6998,33511,46903,59881,35376,65535,7010
1686555347,0,1,1,0,1223223,3371,8228,11670,21062,65535,6994,33487,46854,59854,35363,65535,7010
1686555353,0,1,1,0,1223223,3375,8245,11688,21101,65535,7004,33517,46903,59913,35371,65535,7015
1686555359,0,1,1,0,1223223,3375,8239,11691,21099,65535,7004,33495,46887,59896,35373,65535,7009
1686555365,0,1,1,0,1223223,3373,8239,11686,21096,65535,7004,33525,46912,59903,35374,65535,7012
1686555371,0,1,1,0,1223223,3376,8244,11690,21102,65535,7002,33525,46906,59932,35389,65535,7014
1686555377,0,1,1,0,1223223,3373,8237,11682,21089,65535,7000,33500,46907,59902,35364,65535,7011
1686555383,0,1,1,0,1223223,3375,8242,11689,21084,65535,7002,33520,46907,59900,35372,65535,7014
1686555389,0,1,1,0,1223223,3374,8242,11681,21097,65535,7002,33514,46913,59905,35391,65535,7014
1686555395,0,1,1,0,1223223,3374,8241,11687,21101,65535,7003,33514,46893,59928,35366,65535,7014
1686555401,0,1,1,0,1223223,3374,8237,11688,21100,65535,7002,33510,46887,59888,35355,65535,7010
1686555407,0,1,1,0,1223223,3374,8236,11687,21099,65535,7004,33532,46896,59921,35376,65535,7016
1686555413,0,1,1,0,1223223,3374,8239,11684,21083,65535,7004,33523,46914,59906,35369,65535,7012
1686555419,0,1,1,0,1223223,3374,8235,11683,21084,65535,7002,33500,46909,59927,35390,65535,7010
1686555425,0,1,1,0,1223223,3373,8236,11678,21092,65535,6998,33500,46897,59914,35364,65535,7011
1686555431,0,1,1,0,1223223,3373,8237,11680,21091,65535,7000,33514,46899,59896,35365,65535,7012
1686555437,0,1,1,0,1223223,3374,8234,11682,21086,65535,7000,33501,46868,59880,35377,65535,7009
1686555443,0,1,1,0,1223223,3371,8234,11669,21077,65535,6997,33486,46860,59847,35360,65535,7006
1686555449,0,1,1,0,1223223,3373,8239,11683,21091,65535,7002,33490,46894,59891,35374,65535,7010
1686555455,0,1,1,0,1223223,3373,8235,11685,21092,65535,7003,33524,46913,59900,35371,65535,7012
1686555461,0,1,1,0,1223223,3375,8239,11692,21093,65535,7004,33501,46895,59907,35387,65535,7016
1686555467,0,1,1,0,1223223,3375,8241,11682,21082,65535,7002,33514,46876,59891,35387,65535,7010
1686555473,0,1,1,0,1223223,3374,8236,11682,21096,65535,7004,33521,46902,59901,35389,65535,7014
1686555479,0,1,1,0,1223223,3373,8238,11681,21079,65535,7004,33514,46899,59896,35369,65535,7012
1686555485,0,1,1,0,1223223,3373,8240,11684,21094,65535,7002,33511,46903,59927,35386,65535,7016
1686555491,0,1,1,0,1223223,3375,8236,11688,21083,65535,7002,33505,46898,59886,35362,65535,7013
1686555497,0,1,1,0,1223223,3373,8239,11679,21097,65535,6998,33486,46872,59875,35363,65535,7008
1686555503,0,1,1,0,1223223,3375,8242,11690,21097,65535,7003,33508,46899,59902,35359,65535,7012
1686555509,0,1,1,0,1223223,3374,8241,11692,21097,65535,7000,33510,46895,59919,35366,65535,7008
1686555515,0,1,1,0,1223223,3374,8238,11683,21085,65535,7005,33518,46914,59895,35368,65535,7012
1686555521,0,1,1,0,1223223,3374,8242,11689,21101,65535,7002,33525,46912,59919,35388,65535,7012
1686555527,0,1,1,0,1223223,3374,8240,11688,21090,65535,7002,33502,46877,59896,35377,65535,7012
1686555533,0,1,1,0,1223223,3373,8241,11687,21093,65535,7000,33522,46897,59914,35390,65535,7012
1686555539,0,1,1,0,1223223,3372,8233,11677,21072,65535,6996,33495,46883,59889,35351,65535,7008
1686555545,0,1,1,0,1223223,3373,8241,11688,21098,65535,7003,33502,46873,59882,35381,65535,7012
1686555551,0,1,1,0,1223223,3374,8240,11686,21088,65535,7005,33504,46887,59902,35377,65535,7013
1686555557,0,1,1,0,1223223,3373,8238,11683,21087,65535,7002,33500,46868,59875,35372,65535,7011
1686555563,0,1,1,0,1223223,3374,8241,11690,21089,65535,7002,33519,46909,59928,35390,65535,7011
1686555569,0,1,1,0,1223223,3374,8240,11688,21084,65535,7004,33497,46887,59875,35378,65535,7012
1686555575,0,1,1,0,1223223,3372,8236,11684,21096,65535,7005,33500,46899,59887,35367,65535,7010
1686555581,0,1,1,0,1223223,3375,8241,11689,21087,65535,7006,33518,46906,59931,35367,65535,7014
1686555587,0,1,1,0,1223223,3375,8241,11691,21098,65535,7002,33515,46901,59924,35389,65535,7014
1686555593,0,1,1,0,1223223,3375,8245,11686,21093,65535,7004,33508,46892,59900,35362,65535,7012
1686555599,0,1,1,0,1223223,3373,8242,11684,21096,65535,7002,33516,46903,59915,35381,65535,7012
1686555605,0,1,1,0,1223223,3373,8239,11681,21079,65535,7000,33513,46900,59907,35374,65535,7012
1686555611,0,1,1,0,1223223,3373,8243,11690,21090,65535,7000,33499,46893,59881,35374,65535,7010
1686555617,0,1,1,0,1223223,3372,8236,11682,21079,65535,6999,33500,46885,59885,35368,65535,7008
1686555623,0,1,1,0,1223223,3374,8240,11684,21086,65535,7000,33514,46924,59924,35380,65535,7014
1686555629,0,1,1,0,1223223,3373,8239,11682,21088,65535,7000,33503,46893,59904,35375,65535,7012
1686555635,0,1,1,0,1223223,3373,8243,11687,21094,65535,7002,33482,46895,59880,35375,65535,7010
1686555641,0,1,1,0,1223223,3372,8240,11686,21094,65535,6998,33509,46897,59909,35378,65535,7011
1686555647,0,1,1,0,1223223,3373,8242,11678,21091,65535,6998,33499,46884,59870,35371,65535,7010
1686555653,0,1,1,0,1223223,3374,8240,11685,21094,65535,7003,33498,46895,59883,35352,65535,7012
1686555659,0,1,1,0,1223223,3374,8242,11684,21100,65535,7000,33510,46894,59897,35384,65535,7012
1686555665,0,1,1,0,1223223,3370,8232,11672,21061,65535,6992,33506,46894,59913,35361,65535,7012
1686555671,0,1,1,0,1223223,3374,8242,11682,21096,65535,7001,33512,46878,59892,35378,65535,7008
1686555677,0,1,1,0,1223223,3372,8233,11684,21084,65535,7000,33487,46853,59875,35346,65535,7006
1686555683,0,1,1,0,1223223,3374,8238,11683,21096,65535,7002,33522,46908,59906,35391,65535,7014
1686555689,0,1,1,0,1223223,3373,8240,11690,21085,65535,7002,33517,46896,59903,35375,65535,7014
1686555695,0,1,1,0,1223223,3373,8240,11685,21098,65535,7000,33493,46873,59895,35345,65535,7011
1686555701,0,1,1,0,1223223,3374,8240,11684,21098,65535,7003,33529,46909,59909,35372,65535,7012
1686555707,0,1,1,0,1223223,3372,8238,11685,21088,65535,7003,33511,46865,59882,35384,65535,7014
1686555713,0,1,1,0,1223223,3374,8239,11692,21099,65535,7004,33522,46890,59924,35386,65535,7013
1686555719,0,1,1,0,1223223,3373,8240,11681,21095,65535,7002,33513,46897,59891,35382,65535,7012
1686555725,0,1,1,0,1223223,3373,8240,11674,21093,65535,7001,33507,46898,59884,35378,65535,7010
1686555731,0,1,1,0,1223223,3373,8240,11684,21085,65535,7003,33499,46886,59906,35372,65535,7013
1686555737,0,1,1,0,1223223,3371,8237,11678,21091,65535,7003,33493,46899,59912,35375,65535,7008
1686555743,0,1,1,0,1223223,3375,8241,11683,21098,65535,7002,33511,46879,59908,35373,65535,7010
1686555749,0,1,1,0,1223223,3374,8242,11688,21101,65535,7000,33507,46900,59884,35379,65535,7008
1686555755,0,1,1,0,1223223,3373,8235,11682,21095,65535,7000,33514,46892,59904,35380,65535,7010
1686555761,0,1,1,0,1223223,3373,8237,11680,21086,65535,6998,33500,46877,59894,35362,65535,7007
1686555767,0,1,1,0,1223223,3372,8238,11679,21093,65535,7002,33514,46900,59908,35374,65535,7010
1686555773,0,1,1,0,1223223,3372,8240,11681,21096,65535,7002,33501,46886,59909,35346,65535,7008
1686555779,0,1,1,0,1223223,3372,8235,11678,21083,65535,7000,33512,46878,59888,35372,65535,7007
1686555785,0,1,1,0,1223223,3373,8239,11683,21093,65535,7002,33503,46886,59887,35367,65535,7014
1686555791,0,1,1,0,1223223,3373,8240,11683,21097,65535,7003,33507,46883,59911,35372,65535,7012
1686555797,0,1,1,0,1223223,3375,8241,11682,21093,65535,7000,33507,46870,59906,35365,65535,7010
1686555803,0,1,1,0,1223223,3371,8241,11690,21099,65535,7004,33522,46899,59904,35384,65535,7009
1686555809,0,1,1,0,1223223,3374,8239,11688,21094,65535,7003,33515,46895,59900,35383,65535,7010
1686555815,0,1,1,0,1223223,3373,8244,11689,21101,65535,7004,33528,46922,59933,35395,65535,7011
1686555821,0,1,1,0,1223223,3373,8239,11684,21099,65535,7002,33502,46888,59893,35364,65535,7012
1686555827,0,1,1,0,1223223,3373,8238,11680,21081,65535,6997,33487,46881,59902,35362,65535,7009
1686555833,0,1,1,0,1223223,3373,8240,11687,21093,65535,7001,33504,46895,59910,35375,65535,7010
1686555839,0,1,1,0,1223223,3375,8239,11681,21087,65535,7000,33518,46920,59896,35389,65535,7012
1686555845,0,1,1,0,1223223,3374,8239,11683,21099,65535,7002,33515,46898,59867,35382,65535,7008
1686555851,0,1,1,0,1223223,3373,8240,11676,21084,65535,7006,33505,46888,59867,35361,65535,7010
1686555857,0,1,1,0,1223223,3374,8243,11688,21088,65535,7002,33510,46882,59908,35366,65535,7008
1686555863,0,1,1,0,1223223,3374,8243,11688,21097,65535,7004,33506,46882,59880,35374,65535,7013
1686555869,0,1,1,0,1223223,3373,8237,11686,21082,65535,6997,33497,46878,59879,35367,65535,7012
1686555875,0,1,1,0,1223223,3372,8237,11682,21091,65535,6996,33493,46877,59873,35367,65535,7012
1686555881,0,1,1,0,1223223,3373,8236,11680,21093,65535,6998,33493,46861,59866,35361,65535,7008
1686555887,0,1,1,0,1223223,3373,8236,11681,21081,65535,6998,33514,46890,59910,35371,65535,7012
1686555893,0,1,1,0,1223223,3373,8239,11683,21102,65535,7006,33499,46879,59901,35356,65535,7012
1686555899,0,1,1,0,1223223,3370,8235,11672,21084,65535,6996,33501,46883,59902,35360,65535,7014
1686555905,0,1,1,0,1223223,3372,8236,11675,21085,65535,6996,33500,46883,59911,35354,65535,7012
1686555911,0,1,1,0,1223223,3373,8237,11681,21093,65535,7002,33508,46890,59895,35374,65535,7010
1686555917,0,1,1,0,1223223,3372,8239,11680,21091,65535,7002,33497,46876,59859,35368,65535,7010
1686555923,0,1,1,0,1223223,3371,8236,11682,21094,65535,7000,33496,46899,59903,35360,65535,7008
1686555929,0,1,1,0,1223223,3371,8235,11676,21078,65535,6998,33491,46863,59884,35366,65535,7008
1686555935,0,1,1,0,1223223,3373,8238,11684,21094,65535,7001,33515,46887,59917,35362,65535,7010
1686555941,0,1,1,0,1223223,3373,8236,11680,21083,65535,7002,33501,46875,59885,35388,65535,7007
1686555947,0,1,1,0,1223223,3372,8235,11676,21089,65535,6996,33479,46855,59874,35341,65535,7008
1686555953,0,1,1,0,1223223,3372,8235,11682,21085,65535,7000,33488,46884,59882,35344,65535,7010
1686555959,0,1,1,0,1223223,3371,8236,11683,21077,65535,6998,33499,46866,59870,35368,65535,7010
1686555965,0,1,1,0,1223223,3373,8233,11678,21094,65535,7002,33499,46866,59901,35350,65535,7007
1686555971,0,1,1,0,1223223,3374,8235,11683,21082,65535,7000,33491,46890,59870,35351,65535,7010
1686555977,0,1,1,0,1223223,3373,8240,11681,21094,65535,7003,33516,46886,59887,35372,65535,7014
1686555983,0,1,1,0,1223223,3372,8241,11676,21080,65535,6998,33508,46881,59879,35376,65535,7010
1686555989,0,1,1,0,1223223,3374,8242,11681,21088,65535,7000,33510,46879,59887,35382,65535,7012
1686555995,0,1,1,0,1223223,3375,8241,11682,21086,65535,6999,33518,46893,59908,35385,65535,7010
1686556001,0,1,1,0,1223223,3373,8239,11675,21078,65535,6999,33507,46869,59884,35354,65535,7008
1686556007,0,1,1,0,1223223,3374,8242,11684,21094,65535,7002,33512,46888,59879,35372,65535,7015
1686556013,0,1,1,0,1223223,3373,8241,11686,21096,65535,6998,33517,46916,59895,35384,65535,7012
1686556019,0,1,1,0,1223223,3371,8245,11681,21106,65535,7002,33510,46887,59871,35376,65535,7010
1686556025,0,1,1,0,1223223,3375,8240,11683,21096,65535,7002,33498,46887,59900,35379,65535,7013
1686556031,0,1,1,0,1223223,3373,8236,11673,21095,65535,6998,33509,46890,59890,35380,65535,7010
1686556037,0,1,1,0,1223223,3370,8231,11673,21077,65535,6994,33497,46888,59883,35368,65535,7010
1686556043,0,1,1,0,1223223,3339,8148,11542,20861,65535,6922,33506,46882,59912,35367,65535,7012
1686556049,0,1,1,0,1223223,3372,8236,11680,21092,65535,7003,33499,46871,59877,35367,65535,7010
1686556055,0,1,1,0,1223223,3373,8235,11680,21104,65535,6998,33509,46882,59890,35375,65535,7012
1686556061,0,1,1,0,1223223,3373,8237,11681,21083,65535,7000,33498,46889,59903,35367,65535,7010
1686556067,0,1,1,0,1223223,3374,8236,11679,21087,65535,7002,33503,46879,59884,35361,65535,7010
1686556073,0,1,1,0,1223223,3372,8237,11678,21091,65535,7004,33494,46889,59917,35379,65535,7008
1686556079,0,1,1,0,1223223,3372,8240,11684,21099,65535,6998,33496,46882,59897,35362,65535,7011
1686556085,0,1,1,0,1223223,3371,8240,11679,21085,65535,7000,33466,46865,59856,35359,65535,7006
1686556091,0,1,1,0,1223223,3373,8236,11678,21091,65535,6997,33491,46886,59880,35374,65535,7013
1686556097,0,1,1,0,1223223,3374,8239,11685,21100,65535,7002,33518,46925,59937,35385,65535,7014
1686556103,0,1,1,0,1223223,3374,8239,11683,21100,65535,7006,33506,46900,59893,35370,65535,7012
1686556109,0,1,1,0,1223223,3375,8241,11684,21103,65535,7002,33525,46910,59908,35370,65535,7013
1686556115,0,1,1,0,1223223,3371,8240,11681,21097,65535,7005,33521,46911,59922,35379,65535,7013
1686556121,0,1,1,0,1223223,3375,8241,11686,21092,65535,7000,33518,46925,59905,35364,65535,7010
1686556127,0,1,1,0,1223223,3375,8239,11685,21089,65535,7001,33492,46887,59876,35382,65535,7010
1686556133,0,1,1,0,1223223,3372,8241,11684,21099,65535,7003,33516,46897,59900,35386,65535,7008
1686556139,0,1,1,0,1223223,3373,8237,11683,21092,65535,7001,33521,46891,59884,35381,65535,7010
1686556145,0,1,1,0,1223223,3373,8236,11682,21081,65535,6999,33516,46895,59888,35379,65535,7011
1686556151,0,1,1,0,1223223,3373,8237,11681,21094,65535,7003,33488,46878,59911,35371,65535,7008
1686556157,0,1,1,0,1223223,3372,8237,11682,21090,65535,6999,33516,46886,59900,35376,65535,7010
1686556163,0,1,1,0,1223223,3375,8237,11678,21085,65535,7002,33514,46882,59910,35377,65535,7013
1686556169,0,1,1,0,1223223,3373,8236,11682,21082,65535,6998,33497,46897,59892,35389,65535,7010
1686556175,0,1,1,0,1223223,3373,8238,11681,21082,65535,6998,33506,46886,59884,35357,65535,7012
1686556181,0,1,1,0,1223223,3373,8239,11686,21100,65535,7004,33504,46883,59919,35382,65535,7010
1686556187,0,1,1,0,1223223,3372,8241,11680,21088,65535,6998,33505,46888,59913,35369,65535,7014
1686556193,0,1,1,0,1223223,3372,8232,11676,21072,65535,6999,33510,46901,59878,35372,65535,7011
1686556199,0,1,1,0,1223223,3373,8236,11680,21094,65535,7001,33513,46888,59891,35378,65535,7012
1686556205,0,1,1,0,1223223,3374,8240,11685,21096,65535,7000,33510,46891,59886,35382,65535,7010
1686556211,0,1,1,0,1223223,3372,8237,11679,21094,65535,7000,33507,46884,59885,35380,65535,7009
1686556217,0,1,1,0,1223223,3373,8238,11682,21091,65535,6998,33502,46891,59908,35360,65535,7012
1686556223,0,1,1,0,1223223,3373,8238,11682,21096,65535,6998,33512,46893,59918,35396,65535,7012
1686556229,0,1,1,0,1223223,3373,8244,11682,21092,65535,7002,33506,46888,59890,35370,65535,7010
1686556235,0,1,1,0,1223223,3373,8238,11675,21094,65535,7002,33520,46911,59892,35365,65535,7012
1686556241,0,1,1,0,1223223,3373,8241,11686,21099,65535,7004,33505,46899,59888,35369,65535,7013
1686556247,0,1,1,0,1223223,3372,8237,11677,21095,65535,7000,33494,46866,59849,35368,65535,7005
1686556253,0,1,1,0,1223223,3373,8238,11677,21100,65535,7004,33506,46907,59878,35384,65535,7009
1686556259,0,1,1,0,1223223,3373,8238,11678,21086,65535,6998,33510,46889,59881,35384,65535,7010
1686556265,0,1,1,0,1223223,3372,8238,11678,21092,65535,7002,33501,46892,59885,35382,65535,7014
1686556271,0,1,1,0,1223223,3372,8233,11676,21083,65535,7002,33498,46883,59872,35352,65535,7009
1686556277,0,1,1,0,1223223,3373,8240,11680,21099,65535,6996,33500,46886,59891,35360,65535,7008
1686556283,0,1,1,0,1223223,3373,8241,11686,21112,65535,7004,33500,46876,59877,35362,65535,7012
1686556289,0,1,1,0,1223223,3371,8240,11683,21097,65535,6997,33502,46895,59885,35372,65535,7008
1686556295,0,1,1,0,1223223,3372,8239,11678,21093,65535,7004,33506,46897,59882,35382,65535,7010
1686556301,0,1,1,0,1223223,3375,8238,11680,21086,65535,7000,33513,46887,59886,35379,65535,7010
1686556307,0,1,1,0,1223223,3372,8241,11683,21087,65535,7004,33508,46894,59886,35377,65535,7012
1686556313,0,1,1,0,1223223,3373,8242,11683,21097,65535,7004,33519,46904,59899,35383,65535,7014
1686556319,0,1,1,0,1223223,3374,8240,11681,21082,65535,7004,33505,46886,59878,35375,65535,7012
1686556325,0,1,1,0,1223223,3374,8239,11682,21095,65535,7002,33499,46888,59876,35369,65535,7012
1686556331,0,1,1,0,1223223,3373,8241,11678,21081,65535,7001,33495,46898,59875,35370,65535,7012
1686556337,0,1,1,0,1223223,3372,8237,11679,21096,65535,7002,33511,46893,59892,35368,65535,7012
1686556343,0,1,1,0,1223223,3373,8236,11678,21079,65535,7002,33492,46871,59908,35356,65535,7010
1686556349,0,1,1,0,1223223,3372,8236,11678,21092,65535,7002,33503,46879,59888,35382,65535,7012
1686556355,0,1,1,0,1223223,3373,8240,11680,21096,65535,7002,33494,46853,59874,35353,65535,7010
1686556361,0,1,1,0,1223223,3371,8238,11680,21100,65535,7002,33496,46856,59871,35378,65535,7011
1686556367,0,1,1,0,1223223,3372,8237,11676,21092,65535,7000,33503,46894,59912,35361,65535,7009
1686556373,0,1,1,0,1223223,3372,8236,11686,21095,65535,7002,33508,46890,59886,35379,65535,7014
1686556379,0,1,1,0,1223223,3371,8236,11679,21090,65535,6996,33496,46894,59897,35359,65535,7010
1686556385,0,1,1,0,1223223,3374,8238,11684,21102,65535,7002,33500,46863,59871,35367,65535,7009
1686556391,0,1,1,0,1223223,3374,8238,11683,21092,65535,7002,33518,46884,59920,35364,65535,7008
1686556397,0,1,1,0,1223223,3373,8240,11676,21101,65535,7003,33506,46883,59878,35376,65535,7008
1686556403,0,1,1,0,1223223,3373,8238,11677,21091,65535,7002,33498,46871,59869,35360,65535,7010
1686556409,0,1,1,0,1223223,3373,8239,11682,21096,65535,7001,33512,46885,59889,35375,65535,7006
1686556415,0,1,1,0,1223223,3373,8238,11680,21095,65535,6998,33510,46889,59889,35353,65535,7010
1686556421,0,1,1,0,1223223,3372,8237,11678,21089,65535,7000,33467,46831,59823,35336,65535,7004
1686556427,0,1,1,0,1223223,3375,8240,11685,21099,65535,7003,33507,46889,59888,35372,65535,7011
1686556433,0,1,1,0,1223223,3372,8235,11679,21073,65535,7001,33499,46863,59895,35369,65535,7010
1686556439,0,1,1,0,1223223,3375,8240,11684,21087,65535,7004,33519,46901,59931,35368,65535,7013
1686556445,0,1,1,0,1223223,3374,8237,11683,21097,65535,7003,33520,46879,59901,35380,65535,7010
1686556451,0,1,1,0,1223223,3373,8240,11685,21093,65535,6998,33508,46888,59894,35361,65535,7010
1686556457,0,1,1,0,1223223,3374,8240,11683,21096,65535,7002,33507,46890,59900,35374,65535,7008
1686556463,0,1,1,0,1223223,3374,8237,11681,21083,65535,7000,33530,46892,59915,35391,65535,7012
1686556469,0,1,1,0,1223223,3374,8241,11682,21087,65535,7002,33525,46900,59902,35389,65535,7014
1686556475,0,1,1,0,1223223,3373,8240,11682,21099,65535,7002,33500,46908,59929,35363,65535,7014
1686556481,0,1,1,0,1223223,3373,8239,11684,21080,65535,7002,33514,46872,59909,35379,65535,7010
1686556487,0,1,1,0,1223223,3374,8241,11681,21097,65535,7002,33507,46868,59878,35373,65535,7011
1686556493,0,1,1,0,1223223,3374,8239,11684,21095,65535,7002,33520,46898,59913,35381,65535,7012
1686556499,0,1,1,0,1223223,3373,8241,11682,21099,65535,7002,33508,46874,59916,35360,65535,7008
1686556505,0,1,1,0,1223223,3370,8230,11667,21070,65535,6994,33497,46858,59913,35368,65535,7010
1686556511,0,1,1,0,1223223,3374,8241,11681,21097,65535,7000,33510,46874,59885,35362,65535,7012
1686556517,0,1,1,0,1223223,3373,8239,11682,21087,65535,6998,33474,46875,59869,35351,65535,7010
1686556523,0,1,1,0,1223223,3373,8235,11683,21096,65535,6998,33520,46899,59896,35384,65535,7008
1686556529,0,1,1,0,1223223,3373,8238,11682,21099,65535,6999,33501,46877,59909,35356,65535,7009
1686556535,0,1,1,0,1223223,3372,8240,11680,21095,65535,7004,33513,46897,59890,35378,65535,7012
1686556541,0,1,1,0,1223223,3372,8241,11675,21095,65535,7000,33506,46887,59872,35352,65535,7010
1686556547,0,1,1,0,1223223,3372,8238,11682,21098,65535,7000,33511,46900,59896,35384,65535,7010
1686556553,0,1,1,0,1223223,3370,8238,11675,21090,65535,7000,33508,46892,59892,35375,65535,7010
1686556559,0,1,1,0,1223223,3373,8238,11679,21093,65535,7000,33515,46904,59901,35379,65535,7010
1686556565,0,1,1,0,1223223,3372,8238,11679,21091,65535,7000,33503,46882,59892,35365,65535,7010
1686556571,0,1,1,0,1223223,3373,8238,11678,21090,65535,7000,33502,46884,59908,35373,65535,7010
1686556577,0,1,1,0,1223223,3370,8237,11684,21091,65535,7000,33488,46851,59860,35360,65535,7007
1686556583,0,1,1,0,1223223,3371,8232,11681,21087,65535,6996,33510,46884,59878,35373,65535,7009
1686556589,0,1,1,0,1223223,3371,8230,11673,21071,65535,6998,33499,46870,59866,35347,65535,7008
1686556595,0,1,1,0,1223223,3372,8234,11677,21090,65535,6998,33500,46869,59882,35373,65535,7010
1686556601,0,1,1,0,1223223,3373,8245,11682,21096,65535,7000,33514,46899,59918,35380,65535,7010
1686556607,0,1,1,0,1223223,3372,8238,11687,21093,65535,6999,33516,46868,59896,35378,65535,7006
1686556613,0,1,1,0,1223223,3372,8241,11681,21092,65535,6998,33492,46889,59895,35376,65535,7010
1686556619,0,1,1,0,1223223,3373,8238,11681,21080,65535,7000,33513,46875,59900,35372,65535,7009
1686556625,0,1,1,0,1223223,3373,8239,11681,21096,65535,7002,33514,46876,59910,35380,65535,7010
1686556631,0,1,1,0,1223223,3372,8238,11679,21090,65535,6997,33500,46881,59869,35364,65535,7007
1686556637,0,1,1,0,1223223,3373,8236,11681,21081,65535,7002,33507,46882,59888,35368,65535,7010
1686556643,0,1,1,0,1223223,3373,8234,11677,21093,65535,7001,33505,46890,59884,35376,65535,7010
1686556649,0,1,1,0,1223223,3372,8236,11684,21088,65535,7000,33498,46872,59873,35360,65535,7010
1686556655,0,1,1,0,1223223,3373,8237,11682,21086,65535,6998,33504,46880,59876,35373,65535,7010
1686556661,0,1,1,0,1223223,3372,8238,11678,21094,65535,7000,33496,46891,59884,35351,65535,7010
1686556667,0,1,1,0,1223223,3372,8238,11683,21084,65535,7000,33495,46876,59865,35349,65535,7008
1686556673,0,1,1,0,1223223,3373,8237,11678,21086,65535,7002,33490,46881,59883,35360,65535,7014
1686556679,0,1,1,0,1223223,3372,8240,11683,21095,65535,6996,33502,46882,59881,35375,65535,7010
1686556685,0,1,1,0,1223223,3371,8234,11675,21083,65535,6996,33509,46883,59895,35371,65535,7012
1686556691,0,1,1,0,1223223,3374,8237,11680,21087,65535,6999,33487,46875,59892,35358,65535,7008
1686556697,0,1,1,0,1223223,3370,8237,11677,21086,65535,7004,33498,46878,59884,35376,65535,7009
1686556703,0,1,1,0,1223223,3373,8237,11680,21093,65535,6997,33496,46878,59871,35353,65535,7008
1686556709,0,1,1,0,1223223,3373,8239,11680,21097,65535,7000,33508,46883,59891,35375,65535,7012
1686556715,0,1,1,0,1223223,3372,8236,11679,21080,65535,7002,33503,46882,59890,35374,65535,7012
1686556721,0,1,1,0,1223223,3373,8239,11678,21093,65535,6998,33513,46882,59883,35373,65535,7011
1686556727,0,1,1,0,1223223,3372,8239,11680,21092,65535,7000,33503,46863,59902,35374,65535,7012
1686556733,0,1,1,0,1223223,3373,8239,11682,21101,65535,7000,33496,46874,59865,35362,65535,7009
1686556739,0,1,1,0,1223223,3371,8237,11675,21087,65535,6994,33499,46886,59877,35373,65535,7009
1686556745,0,1,1,0,1223223,3370,8232,11670,21070,65535,6994,33484,46858,59839,35338,65535,7008
1686556751,0,1,1,0,1223223,3370,8237,11677,21081,65535,6998,33487,46873,59900,35349,65535,7008
1686556757,0,1,1,0,1223223,3374,8239,11686,21092,65535,7000,33495,46870,59895,35364,65535,7008
1686556763,0,1,1,0,1223223,3373,8241,11678,21082,65535,7001,33502,46889,59878,35368,65535,7006
1686556769,0,1,1,0,1223223,3373,8240,11675,21082,65535,6996,33498,46873,59867,35349,65535,7010
1686556775,0,1,1,0,1223223,3372,8238,11676,21088,65535,7000,33496,46881,59881,35363,65535,7007
1686556781,0,1,1,0,1223223,3372,8235,11681,21081,65535,6998,33494,46876,59866,35362,65535,7008
1686556787,0,1,1,0,1223223,3371,8232,11666,21078,65535,6996,33491,46871,59898,35356,65535,7008
1686556793,0,1,1,0,1223223,3371,8236,11679,21089,65535,6997,33496,46882,59899,35368,65535,7008
1686556799,0,1,1,0,1223223,3372,8232,11675,21087,65535,6997,33486,46848,59888,35352,65535,7006
