Timestamp,Amber,White,On,Override,Intensity,AS00,AS01,AS02,AS03,AS04,AS05,AS06,AS07,AS08,AS09,AS10,AS11
1686585605,0,1,0,0,0,15,17,22,30,354,358,37,36,38,37,354,360
1686585611,0,1,0,0,0,15,17,23,29,359,364,37,37,39,37,359,366
1686585617,0,1,0,0,0,15,17,23,29,360,366,37,36,40,38,360,366
1686585623,0,1,0,0,0,15,18,23,30,366,372,38,37,40,38,366,374
1686585629,0,1,0,0,0,16,18,23,30,374,384,39,38,40,39,374,382
1686585635,0,1,0,0,0,16,18,24,31,380,390,39,38,41,39,380,390
1686585641,0,1,0,0,0,16,18,23,31,384,394,39,39,41,40,384,394
1686585647,0,1,0,0,0,16,18,24,31,385,396,39,38,41,40,384,396
1686585653,0,1,0,0,0,16,18,24,32,391,404,40,39,42,40,391,404
1686585659,0,1,0,0,0,16,18,24,32,391,402,40,39,42,40,390,402
1686585665,0,1,0,0,0,16,18,24,32,389,402,40,39,42,40,389,402
1686585671,0,1,0,0,0,16,18,24,32,392,404,40,39,43,40,393,404
1686585677,0,1,0,0,0,16,18,24,31,392,404,40,39,43,40,391,404
1686585683,0,1,0,0,0,17,19,24,32,393,406,40,39,42,41,394,406
1686585689,0,1,0,0,0,16,19,24,32,392,406,40,39,42,40,393,404
1686585695,0,1,0,0,0,17,19,24,32,395,408,40,39,42,40,395,408
1686585701,0,1,0,0,0,16,19,25,32,397,410,41,40,43,41,397,410
1686585707,0,1,0,0,0,16,19,24,32,395,408,41,40,43,40,395,408
1686585713,0,1,0,0,0,17,19,24,32,399,412,41,40,43,41,399,412
1686585719,0,1,0,0,0,16,19,24,32,399,412,41,40,43,41,399,412
1686585725,0,1,0,0,0,17,20,25,32,397,410,41,40,43,41,397,412
1686585731,0,1,0,0,0,16,19,24,32,396,410,41,40,43,41,395,408
1686585737,0,1,0,0,0,16,19,25,32,397,410,40,40,42,41,396,408
1686585743,0,1,0,0,0,17,19,24,31,395,408,41,40,43,41,395,410
1686585749,0,1,0,0,0,17,19,24,32,398,412,41,41,44,41,397,412
1686585755,0,1,0,0,0,17,19,25,32,398,410,41,40,43,41,398,412
1686585761,0,1,0,0,0,17,19,25,32,399,412,41,40,43,41,399,412
1686585767,0,1,0,0,0,17,19,24,32,397,408,41,40,43,41,397,410
1686585773,0,1,0,0,0,16,19,24,32,396,408,41,40,43,40,396,408
1686585779,0,1,0,0,0,16,19,25,32,393,406,40,39,43,41,394,406
1686585785,0,1,0,0,0,16,18,24,32,388,400,40,39,42,40,388,398
1686585791,0,1,0,0,0,16,18,24,31,382,392,39,39,41,40,382,392
1686585797,0,1,0,0,0,16,18,23,31,379,386,40,38,41,39,379,388
1686585803,0,1,0,0,0,15,18,23,31,381,390,39,38,41,39,381,390
1686585809,0,1,0,0,0,16,19,24,31,379,386,39,39,42,40,379,386
1686585815,0,1,0,0,0,16,18,23,31,380,388,40,38,41,40,379,388
1686585821,0,1,0,0,0,16,18,23,31,377,386,39,38,42,39,378,386
1686585827,0,1,0,0,0,16,19,23,31,375,384,39,38,41,39,375,384
1686585833,0,1,0,0,0,16,18,23,31,377,384,39,38,41,39,378,386
1686585839,0,1,0,0,0,15,18,23,30,375,384,39,38,41,39,376,384
1686585845,0,1,0,0,0,16,18,23,31,372,380,39,38,41,38,371,378
1686585851,0,1,0,0,0,15,17,23,30,367,374,39,37,40,38,368,374
1686585857,0,1,0,0,0,15,17,23,30,365,372,39,37,40,38,365,372
1686585863,0,1,0,0,0,15,17,22,30,362,368,38,37,40,37,362,368
1686585869,0,1,0,0,0,15,17,22,30,355,360,38,37,39,37,355,360
1686585875,0,1,0,0,0,15,17,22,29,351,354,37,36,38,36,350,352
1686585881,0,1,0,0,0,14,17,22,28,339,338,36,35,38,35,339,338
1686585887,0,1,0,0,0,14,16,20,27,331,330,35,35,37,34,332,330
1686585893,0,1,0,0,0,13,16,21,27,332,332,36,34,37,35,334,334
1686585899,0,1,0,0,0,14,16,22,29,349,352,37,36,39,36,350,352
1686585905,0,1,0,0,0,15,17,23,30,359,364,38,37,40,37,360,366
1686585911,0,1,0,0,0,16,18,23,30,368,374,39,38,40,38,369,376
1686585917,0,1,0,0,0,15,18,23,30,369,376,39,37,40,38,369,376
1686585923,0,1,0,0,0,15,17,23,31,366,374,39,38,40,38,368,374
1686585929,0,1,0,0,0,15,18,23,30,372,380,39,38,41,38,372,380
1686585935,0,1,0,0,0,16,18,24,31,382,392,40,38,42,40,382,392
1686585941,0,1,0,0,0,16,19,24,32,391,402,41,39,42,40,391,404
1686585947,0,1,0,0,0,16,18,24,32,394,406,41,40,43,41,394,406
1686585953,0,1,0,0,0,16,18,24,32,390,400,40,39,42,40,389,400
1686585959,0,1,0,0,0,16,18,24,32,388,398,40,39,42,40,387,398
1686585965,0,1,0,0,0,16,19,24,32,393,404,40,40,42,40,393,404
1686585971,0,1,0,0,0,17,19,25,32,398,412,41,40,43,41,398,412
1686585977,0,1,0,0,0,17,19,24,32,396,412,40,39,42,40,396,412
1686585983,0,1,0,0,0,17,19,24,33,400,416,41,41,44,41,400,414
1686585989,0,1,0,0,0,17,19,25,32,401,414,41,40,43,41,400,414
1686585995,0,1,0,0,0,16,18,24,32,394,406,41,40,43,41,394,404
1686586001,0,1,0,0,0,17,19,25,32,402,416,41,40,43,41,403,416
1686586007,0,1,0,0,0,17,19,25,32,405,418,41,40,43,41,403,418
1686586013,0,1,0,0,0,17,19,25,32,402,418,42,40,43,41,402,416
1686586019,0,1,0,0,0,17,19,25,33,403,418,42,40,43,41,404,418
1686586025,0,1,0,0,0,17,19,25,32,405,420,42,40,44,42,406,418
1686586031,0,1,0,0,0,17,20,25,32,406,420,41,40,43,42,406,420
1686586037,0,1,0,0,0,17,20,25,33,408,420,42,41,45,42,407,420
1686586043,0,1,0,0,0,17,19,25,33,406,420,42,41,44,42,406,420
1686586049,0,1,0,0,0,17,19,25,33,406,420,42,41,44,41,406,420
1686586055,0,1,0,0,0,17,19,25,33,408,424,41,41,44,42,409,424
1686586061,0,1,0,0,0,17,19,25,33,410,424,42,41,44,42,410,426
1686586067,0,1,0,0,0,17,20,25,33,410,424,42,41,45,43,410,424
1686586073,0,1,0,0,0,17,19,25,33,412,426,42,41,44,42,411,426
1686586079,0,1,0,0,0,17,19,25,33,404,418,41,40,43,41,404,416
1686586085,0,1,0,0,0,17,19,25,32,398,412,41,41,43,41,397,412
1686586091,0,1,0,0,0,16,19,24,32,391,402,41,41,43,40,390,400
1686586097,0,1,0,0,0,16,19,24,32,391,402,41,40,43,40,393,402
1686586103,0,1,0,0,0,17,19,25,33,399,412,41,40,43,41,400,412
1686586109,0,1,0,0,0,17,19,24,32,401,414,42,41,43,41,401,414
1686586115,0,1,0,0,0,17,19,25,32,401,414,41,40,43,41,401,414
1686586121,0,1,0,0,0,17,19,25,33,406,420,42,40,44,42,405,418
1686586127,0,1,0,0,0,17,19,25,33,407,422,42,41,44,42,406,422
1686586133,0,1,0,0,0,17,20,25,33,409,424,42,41,44,42,409,424
1686586139,0,1,0,0,0,17,20,25,33,410,424,42,41,44,43,409,424
1686586145,0,1,0,0,0,18,19,25,33,411,426,42,41,45,42,411,424
1686586151,0,1,0,0,0,17,20,26,33,410,424,42,41,44,42,410,424
1686586157,0,1,0,0,0,17,20,26,33,410,426,42,41,44,42,410,424
1686586163,0,1,0,0,0,17,20,25,33,411,426,42,41,44,42,411,426
1686586169,0,1,0,0,0,17,20,26,33,411,426,42,41,44,42,411,426
1686586175,0,1,0,0,0,17,20,25,33,410,426,42,41,44,42,411,426
1686586181,0,1,0,0,0,17,20,25,33,408,422,42,41,44,42,407,422
1686586187,0,1,0,0,4,43,66,91,116,1142,532,304,299,380,120,1141,534
1686586193,0,1,0,0,4,43,67,90,114,1132,534,298,293,373,117,1130,534
1686586199,0,1,0,0,4,43,66,90,115,1128,534,297,293,373,118,1128,536
1686586205,0,1,0,0,4,44,66,91,117,1146,536,304,300,381,120,1147,536
1686586211,0,1,0,0,4,44,68,93,119,1163,534,313,308,392,122,1163,534
1686586217,0,1,0,0,4,45,69,96,121,1184,530,323,318,405,124,1185,530
1686586223,0,1,0,0,4,46,70,97,125,1205,526,332,327,417,127,1206,526
1686586229,0,1,0,0,4,46,72,99,127,1219,518,340,335,427,128,1220,518
1686586235,0,1,0,0,4,46,72,100,129,1232,512,347,342,435,130,1233,512
1686586241,0,1,0,0,5,47,73,102,131,1248,514,355,349,446,132,1249,512
1686586247,0,1,0,0,5,48,74,104,133,1270,522,362,356,454,134,1271,524
1686586253,0,1,0,0,5,48,76,105,135,1279,524,365,359,458,136,1280,526
1686586259,0,1,0,0,5,48,76,107,137,1295,528,371,365,465,137,1295,526
1686586265,0,1,0,0,5,49,77,108,138,1304,524,376,370,472,138,1305,524
1686586271,0,1,0,0,5,49,78,109,139,1312,522,381,374,478,140,1313,522
1686586277,0,1,0,0,5,49,78,109,140,1324,526,385,379,483,141,1326,526
1686586283,0,1,0,0,5,49,78,110,141,1335,528,389,382,488,142,1337,530
1686586289,0,1,0,0,5,50,79,111,143,1341,528,392,385,492,143,1341,526
1686586295,0,1,0,0,5,50,80,111,143,1353,532,394,388,495,143,1352,532
1686586301,0,1,0,0,5,50,79,112,144,1359,534,397,390,498,144,1359,534
1686586307,0,1,0,0,5,51,80,113,145,1361,534,399,392,501,145,1362,534
1686586313,0,1,0,0,5,51,80,114,145,1366,534,401,394,503,145,1367,534
1686586319,0,1,0,0,5,51,80,113,146,1371,534,402,396,505,146,1371,534
1686586325,0,1,0,0,5,51,80,113,147,1374,536,403,396,507,146,1376,536
1686586331,0,1,0,0,5,51,80,114,147,1378,536,405,398,509,146,1378,536
1686586337,0,1,0,0,5,51,81,114,147,1381,536,406,399,510,147,1381,538
1686586343,0,1,0,0,5,51,81,115,147,1383,534,407,401,511,148,1384,536
1686586349,0,1,0,0,5,52,80,115,147,1386,536,409,401,513,148,1386,536
1686586355,0,1,0,0,5,52,81,115,148,1387,536,409,402,514,147,1387,538
1686586361,0,1,0,0,5,52,81,115,148,1389,536,410,403,515,148,1389,538
1686586367,0,1,0,0,5,52,81,116,148,1391,536,411,404,515,148,1391,536
1686586373,0,1,0,0,5,52,80,116,149,1392,534,411,405,516,148,1392,534
1686586379,0,1,0,0,5,52,81,116,149,1393,534,412,406,517,148,1395,534
1686586385,0,1,0,0,5,52,81,116,150,1397,538,413,407,519,149,1397,540
1686586391,0,1,0,0,5,52,81,116,150,1402,542,414,407,520,150,1402,542
1686586397,0,1,0,0,5,52,81,116,149,1399,538,414,408,520,149,1402,540
1686586403,0,1,0,0,5,52,82,116,150,1403,542,415,407,521,150,1402,540
1686586409,0,1,0,0,5,52,81,116,151,1406,542,416,409,521,150,1406,542
1686586415,0,1,0,0,5,52,82,116,150,1406,542,415,408,522,150,1406,542
1686586421,0,1,0,0,5,52,81,117,151,1409,542,417,410,524,151,1409,544
1686586427,0,1,0,0,5,53,82,117,151,1412,544,418,410,525,150,1412,544
1686586433,0,1,0,0,5,52,82,117,151,1413,546,418,411,525,151,1413,546
1686586439,0,1,0,0,5,52,82,118,151,1416,544,418,411,525,151,1414,544
1686586445,0,1,0,0,5,53,82,117,152,1416,544,419,413,528,151,1417,544
1686586451,0,1,0,0,5,52,82,117,151,1416,542,420,413,527,151,1415,542
1686586457,0,1,0,0,5,53,81,118,151,1416,542,420,414,528,151,1415,542
1686586463,0,1,0,0,5,52,81,118,151,1415,542,420,413,527,151,1415,542
1686586469,0,1,0,0,5,53,82,118,151,1416,542,421,414,529,152,1416,542
1686586475,0,1,0,0,5,53,82,118,152,1420,544,422,415,529,152,1421,544
1686586481,0,1,0,0,5,53,82,118,152,1419,542,422,415,530,152,1420,542
1686586487,0,1,0,0,5,52,82,118,152,1419,542,422,415,530,151,1421,542
1686586493,0,1,0,0,5,53,82,118,153,1422,544,422,416,531,152,1423,546
1686586499,0,1,0,0,5,53,82,118,152,1425,546,423,416,531,152,1426,548
1686586505,0,1,0,0,5,53,82,118,152,1426,546,423,416,531,152,1425,546
1686586511,0,1,0,0,5,53,82,119,153,1431,554,423,417,531,152,1431,554
1686586517,0,1,0,0,5,53,82,119,153,1431,550,424,418,533,153,1431,550
1686586523,0,1,0,0,5,53,82,118,154,1431,550,424,417,533,152,1431,548
1686586529,0,1,0,0,5,53,82,119,153,1428,548,424,417,533,153,1429,548
1686586535,0,1,0,0,5,53,82,118,153,1430,550,424,418,533,152,1431,550
1686586541,0,1,0,0,10,53,82,119,153,1433,552,425,418,533,153,1433,552
1686586547,0,1,0,0,10,53,82,119,153,1433,552,425,418,534,153,1434,552
1686586553,0,1,0,0,10,53,82,119,153,1432,550,425,419,534,153,1433,550
1686586559,0,1,0,0,10,53,83,120,153,1434,550,427,420,535,154,1434,550
1686586565,0,1,0,0,10,53,82,119,154,1435,552,426,420,536,154,1436,550
1686586571,0,1,0,0,10,53,82,119,154,1437,552,427,420,535,153,1437,554
1686586577,0,1,0,0,10,53,82,119,154,1438,552,427,420,535,154,1439,554
1686586583,0,1,0,0,10,53,83,119,154,1440,558,427,420,536,153,1440,556
1686586589,0,1,0,0,10,53,82,119,154,1437,552,427,420,536,154,1437,554
1686586595,0,1,0,0,10,53,82,119,154,1436,552,427,420,536,154,1435,552
1686586601,0,1,0,0,10,53,82,119,155,1441,556,428,421,537,154,1440,554
1686586607,0,1,0,0,10,54,83,119,154,1440,556,428,420,536,153,1439,556
1686586613,0,1,0,0,10,53,82,119,154,1439,554,427,421,536,154,1439,554
1686586619,0,1,0,0,10,53,82,120,154,1439,554,427,421,537,154,1439,554
1686586625,0,1,0,0,10,54,82,120,154,1440,554,428,421,537,154,1439,552
1686586631,0,1,0,0,10,53,82,119,154,1438,552,428,421,537,154,1440,554
1686586637,0,1,0,0,10,53,82,120,155,1440,554,428,421,538,154,1442,556
1686586643,0,1,0,0,10,53,83,119,154,1440,554,428,422,537,154,1440,554
1686586649,0,1,0,0,10,53,82,120,154,1442,556,429,421,538,154,1442,554
1686586655,0,1,0,0,10,53,83,119,155,1441,554,428,422,538,154,1440,554
1686586661,0,1,0,0,10,53,82,119,154,1438,552,428,421,537,154,1437,552
1686586667,0,1,0,0,10,53,82,119,154,1439,552,428,421,537,153,1439,552
1686586673,0,1,0,0,10,54,82,120,154,1439,554,428,421,537,154,1439,554
1686586679,0,1,0,0,10,53,82,119,155,1443,560,428,422,538,154,1444,560
1686586685,0,1,0,0,10,53,82,119,155,1442,556,428,422,537,154,1441,556
1686586691,0,1,0,0,10,54,83,120,155,1443,556,428,421,537,155,1443,556
1686586697,0,1,0,0,10,53,82,119,154,1440,554,428,421,538,154,1439,554
1686586703,0,1,0,0,10,53,83,119,155,1440,554,428,421,537,154,1441,554
1686586709,0,1,0,0,10,53,82,120,154,1441,554,428,422,537,155,1440,554
1686586715,0,1,0,0,10,53,82,120,155,1442,558,428,421,537,154,1441,558
1686586721,0,1,0,0,10,54,82,120,155,1445,558,428,422,538,154,1445,558
1686586727,0,1,0,0,10,54,83,119,155,1445,560,429,422,538,155,1444,560
1686586733,0,1,0,0,10,54,82,120,155,1442,558,429,422,538,154,1442,558
1686586739,0,1,0,0,10,53,82,120,155,1444,558,428,421,537,154,1443,560
1686586745,0,1,0,0,10,54,82,120,154,1445,560,428,421,538,154,1444,560
1686586751,0,1,0,0,10,54,84,120,154,1444,560,428,421,537,154,1444,562
1686586757,0,1,0,0,10,54,83,120,154,1444,560,428,421,538,154,1443,560
1686586763,0,1,0,0,10,54,83,119,155,1447,560,428,422,538,155,1448,562
1686586769,0,1,0,0,10,54,83,121,155,1443,560,428,421,537,155,1444,560
1686586775,0,1,0,0,10,54,83,120,155,1444,560,428,421,537,154,1443,560
1686586781,0,1,0,0,10,54,82,120,155,1444,562,428,423,538,154,1445,562
1686586787,0,1,0,0,10,54,82,119,155,1445,564,428,421,537,155,1445,564
1686586793,0,1,0,0,10,54,83,120,154,1445,562,428,421,536,154,1444,562
1686586799,0,1,0,0,10,53,83,120,155,1444,562,428,421,537,154,1445,562
1686586805,0,1,0,0,10,54,82,120,155,1447,562,428,422,538,155,1447,564
1686586811,0,1,0,0,10,54,83,120,156,1453,566,431,424,540,155,1452,566
1686586817,0,1,0,0,10,54,83,120,155,1452,564,431,424,540,155,1451,564
1686586823,0,1,0,0,10,54,83,120,156,1452,564,430,424,540,156,1451,564
1686586829,0,1,0,0,10,54,83,120,155,1449,562,429,423,540,156,1450,562
1686586835,0,1,0,0,10,54,83,120,155,1451,564,430,424,540,155,1449,564
1686586841,0,1,0,0,10,54,83,120,155,1453,566,431,424,540,155,1454,564
1686586847,0,1,0,0,10,54,83,120,155,1450,562,431,424,540,156,1450,564
1686586853,0,1,0,0,10,54,83,120,155,1451,564,430,424,540,155,1451,564
1686586859,0,1,0,0,10,54,83,120,155,1449,560,430,423,540,156,1449,560
1686586865,0,1,0,0,10,54,84,120,155,1453,564,430,424,540,155,1453,566
1686586871,0,1,0,0,10,54,83,120,155,1451,564,430,423,540,156,1451,564
1686586877,0,1,0,0,10,54,83,120,155,1452,564,431,423,540,155,1450,564
1686586883,0,1,0,0,10,54,83,120,155,1454,570,430,424,540,155,1454,570
1686586889,0,1,0,0,10,54,83,120,156,1456,568,431,424,541,156,1456,568
1686586895,0,1,0,0,10,54,83,120,155,1451,566,431,423,540,155,1453,566
1686586901,0,1,0,0,10,54,83,121,155,1457,570,431,423,541,155,1456,568
1686586907,0,1,0,0,10,54,83,120,156,1455,566,431,424,540,155,1455,568
1686586913,0,1,0,0,10,54,83,120,156,1455,568,431,424,541,155,1455,568
1686586919,0,1,0,0,10,54,84,121,156,1455,568,431,424,540,156,1455,568
1686586925,0,1,0,0,10,54,83,120,156,1455,568,431,424,541,156,1456,568
1686586931,0,1,0,0,10,54,83,121,156,1455,566,431,424,540,156,1454,566
1686586937,0,1,0,0,10,54,83,120,156,1455,568,431,424,540,156,1455,568
1686586943,0,1,0,0,10,54,83,120,156,1455,568,431,423,540,155,1455,568
1686586949,0,1,0,0,10,54,83,120,156,1452,566,431,423,540,156,1452,564
1686586955,0,1,0,0,10,54,83,120,155,1454,568,431,424,541,156,1454,568
1686586961,0,1,0,0,10,54,83,121,155,1454,568,431,424,540,156,1455,568
1686586967,0,1,0,0,10,54,83,120,155,1455,570,431,423,541,156,1455,568
1686586973,0,1,0,0,10,54,83,120,155,1454,568,431,423,540,156,1454,570
1686586979,0,1,0,0,10,54,83,121,156,1457,570,430,424,541,155,1457,572
1686586985,0,1,0,0,10,54,83,120,155,1455,570,430,423,539,156,1455,570
1686586991,0,1,0,0,10,54,83,121,155,1457,572,431,424,540,156,1456,570
1686586997,0,1,0,0,10,54,83,121,155,1455,568,431,424,541,156,1454,568
1686587003,0,1,0,0,10,54,83,120,155,1455,570,431,423,540,155,1455,570
1686587009,0,1,0,0,10,54,83,120,155,1456,570,431,424,541,156,1455,570
1686587015,0,1,0,0,10,54,83,121,155,1457,572,431,424,541,156,1457,572
1686587021,0,1,0,0,10,54,83,121,156,1458,572,431,424,540,156,1457,572
1686587027,0,1,0,0,10,54,83,121,156,1458,574,431,424,540,156,1457,572
1686587033,0,1,0,0,10,55,83,121,156,1460,574,431,424,540,156,1459,576
1686587039,0,1,0,0,10,54,83,121,156,1460,578,430,424,541,156,1460,576
1686587045,0,1,0,0,10,55,84,121,156,1461,576,430,424,540,156,1461,576
1686587051,0,1,0,0,10,54,84,121,156,1462,578,431,424,540,156,1462,578
1686587057,0,1,0,0,10,54,84,121,156,1465,582,431,425,541,157,1465,582
1686587063,0,1,0,0,10,55,84,121,156,1466,582,432,425,540,157,1467,584
1686587069,0,1,0,0,10,54,84,121,156,1466,580,431,425,542,156,1466,580
1686587075,0,1,0,0,10,55,84,121,156,1464,578,432,425,542,156,1464,580
1686587081,0,1,0,0,10,54,84,121,156,1465,580,431,424,542,156,1465,580
1686587087,0,1,0,0,10,54,84,121,156,1465,580,432,425,542,157,1465,580
1686587093,0,1,0,0,10,54,83,122,156,1458,572,431,425,541,157,1457,572
1686587099,0,1,0,0,10,54,84,121,156,1462,576,431,426,541,157,1461,576
1686587105,0,1,0,0,10,54,84,121,157,1464,578,432,425,542,157,1464,578
1686587111,0,1,0,0,10,54,83,121,156,1465,580,432,425,543,157,1466,580
1686587117,0,1,0,0,10,54,84,122,156,1466,580,432,425,542,157,1465,580
1686587123,0,1,0,0,10,55,83,122,157,1467,580,432,425,542,157,1466,580
1686587129,0,1,0,0,10,55,83,121,156,1466,580,432,425,543,157,1466,580
1686587135,0,1,0,0,10,54,84,121,156,1466,582,431,425,541,157,1467,584
1686587141,0,1,0,0,10,54,83,121,157,1466,580,432,425,541,157,1465,582
1686587147,0,1,0,0,10,54,84,122,157,1465,578,432,426,542,156,1464,578
1686587153,0,1,0,0,10,55,84,121,157,1465,580,432,426,542,157,1465,580
1686587159,0,1,0,0,10,55,84,121,156,1469,584,432,426,542,156,1468,584
1686587165,0,1,0,0,10,55,84,121,157,1468,580,433,426,543,157,1468,580
1686587171,0,1,0,0,10,55,83,121,157,1467,580,433,426,542,157,1468,580
1686587177,0,1,0,0,10,55,84,122,156,1468,584,432,427,543,157,1469,584
1686587183,0,1,0,0,10,55,84,122,157,1466,580,431,425,541,156,1465,580
1686587189,0,1,0,0,10,55,84,121,156,1466,582,432,425,541,157,1467,582
1686587195,0,1,0,0,10,54,84,121,157,1470,586,432,426,542,157,1469,586
1686587201,0,1,0,0,10,54,83,122,157,1475,586,434,428,544,157,1475,588
1686587207,0,1,0,0,10,55,84,121,157,1476,588,433,427,544,158,1475,588
1686587213,0,1,0,0,10,55,84,121,157,1474,586,433,427,544,158,1475,586
1686587219,0,1,0,0,10,55,84,122,157,1477,588,434,427,544,159,1478,588
1686587225,0,1,0,0,10,55,85,121,157,1473,584,433,427,545,158,1474,584
1686587231,0,1,0,0,10,55,84,122,157,1476,586,434,428,545,158,1476,586
1686587237,0,1,0,0,10,55,84,121,157,1468,582,432,426,543,157,1469,582
1686587243,0,1,0,0,10,55,84,121,157,1472,586,433,426,543,157,1472,586
1686587249,0,1,0,0,10,55,85,122,157,1474,586,433,427,544,157,1473,584
1686587255,0,1,0,0,10,55,84,122,157,1473,586,433,427,544,158,1473,586
1686587261,0,1,0,0,10,55,84,121,157,1472,586,433,426,543,157,1473,586
1686587267,0,1,0,0,10,55,84,121,157,1474,586,433,427,544,157,1473,586
1686587273,0,1,0,0,10,55,84,121,158,1473,586,433,426,543,157,1474,588
1686587279,0,1,0,0,10,55,84,122,157,1475,588,433,426,543,158,1475,588
1686587285,0,1,0,0,10,55,84,122,157,1477,590,434,427,545,157,1478,592
1686587291,0,1,0,0,10,55,84,121,156,1473,588,433,427,543,157,1472,588
1686587297,0,1,0,0,10,55,84,122,157,1474,590,433,427,544,157,1475,588
1686587303,0,1,0,0,10,55,84,122,157,1474,588,433,427,543,157,1476,588
1686587309,0,1,0,0,10,55,84,122,157,1476,590,433,427,543,158,1474,590
1686587315,0,1,0,0,10,55,84,122,157,1475,590,432,427,543,158,1475,590
1686587321,0,1,0,0,10,55,84,121,157,1477,594,433,427,543,158,1478,594
1686587327,0,1,0,0,10,55,84,122,157,1475,590,433,426,544,158,1475,590
1686587333,0,1,0,0,10,55,84,122,158,1478,592,434,428,545,158,1478,592
1686587339,0,1,0,0,10,55,85,121,157,1479,594,434,427,544,159,1481,596
1686587345,0,1,0,0,10,55,83,122,157,1474,586,433,427,544,157,1473,586
1686587351,0,1,0,0,10,55,84,122,157,1476,596,432,426,542,158,1477,596
1686587357,0,1,0,0,10,55,84,121,156,1469,586,432,425,542,158,1467,582
1686587363,0,1,0,0,10,55,84,121,157,1471,590,432,426,541,157,1468,588
1686587369,0,1,0,0,10,54,84,121,157,1473,592,432,426,542,157,1473,592
1686587375,0,1,0,0,10,55,84,121,157,1472,590,433,426,542,157,1473,588
1686587381,0,1,0,0,10,54,84,121,157,1474,592,432,425,542,158,1473,594
1686587387,0,1,0,0,10,55,84,122,157,1477,596,433,426,543,158,1477,596
1686587393,0,1,0,0,10,55,83,120,155,1460,594,426,420,534,156,1462,594
1686587399,0,1,0,0,10,54,83,120,155,1458,593,426,420,533,156,1457,590
1686587405,0,1,0,0,10,54,83,120,155,1457,592,425,419,534,155,1457,592
1686587411,0,1,0,0,10,54,83,120,154,1456,590,425,419,534,155,1456,590
1686587417,0,1,0,0,10,54,83,121,155,1462,594,427,420,535,156,1463,596
1686587423,0,1,0,0,10,55,83,120,155,1465,596,427,421,535,157,1465,596
1686587429,0,1,0,0,10,54,83,119,154,1458,590,426,420,535,156,1459,590
1686587435,0,1,0,0,10,55,83,120,155,1463,596,427,420,534,156,1462,594
1686587441,0,1,0,0,10,54,83,120,155,1461,594,426,420,534,156,1461,594
1686587447,0,1,0,0,10,55,83,121,155,1462,596,426,420,535,156,1461,596
1686587453,0,1,0,0,10,54,84,120,155,1462,598,426,420,535,157,1462,596
1686587459,0,1,0,0,10,55,83,120,155,1463,596,427,419,534,157,1462,596
1686587465,0,1,0,0,10,55,83,120,155,1460,596,426,419,534,156,1461,596
1686587471,0,1,0,0,10,54,83,120,155,1458,594,425,419,533,155,1459,594
1686587477,0,1,0,0,10,54,84,119,155,1461,596,425,418,532,155,1460,596
1686587483,0,1,0,0,10,54,83,119,155,1460,596,425,419,534,156,1461,596
1686587489,0,1,0,0,5,54,83,120,154,1459,596,424,420,533,156,1459,596
1686587495,0,1,0,0,10,55,83,121,156,1473,598,434,428,545,158,1484,600
1686587501,0,1,0,0,10,55,84,122,157,1480,596,434,428,544,158,1482,598
1686587507,0,1,0,0,10,55,85,122,157,1483,600,434,428,544,158,1484,598
1686587513,0,1,0,0,10,55,84,122,157,1482,600,433,428,543,158,1482,598
1686587519,0,1,0,0,10,55,84,123,158,1483,600,435,428,545,159,1484,600
1686587525,0,1,0,0,10,56,85,122,158,1484,600,434,428,545,158,1484,600
1686587531,0,1,0,0,10,55,84,122,158,1486,602,434,428,545,159,1487,604
1686587537,0,1,0,0,10,55,85,122,158,1484,600,434,428,545,159,1486,600
1686587543,0,1,0,0,10,55,85,122,158,1484,602,434,428,545,158,1484,602
1686587549,0,1,0,0,10,55,84,122,158,1484,600,434,428,544,159,1485,602
1686587555,0,1,0,0,10,56,84,122,158,1488,604,434,429,545,159,1487,604
1686587561,0,1,0,0,10,55,85,122,158,1488,602,435,429,546,158,1488,604
1686587567,0,1,0,0,10,55,85,122,157,1488,604,435,428,545,159,1489,602
1686587573,0,1,0,0,10,56,84,122,158,1486,602,434,428,545,159,1486,604
1686587579,0,1,0,0,10,56,85,122,158,1488,604,434,428,544,159,1488,604
1686587585,0,1,0,0,10,55,85,123,158,1487,602,434,428,544,158,1487,602
1686587591,0,1,0,0,10,55,85,122,158,1486,604,434,428,544,159,1486,604
1686587597,0,1,0,0,10,55,84,122,158,1484,602,434,428,544,159,1484,602
1686587603,0,1,0,0,10,55,84,123,158,1489,606,435,428,545,159,1489,606
1686587609,0,1,0,0,10,56,85,122,158,1488,608,435,428,545,160,1490,606
1686587615,0,1,0,0,10,56,85,123,158,1487,604,434,428,545,159,1488,604
1686587621,0,1,0,0,10,56,84,122,158,1486,604,433,427,545,159,1486,604
1686587627,0,1,0,0,10,55,85,122,158,1488,606,434,428,544,159,1487,604
1686587633,0,1,0,0,10,56,85,122,157,1488,606,435,428,546,159,1488,604
1686587639,0,1,0,0,10,55,85,122,159,1489,604,435,429,545,159,1492,608
1686587645,0,1,0,0,10,56,85,122,158,1490,608,435,429,545,159,1490,606
1686587651,0,1,0,0,10,56,85,123,158,1496,610,436,430,546,160,1494,608
1686587657,0,1,0,0,10,56,85,122,159,1493,608,435,430,546,160,1493,608
1686587663,0,1,0,0,10,55,85,123,158,1490,606,435,429,546,160,1491,606
1686587669,0,1,0,0,10,55,85,122,159,1488,604,435,428,545,159,1489,606
1686587675,0,1,0,0,10,56,84,122,158,1484,600,434,428,545,159,1486,602
1686587681,0,1,0,0,10,56,85,122,158,1488,606,435,428,544,158,1488,604
1686587687,0,1,0,0,10,56,85,122,158,1487,606,434,428,545,158,1486,606
1686587693,0,1,0,0,10,56,85,122,158,1487,606,433,428,544,159,1487,606
1686587699,0,1,0,0,10,55,85,123,158,1488,608,434,427,543,158,1487,606
1686587705,0,1,0,0,10,56,85,122,158,1488,610,433,427,544,159,1490,610
1686587711,0,1,0,0,10,56,85,123,158,1491,612,434,428,543,159,1492,612
1686587717,0,1,0,0,10,55,84,122,158,1489,610,433,427,545,159,1490,610
1686587723,0,1,0,0,10,56,85,122,158,1489,610,434,428,543,159,1489,610
1686587729,0,1,0,0,10,56,84,122,158,1491,610,434,428,544,159,1491,612
1686587735,0,1,0,0,10,56,84,121,158,1489,610,434,428,544,159,1489,610
1686587741,0,1,0,0,10,55,84,122,157,1486,608,433,428,544,159,1487,608
1686587747,0,1,0,0,10,56,84,122,157,1486,608,433,427,544,158,1486,608
1686587753,0,1,0,0,10,55,85,122,158,1488,610,434,428,544,158,1489,610
1686587759,0,1,0,0,10,56,84,123,158,1493,612,435,429,545,160,1494,612
1686587765,0,1,0,0,10,55,85,123,158,1490,610,434,428,544,159,1488,608
1686587771,0,1,0,0,10,56,85,122,157,1490,610,434,428,545,159,1490,608
1686587777,0,1,0,0,10,56,84,122,158,1492,610,434,429,545,159,1492,610
1686587783,0,1,0,0,10,55,84,122,157,1486,606,434,428,544,159,1485,604
1686587789,0,1,0,0,10,56,85,123,159,1494,612,435,428,545,159,1495,614
1686587795,0,1,0,0,10,56,84,122,157,1484,606,433,426,543,158,1482,606
1686587801,0,1,0,0,10,55,85,122,157,1489,608,433,427,544,158,1489,608
1686587807,0,1,0,0,10,55,84,122,158,1484,604,434,427,544,158,1485,604
1686587813,0,1,0,0,10,55,84,121,157,1480,606,432,426,542,158,1482,604
1686587819,0,1,0,0,10,55,85,122,157,1484,608,433,426,542,158,1485,608
1686587825,0,1,0,0,10,56,85,122,158,1492,614,434,429,544,159,1492,612
1686587831,0,1,0,0,10,55,84,122,157,1484,608,432,427,542,158,1485,610
1686587837,0,1,0,0,10,56,84,122,157,1483,610,432,426,542,158,1484,608
1686587843,0,1,0,0,10,54,83,120,155,1460,594,427,421,536,155,1460,594
1686587849,0,1,0,0,10,55,84,121,157,1484,612,432,426,541,158,1484,610
1686587855,0,1,0,0,10,55,84,121,157,1480,606,432,426,541,158,1481,606
1686587861,0,1,0,0,10,56,85,122,157,1490,612,434,428,544,159,1491,614
1686587867,0,1,0,0,10,56,85,122,158,1492,614,433,427,543,159,1491,614
1686587873,0,1,0,0,10,56,85,122,158,1497,618,435,428,544,160,1498,620
1686587879,0,1,0,0,10,56,85,122,159,1497,620,435,428,545,160,1500,622
1686587885,0,1,0,0,10,56,85,123,158,1498,620,434,428,544,160,1499,620
1686587891,0,1,0,0,10,56,85,122,158,1494,618,433,428,544,159,1494,618
1686587897,0,1,0,0,10,56,85,123,159,1499,622,435,428,545,160,1500,622
1686587903,0,1,0,0,10,56,85,122,157,1488,614,432,426,542,158,1486,612
1686587909,0,1,0,0,10,54,83,120,155,1464,594,429,423,537,156,1465,596
1686587915,0,1,0,0,10,55,84,120,155,1468,600,428,423,537,156,1469,602
1686587921,0,1,0,0,10,55,83,120,155,1467,598,429,422,537,155,1465,596
1686587927,0,1,0,0,10,55,84,120,155,1470,602,429,423,537,156,1470,602
1686587933,0,1,0,0,10,55,84,120,156,1472,602,429,423,538,156,1469,600
1686587939,0,1,0,0,10,55,83,120,155,1463,594,428,422,537,155,1462,594
1686587945,0,1,0,0,10,55,83,121,155,1476,610,428,422,537,157,1473,608
1686587951,0,1,0,0,10,55,84,121,156,1478,610,429,423,538,157,1479,610
1686587957,0,1,0,0,10,55,84,121,156,1480,612,429,423,538,158,1481,612
1686587963,0,1,0,0,10,55,85,121,156,1478,612,430,423,539,157,1479,612
1686587969,0,1,0,0,10,55,83,120,155,1474,606,429,422,538,156,1472,606
1686587975,0,1,0,0,10,55,83,120,155,1472,606,427,421,536,156,1470,606
1686587981,0,1,0,0,10,54,83,120,155,1468,600,429,422,538,156,1471,602
1686587987,0,1,0,0,10,55,83,120,156,1472,604,430,423,539,157,1475,606
1686587993,0,1,0,0,10,55,84,121,156,1477,610,430,424,539,157,1477,610
1686587999,0,1,0,0,10,55,83,121,156,1473,608,429,423,537,157,1473,606
1686588005,0,1,0,0,10,55,84,121,156,1477,606,430,425,540,158,1480,610
1686588011,0,1,0,0,10,55,84,121,156,1476,608,430,424,540,157,1479,608
1686588017,0,1,0,0,10,54,83,120,156,1471,604,429,423,539,157,1473,604
1686588023,0,1,0,0,10,55,84,121,156,1478,610,430,424,538,158,1478,610
1686588029,0,1,0,0,10,55,84,121,156,1480,612,430,424,539,157,1479,610
1686588035,0,1,0,0,10,56,84,121,157,1485,616,431,424,540,158,1485,616
1686588041,0,1,0,0,10,55,83,121,156,1476,608,428,423,539,156,1476,610
1686588047,0,1,0,0,10,55,83,120,156,1477,610,430,423,539,156,1476,610
1686588053,0,1,0,0,10,56,84,121,156,1483,616,430,423,540,158,1483,614
1686588059,0,1,0,0,10,55,84,121,156,1482,616,430,424,539,157,1482,616
1686588065,0,1,0,0,10,56,84,121,157,1485,618,431,425,540,158,1483,616
1686588071,0,1,0,0,10,56,84,121,156,1484,616,431,425,539,158,1485,616
1686588077,0,1,0,0,10,56,84,122,157,1489,620,431,425,541,159,1488,620
1686588083,0,1,0,0,10,55,84,121,157,1487,620,431,424,540,158,1488,620
1686588089,0,1,0,0,10,55,84,121,157,1480,614,429,424,539,157,1481,614
1686588095,0,1,0,0,10,55,84,121,156,1481,614,429,423,538,158,1479,614
1686588101,0,1,0,0,10,55,84,121,156,1479,614,430,423,539,158,1481,616
1686588107,0,1,0,0,10,55,84,121,156,1481,616,430,424,539,157,1482,616
1686588113,0,1,0,0,10,55,84,121,156,1479,614,429,423,539,158,1478,614
1686588119,0,1,0,0,10,55,84,122,156,1480,618,429,423,538,157,1480,616
1686588125,0,1,0,0,10,56,84,121,156,1483,618,429,424,539,158,1483,618
1686588131,0,1,0,0,10,55,85,121,157,1490,624,431,425,539,158,1491,624
1686588137,0,1,0,0,10,56,85,121,157,1491,626,431,426,540,159,1491,624
1686588143,0,1,0,0,10,55,83,121,156,1478,612,430,423,539,157,1479,612
1686588149,0,1,0,0,10,55,84,122,157,1486,620,430,425,540,158,1486,620
1686588155,0,1,0,0,10,56,84,122,157,1487,620,431,424,541,158,1487,620
1686588161,0,1,0,0,10,55,84,121,157,1485,622,430,424,540,158,1484,620
1686588167,0,1,0,0,10,55,84,121,157,1490,624,431,424,540,159,1490,622
1686588173,0,1,0,0,10,56,84,122,157,1489,624,431,425,540,159,1488,622
1686588179,0,1,0,0,10,56,84,122,157,1489,624,431,424,540,158,1489,622
1686588185,0,1,0,0,10,56,84,122,157,1488,624,431,425,539,158,1489,624
1686588191,0,1,0,0,10,56,84,121,157,1490,624,431,424,540,159,1491,626
1686588197,0,1,0,0,10,56,84,121,158,1492,626,431,425,541,159,1492,626
1686588203,0,1,0,0,10,56,85,123,158,1495,628,432,426,541,159,1494,628
1686588209,0,1,0,0,10,56,85,122,158,1493,626,431,425,541,159,1492,626
1686588215,0,1,0,0,10,56,85,122,157,1495,628,432,426,541,159,1494,628
1686588221,0,1,0,0,10,56,85,122,158,1495,630,431,426,541,159,1495,628
1686588227,0,1,0,0,10,56,85,122,158,1497,630,432,425,541,159,1496,630
1686588233,0,1,0,0,10,56,85,122,157,1495,628,432,426,541,159,1495,628
1686588239,0,1,0,0,10,55,84,121,156,1483,616,431,424,539,158,1483,616
1686588245,0,1,0,0,10,55,84,121,156,1482,618,430,423,539,157,1483,616
1686588251,0,1,0,0,10,56,85,122,157,1494,628,432,425,540,159,1494,628
1686588257,0,1,0,0,10,56,85,122,157,1493,628,431,425,541,158,1493,628
1686588263,0,1,0,0,10,56,85,122,158,1495,630,432,426,540,159,1494,630
1686588269,0,1,0,0,10,56,85,123,157,1491,626,431,425,540,158,1490,626
1686588275,0,1,0,0,10,55,84,121,157,1487,622,430,423,539,157,1485,622
1686588281,0,1,0,0,10,55,84,121,157,1488,624,431,425,540,159,1490,626
1686588287,0,1,0,0,10,56,84,122,157,1492,628,431,425,540,158,1491,628
1686588293,0,1,0,0,10,56,84,122,157,1492,628,431,425,540,158,1493,630
1686588299,0,1,0,0,10,56,84,121,156,1489,626,430,424,539,158,1487,622
1686588305,0,1,0,0,10,55,84,121,157,1490,626,430,424,539,158,1488,626
1686588311,0,1,0,0,10,55,84,122,156,1491,628,430,424,540,159,1491,628
1686588317,0,1,0,0,10,56,84,122,157,1494,632,431,425,540,159,1494,630
1686588323,0,1,0,0,10,55,84,121,156,1486,624,430,423,539,157,1488,626
1686588329,0,1,0,0,10,55,84,121,157,1492,630,430,424,539,158,1491,630
1686588335,0,1,0,0,10,56,84,122,157,1486,624,430,424,540,158,1489,626
1686588341,0,1,0,0,10,55,84,121,156,1481,620,429,424,538,157,1483,620
1686588347,0,1,0,0,10,55,84,121,157,1488,626,430,424,538,158,1489,628
1686588353,0,1,0,0,10,56,84,122,157,1490,628,430,424,539,158,1489,626
1686588359,0,1,0,0,10,56,84,122,157,1494,634,431,425,540,159,1495,634
1686588365,0,1,0,0,10,55,84,122,157,1495,634,431,425,541,159,1496,634
1686588371,0,1,0,0,10,56,85,122,157,1494,632,431,424,540,158,1494,632
1686588377,0,1,0,0,10,56,85,123,159,1506,636,435,428,544,160,1506,638
1686588383,0,1,0,0,10,56,84,122,157,1500,630,434,427,543,159,1499,630
1686588389,0,1,0,0,10,56,85,123,158,1505,636,434,428,544,159,1503,634
1686588395,0,1,0,0,10,56,85,123,158,1503,634,434,428,543,159,1503,634
1686588401,0,1,0,0,10,56,85,122,158,1503,634,434,428,544,160,1505,636
1686588407,0,1,0,0,10,56,85,123,158,1504,634,434,428,543,160,1504,634
1686588413,0,1,0,0,10,56,84,122,158,1499,630,434,428,543,160,1500,630
1686588419,0,1,0,0,10,56,84,122,158,1500,630,434,427,543,159,1501,632
1686588425,0,1,0,0,10,56,85,123,159,1506,636,435,428,545,159,1507,636
1686588431,0,1,0,0,10,56,84,122,157,1501,632,433,427,542,160,1502,632
1686588437,0,1,0,0,10,56,85,122,158,1503,634,433,427,544,159,1503,634
1686588443,0,1,0,0,10,56,85,122,158,1499,630,433,427,543,159,1500,630
1686588449,0,1,0,0,10,56,85,123,158,1501,632,434,427,544,159,1500,632
1686588455,0,1,0,0,10,56,85,122,158,1498,630,434,428,544,159,1501,632
1686588461,0,1,0,0,10,56,85,122,158,1503,634,434,427,544,159,1505,636
1686588467,0,1,0,0,10,56,85,122,158,1501,634,434,427,544,159,1504,638
1686588473,0,1,0,0,10,56,85,122,158,1502,634,434,428,543,160,1502,634
1686588479,0,1,0,0,10,56,85,123,158,1505,636,434,428,544,159,1505,636
1686588485,0,1,0,0,10,57,85,123,159,1510,642,435,428,544,160,1509,640
1686588491,0,1,0,0,10,56,85,123,159,1508,640,434,428,544,160,1509,642
1686588497,0,1,0,0,10,56,85,122,158,1506,640,433,428,544,160,1508,642
1686588503,0,1,0,0,10,57,85,123,158,1508,638,434,428,544,160,1508,638
1686588509,0,1,0,0,10,56,85,123,159,1508,640,434,428,543,160,1509,640
1686588515,0,1,0,0,10,56,86,123,158,1510,644,435,428,544,160,1510,642
1686588521,0,1,0,0,10,56,85,123,158,1506,640,434,428,544,159,1507,640
1686588527,0,1,0,0,10,57,85,123,159,1511,644,434,428,544,160,1510,642
1686588533,0,1,0,0,10,56,85,122,158,1507,640,433,427,543,159,1506,642
1686588539,0,1,0,0,10,56,85,123,158,1509,644,433,428,544,160,1510,644
1686588545,0,1,0,0,10,56,85,123,158,1507,642,434,427,543,160,1507,641
1686588551,0,1,0,0,10,56,85,123,158,1509,646,434,427,543,160,1509,646
1686588557,0,1,0,0,10,56,85,122,157,1506,642,433,427,542,160,1507,644
1686588563,0,1,0,0,10,56,85,123,159,1509,646,433,427,542,160,1508,646
1686588569,0,1,0,0,10,56,86,123,158,1509,644,433,427,543,161,1509,646
1686588575,0,1,0,0,10,56,85,122,158,1507,642,433,426,544,160,1506,640
1686588581,0,1,0,0,10,56,85,122,158,1509,644,434,426,543,160,1509,646
1686588587,0,1,0,0,10,56,85,122,158,1510,646,434,427,543,160,1511,646
1686588593,0,1,0,0,10,56,85,122,158,1506,642,433,427,543,160,1506,642
1686588599,0,1,0,0,10,56,85,123,159,1510,646,433,427,543,160,1509,646
1686588605,0,1,0,0,10,56,85,123,159,1510,644,434,428,545,160,1510,646
1686588611,0,1,0,0,10,56,85,124,159,1511,646,433,428,542,160,1507,642
1686588617,0,1,0,0,10,56,85,123,157,1505,638,434,427,544,159,1505,638
1686588623,0,1,0,0,5,52,77,111,142,1402,620,410,402,514,150,1440,616
1686588629,0,1,0,0,10,57,86,124,160,1528,658,437,432,549,163,1529,660
1686588635,0,1,0,0,10,57,87,125,160,1533,660,438,432,549,163,1531,658
1686588641,0,1,0,0,10,57,86,124,159,1525,664,434,428,544,163,1527,662
1686588647,0,1,0,0,10,56,85,123,158,1510,646,433,426,543,159,1504,640
1686588653,0,1,0,0,10,56,84,122,158,1499,638,430,426,539,159,1499,638
1686588659,0,1,0,0,10,56,84,122,158,1501,640,431,425,540,159,1502,642
1686588665,0,1,0,0,10,56,85,123,157,1499,640,432,425,541,159,1500,642
1686588671,0,1,0,0,10,56,85,122,157,1502,642,432,426,540,159,1503,642
1686588677,0,1,0,0,10,56,85,122,157,1502,642,432,425,541,159,1504,644
1686588683,0,1,0,0,10,57,85,122,158,1508,648,432,426,542,160,1508,648
1686588689,0,1,0,0,10,56,85,123,159,1508,648,432,426,541,159,1508,648
1686588695,0,1,0,0,10,56,85,123,158,1507,648,433,426,542,160,1509,648
1686588701,0,1,0,0,10,56,85,123,158,1513,650,433,427,542,161,1513,650
1686588707,0,1,0,0,10,56,85,123,158,1513,650,433,427,542,160,1513,650
1686588713,0,1,0,0,10,56,86,122,157,1506,644,432,426,541,159,1506,644
1686588719,0,1,0,0,10,56,85,122,157,1504,642,432,425,541,159,1503,644
1686588725,0,1,0,0,10,56,85,123,158,1509,648,432,426,542,159,1510,650
1686588731,0,1,0,0,10,56,85,123,158,1508,646,432,426,542,159,1506,646
1686588737,0,1,0,0,10,57,85,122,158,1508,646,433,426,542,159,1508,648
1686588743,0,1,0,0,10,56,85,123,158,1510,648,433,427,542,160,1510,648
1686588749,0,1,0,0,10,56,85,122,158,1511,650,432,427,542,160,1510,650
1686588755,0,1,0,0,10,57,85,123,159,1511,650,433,428,542,160,1511,652
1686588761,0,1,0,0,10,57,85,123,158,1514,652,433,427,543,160,1514,652
1686588767,0,1,0,0,10,57,85,123,159,1518,656,434,428,543,161,1518,656
1686588773,0,1,0,0,10,57,85,123,158,1516,652,433,427,543,160,1516,654
1686588779,0,1,0,0,10,57,85,123,159,1518,656,434,427,544,160,1518,656
1686588785,0,1,0,0,10,56,85,123,159,1514,652,433,427,543,160,1514,652
1686588791,0,1,0,0,10,56,85,123,158,1510,650,433,427,543,160,1511,650
1686588797,0,1,0,0,10,56,85,123,158,1510,648,433,427,543,160,1509,646
1686588803,0,1,0,0,10,57,86,123,159,1514,654,433,427,543,160,1513,652
1686588809,0,1,0,0,10,57,86,123,159,1518,656,434,428,544,161,1519,656
1686588815,0,1,0,0,10,57,85,123,159,1516,654,434,428,543,161,1515,654
1686588821,0,1,0,0,10,56,85,123,159,1517,656,433,427,543,160,1516,656
1686588827,0,1,0,0,10,57,85,123,159,1515,656,433,427,543,160,1515,654
1686588833,0,1,0,0,10,57,85,123,159,1519,658,434,427,543,161,1518,658
1686588839,0,1,0,0,10,57,86,123,160,1525,662,435,429,545,161,1524,662
1686588845,0,1,0,0,10,56,86,124,160,1525,662,435,428,545,161,1523,660
1686588851,0,1,0,0,10,57,85,123,159,1519,660,434,428,544,161,1519,658
1686588857,0,1,0,0,10,57,85,123,158,1515,654,434,428,543,161,1517,656
1686588863,0,1,0,0,10,57,85,124,159,1521,658,435,429,544,161,1522,660
1686588869,0,1,0,0,10,57,86,124,159,1523,664,435,428,544,162,1523,662
1686588875,0,1,0,0,10,57,85,123,159,1519,658,434,428,544,161,1519,660
1686588881,0,1,0,0,10,57,86,123,160,1524,664,435,428,544,161,1524,664
1686588887,0,1,0,0,10,57,85,123,160,1522,662,435,428,545,161,1523,660
1686588893,0,1,0,0,10,57,86,123,159,1526,662,435,430,545,162,1526,662
1686588899,0,1,0,0,10,57,86,123,159,1523,662,435,429,545,161,1524,662
1686588905,0,1,0,0,10,57,86,123,160,1526,664,435,429,545,161,1526,664
1686588911,0,1,0,0,10,57,86,123,160,1524,662,435,429,545,161,1523,662
1686588917,0,1,0,0,10,57,85,123,160,1525,662,435,428,545,161,1524,662
1686588923,0,1,0,0,10,57,86,123,159,1526,664,435,428,545,162,1526,664
1686588929,0,1,0,0,10,57,86,124,160,1531,668,436,429,545,162,1530,668
1686588935,0,1,0,0,10,57,86,124,160,1528,666,435,429,545,162,1529,666
1686588941,0,1,0,0,10,57,86,123,159,1522,662,434,427,544,161,1521,662
1686588947,0,1,0,0,10,57,86,123,159,1525,666,434,428,543,162,1524,666
1686588953,0,1,0,0,10,57,85,122,158,1517,658,432,426,542,160,1515,658
1686588959,0,1,0,0,10,57,85,123,158,1519,660,434,427,542,161,1519,662
1686588965,0,1,0,0,10,57,85,122,159,1520,664,433,427,543,161,1522,666
1686588971,0,1,0,0,10,57,85,123,158,1514,656,433,427,542,160,1515,654
1686588977,0,1,0,0,10,57,86,123,159,1521,664,433,427,543,161,1521,664
1686588983,0,1,0,0,10,57,85,123,159,1525,666,434,428,544,161,1524,666
1686588989,0,1,0,0,10,57,85,123,159,1524,668,434,427,543,161,1524,668
1686588995,0,1,0,0,10,57,86,123,159,1522,666,433,427,543,161,1520,666
1686589001,0,1,0,0,10,57,85,123,159,1518,662,433,426,542,161,1517,662
1686589007,0,1,0,0,10,57,85,123,160,1524,666,434,428,544,161,1525,666
1686589013,0,1,0,0,10,57,85,123,158,1523,666,434,428,544,162,1524,666
1686589019,0,1,0,0,10,57,86,123,159,1520,662,433,427,543,160,1517,658
1686589025,0,1,0,0,10,57,85,123,159,1522,668,432,426,542,161,1519,666
1686589031,0,1,0,0,10,57,85,123,159,1519,662,433,427,542,161,1520,664
1686589037,0,1,0,0,10,57,85,124,159,1523,666,434,428,543,162,1524,666
1686589043,0,1,0,0,10,57,86,123,159,1523,668,434,428,543,161,1523,668
1686589049,0,1,0,0,10,57,86,123,159,1527,670,434,429,544,161,1526,668
1686589055,0,1,0,0,10,57,86,123,159,1527,670,435,428,544,161,1526,670
1686589061,0,1,0,0,10,57,85,123,159,1524,668,434,428,543,161,1524,666
1686589067,0,1,0,0,10,57,86,123,159,1530,672,435,429,545,161,1529,670
1686589073,0,1,0,0,10,57,86,124,159,1527,672,434,428,544,161,1527,672
1686589079,0,1,0,0,10,57,86,123,159,1529,674,434,428,543,162,1528,674
1686589085,0,1,0,0,10,57,85,123,159,1525,668,434,427,543,161,1526,672
1686589091,0,1,0,0,10,57,86,124,160,1533,676,435,429,545,163,1531,676
1686589097,0,1,0,0,10,58,86,124,160,1538,682,436,430,545,163,1537,680
1686589103,0,1,0,0,10,57,86,124,160,1534,680,434,429,544,162,1534,680
1686589109,0,1,0,0,10,58,86,124,160,1540,684,436,430,545,163,1540,684
1686589115,0,1,0,0,10,58,86,124,160,1538,680,436,430,545,162,1539,682
1686589121,0,1,0,0,10,57,86,124,160,1540,682,436,430,544,163,1539,684
1686589127,0,1,0,0,10,58,86,124,160,1540,682,436,430,546,163,1540,684
1686589133,0,1,0,0,10,58,87,125,160,1535,682,436,428,545,162,1536,682
1686589139,0,1,0,0,10,57,86,123,159,1526,674,434,427,543,162,1528,674
1686589145,0,1,0,0,10,57,86,124,160,1536,680,435,429,545,163,1537,682
1686589151,0,1,0,0,10,58,87,125,161,1545,688,436,431,546,163,1544,688
1686589157,0,1,0,0,10,57,86,123,160,1527,670,434,428,543,162,1526,672
1686589163,0,1,0,0,10,57,86,124,159,1531,678,434,428,544,162,1533,678
1686589169,0,1,0,0,10,57,86,124,160,1530,674,434,428,543,161,1526,670
1686589175,0,1,0,0,10,57,86,123,159,1529,674,434,427,544,162,1529,676
1686589181,0,1,0,0,10,57,86,123,159,1528,676,433,427,542,161,1527,676
1686589187,0,1,0,0,10,57,86,123,159,1528,676,433,427,542,162,1529,678
1686589193,0,1,0,0,10,57,85,123,159,1527,676,434,427,543,161,1528,678
1686589199,0,1,0,0,10,57,85,123,158,1520,676,431,424,539,161,1520,676
