Timestamp,Amber,White,On,Override,Intensity,AS00,AS01,AS02,AS03,AS04,AS05,AS06,AS07,AS08,AS09,AS10,AS11
1686679202,0,1,1,0,360.419158,2913,7070,9820,18878,65535,7258,30031,40429,52087,30727,65535,7324
1686679207,0,1,1,0,394.329315,3186,7709,10735,20146,65535,7846,32078,43616,55900,33084,65535,7876
1686679212,0,1,1,0,399.580139,3263,7887,11014,20466,65535,7988,32683,44579,57062,33721,65535,8000
1686679217,0,1,1,0,407.384124,3300,7972,11159,20616,65535,8052,32978,45057,57582,34083,65535,8062
1686679222,0,1,1,0,404.838012,3323,8023,11238,20706,65535,8080,33151,45344,57927,34281,65535,8098
1686679227,0,1,1,0,404.838012,3332,8056,11288,20762,65535,8078,33244,45509,58126,34402,65535,8088
1686679232,0,1,1,0,408.734924,3343,8073,11327,20800,65535,8064,33346,45663,58257,34499,65535,8078
1686679237,0,1,1,0,408.734924,3353,8092,11360,20840,65535,8106,33419,45755,58405,34572,65535,8118
1686679242,0,1,1,0,408.734924,3357,8106,11379,20863,65535,8092,33480,45847,58477,34631,65535,8104
1686679247,0,1,1,0,408.734924,3363,8120,11394,20886,65535,8108,33509,45897,58537,34652,65535,8116
1686679252,0,1,1,0,412.634063,3366,8127,11411,20908,65535,8142,33572,45987,58655,34705,65535,8148
1686679257,0,1,1,0,412.634063,3371,8139,11429,20924,65535,8114,33578,46028,58719,34753,65535,8128
1686679262,0,1,1,0,412.634063,3372,8146,11448,20935,65535,8126,33631,46078,58746,34793,65535,8138
1686679267,0,1,1,0,412.634063,3380,8156,11458,20956,65535,8170,33648,46143,58795,34826,65535,8182
1686679272,0,1,1,0,412.634063,3382,8162,11468,20969,65535,8170,33666,46153,58816,34831,65535,8174
1686679277,0,1,1,0,416.535461,3389,8175,11484,20980,65535,8252,33667,46205,58887,34883,65535,8273
1686679282,0,1,1,0,416.535461,3388,8176,11487,20999,65535,8236,33668,46217,58922,34894,65535,8248
1686679287,0,1,1,0,416.535461,3398,8193,11515,21018,65535,8306,33685,46277,58942,34930,65535,8318
1686679292,0,1,1,0,416.535461,3399,8200,11517,21024,65535,8312,33701,46307,58974,34945,65535,8316
1686679297,0,1,1,0,416.535461,3401,8203,11536,21041,65535,8322,33741,46334,59031,34973,65535,8335
1686679302,0,1,1,0,420.439025,3406,8213,11543,21057,65535,8388,33746,46379,59080,35011,65535,8404
1686679307,0,1,1,0,416.535461,3406,8218,11549,21060,65535,8298,33767,46393,59097,35018,65535,8310
1686679312,0,1,1,0,420.439025,3409,8219,11561,21075,65535,8350,33805,46425,59134,35049,65535,8368
1686679317,0,1,1,0,413.995574,3415,8229,11573,21085,65535,8424,33844,46491,59208,35081,65535,8450
1686679322,0,1,1,0,413.995574,3426,8243,11592,21109,65535,8592,33856,46522,59222,35111,65535,8590
1686679327,0,1,1,0,413.995574,3426,8247,11589,21113,65535,8570,33883,46538,59245,35103,65535,8564
1686679332,0,1,1,0,417.890899,3427,8253,11610,21132,65535,8606,33890,46573,59285,35146,65535,8634
1686679337,0,1,1,0,413.995574,3423,8246,11606,21117,65535,8444,33910,46588,59294,35126,65535,8444
1686679342,0,1,1,0,413.995574,3424,8251,11607,21126,65535,8470,33932,46618,59331,35166,65535,8482
1686679347,0,1,1,0,413.995574,3429,8258,11616,21137,65535,8492,33947,46633,59348,35181,65535,8506
1686679352,0,1,1,0,417.890899,3438,8270,11632,21158,65535,8634,33987,46680,59419,35228,65535,8640
1686679357,0,1,1,0,417.890899,3437,8270,11642,21169,65535,8605,33985,46706,59438,35240,65535,8618
1686679362,0,1,1,0,417.890899,3442,8279,11655,21178,65535,8638,34015,46736,59451,35261,65535,8636
1686679367,0,1,1,0,417.890899,3438,8279,11655,21183,65535,8596,34012,46743,59513,35273,65535,8592
1686679372,0,1,1,0,417.890899,3432,8271,11649,21171,65535,8382,34004,46742,59483,35269,65535,8388
1686679377,0,1,1,0,413.995574,3431,8275,11650,21181,65535,8362,34010,46746,59501,35276,65535,8366
1686679382,0,1,1,0,420.439025,3430,8277,11653,21179,65535,8258,34039,46763,59520,35282,65535,8259
1686679387,0,1,1,0,420.439025,3433,8278,11660,21178,65535,8264,34048,46792,59542,35298,65535,8272
1686679392,0,1,1,0,420.439025,3430,8282,11665,21192,65535,8216,34072,46828,59610,35296,65535,8230
1686679397,0,1,1,0,420.439025,3433,8284,11671,21202,65535,8224,34057,46836,59602,35306,65535,8230
1686679402,0,1,1,0,420.439025,3429,8285,11667,21180,65535,8170,34062,46860,59594,35322,65535,8178
1686679407,0,1,1,0,420.439025,3433,8289,11687,21205,65535,8164,34092,46862,59612,35333,65535,8174
1686679412,0,1,1,0,420.439025,3432,8290,11690,21198,65535,8168,34093,46887,59653,35335,65535,8174
1686679417,0,1,1,0,420.439025,3436,8291,11689,21200,65535,8182,34112,46890,59664,35345,65535,8196
1686679422,0,1,1,0,424.344757,3436,8298,11702,21222,65535,8198,34128,46942,59697,35354,65535,8204
1686679427,0,1,1,0,424.344757,3439,8301,11708,21226,65535,8176,34143,46949,59746,35392,65535,8182
1686679432,0,1,1,0,424.344757,3438,8303,11717,21236,65535,8176,34137,46975,59749,35402,65535,8180
1686679437,0,1,1,0,424.344757,3440,8309,11716,21242,65535,8174,34160,46967,59776,35414,65535,8180
1686679442,0,1,1,0,424.344757,3442,8311,11723,21243,65535,8186,34189,47015,59783,35433,65535,8200
1686679447,0,1,1,0,424.344757,3443,8316,11724,21255,65535,8206,34198,47033,59838,35444,65535,8216
1686679452,0,1,1,0,417.890899,3445,8318,11738,21259,65535,8228,34208,47038,59828,35463,65535,8248
1686679457,0,1,1,0,417.890899,3451,8325,11737,21268,65535,8270,34196,47051,59860,35463,65535,8282
1686679462,0,1,1,0,417.890899,3447,8324,11737,21254,65535,8236,34230,47081,59862,35480,65535,8242
1686679467,0,1,1,0,417.890899,3448,8325,11746,21263,65535,8214,34224,47075,59837,35486,65535,8224
1686679472,0,1,1,0,417.890899,3449,8329,11745,21274,65535,8204,34257,47136,59925,35503,65535,8206
1686679477,0,1,1,0,417.890899,3451,8333,11754,21295,65535,8210,34245,47122,59912,35510,65535,8220
1686679482,0,1,1,0,417.890899,3457,8336,11771,21306,65535,8242,34260,47149,59952,35534,65535,8248
1686679487,0,1,1,0,417.890899,3456,8339,11767,21292,65535,8220,34265,47169,59962,35541,65535,8228
1686679492,0,1,1,0,417.890899,3458,8338,11766,21293,65535,8222,34271,47161,59987,35542,65535,8232
1686679497,0,1,1,0,417.890899,3456,8345,11777,21309,65535,8226,34299,47208,60000,35562,65535,8228
1686679502,0,1,0,0,22.213335,138,211,285,403,2973,1148,908,971,1224,430,2977,1148
1686679507,0,1,0,0,22.213335,139,211,287,404,2996,1164,911,974,1228,434,3001,1170
1686679512,0,1,0,0,22.213335,138,211,287,404,2991,1156,909,974,1227,433,2989,1154
1686679517,0,1,0,0,22.213335,136,209,283,400,2948,1130,902,966,1217,427,2943,1124
1686679522,0,1,0,0,22.213335,136,209,283,399,2947,1126,903,966,1218,428,2950,1129
1686679527,0,1,0,0,22.213335,137,211,285,403,2976,1142,908,973,1228,432,2978,1142
1686679532,0,1,0,0,22.213335,137,209,285,401,2958,1124,906,969,1224,430,2954,1120
1686679537,0,1,0,0,22.213335,137,210,285,402,2960,1124,907,971,1226,432,2960,1122
1686679542,0,1,0,0,22.213335,137,211,285,402,2963,1122,908,972,1227,431,2965,1124
1686679547,0,1,0,0,22.213335,137,210,285,402,2961,1120,908,972,1226,431,2960,1120
1686679552,0,1,0,0,22.213335,137,210,286,402,2958,1114,908,972,1226,430,2957,1114
1686679557,0,1,0,0,22.213335,136,209,285,402,2949,1106,907,972,1226,430,2949,1106
1686679562,0,1,0,0,22.213335,136,210,284,402,2949,1106,907,971,1227,430,2949,1106
1686679567,0,1,0,0,22.213335,137,209,285,402,2950,1108,908,972,1226,431,2951,1108
1686679572,0,1,0,0,22.213335,138,211,286,404,2974,1130,910,975,1229,434,2976,1130
1686679577,0,1,0,0,22.213335,137,210,285,402,2961,1120,908,971,1226,432,2961,1116
1686679582,0,1,0,0,22.213335,137,209,284,402,2953,1110,908,972,1226,431,2955,1110
1686679587,0,1,0,0,22.213335,136,210,285,401,2951,1106,908,972,1226,431,2950,1104
1686679592,0,1,0,0,22.213335,136,209,285,401,2939,1094,907,970,1224,429,2940,1092
1686679597,0,1,0,0,22.213335,136,209,284,401,2935,1086,905,970,1225,430,2933,1086
1686679602,0,1,0,0,22.213335,135,208,284,400,2928,1080,906,969,1224,429,2926,1080
1686679607,0,1,0,0,22.213335,135,208,283,400,2924,1072,906,970,1225,428,2920,1072
1686679612,0,1,0,0,22.213335,135,208,283,400,2918,1066,906,969,1225,428,2917,1066
1686679617,0,1,0,0,22.213335,135,208,283,399,2913,1062,905,968,1222,427,2913,1062
1686679622,0,1,0,0,22.213335,135,208,282,399,2910,1060,906,968,1224,428,2911,1058
1686679627,0,1,0,0,22.213335,135,208,282,398,2905,1056,904,967,1221,427,2905,1056
1686679632,0,1,0,0,22.213335,134,207,282,399,2904,1054,904,967,1221,427,2903,1054
1686679637,0,1,0,0,22.213335,134,207,283,398,2902,1050,904,967,1221,427,2902,1050
1686679642,0,1,0,0,22.213335,134,208,283,398,2901,1050,903,967,1222,427,2901,1050
1686679647,0,1,0,0,22.213335,134,207,282,398,2900,1048,903,966,1221,426,2899,1048
1686679652,0,1,0,0,22.213335,134,207,282,398,2897,1046,903,965,1220,426,2895,1046
1686679657,0,1,0,0,22.213335,134,208,282,399,2898,1046,903,967,1221,426,2898,1046
1686679662,0,1,0,0,22.213335,134,208,282,399,2898,1044,904,966,1221,427,2898,1044
1686679667,0,1,0,0,22.213335,134,207,282,398,2897,1044,904,967,1222,426,2897,1044
1686679672,0,1,0,0,22.213335,134,208,283,399,2900,1046,904,967,1222,427,2899,1046
1686679677,0,1,0,0,22.213335,133,205,281,395,2870,1032,898,961,1214,421,2866,1028
1686679682,0,1,0,0,18.360000,125,191,259,366,2677,1022,808,874,1108,398,2659,1010
1686679687,1,1,0,0,18.360000,118,180,244,345,2540,986,780,842,1066,390,2605,1008
1686679692,1,1,0,0,18.360000,126,198,269,381,2794,994,891,952,1206,417,2861,1026
1686679697,1,1,0,0,22.213335,132,206,281,396,2898,1050,900,962,1219,424,2902,1052
1686679702,1,1,0,0,22.213335,133,206,280,396,2899,1050,900,961,1217,423,2898,1052
1686679707,1,1,0,0,22.213335,133,206,280,396,2901,1054,900,961,1217,424,2900,1054
1686679712,1,1,0,0,22.213335,133,206,281,396,2903,1056,899,960,1216,424,2903,1058
1686679717,1,1,0,0,22.213335,133,206,281,397,2909,1062,900,961,1217,424,2908,1062
1686679722,1,1,0,0,22.213335,133,206,282,397,2909,1060,901,962,1218,425,2911,1060
1686679727,1,1,0,0,22.213335,134,206,282,397,2915,1068,901,963,1219,426,2915,1068
1686679732,1,1,0,0,22.213335,134,207,282,398,2922,1074,901,962,1219,427,2923,1076
1686679737,1,1,0,0,22.213335,134,207,282,398,2923,1076,902,963,1220,426,2925,1076
1686679742,1,1,0,0,22.213335,134,207,282,398,2921,1074,902,963,1218,426,2922,1076
1686679747,1,1,0,0,22.213335,134,207,282,399,2928,1080,903,964,1220,427,2929,1080
1686679752,1,1,0,0,22.213335,134,207,283,399,2927,1078,902,964,1219,427,2926,1078
1686679757,1,1,0,0,22.213335,134,207,282,397,2922,1072,901,963,1220,426,2922,1072
1686679762,1,1,0,0,22.213335,134,207,282,399,2925,1074,903,963,1221,429,2926,1074
1686679767,1,1,0,0,22.213335,134,207,283,399,2925,1074,901,964,1221,428,2928,1076
1686679772,1,1,0,0,22.213335,134,207,282,398,2923,1074,901,962,1219,427,2920,1074
1686679777,1,1,0,0,22.213335,134,206,282,398,2917,1070,899,961,1217,427,2916,1070
1686679782,1,1,0,0,22.213335,133,207,282,398,2917,1070,900,961,1217,427,2915,1070
1686679787,1,1,0,0,22.213335,134,207,283,397,2915,1068,900,963,1218,426,2915,1068
1686679792,1,1,0,0,22.213335,133,206,281,397,2915,1070,900,963,1217,426,2916,1070
1686679797,1,1,0,0,22.213335,134,207,281,397,2917,1072,900,961,1217,426,2917,1072
1686679802,1,1,0,0,22.213335,133,208,282,397,2921,1076,900,962,1218,427,2921,1078
1686679807,1,1,0,0,22.213335,134,207,283,399,2931,1088,903,963,1220,428,2934,1090
1686679812,1,1,0,0,22.213335,136,210,284,401,2960,1112,905,967,1222,430,2963,1116
1686679817,1,1,0,0,22.213335,135,209,284,400,2952,1106,904,966,1223,429,2950,1106
1686679822,1,1,0,0,22.213335,135,208,283,399,2940,1094,903,964,1221,428,2939,1094
1686679827,1,1,0,0,22.213335,135,208,282,399,2937,1094,903,965,1220,427,2937,1094
1686679832,1,1,0,0,22.213335,135,209,283,399,2944,1100,903,965,1220,428,2944,1100
1686679837,1,1,0,0,22.213335,135,209,284,401,2959,1116,904,967,1223,430,2960,1116
1686679842,1,1,0,0,22.213335,136,209,283,400,2954,1114,904,965,1222,430,2954,1116
1686679847,1,1,0,0,22.213335,136,209,284,401,2966,1128,904,967,1223,430,2968,1130
1686679852,1,1,0,0,22.213335,136,209,285,400,2960,1122,905,966,1222,430,2961,1122
1686679857,1,1,0,0,22.213335,135,209,284,400,2954,1116,903,965,1221,429,2953,1116
1686679862,1,1,0,0,22.213335,136,209,284,400,2964,1126,905,966,1222,430,2964,1128
1686679867,1,1,0,0,22.213335,138,211,286,405,3007,1172,910,971,1228,435,3014,1178
1686679872,1,1,0,0,16.319999,142,215,291,411,3088,1258,916,978,1234,443,3088,1256
1686679877,1,1,0,0,22.213335,138,212,286,405,3015,1182,909,972,1226,435,3012,1182
1686679882,1,1,0,0,22.213335,136,209,283,400,2971,1156,903,965,1218,428,2969,1152
1686679887,1,1,0,0,22.213335,137,209,284,402,2989,1170,904,967,1222,430,2991,1172
1686679892,1,1,0,0,16.319999,141,214,289,407,3068,1258,909,974,1227,438,3071,1264
1686679897,1,1,0,0,16.319999,140,213,287,407,3053,1240,909,972,1226,436,3049,1238
1686679902,1,1,0,0,16.319999,144,216,292,413,3122,1298,920,983,1237,446,3126,1305
1686679907,1,1,0,0,19.992000,146,220,295,417,3170,1348,922,985,1242,450,3163,1342
1686679912,1,1,0,0,19.992000,146,219,295,417,3167,1344,922,986,1242,451,3168,1350
1686679917,1,1,0,0,16.319999,143,217,292,412,3117,1294,918,982,1237,445,3111,1287
1686679922,1,1,0,0,16.319999,142,216,290,410,3093,1268,916,978,1234,442,3086,1258
1686679927,1,1,0,0,16.319999,142,215,291,411,3088,1260,917,981,1237,444,3092,1264
1686679932,1,1,0,0,19.992000,144,218,293,415,3137,1312,921,985,1241,449,3142,1316
1686679937,1,1,0,0,19.992000,145,219,295,417,3159,1336,923,986,1243,452,3162,1340
1686679942,1,1,0,0,16.319999,144,217,292,413,3122,1296,918,982,1238,446,3117,1290
1686679947,1,1,0,0,16.319999,144,217,293,413,3131,1318,917,980,1234,445,3131,1320
1686679952,1,1,0,0,16.319999,143,216,291,412,3115,1300,915,979,1234,444,3114,1302
1686679957,1,1,0,0,16.319999,143,216,291,412,3105,1286,917,980,1235,445,3109,1288
1686679962,1,1,0,0,19.992000,144,218,294,415,3139,1310,924,987,1242,450,3146,1312
1686679967,1,1,0,0,16.319999,143,216,292,412,3109,1274,919,983,1240,445,3101,1266
1686679972,1,1,0,0,22.213335,139,213,288,406,3032,1194,912,976,1232,438,3031,1190
1686679977,1,1,0,0,22.213335,137,210,286,403,2984,1146,908,970,1227,433,2984,1144
1686679982,1,1,0,0,22.213335,137,210,285,402,2981,1138,908,970,1226,433,2981,1140
1686679987,1,1,0,0,22.213335,137,210,286,402,2988,1146,908,970,1226,434,2988,1144
1686679992,1,1,0,0,22.213335,139,212,286,406,3022,1182,912,973,1230,438,3025,1184
1686679997,1,1,0,0,16.319999,142,216,291,412,3085,1244,918,980,1236,445,3090,1246
1686680002,1,1,0,0,16.319999,142,215,291,411,3091,1254,917,980,1236,444,3088,1250
1686680007,1,1,0,0,22.213335,138,212,287,405,3012,1172,910,972,1230,437,3012,1170
1686680012,1,1,0,0,22.213335,138,211,286,404,3004,1158,909,972,1229,436,3003,1158
1686680017,1,1,0,0,22.213335,137,211,287,404,2999,1150,908,973,1229,435,2997,1150
1686680022,1,1,0,0,22.213335,136,210,284,401,2969,1122,907,969,1226,433,2969,1120
1686680027,1,1,0,0,22.213335,135,208,284,401,2952,1104,905,967,1224,430,2951,1102
1686680032,1,1,0,0,22.213335,135,208,283,400,2951,1102,905,967,1223,431,2949,1104
1686680037,1,1,0,0,22.213335,135,208,284,401,2955,1108,904,968,1224,432,2957,1108
1686680042,1,1,0,0,22.213335,136,209,285,402,2968,1116,907,968,1225,432,2969,1120
1686680047,1,1,0,0,22.213335,136,209,285,401,2962,1112,907,969,1225,433,2961,1110
1686680052,1,1,0,0,22.213335,135,208,283,400,2949,1098,905,967,1223,430,2947,1098
1686680057,1,1,0,0,22.213335,135,207,283,400,2936,1084,902,965,1221,429,2934,1086
1686680062,1,1,0,0,22.213335,135,208,282,399,2933,1080,903,965,1222,429,2933,1080
1686680067,1,1,0,0,22.213335,135,208,283,399,2936,1084,904,965,1221,430,2938,1084
1686680072,1,1,0,0,22.213335,134,208,282,399,2933,1080,903,964,1221,429,2932,1080
1686680077,1,1,0,0,22.213335,134,207,282,398,2924,1072,902,964,1221,429,2924,1070
1686680082,1,1,0,0,22.213335,133,207,282,398,2920,1062,902,964,1220,428,2919,1062
1686680087,1,1,0,0,22.213335,133,206,281,397,2907,1052,900,962,1220,427,2906,1050
1686680092,1,1,0,0,22.213335,132,206,281,396,2894,1038,900,961,1217,425,2892,1038
1686680097,1,1,0,0,22.213335,132,204,279,394,2881,1028,898,958,1215,423,2875,1022
1686680102,1,1,1,0,274.176025,1582,1327,1867,3837,61629,5264,25107,45446,36383,12198,62210,5314
1686680107,1,1,1,0,296.372619,1694,1412,1994,4092,65535,5598,26367,48075,39043,13397,65535,5614
1686680112,1,1,1,0,304.206176,1723,1433,2029,4161,65535,5684,26692,48804,39829,13784,65535,5686
1686680117,1,1,1,0,301.606170,1735,1443,2043,4189,65535,5706,26823,49116,40228,13963,65535,5714
1686680122,1,1,1,0,301.606170,1744,1450,2054,4208,65535,5740,26922,49327,40442,14083,65535,5751
1686680127,1,1,1,0,305.515930,1748,1453,2058,4218,65535,5750,26961,49433,40553,14148,65535,5758
1686680132,1,1,1,0,305.515930,1752,1456,2062,4225,65535,5760,27014,49548,40690,14196,65535,5772
1686680137,1,1,1,0,305.515930,1754,1457,2066,4233,65535,5764,27037,49602,40753,14230,65535,5774
1686680142,1,1,1,0,305.515930,1757,1459,2069,4238,65535,5772,27038,49616,40770,14251,65535,5776
1686680147,1,1,1,0,305.515930,1759,1461,2070,4242,65535,5772,27066,49691,40832,14277,65535,5784
1686680152,1,1,1,0,305.515930,1759,1462,2072,4245,65535,5778,27077,49689,40844,14294,65535,5782
1686680157,1,1,1,0,305.515930,1760,1462,2072,4243,65535,5776,27101,49753,40890,14314,65535,5788
1686680162,1,1,1,0,305.515930,1763,1464,2075,4250,65535,5782,27116,49770,40919,14330,65535,5790
1686680167,1,1,1,0,309.428588,1761,1463,2076,4248,65535,5782,27115,49787,40933,14338,65535,5790
1686680172,1,1,1,0,309.428588,1763,1464,2077,4252,65535,5786,27116,49785,40940,14345,65535,5795
1686680177,1,1,1,0,309.428588,1764,1465,2079,4254,65535,5790,27134,49837,40987,14363,65535,5802
1686680182,1,1,1,0,309.428588,1766,1466,2078,4257,65535,5796,27144,49855,41016,14375,65535,5800
1686680187,1,1,1,0,309.428588,1767,1468,2079,4262,65535,5799,27147,49873,41024,14386,65535,5803
1686680192,1,1,1,0,309.428588,1766,1468,2081,4261,65535,5796,27161,49877,41060,14392,65535,5802
1686680197,1,1,1,0,309.428588,1768,1468,2081,4261,65535,5796,27164,49916,41076,14404,65535,5804
1686680202,1,1,1,0,309.428588,1768,1468,2083,4266,65535,5798,27200,49948,41105,14421,65535,5812
1686680207,1,1,1,0,309.428588,1768,1467,2083,4268,65535,5800,27185,49928,41121,14414,65535,5807
1686680212,1,1,1,0,309.428588,1769,1469,2084,4267,65535,5800,27191,49925,41110,14429,65535,5806
1686680217,1,1,1,0,309.428588,1769,1469,2084,4270,65535,5804,27198,49954,41133,14442,65535,5810
1686680222,1,1,1,0,309.428588,1771,1471,2087,4272,65535,5808,27217,50010,41165,14452,65535,5814
1686680227,1,1,1,0,309.428588,1772,1469,2086,4272,65535,5810,27209,49993,41185,14453,65535,5814
1686680232,1,1,1,0,309.428588,1772,1471,2086,4275,65535,5810,27227,50042,41207,14472,65535,5820
1686680237,1,1,1,0,309.428588,1774,1472,2087,4277,65535,5816,27227,50037,41234,14477,65535,5822
1686680242,1,1,1,0,309.428588,1772,1472,2090,4277,65535,5816,27233,50039,41210,14478,65535,5824
1686680247,1,1,1,0,309.428588,1774,1472,2088,4279,65535,5824,27253,50073,41247,14490,65535,5834
1686680252,1,1,1,0,309.428588,1774,1473,2090,4279,65535,5824,27254,50071,41251,14496,65535,5832
1686680257,1,1,1,0,309.428588,1776,1474,2091,4281,65535,5826,27264,50112,41300,14508,65535,5836
1686680262,1,1,1,0,309.428588,1776,1473,2091,4283,65535,5824,27264,50106,41281,14511,65535,5828
1686680267,1,1,1,0,309.428588,1777,1475,2092,4283,65535,5826,27274,50141,41321,14530,65535,5834
1686680272,1,1,1,0,313.344024,1777,1473,2094,4283,65535,5824,27262,50123,41304,14527,65535,5830
1686680277,1,1,1,0,313.344024,1777,1475,2093,4284,65535,5826,27302,50181,41352,14540,65535,5835
1686680282,1,1,1,0,313.344024,1777,1475,2093,4286,65535,5824,27290,50156,41344,14544,65535,5832
1686680287,1,1,1,0,313.344024,1777,1475,2095,4290,65535,5828,27287,50169,41344,14537,65535,5832
1686680292,1,1,1,0,313.344024,1778,1476,2095,4289,65535,5830,27301,50178,41364,14556,65535,5838
1686680297,1,1,1,0,313.344024,1779,1477,2095,4291,65535,5830,27297,50201,41365,14560,65535,5840
1686680302,1,1,1,0,313.344024,1779,1476,2094,4290,65535,5832,27284,50185,41391,14565,65535,5840
1686680307,1,1,1,0,313.344024,1778,1476,2095,4291,65535,5836,27307,50197,41411,14570,65535,5842
1686680312,1,1,1,0,313.344024,1780,1476,2096,4291,65535,5832,27312,50206,41399,14577,65535,5845
1686680317,1,1,1,0,313.344024,1779,1477,2097,4291,65535,5834,27318,50228,41432,14584,65535,5846
1686680322,1,1,1,0,313.344024,1780,1477,2098,4294,65535,5838,27311,50233,41430,14590,65535,5844
1686680327,1,1,1,0,313.344024,1779,1478,2099,4293,65535,5838,27322,50238,41431,14593,65535,5842
1686680332,1,1,1,0,313.344024,1782,1479,2100,4299,65535,5841,27327,50276,41464,14592,65535,5846
1686680337,1,1,1,0,313.344024,1780,1479,2098,4297,65535,5842,27332,50261,41458,14604,65535,5850
1686680342,1,1,1,0,313.344024,1783,1479,2102,4302,65535,5846,27332,50289,41479,14610,65535,5850
1686680347,1,1,1,0,313.344024,1783,1479,2101,4300,65535,5848,27339,50277,41495,14615,65535,5852
1686680352,1,1,1,0,313.344024,1784,1479,2099,4300,65535,5846,27355,50328,41516,14625,65535,5852
1686680357,1,1,1,0,313.344024,1783,1481,2101,4300,65535,5848,27348,50305,41515,14627,65535,5852
1686680362,1,1,1,0,313.344024,1783,1480,2101,4300,65535,5848,27350,50304,41501,14629,65535,5854
1686680367,1,1,1,0,313.344024,1782,1481,2100,4301,65535,5846,27354,50320,41518,14637,65535,5854
1686680372,1,1,1,0,313.344024,1783,1480,2102,4303,65535,5852,27368,50340,41533,14644,65535,5860
1686680377,1,1,1,0,313.344024,1784,1480,2102,4301,65535,5852,27369,50335,41554,14651,65535,5856
1686680382,1,1,1,0,313.344024,1785,1481,2103,4303,65535,5854,27358,50346,41567,14653,65535,5862
1686680387,1,1,1,0,313.344024,1785,1482,2103,4307,65535,5854,27375,50348,41560,14660,65535,5860
1686680392,1,1,1,0,313.344024,1786,1481,2103,4305,65535,5858,27365,50366,41594,14666,65535,5868
1686680397,1,1,1,0,313.344024,1787,1482,2103,4307,65535,5858,27376,50362,41574,14666,65535,5868
1686680402,1,1,1,0,313.344024,1788,1481,2103,4310,65535,5862,27380,50420,41602,14673,65535,5866
1686680407,1,1,1,0,313.344024,1788,1481,2104,4307,65535,5858,27383,50374,41603,14672,65535,5862
1686680412,1,1,1,0,313.344024,1787,1483,2104,4311,65535,5860,27386,50408,41625,14682,65535,5868
1686680417,1,1,1,0,313.344024,1786,1481,2105,4307,65535,5858,27370,50385,41600,14671,65535,5862
1686680422,1,1,1,0,313.344024,1789,1485,2108,4309,65535,5866,27388,50419,41656,14690,65535,5872
1686680427,1,1,1,0,313.344024,1788,1483,2105,4311,65535,5864,27409,50428,41650,14697,65535,5874
1686680432,1,1,1,0,313.344024,1789,1484,2108,4312,65535,5870,27400,50468,41663,14707,65535,5876
1686680437,1,1,1,0,313.344024,1789,1483,2106,4310,65535,5860,27395,50432,41656,14702,65535,5870
1686680442,1,1,1,0,313.344024,1788,1483,2105,4310,65535,5862,27391,50427,41653,14704,65535,5870
1686680447,1,1,1,0,313.344024,1789,1484,2106,4314,65535,5866,27395,50438,41667,14712,65535,5866
1686680452,1,1,1,0,313.344024,1790,1483,2107,4313,65535,5862,27396,50444,41669,14712,65535,5866
1686680457,1,1,1,0,313.344024,1788,1482,2105,4311,65535,5857,27418,50464,41679,14716,65535,5864
1686680462,1,1,1,0,313.344024,1789,1485,2106,4314,65535,5862,27408,50472,41687,14722,65535,5868
1686680467,1,1,1,0,313.344024,1789,1484,2108,4316,65535,5866,27403,50474,41682,14720,65535,5872
1686680472,1,1,1,0,313.344024,1791,1486,2108,4317,65535,5866,27452,50522,41733,14744,65535,5874
1686680477,1,1,1,0,317.262145,1791,1487,2110,4319,65535,5876,27435,50521,41737,14742,65535,5878
1686680482,1,1,1,0,317.262145,1790,1486,2111,4319,65535,5878,27433,50512,41730,14741,65535,5884
1686680487,1,1,1,0,310.754394,1793,1486,2112,4321,65535,5880,27438,50500,41728,14743,65535,5884
1686680492,1,1,1,0,310.754394,1793,1487,2110,4320,65535,5878,27426,50488,41720,14742,65535,5888
1686680497,1,1,1,0,310.754394,1792,1487,2112,4323,65535,5878,27435,50503,41740,14749,65535,5888
1686680502,1,1,1,0,310.754394,1793,1487,2111,4321,65535,5880,27434,50503,41736,14749,65535,5887
1686680507,1,1,1,0,310.754394,1793,1487,2112,4322,65535,5884,27435,50519,41731,14758,65535,5892
1686680512,1,1,1,0,310.754394,1793,1488,2112,4323,65535,5886,27445,50532,41742,14760,65535,5892
1686680517,1,1,1,0,310.754394,1794,1488,2114,4325,65535,5891,27460,50555,41774,14770,65535,5898
1686680522,1,1,1,0,310.754394,1794,1489,2115,4329,65535,5894,27463,50545,41789,14771,65535,5898
1686680527,1,1,1,0,310.754394,1794,1488,2113,4326,65535,5888,27451,50525,41770,14771,65535,5900
1686680532,1,1,1,0,310.754394,1795,1489,2114,4326,65535,5898,27468,50564,41805,14781,65535,5906
1686680537,1,1,1,0,310.754394,1795,1490,2115,4327,65535,5900,27443,50547,41794,14787,65535,5906
1686680542,1,1,1,0,310.754394,1795,1489,2114,4327,65535,5899,27466,50562,41802,14788,65535,5908
1686680547,1,1,1,0,310.754394,1795,1491,2117,4327,65535,5904,27455,50554,41793,14782,65535,5908
1686680552,1,1,1,0,310.754394,1796,1491,2116,4330,65535,5908,27477,50594,41827,14792,65535,5918
1686680557,1,1,1,0,310.754394,1797,1490,2118,4329,65535,5910,27472,50583,41820,14798,65535,5918
1686680562,1,1,1,0,310.754394,1797,1490,2115,4328,65535,5912,27474,50567,41835,14798,65535,5922
1686680567,1,1,1,0,310.754394,1796,1491,2118,4330,65535,5912,27471,50588,41820,14799,65535,5922
1686680572,1,1,1,0,310.754394,1798,1492,2118,4332,65535,5918,27483,50593,41847,14808,65535,5924
1686680577,1,1,1,0,310.754394,1798,1492,2119,4329,65535,5918,27463,50584,41842,14807,65535,5924
1686680582,1,1,1,0,310.754394,1798,1492,2119,4333,65535,5922,27467,50604,41854,14812,65535,5932
1686680587,1,1,1,0,310.754394,1799,1492,2118,4337,65535,5928,27491,50645,41891,14817,65535,5930
1686680592,1,1,1,0,310.754394,1798,1493,2119,4335,65535,5922,27478,50594,41851,14813,65535,5932
1686680597,1,1,1,0,310.754394,1798,1492,2119,4332,65535,5928,27499,50626,41887,14817,65535,5936
1686680602,1,1,1,0,310.754394,1799,1492,2119,4334,65535,5928,27472,50606,41865,14820,65535,5936
1686680607,1,1,1,0,310.754394,1798,1492,2119,4334,65535,5930,27487,50606,41875,14825,65535,5934
1686680612,1,1,1,0,310.754394,1798,1492,2119,4334,65535,5932,27500,50644,41900,14829,65535,5942
1686680617,1,1,1,0,310.754394,1801,1495,2122,4341,65535,5940,27496,50673,41915,14838,65535,5944
1686680622,1,1,1,0,310.754394,1801,1493,2121,4338,65535,5938,27488,50612,41884,14831,65535,5942
1686680627,1,1,1,0,310.754394,1799,1493,2121,4337,65535,5942,27493,50641,41909,14849,65535,5952
1686680632,1,1,1,0,310.754394,1801,1493,2120,4337,65535,5946,27502,50646,41903,14842,65535,5952
1686680637,1,1,1,0,310.754394,1800,1495,2124,4340,65535,5956,27487,50635,41894,14846,65535,5964
1686680642,1,1,1,0,310.754394,1802,1497,2124,4345,65535,5967,27525,50666,41939,14855,65535,5970
1686680647,1,1,1,0,310.754394,1802,1496,2123,4345,65535,5960,27495,50667,41927,14844,65535,5966
1686680652,1,1,1,0,310.754394,1801,1495,2123,4342,65535,5956,27487,50647,41910,14842,65535,5956
1686680657,1,1,1,0,310.754394,1801,1496,2124,4340,65535,5954,27515,50666,41938,14856,65535,5964
1686680662,1,1,1,0,310.754394,1802,1496,2123,4345,65535,5958,27507,50678,41930,14858,65535,5966
1686680667,1,1,1,0,310.754394,1802,1495,2123,4343,65535,5948,27506,50663,41915,14853,65535,5958
1686680672,1,1,1,0,310.754394,1801,1495,2125,4343,65535,5952,27511,50669,41928,14854,65535,5956
1686680677,1,1,1,0,310.754394,1801,1495,2123,4341,65535,5952,27523,50689,41966,14866,65535,5952
1686680682,1,1,1,0,310.754394,1800,1494,2121,4340,65535,5932,27514,50688,41952,14866,65535,5940
1686680687,1,1,1,0,310.754394,1801,1494,2123,4340,65535,5930,27497,50670,41932,14862,65535,5936
1686680692,1,1,1,0,310.754394,1801,1495,2124,4341,65535,5936,27514,50673,41942,14866,65535,5946
1686680697,1,1,1,0,310.754394,1801,1495,2123,4343,65535,5938,27521,50688,41950,14871,65535,5946
1686680702,1,1,1,0,310.754394,1800,1494,2122,4341,65535,5926,27507,50709,41984,14873,65535,5938
1686680707,1,1,1,0,310.754394,1800,1495,2123,4343,65535,5934,27495,50670,41949,14868,65535,5938
1686680712,1,1,1,0,310.754394,1801,1495,2122,4340,65535,5932,27507,50664,41940,14867,65535,5942
1686680717,1,1,1,0,310.754394,1803,1496,2124,4344,65535,5934,27536,50720,42006,14883,65535,5942
1686680722,1,1,1,0,310.754394,1803,1495,2124,4344,65535,5936,27520,50716,41990,14882,65535,5946
1686680727,1,1,1,0,310.754394,1804,1496,2124,4344,65535,5938,27522,50697,41970,14878,65535,5943
1686680732,1,1,1,0,310.754394,1804,1497,2123,4347,65535,5938,27526,50700,41980,14880,65535,5942
1686680737,1,1,1,0,310.754394,1805,1496,2126,4349,65535,5942,27537,50733,42001,14901,65535,5948
1686680742,1,1,1,0,310.754394,1802,1496,2125,4346,65535,5936,27539,50715,42001,14890,65535,5944
1686680747,1,1,1,0,310.754394,1803,1496,2126,4346,65535,5938,27546,50740,42017,14899,65535,5950
1686680752,1,1,1,0,310.754394,1803,1497,2125,4346,65535,5938,27539,50734,42011,14897,65535,5948
1686680757,1,1,1,0,310.754394,1802,1496,2125,4344,65535,5936,27532,50724,42003,14894,65535,5942
1686680762,1,1,1,0,310.754394,1804,1496,2127,4349,65535,5938,27535,50712,42023,14906,65535,5947
1686680767,1,1,1,0,310.754394,1804,1496,2124,4346,65535,5934,27534,50756,42030,14904,65535,5943
1686680772,1,1,1,0,310.754394,1805,1498,2127,4352,65535,5940,27532,50769,42045,14905,65535,5950
1686680777,1,1,1,0,310.754394,1804,1496,2124,4348,65535,5934,27524,50738,42006,14902,65535,5940
1686680782,1,1,1,0,310.754394,1804,1498,2125,4347,65535,5936,27524,50728,42015,14907,65535,5942
1686680787,1,1,1,0,310.754394,1804,1497,2125,4348,65535,5939,27559,50751,42027,14912,65535,5948
1686680792,1,1,1,0,310.754394,1803,1496,2124,4346,65535,5939,27548,50749,42028,14909,65535,5950
1686680797,1,1,1,0,310.754394,1803,1496,2126,4349,65535,5946,27534,50745,42005,14910,65535,5946
1686680802,1,1,1,0,310.754394,1804,1498,2127,4352,65535,5944,27554,50790,42055,14920,65535,5952
1686680807,1,1,1,0,310.754394,1805,1498,2127,4350,65535,5944,27529,50753,42023,14915,65535,5948
1686680812,1,1,1,0,310.754394,1804,1497,2127,4348,65535,5944,27527,50747,42030,14915,65535,5950
1686680817,1,1,1,0,314.661621,1804,1498,2127,4351,65535,5946,27559,50777,42080,14925,65535,5952
1686680822,1,1,1,0,310.754394,1803,1497,2127,4351,65535,5944,27554,50771,42058,14925,65535,5952
1686680827,1,1,1,0,310.754394,1804,1497,2127,4351,65535,5946,27544,50771,42062,14923,65535,5954
1686680832,1,1,1,0,310.754394,1807,1498,2127,4352,65535,5950,27540,50769,42054,14924,65535,5954
1686680837,1,1,1,0,314.661621,1806,1498,2128,4353,65535,5950,27564,50812,42086,14935,65535,5962
1686680842,1,1,1,0,314.661621,1805,1498,2127,4350,65535,5948,27561,50792,42090,14928,65535,5954
1686680847,1,1,1,0,314.661621,1806,1498,2128,4353,65535,5946,27564,50782,42076,14932,65535,5956
1686680852,1,1,1,0,314.661621,1805,1497,2127,4351,65535,5944,27540,50764,42064,14931,65535,5954
1686680857,1,1,1,0,314.661621,1806,1499,2130,4354,65535,5955,27563,50815,42089,14940,65535,5954
1686680862,1,1,1,0,314.661621,1806,1497,2126,4350,65535,5948,27555,50767,42087,14935,65535,5954
1686680867,1,1,1,0,314.661621,1804,1497,2126,4349,65535,5944,27539,50778,42067,14934,65535,5952
1686680872,1,1,1,0,314.661621,1807,1499,2128,4355,65535,5960,27573,50805,42092,14943,65535,5964
1686680877,1,1,1,0,314.661621,1805,1498,2128,4352,65535,5952,27559,50805,42100,14942,65535,5966
1686680882,1,1,1,0,314.661621,1806,1498,2129,4353,65535,5954,27570,50831,42119,14951,65535,5966
1686680887,1,1,1,0,314.661621,1807,1498,2129,4354,65535,5953,27549,50778,42085,14943,65535,5962
1686680892,1,1,1,0,314.661621,1807,1499,2131,4355,65535,5956,27560,50813,42093,14948,65535,5956
1686680897,1,1,1,0,314.661621,1806,1499,2128,4353,65535,5946,27569,50797,42098,14948,65535,5956
1686680902,1,1,1,0,314.661621,1805,1498,2128,4350,65535,5947,27559,50792,42088,14945,65535,5956
1686680907,1,1,1,0,314.661621,1805,1498,2129,4353,65535,5944,27557,50796,42113,14952,65535,5950
1686680912,1,1,1,0,314.661621,1806,1497,2128,4350,65535,5946,27576,50810,42129,14953,65535,5956
1686680917,1,1,1,0,314.661621,1807,1498,2129,4354,65535,5946,27577,50793,42109,14950,65535,5954
1686680922,1,1,1,0,314.661621,1807,1498,2129,4355,65535,5946,27567,50806,42098,14954,65535,5952
1686680927,1,1,1,0,314.661621,1807,1499,2129,4356,65535,5946,27555,50809,42107,14959,65535,5948
1686680932,1,1,1,0,314.661621,1807,1500,2130,4354,65535,5944,27573,50816,42117,14958,65535,5952
1686680937,1,1,1,0,314.661621,1807,1498,2129,4356,65535,5944,27582,50836,42152,14963,65535,5950
1686680942,1,1,1,0,314.661621,1808,1498,2130,4356,65535,5942,27567,50808,42108,14956,65535,5944
1686680947,1,1,1,0,314.661621,1807,1499,2130,4355,65535,5940,27578,50840,42123,14961,65535,5948
1686680952,1,1,1,0,314.661621,1805,1500,2128,4352,65535,5938,27570,50812,42106,14955,65535,5948
1686680957,1,1,1,0,314.661621,1808,1498,2127,4355,65535,5934,27582,50845,42127,14965,65535,5943
1686680962,1,1,1,0,314.661621,1806,1497,2127,4351,65535,5932,27573,50825,42132,14959,65535,5940
1686680967,1,1,1,0,314.661621,1807,1498,2129,4355,65535,5940,27583,50838,42128,14964,65535,5942
1686680972,1,1,1,0,314.661621,1807,1498,2127,4353,65535,5940,27578,50834,42152,14973,65535,5950
1686680977,1,1,1,0,314.661621,1807,1498,2128,4354,65535,5942,27560,50830,42116,14965,65535,5950
1686680982,1,1,1,0,314.661621,1806,1499,2128,4355,65535,5942,27602,50870,42156,14975,65535,5954
1686680987,1,1,1,0,314.661621,1806,1499,2130,4353,65535,5946,27581,50862,42136,14976,65535,5954
1686680992,1,1,1,0,314.661621,1809,1500,2130,4358,65535,5948,27592,50866,42157,14973,65535,5956
1686680997,1,1,1,0,314.661621,1808,1499,2128,4355,65535,5946,27575,50839,42117,14969,65535,5950
1686681002,1,1,1,0,314.661621,1810,1499,2130,4358,65535,5946,27580,50845,42152,14971,65535,5951
1686681007,1,1,1,0,314.661621,1807,1499,2130,4356,65535,5946,27580,50843,42148,14985,65535,5956
1686681012,1,1,1,0,314.661621,1810,1500,2130,4362,65535,5952,27586,50878,42176,14981,65535,5958
1686681017,1,1,1,0,314.661621,1808,1500,2128,4356,65535,5950,27572,50836,42144,14975,65535,5958
1686681022,1,1,1,0,314.661621,1808,1499,2131,4355,65535,5948,27578,50845,42137,14975,65535,5962
1686681027,1,1,1,0,314.661621,1810,1500,2129,4359,65535,5950,27595,50843,42165,14983,65535,5958
1686681032,1,1,1,0,314.661621,1809,1500,2131,4357,65535,5952,27582,50853,42139,14978,65535,5962
1686681037,1,1,1,0,314.661621,1807,1500,2130,4358,65535,5954,27571,50853,42151,14981,65535,5958
1686681042,1,1,1,0,314.661621,1809,1499,2129,4359,65535,5956,27587,50854,42153,14980,65535,5962
1686681047,1,1,1,0,314.661621,1809,1501,2130,4358,65535,5962,27591,50879,42186,14983,65535,5968
1686681052,1,1,1,0,314.661621,1810,1500,2133,4362,65535,5966,27586,50850,42164,14983,65535,5970
1686681057,1,1,1,0,314.661621,1808,1500,2131,4358,65535,5964,27588,50878,42172,14984,65535,5976
1686681062,1,1,1,0,310.754394,1809,1502,2131,4358,65535,5968,27586,50855,42170,14987,65535,5974
1686681067,1,1,1,0,314.661621,1809,1499,2129,4358,65535,5966,27580,50849,42170,14987,65535,5976
1686681072,1,1,1,0,314.661621,1810,1500,2133,4361,65535,5972,27619,50936,42242,15002,65535,5984
1686681077,1,1,1,0,314.661621,1810,1501,2133,4360,65535,5968,27587,50883,42185,14996,65535,5980
1686681082,1,1,1,0,314.661621,1811,1502,2134,4363,65535,5974,27604,50891,42193,14997,65535,5982
1686681087,1,1,1,0,314.661621,1809,1500,2132,4358,65535,5968,27592,50861,42177,14993,65535,5976
1686681092,1,1,1,0,314.661621,1809,1500,2131,4360,65535,5970,27588,50866,42169,14993,65535,5978
1686681097,1,1,1,0,314.661621,1810,1500,2131,4359,65535,5974,27610,50920,42204,15000,65535,5982
1686681102,1,1,1,0,314.661621,1809,1498,2132,4359,65535,5962,27593,50871,42188,14992,65535,5970
1686681107,1,1,1,0,314.661621,1810,1501,2133,4360,65535,5970,27605,50889,42198,14999,65535,5972
1686681112,1,1,1,0,314.661621,1809,1499,2129,4358,65535,5962,27601,50891,42195,14997,65535,5972
1686681117,1,1,1,0,314.661621,1810,1501,2130,4359,65535,5968,27599,50876,42205,14995,65535,5976
1686681122,1,1,1,0,314.661621,1810,1499,2131,4359,65535,5968,27583,50877,42199,15000,65535,5974
1686681127,1,1,1,0,314.661621,1810,1501,2132,4363,65535,5976,27609,50919,42208,15012,65535,5982
1686681132,1,1,1,0,314.661621,1811,1501,2133,4361,65535,5976,27615,50906,42236,15010,65535,5986
1686681137,1,1,1,0,314.661621,1810,1501,2133,4361,65535,5974,27596,50889,42217,15008,65535,5984
1686681142,1,1,1,0,314.661621,1811,1503,2133,4362,65535,5976,27613,50895,42221,15011,65535,5986
1686681147,1,1,1,0,314.661621,1812,1503,2134,4363,65535,5976,27588,50876,42223,15009,65535,5982
1686681152,1,1,1,0,314.661621,1812,1503,2134,4365,65535,5974,27590,50909,42211,15010,65535,5978
1686681157,1,1,1,0,314.661621,1811,1502,2135,4364,65535,5970,27606,50891,42211,15011,65535,5982
1686681162,1,1,1,0,314.661621,1811,1503,2134,4363,65535,5968,27596,50901,42215,15012,65535,5980
1686681167,1,1,1,0,314.661621,1812,1503,2134,4366,65535,5974,27607,50894,42207,15012,65535,5978
1686681172,1,1,1,0,314.661621,1812,1502,2135,4367,65535,5972,27617,50915,42219,15014,65535,5980
1686681177,1,1,1,0,314.661621,1811,1502,2133,4362,65535,5968,27599,50887,42244,15017,65535,5976
1686681182,1,1,1,0,314.661621,1811,1501,2133,4363,65535,5958,27628,50928,42237,15021,65535,5972
1686681187,1,1,1,0,314.661621,1808,1499,2133,4360,65535,5948,27598,50886,42209,15010,65535,5956
1686681192,1,1,1,0,314.661621,1811,1500,2132,4363,65535,5952,27603,50912,42218,15017,65535,5954
1686681197,1,1,1,0,314.661621,1810,1502,2133,4363,65535,5942,27620,50906,42240,15029,65535,5952
1686681202,1,1,1,0,314.661621,1810,1500,2133,4361,65535,5936,27612,50894,42230,15021,65535,5950
1686681207,1,1,1,0,314.661621,1808,1500,2131,4362,65535,5928,27618,50900,42253,15021,65535,5944
1686681212,1,1,1,0,314.661621,1809,1500,2132,4363,65535,5932,27612,50895,42230,15021,65535,5938
1686681217,1,1,1,0,314.661621,1810,1500,2134,4364,65535,5928,27611,50925,42260,15026,65535,5938
1686681222,1,1,1,0,314.661621,1810,1500,2134,4363,65535,5924,27607,50899,42230,15020,65535,5932
1686681227,1,1,1,0,314.661621,1808,1500,2134,4364,65535,5924,27615,50897,42252,15018,65535,5930
1686681232,1,1,1,0,314.661621,1809,1502,2134,4363,65535,5924,27613,50908,42237,15022,65535,5928
1686681237,1,1,1,0,314.661621,1809,1500,2134,4362,65535,5920,27616,50933,42255,15035,65535,5930
1686681242,1,1,1,0,314.661621,1811,1500,2133,4365,65535,5918,27636,50944,42270,15033,65535,5928
1686681247,1,1,1,0,314.661621,1810,1500,2134,4363,65535,5920,27612,50912,42242,15023,65535,5922
1686681252,1,1,1,0,314.661621,1810,1500,2133,4362,65535,5920,27628,50925,42273,15032,65535,5922
1686681257,1,1,1,0,314.661621,1810,1501,2135,4368,65535,5916,27622,50919,42267,15019,65535,5922
1686681262,1,1,1,0,314.661621,1809,1499,2133,4366,65535,5912,27616,50903,42246,15028,65535,5924
1686681267,1,1,1,0,314.661621,1810,1500,2132,4366,65535,5912,27623,50919,42267,15034,65535,5924
1686681272,1,1,1,0,314.661621,1811,1500,2133,4365,65535,5914,27607,50897,42250,15027,65535,5918
1686681277,1,1,1,0,314.661621,1812,1500,2133,4365,65535,5914,27617,50932,42279,15032,65535,5918
1686681282,1,1,1,0,314.661621,1810,1500,2133,4362,65535,5912,27636,50948,42288,15040,65535,5924
1686681287,1,1,1,0,314.661621,1809,1499,2133,4363,65535,5910,27626,50927,42278,15030,65535,5918
1686681292,1,1,1,0,314.661621,1811,1500,2134,4365,65535,5912,27614,50912,42262,15038,65535,5918
1686681297,1,1,1,0,314.661621,1810,1499,2134,4363,65535,5910,27616,50911,42266,15031,65535,5914
1686681302,1,1,1,0,314.661621,1809,1500,2133,4365,65535,5916,27631,50956,42278,15037,65535,5924
1686681307,1,1,1,0,314.661621,1810,1500,2133,4364,65535,5914,27620,50919,42260,15033,65535,5922
1686681312,1,1,1,0,314.661621,1808,1499,2132,4363,65535,5916,27644,50956,42286,15049,65535,5928
1686681317,1,1,1,0,314.661621,1810,1500,2135,4365,65535,5920,27608,50950,42259,15037,65535,5924
1686681322,1,1,1,0,314.661621,1808,1499,2132,4363,65535,5920,27616,50918,42274,15042,65535,5922
1686681327,1,1,1,0,314.661621,1811,1501,2134,4366,65535,5920,27640,50954,42281,15049,65535,5924
1686681332,1,1,1,0,314.661621,1809,1499,2133,4363,65535,5918,27612,50931,42285,15037,65535,5926
1686681337,1,1,1,0,314.661621,1812,1503,2136,4369,65535,5930,27630,50970,42285,15055,65535,5934
1686681342,1,1,1,0,314.661621,1812,1501,2134,4367,65535,5924,27629,50946,42290,15045,65535,5934
1686681347,1,1,1,0,314.661621,1811,1501,2135,4365,65535,5926,27637,50954,42295,15044,65535,5936
1686681352,1,1,1,0,314.661621,1812,1500,2134,4369,65535,5928,27622,50949,42269,15039,65535,5932
1686681357,1,1,1,0,314.661621,1812,1502,2138,4371,65535,5930,27633,50981,42327,15052,65535,5940
1686681362,1,1,1,0,314.661621,1811,1501,2135,4365,65535,5930,27623,50936,42289,15041,65535,5934
1686681367,1,1,1,0,314.661621,1810,1501,2134,4365,65535,5930,27625,50966,42272,15043,65535,5934
1686681372,1,1,1,0,314.661621,1812,1501,2134,4366,65535,5932,27627,50957,42274,15047,65535,5942
1686681377,1,1,1,0,314.661621,1812,1501,2136,4369,65535,5932,27617,50919,42282,15040,65535,5938
1686681382,1,1,1,0,314.661621,1809,1502,2136,4366,65535,5930,27632,50950,42282,15049,65535,5940
1686681387,1,1,1,0,314.661621,1813,1501,2135,4368,65535,5938,27624,50925,42277,15043,65535,5940
1686681392,1,1,1,0,314.661621,1811,1501,2134,4366,65535,5938,27603,50927,42286,15046,65535,5946
1686681397,1,1,1,0,314.661621,1813,1502,2135,4370,65535,5944,27623,50927,42266,15045,65535,5946
1686681402,1,1,1,0,314.661621,1811,1501,2135,4369,65535,5944,27650,50977,42328,15059,65535,5956
1686681407,1,1,1,0,314.661621,1813,1503,2137,4368,65535,5948,27620,50943,42303,15046,65535,5954
1686681412,1,1,1,0,314.661621,1814,1503,2136,4370,65535,5952,27628,50944,42307,15050,65535,5958
1686681417,1,1,1,0,314.661621,1813,1501,2135,4368,65535,5952,27630,50948,42289,15054,65535,5960
1686681422,1,1,1,0,314.661621,1813,1503,2138,4370,65535,5960,27629,50948,42307,15056,65535,5966
1686681427,1,1,1,0,314.661621,1813,1502,2136,4368,65535,5964,27628,50953,42291,15054,65535,5970
1686681432,1,1,1,0,314.661621,1813,1503,2138,4370,65535,5970,27636,50945,42302,15047,65535,5976
1686681437,1,1,1,0,314.661621,1813,1502,2137,4371,65535,5976,27624,50951,42301,15061,65535,5984
1686681442,1,1,1,0,314.661621,1815,1505,2139,4376,65535,5988,27633,50969,42312,15061,65535,5994
1686681447,1,1,1,0,314.661621,1814,1504,2140,4373,65535,5986,27649,50970,42346,15064,65535,5992
1686681452,1,1,1,0,314.661621,1815,1505,2139,4375,65535,5986,27649,50980,42328,15075,65535,5994
1686681457,1,1,1,0,314.661621,1814,1504,2137,4371,65535,5980,27641,50987,42308,15062,65535,5992
1686681462,1,1,1,0,314.661621,1813,1504,2138,4374,65535,5984,27621,50947,42293,15058,65535,5990
1686681467,1,1,1,0,314.661621,1815,1505,2141,4373,65535,5988,27640,50964,42325,15064,65535,5996
1686681472,1,1,1,0,314.661621,1815,1505,2140,4377,65535,5994,27627,50967,42312,15063,65535,5998
1686681477,1,1,1,0,314.661621,1815,1505,2141,4378,65535,5996,27628,50947,42293,15058,65535,6000
1686681482,1,1,1,0,314.661621,1815,1505,2141,4374,65535,5996,27629,50947,42290,15061,65535,6004
1686681487,1,1,1,0,314.661621,1815,1506,2141,4378,65535,6002,27652,50984,42313,15073,65535,6012
1686681492,1,1,1,0,314.661621,1816,1505,2142,4380,65535,6004,27655,51007,42324,15075,65535,6016
1686681497,1,1,1,0,314.661621,1817,1507,2141,4377,65535,6007,27634,50962,42313,15067,65535,6016
1686681502,1,1,1,0,314.661621,1817,1506,2141,4377,65535,6012,27644,50980,42329,15073,65535,6018
1686681507,1,1,1,0,314.661621,1817,1507,2142,4379,65535,6014,27666,51003,42342,15080,65535,6020
1686681512,1,1,1,0,314.661621,1818,1506,2142,4381,65535,6016,27642,50968,42324,15073,65535,6020
1686681517,1,1,1,0,314.661621,1817,1506,2142,4377,65535,6016,27641,50995,42315,15070,65535,6024
1686681522,1,1,1,0,314.661621,1817,1506,2141,4376,65535,6018,27641,50967,42317,15074,65535,6026
1686681527,1,1,1,0,314.661621,1817,1507,2144,4379,65535,6030,27650,50997,42351,15077,65535,6034
1686681532,1,1,1,0,314.661621,1817,1507,2144,4383,65535,6036,27663,50985,42341,15085,65535,6044
1686681537,1,1,1,0,314.661621,1817,1508,2144,4381,65535,6028,27653,50984,42334,15080,65535,6036
1686681542,1,1,1,0,314.661621,1818,1508,2145,4383,65535,6026,27672,51012,42375,15089,65535,6032
1686681547,1,1,1,0,314.661621,1816,1507,2144,4380,65535,6022,27662,50989,42338,15083,65535,6030
1686681552,1,1,1,0,314.661621,1818,1508,2144,4382,65535,6040,27660,50986,42360,15085,65535,6046
1686681557,1,1,1,0,314.661621,1819,1509,2145,4382,65535,6026,27660,50996,42351,15080,65535,6032
1686681562,1,1,1,0,314.661621,1817,1508,2145,4380,65535,6018,27654,50996,42333,15087,65535,6028
1686681567,1,1,1,0,314.661621,1818,1508,2143,4381,65535,6028,27651,50980,42337,15086,65535,6032
1686681572,1,1,1,0,314.661621,1818,1509,2146,4383,65535,6036,27657,50997,42362,15096,65535,6046
1686681577,1,1,1,0,314.661621,1818,1510,2144,4383,65535,6024,27663,51004,42340,15096,65535,6030
1686681582,1,1,1,0,314.661621,1819,1508,2144,4383,65535,6020,27642,50994,42337,15096,65535,6026
1686681587,1,1,1,0,314.661621,1818,1508,2144,4380,65535,6020,27664,50978,42344,15088,65535,6030
1686681592,1,1,1,0,314.661621,1819,1508,2146,4386,65535,6024,27657,51007,42347,15091,65535,6024
1686681597,1,1,1,0,314.661621,1818,1507,2143,4381,65535,6010,27674,51023,42351,15096,65535,6022
1686681602,1,1,1,0,314.661621,1820,1508,2146,4389,65535,6012,27670,51058,42376,15104,65535,6018
1686681607,1,1,1,0,314.661621,1817,1509,2144,4381,65535,6004,27657,51014,42359,15093,65535,6010
1686681612,1,1,1,0,314.661621,1818,1508,2145,4381,65535,6002,27672,51011,42381,15101,65535,6014
1686681617,1,1,1,0,314.661621,1818,1508,2144,4382,65535,6000,27664,51018,42369,15096,65535,6014
1686681622,1,1,1,0,314.661621,1817,1509,2144,4382,65535,6002,27662,50995,42374,15098,65535,6012
1686681627,1,1,1,0,314.661621,1819,1508,2146,4385,65535,6006,27663,51011,42373,15106,65535,6012
1686681632,1,1,1,0,314.661621,1818,1508,2144,4380,65535,5998,27665,51014,42351,15090,65535,6010
1686681637,1,1,1,0,314.661621,1818,1509,2145,4385,65535,6006,27681,51033,42400,15097,65535,6016
1686681642,1,1,1,0,314.661621,1818,1509,2145,4383,65535,6010,27678,51056,42374,15098,65535,6014
1686681647,1,1,1,0,314.661621,1818,1507,2146,4383,65535,6008,27656,51015,42359,15099,65535,6016
1686681652,1,1,1,0,314.661621,1820,1509,2146,4386,65535,6010,27676,51023,42374,15100,65535,6016
1686681657,1,1,1,0,314.661621,1819,1509,2146,4385,65535,6010,27666,51010,42360,15096,65535,6019
1686681662,1,1,1,0,314.661621,1819,1508,2146,4382,65535,6014,27658,51013,42350,15096,65535,6020
1686681667,1,1,1,0,314.661621,1820,1509,2147,4385,65535,6022,27673,51021,42355,15101,65535,6030
1686681672,1,1,1,0,314.661621,1820,1510,2149,4390,65535,6032,27674,50998,42365,15101,65535,6040
1686681677,1,1,1,0,314.661621,1819,1511,2147,4389,65535,6040,27689,51041,42380,15105,65535,6046
1686681682,1,1,1,0,314.661621,1818,1509,2146,4385,65535,6034,27676,51021,42383,15108,65535,6044
1686681687,1,1,1,0,314.661621,1821,1511,2148,4388,65535,6032,27674,51042,42415,15108,65535,6040
1686681692,1,1,1,0,314.661621,1820,1510,2148,4385,65535,6028,27669,51028,42378,15103,65535,6036
1686681697,1,1,1,0,314.661621,1822,1511,2148,4390,65535,6036,27691,51033,42387,15107,65535,6038
1686681702,1,1,1,0,314.661621,1821,1511,2148,4392,65535,6030,27688,51095,42399,15111,65535,6034
1686681707,1,1,1,0,314.661621,1820,1509,2147,4387,65535,6016,27684,51062,42418,15112,65535,6026
1686681712,1,1,1,0,314.661621,1819,1509,2146,4388,65535,6014,27678,51034,42377,15103,65535,6018
1686681717,1,1,1,0,314.661621,1819,1509,2146,4385,65535,6008,27679,51020,42374,15105,65535,6016
1686681722,1,1,1,0,314.661621,1818,1509,2147,4387,65535,6006,27672,51047,42387,15104,65535,6014
1686681727,1,1,1,0,314.661621,1820,1509,2147,4389,65535,6008,27684,51068,42400,15111,65535,6012
1686681732,1,1,1,0,314.661621,1819,1508,2145,4384,65535,6004,27686,51050,42410,15112,65535,6008
1686681737,1,1,1,0,314.661621,1819,1509,2147,4388,65535,6004,27687,51068,42397,15105,65535,6014
1686681742,1,1,1,0,314.661621,1819,1509,2147,4392,65535,6008,27693,51061,42401,15119,65535,6012
1686681747,1,1,1,0,314.661621,1819,1508,2147,4390,65535,6000,27690,51054,42383,15108,65535,6008
1686681752,1,1,1,0,314.661621,1819,1509,2147,4388,65535,6000,27683,51052,42397,15106,65535,6006
1686681757,1,1,1,0,314.661621,1819,1509,2147,4386,65535,5998,27699,51073,42413,15114,65535,6004
1686681762,1,1,1,0,314.661621,1818,1507,2145,4388,65535,5992,27699,51086,42424,15119,65535,5998
1686681767,1,1,1,0,314.661621,1819,1508,2144,4384,65535,5986,27692,51058,42423,15106,65535,5992
1686681772,1,1,1,0,314.661621,1818,1507,2145,4387,65535,5980,27683,51075,42400,15105,65535,5990
1686681777,1,1,1,0,314.661621,1818,1507,2144,4384,65535,5980,27700,51083,42419,15113,65535,5988
1686681782,1,1,1,0,314.661621,1818,1506,2144,4383,65535,5972,27695,51066,42411,15118,65535,5984
1686681787,1,1,1,0,314.661621,1818,1507,2145,4383,65535,5968,27683,51048,42418,15103,65535,5976
1686681792,1,1,1,0,314.661621,1815,1506,2143,4380,65535,5960,27676,51040,42386,15103,65535,5966
1686681797,1,1,1,0,314.661621,1817,1507,2144,4379,65535,5954,27676,51044,42385,15103,65535,5966
1686681802,1,1,1,0,314.661621,1816,1505,2141,4381,65535,5952,27681,51050,42383,15103,65535,5962
1686681807,1,1,1,0,314.661621,1817,1506,2143,4385,65535,5954,27671,51057,42413,15107,65535,5958
1686681812,1,1,1,0,314.661621,1815,1505,2140,4379,65535,5946,27698,51057,42403,15108,65535,5962
1686681817,1,1,1,0,314.661621,1817,1504,2143,4380,65535,5948,27704,51090,42442,15112,65535,5962
1686681822,1,1,1,0,314.661621,1816,1506,2141,4381,65535,5950,27687,51078,42416,15112,65535,5958
1686681827,1,1,1,0,314.661621,1817,1506,2141,4383,65535,5946,27713,51105,42453,15119,65535,5960
1686681832,1,1,1,0,314.661621,1817,1506,2143,4381,65535,5946,27676,51071,42411,15110,65535,5954
1686681837,1,1,1,0,314.661621,1816,1505,2140,4382,65535,5948,27683,51060,42414,15104,65535,5950
1686681842,1,1,1,0,314.661621,1816,1504,2140,4382,65535,5942,27686,51044,42415,15105,65535,5953
1686681847,1,1,1,0,314.661621,1816,1504,2140,4378,65535,5940,27663,51069,42388,15103,65535,5946
1686681852,1,1,1,0,314.661621,1816,1505,2140,4380,65535,5948,27680,51042,42390,15101,65535,5948
1686681857,1,1,1,0,314.661621,1815,1504,2142,4378,65535,5940,27687,51061,42392,15096,65535,5952
1686681862,1,1,1,0,314.661621,1815,1504,2139,4378,65535,5946,27686,51052,42386,15096,65535,5948
1686681867,1,1,1,0,314.661621,1817,1505,2142,4381,65535,5942,27685,51070,42403,15107,65535,5952
1686681872,1,1,1,0,314.661621,1816,1505,2143,4380,65535,5946,27699,51100,42414,15109,65535,5948
1686681877,1,1,1,0,314.661621,1816,1505,2141,4377,65535,5940,27666,51048,42410,15102,65535,5944
1686681882,1,1,1,0,314.661621,1816,1503,2142,4383,65535,5942,27681,51075,42394,15105,65535,5942
1686681887,1,1,1,0,314.661621,1816,1504,2140,4380,65535,5936,27676,51073,42378,15101,65535,5940
1686681892,1,1,1,0,314.661621,1815,1504,2140,4377,65535,5934,27674,51032,42388,15098,65535,5940
1686681897,1,1,1,0,314.661621,1815,1503,2138,4379,65535,5940,27689,51078,42410,15108,65535,5942
1686681902,1,1,1,0,314.661621,1813,1502,2139,4375,65535,5932,27682,51063,42379,15104,65535,5944
1686681907,1,1,1,0,314.661621,1815,1504,2139,4380,65535,5932,27700,51085,42425,15109,65535,5944
1686681912,1,1,1,0,314.661621,1814,1502,2139,4375,65535,5934,27688,51051,42415,15105,65535,5942
1686681917,1,1,1,0,314.661621,1814,1503,2139,4377,65535,5934,27678,51034,42383,15102,65535,5942
1686681922,1,1,1,0,314.661621,1817,1505,2141,4378,65535,5942,27703,51096,42408,15112,65535,5950
1686681927,1,1,1,0,314.661621,1816,1505,2140,4377,65535,5942,27663,51036,42401,15103,65535,5950
1686681932,1,1,1,0,314.661621,1815,1503,2139,4378,65535,5946,27678,51047,42386,15103,65535,5948
1686681937,1,1,1,0,314.661621,1816,1503,2138,4377,65535,5934,27678,51047,42410,15105,65535,5942
1686681942,1,1,1,0,314.661621,1815,1502,2137,4375,65535,5926,27680,51051,42406,15107,65535,5934
1686681947,1,1,1,0,314.661621,1815,1501,2137,4375,65535,5920,27696,51074,42432,15110,65535,5930
1686681952,1,1,1,0,314.661621,1815,1503,2140,4376,65535,5926,27687,51048,42398,15106,65535,5926
1686681957,1,1,1,0,314.661621,1815,1503,2138,4373,65535,5918,27671,51057,42397,15105,65535,5924
1686681962,1,1,1,0,314.661621,1814,1502,2137,4375,65535,5916,27682,51056,42421,15103,65535,5924
1686681967,1,1,1,0,314.661621,1814,1503,2138,4377,65535,5916,27688,51052,42407,15104,65535,5924
1686681972,1,1,1,0,314.661621,1814,1501,2137,4375,65535,5914,27674,51054,42417,15104,65535,5916
1686681977,1,1,1,0,314.661621,1814,1501,2137,4373,65535,5906,27685,51066,42405,15114,65535,5918
1686681982,1,1,1,0,314.661621,1814,1502,2137,4372,65535,5904,27683,51060,42401,15103,65535,5912
1686681987,1,1,1,0,314.661621,1814,1501,2135,4373,65535,5904,27680,51083,42413,15107,65535,5914
1686681992,1,1,1,0,314.661621,1812,1502,2136,4373,65535,5902,27690,51056,42402,15104,65535,5910
1686681997,1,1,1,0,314.661621,1813,1500,2134,4371,65535,5894,27672,51050,42388,15110,65535,5906
1686682002,1,1,1,0,314.661621,1812,1500,2137,4371,65535,5896,27662,51054,42396,15104,65535,5904
1686682007,1,1,1,0,314.661621,1811,1500,2135,4370,65535,5891,27664,51030,42378,15099,65535,5896
1686682012,1,1,1,0,314.661621,1812,1500,2135,4371,65535,5888,27662,51050,42377,15096,65535,5898
1686682017,1,1,1,0,314.661621,1812,1500,2135,4371,65535,5890,27654,51036,42380,15097,65535,5894
1686682022,1,1,1,0,314.661621,1812,1499,2133,4371,65535,5886,27675,51048,42396,15101,65535,5893
1686682027,1,1,1,0,314.661621,1811,1499,2132,4369,65535,5884,27668,51051,42384,15099,65535,5888
1686682032,1,1,1,0,314.661621,1811,1499,2134,4370,65535,5882,27674,51042,42396,15099,65535,5890
1686682037,1,1,1,0,314.661621,1812,1499,2134,4369,65535,5880,27688,51058,42403,15105,65535,5888
1686682042,1,1,1,0,314.661621,1811,1499,2133,4369,65535,5879,27642,51022,42373,15092,65535,5884
1686682047,1,1,1,0,314.661621,1812,1499,2134,4371,65535,5876,27647,51058,42383,15098,65535,5882
1686682052,1,1,1,0,314.661621,1810,1498,2132,4368,65535,5876,27672,51070,42416,15105,65535,5882
1686682057,1,1,1,0,314.661621,1812,1499,2132,4369,65535,5870,27662,51032,42395,15094,65535,5878
1686682062,1,1,1,0,314.661621,1811,1498,2132,4367,65535,5868,27663,51028,42381,15104,65535,5878
1686682067,1,1,1,0,314.661621,1809,1499,2135,4367,65535,5870,27650,51035,42384,15103,65535,5880
1686682072,1,1,1,0,314.661621,1810,1498,2133,4366,65535,5866,27645,51038,42384,15097,65535,5874
1686682077,1,1,1,0,314.661621,1812,1499,2134,4370,65535,5872,27667,51057,42412,15104,65535,5878
1686682082,1,1,1,0,314.661621,1813,1499,2134,4371,65535,5872,27692,51073,42424,15109,65535,5876
1686682087,1,1,1,0,314.661621,1811,1499,2133,4367,65535,5864,27661,51016,42389,15097,65535,5870
1686682092,1,1,1,0,314.661621,1811,1497,2133,4367,65535,5863,27666,51032,42387,15095,65535,5866
1686682097,1,1,1,0,314.661621,1812,1499,2133,4372,65535,5864,27665,51036,42387,15097,65535,5864
1686682102,1,1,1,0,314.661621,1811,1498,2134,4367,65535,5858,27667,51045,42393,15107,65535,5870
1686682107,1,1,1,0,314.661621,1811,1498,2131,4367,65535,5860,27692,51079,42430,15108,65535,5866
1686682112,1,1,1,0,314.661621,1810,1497,2132,4366,65535,5856,27664,51036,42386,15098,65535,5864
1686682117,1,1,1,0,314.661621,1810,1496,2132,4365,65535,5854,27667,51024,42382,15095,65535,5862
1686682122,1,1,1,0,314.661621,1811,1498,2132,4366,65535,5858,27669,51052,42391,15096,65535,5868
1686682127,1,1,1,0,314.661621,1809,1497,2134,4367,65535,5860,27667,51076,42415,15104,65535,5864
1686682132,1,1,1,0,314.661621,1811,1498,2131,4366,65535,5858,27671,51039,42388,15098,65535,5866
1686682137,1,1,1,0,314.661621,1811,1498,2132,4365,65535,5852,27659,51058,42388,15098,65535,5860
1686682142,1,1,1,0,314.661621,1811,1497,2133,4367,65535,5854,27676,51048,42410,15101,65535,5862
1686682147,1,1,1,0,314.661621,1811,1498,2131,4366,65535,5854,27683,51060,42413,15105,65535,5860
1686682152,1,1,1,0,314.661621,1810,1497,2132,4366,65535,5850,27658,51048,42393,15101,65535,5858
1686682157,1,1,1,0,314.661621,1811,1498,2134,4368,65535,5850,27678,51104,42426,15118,65535,5860
1686682162,1,1,1,0,314.661621,1809,1497,2132,4369,65535,5852,27681,51087,42429,15114,65535,5858
1686682167,1,1,1,0,314.661621,1810,1498,2132,4365,65535,5846,27657,51062,42402,15099,65535,5858
1686682172,1,1,1,0,314.661621,1809,1496,2132,4363,65535,5846,27674,51107,42420,15108,65535,5856
1686682177,1,1,1,0,314.661621,1808,1496,2130,4365,65535,5840,27667,51074,42405,15099,65535,5854
1686682182,1,1,1,0,314.661621,1809,1497,2131,4362,65535,5840,27671,51081,42418,15104,65535,5854
1686682187,1,1,1,0,314.661621,1809,1497,2130,4363,65535,5838,27668,51036,42395,15097,65535,5844
1686682192,1,1,1,0,314.661621,1810,1497,2131,4366,65535,5840,27677,51073,42429,15113,65535,5850
1686682197,1,1,1,0,314.661621,1810,1496,2130,4364,65535,5838,27683,51098,42426,15114,65535,5850
1686682202,1,1,1,0,314.661621,1810,1497,2132,4368,65535,5838,27667,51066,42403,15101,65535,5846
1686682207,1,1,1,0,314.661621,1808,1496,2130,4361,65535,5832,27648,51048,42393,15091,65535,5840
1686682212,1,1,1,0,314.661621,1811,1496,2130,4366,65535,5828,27656,51043,42395,15094,65535,5834
1686682217,1,1,1,0,314.661621,1808,1496,2129,4366,65535,5826,27664,51069,42405,15101,65535,5834
1686682222,1,1,1,0,314.661621,1810,1496,2130,4366,65535,5826,27689,51089,42428,15105,65535,5838
1686682227,1,1,1,0,314.661621,1809,1497,2130,4363,65535,5826,27652,51070,42395,15094,65535,5828
1686682232,1,1,1,0,314.661621,1809,1496,2130,4364,65535,5820,27648,51040,42407,15091,65535,5828
1686682237,1,1,1,0,314.661621,1807,1494,2128,4361,65535,5816,27650,51033,42387,15100,65535,5824
1686682242,1,1,1,0,314.661621,1807,1496,2128,4365,65535,5814,27674,51054,42405,15097,65535,5826
1686682247,1,1,1,0,314.661621,1808,1495,2128,4363,65535,5814,27666,51067,42404,15102,65535,5824
1686682252,1,1,1,0,314.661621,1810,1496,2131,4366,65535,5818,27662,51078,42414,15098,65535,5822
1686682257,1,1,1,0,314.661621,1808,1495,2129,4363,65535,5812,27667,51058,42393,15100,65535,5818
1686682262,1,1,1,0,314.661621,1809,1495,2129,4361,65535,5812,27663,51050,42406,15093,65535,5812
1686682267,1,1,1,0,314.661621,1808,1495,2129,4364,65535,5808,27658,51071,42414,15099,65535,5817
1686682272,1,1,1,0,314.661621,1810,1494,2130,4363,65535,5814,27670,51112,42442,15103,65535,5816
1686682277,1,1,1,0,314.661621,1808,1494,2128,4362,65535,5802,27663,51070,42424,15098,65535,5810
1686682282,1,1,1,0,314.661621,1807,1494,2126,4358,65535,5802,27653,51053,42396,15098,65535,5810
1686682287,1,1,1,0,314.661621,1807,1492,2127,4359,65535,5796,27660,51062,42410,15092,65535,5806
1686682292,1,1,1,0,314.661621,1810,1495,2129,4362,65535,5798,27678,51071,42418,15107,65535,5804
1686682297,1,1,1,0,314.661621,1807,1494,2127,4362,65535,5796,27670,51093,42401,15092,65535,5804
1686682302,1,1,1,0,314.661621,1806,1494,2127,4363,65535,5796,27670,51082,42418,15097,65535,5798
1686682307,1,1,1,0,314.661621,1806,1493,2126,4356,65535,5790,27661,51052,42396,15093,65535,5794
1686682312,1,1,1,0,314.661621,1808,1493,2126,4359,65535,5792,27660,51095,42418,15103,65535,5798
1686682317,1,1,1,0,314.661621,1807,1493,2125,4355,65535,5782,27647,51034,42387,15099,65535,5788
1686682322,1,1,1,0,314.661621,1806,1492,2125,4355,65535,5782,27649,51044,42390,15100,65535,5786
1686682327,1,1,1,0,314.661621,1807,1492,2124,4354,65535,5780,27653,51063,42393,15089,65535,5792
1686682332,1,1,1,0,314.661621,1806,1493,2126,4357,65535,5782,27647,51052,42397,15090,65535,5786
1686682337,1,1,1,0,314.661621,1805,1492,2124,4354,65535,5776,27670,51065,42398,15095,65535,5786
1686682342,1,1,1,0,314.661621,1807,1493,2126,4358,65535,5780,27678,51083,42411,15101,65535,5784
1686682347,1,1,1,0,314.661621,1806,1491,2123,4354,65535,5772,27648,51061,42385,15084,65535,5780
1686682352,1,1,1,0,314.661621,1804,1491,2122,4354,65535,5768,27666,51054,42388,15088,65535,5778
1686682357,1,1,1,0,314.661621,1806,1492,2123,4355,65535,5774,27656,51046,42404,15087,65535,5778
1686682362,1,1,1,0,314.661621,1805,1491,2124,4358,65535,5766,27643,51042,42409,15087,65535,5772
1686682367,1,1,1,0,314.661621,1804,1490,2122,4354,65535,5764,27670,51072,42400,15098,65535,5774
1686682372,1,1,1,0,314.661621,1806,1490,2123,4354,65535,5764,27656,51039,42400,15087,65535,5770
1686682377,1,1,1,0,314.661621,1803,1492,2124,4355,65535,5762,27660,51061,42400,15090,65535,5772
1686682382,1,1,1,0,314.661621,1805,1491,2125,4356,65535,5766,27663,51078,42410,15091,65535,5772
1686682387,1,1,1,0,314.661621,1806,1492,2125,4355,65535,5760,27679,51069,42403,15089,65535,5772
1686682392,1,1,1,0,314.661621,1805,1491,2123,4354,65535,5756,27634,51053,42378,15081,65535,5760
1686682397,1,1,1,0,314.661621,1804,1490,2123,4351,65535,5750,27655,51056,42410,15089,65535,5766
1686682402,1,1,1,0,314.661621,1804,1490,2121,4354,65535,5752,27665,51057,42380,15083,65535,5760
1686682407,1,1,1,0,314.661621,1803,1489,2121,4353,65535,5750,27651,51058,42409,15094,65535,5758
1686682412,1,1,1,0,314.661621,1803,1490,2121,4351,65535,5750,27644,51068,42377,15080,65535,5756
1686682417,1,1,1,0,314.661621,1804,1489,2120,4354,65535,5748,27645,51047,42400,15081,65535,5752
1686682422,1,1,1,0,314.661621,1804,1489,2123,4353,65535,5746,27646,51052,42383,15085,65535,5750
1686682427,1,1,1,0,314.661621,1804,1490,2124,4354,65535,5746,27657,51063,42423,15088,65535,5752
1686682432,1,1,1,0,314.661621,1804,1490,2123,4350,65535,5740,27662,51053,42394,15084,65535,5750
1686682437,1,1,1,0,314.661621,1804,1489,2120,4350,65535,5742,27650,51064,42393,15084,65535,5750
1686682442,1,1,1,0,314.661621,1803,1489,2120,4352,65535,5740,27664,51075,42412,15087,65535,5748
1686682447,1,1,1,0,314.661621,1805,1490,2121,4356,65535,5740,27658,51069,42396,15087,65535,5742
1686682452,1,1,1,0,314.661621,1803,1490,2121,4355,65535,5740,27647,51059,42377,15084,65535,5744
1686682457,1,1,1,0,314.661621,1803,1490,2122,4353,65535,5734,27654,51068,42400,15089,65535,5742
1686682462,1,1,1,0,314.661621,1803,1488,2120,4351,65535,5730,27652,51062,42415,15094,65535,5740
1686682467,1,1,1,0,314.661621,1805,1488,2122,4352,65535,5734,27663,51082,42386,15086,65535,5738
1686682472,1,1,1,0,314.661621,1804,1490,2122,4350,65535,5726,27643,51042,42389,15085,65535,5736
1686682477,1,1,1,0,314.661621,1804,1490,2122,4353,65535,5730,27676,51088,42414,15090,65535,5736
1686682482,1,1,1,0,314.661621,1804,1489,2120,4351,65535,5728,27658,51061,42397,15087,65535,5734
1686682487,1,1,1,0,321.182952,1802,1489,2121,4355,65535,5730,27680,51101,42455,15097,65535,5738
1686682492,1,1,1,0,321.182952,1803,1488,2119,4351,65535,5726,27686,51098,42448,15097,65535,5732
1686682497,1,1,1,0,321.182952,1802,1487,2118,4348,65535,5718,27668,51077,42417,15085,65535,5730
1686682502,1,1,1,0,321.182952,1802,1488,2119,4351,65535,5718,27669,51092,42442,15090,65535,5728
1686682507,1,1,1,0,321.182952,1803,1487,2119,4351,65535,5720,27666,51077,42408,15089,65535,5724
1686682512,1,1,1,0,321.182952,1803,1489,2120,4353,65535,5720,27698,51105,42442,15099,65535,5730
1686682517,1,1,1,0,321.182952,1803,1489,2118,4351,65535,5720,27691,51116,42441,15098,65535,5726
1686682522,1,1,1,0,321.182952,1802,1488,2119,4350,65535,5714,27672,51087,42424,15091,65535,5720
1686682527,1,1,1,0,321.182952,1802,1488,2120,4351,65535,5714,27680,51101,42437,15086,65535,5718
1686682532,1,1,1,0,321.182952,1803,1487,2118,4347,65535,5710,27663,51062,42420,15094,65535,5716
1686682537,1,1,1,0,321.182952,1802,1488,2118,4348,65535,5706,27664,51061,42403,15083,65535,5714
1686682542,1,1,1,0,321.182952,1804,1488,2119,4351,65535,5708,27656,51080,42406,15086,65535,5712
1686682547,1,1,1,0,321.182952,1803,1487,2119,4352,65535,5712,27667,51085,42409,15087,65535,5712
1686682552,1,1,1,0,321.182952,1803,1487,2120,4352,65535,5708,27680,51123,42454,15091,65535,5714
1686682557,1,1,1,0,321.182952,1803,1486,2117,4349,65535,5702,27676,51111,42433,15096,65535,5710
1686682562,1,1,1,0,321.182952,1802,1487,2117,4349,65535,5698,27666,51081,42423,15087,65535,5706
1686682567,1,1,1,0,321.182952,1802,1486,2117,4347,65535,5700,27667,51086,42409,15084,65535,5706
1686682572,1,1,1,0,321.182952,1802,1487,2118,4348,65535,5696,27672,51113,42432,15089,65535,5706
1686682577,1,1,1,0,321.182952,1800,1486,2118,4346,65535,5698,27659,51064,42387,15082,65535,5700
1686682582,1,1,1,0,321.182952,1801,1487,2116,4346,65535,5694,27669,51098,42402,15083,65535,5698
1686682587,1,1,1,0,321.182952,1800,1485,2116,4346,65535,5690,27669,51070,42426,15084,65535,5700
1686682592,1,1,1,0,321.182952,1802,1485,2115,4346,65535,5692,27649,51079,42419,15084,65535,5700
1686682597,1,1,1,0,321.182952,1800,1485,2114,4347,65535,5686,27661,51071,42411,15084,65535,5698
1686682602,1,1,1,0,321.182952,1803,1486,2118,4348,65535,5690,27660,51071,42409,15083,65535,5696
1686682607,1,1,1,0,321.182952,1801,1487,2116,4349,65535,5690,27659,51072,42399,15081,65535,5692
1686682612,1,1,1,0,321.182952,1801,1485,2117,4346,65535,5688,27662,51074,42424,15084,65535,5692
1686682617,1,1,1,0,321.182952,1802,1486,2116,4347,65535,5690,27669,51095,42413,15087,65535,5690
1686682622,1,1,1,0,321.182952,1801,1485,2117,4347,65535,5688,27672,51085,42418,15079,65535,5692
1686682627,1,1,1,0,321.182952,1800,1485,2115,4347,65535,5684,27663,51077,42424,15085,65535,5690
1686682632,1,1,1,0,321.182952,1801,1485,2115,4346,65535,5685,27660,51075,42423,15081,65535,5686
1686682637,1,1,1,0,321.182952,1801,1485,2116,4344,65535,5680,27672,51102,42441,15086,65535,5688
1686682642,1,1,1,0,321.182952,1800,1486,2114,4345,65535,5682,27660,51076,42408,15083,65535,5686
1686682647,1,1,1,0,321.182952,1800,1485,2113,4344,65535,5676,27652,51058,42411,15077,65535,5682
1686682652,1,1,1,0,321.182952,1800,1484,2114,4343,65535,5673,27638,51070,42388,15079,65535,5680
1686682657,1,1,1,0,317.262145,1800,1483,2114,4342,65535,5668,27659,51079,42405,15090,65535,5680
1686682662,1,1,1,0,321.182952,1800,1483,2114,4344,65535,5670,27646,51057,42407,15080,65535,5678
1686682667,1,1,1,0,317.262145,1800,1484,2114,4340,65535,5668,27663,51080,42421,15082,65535,5676
1686682672,1,1,1,0,317.262145,1800,1483,2112,4344,65535,5670,27665,51077,42426,15081,65535,5676
1686682677,1,1,1,0,317.262145,1799,1483,2114,4343,65535,5668,27657,51092,42434,15083,65535,5676
1686682682,1,1,1,0,317.262145,1800,1483,2111,4340,65535,5664,27653,51051,42398,15074,65535,5670
1686682687,1,1,1,0,317.262145,1800,1482,2114,4345,65535,5660,27654,51065,42390,15072,65535,5670
1686682692,1,1,1,0,317.262145,1797,1482,2110,4338,65535,5656,27640,51054,42396,15070,65535,5666
1686682697,1,1,1,0,317.262145,1800,1483,2112,4343,65535,5660,27674,51092,42409,15083,65535,5668
1686682702,1,1,1,0,317.262145,1800,1484,2113,4341,65535,5660,27644,51063,42392,15069,65535,5662
1686682707,1,1,1,0,317.262145,1799,1482,2113,4341,65535,5652,27630,51071,42395,15067,65535,5660
1686682712,1,1,1,0,317.262145,1798,1482,2111,4339,65535,5648,27654,51062,42387,15071,65535,5658
1686682717,1,1,1,0,317.262145,1798,1483,2112,4340,65535,5652,27646,51099,42393,15073,65535,5656
1686682722,1,1,1,0,317.262145,1799,1482,2112,4342,65535,5650,27670,51087,42402,15077,65535,5656
1686682727,1,1,1,0,317.262145,1799,1482,2112,4340,65535,5644,27660,51057,42415,15073,65535,5652
1686682732,1,1,1,0,317.262145,1797,1481,2111,4336,65535,5642,27647,51049,42380,15071,65535,5650
1686682737,1,1,1,0,317.262145,1798,1481,2111,4339,65535,5641,27676,51090,42420,15079,65535,5652
1686682742,1,1,1,0,317.262145,1799,1482,2112,4338,65535,5640,27630,51049,42381,15068,65535,5642
1686682747,1,1,1,0,317.262145,1799,1482,2109,4339,65535,5640,27670,51103,42413,15086,65535,5646
1686682752,1,1,1,0,317.262145,1797,1482,2108,4339,65535,5634,27654,51063,42396,15068,65535,5642
1686682757,1,1,1,0,317.262145,1797,1482,2109,4337,65535,5632,27672,51088,42433,15077,65535,5640
1686682762,1,1,1,0,317.262145,1796,1482,2109,4337,65535,5630,27667,51073,42402,15073,65535,5636
1686682767,1,1,1,0,317.262145,1798,1480,2110,4335,65535,5624,27668,51084,42433,15074,65535,5636
1686682772,1,1,1,0,317.262145,1797,1480,2108,4335,65535,5624,27663,51066,42389,15069,65535,5634
1686682777,1,1,1,0,317.262145,1798,1481,2109,4336,65535,5624,27643,51081,42413,15070,65535,5630
1686682782,1,1,1,0,317.262145,1796,1480,2109,4334,65535,5618,27652,51081,42385,15066,65535,5628
1686682787,1,1,1,0,317.262145,1798,1481,2109,4338,65535,5620,27648,51083,42427,15072,65535,5628
1686682792,1,1,1,0,317.262145,1795,1480,2108,4334,65535,5616,27651,51059,42411,15065,65535,5622
1686682797,1,1,1,0,317.262145,1796,1479,2106,4332,65535,5608,27648,51065,42374,15065,65535,5618
