Timestamp,Amber,White,On,Override,Intensity,AS00,AS01,AS02,AS03,AS04,AS05,AS06,AS07,AS08,AS09,AS10,AS11
1686676334,0,1,1,0,-1.000000,2570,3892,5666,7419,53773,17419,13509,15440,17719,9160,53681,17410
1686676340,0,1,1,0,202.342498,2569,3902,5673,7465,53957,17431,13521,15471,17786,9190,53761,17392
1686676345,0,1,1,0,206.103118,2609,3983,5808,7660,54698,17239,14110,16201,18501,9363,54642,17233
1686676350,0,1,1,0,159.936004,1433,1908,2723,3692,23213,7158,5859,7677,8805,4087,21116,6502
1686676355,0,1,1,0,195.301971,2040,3343,4659,7076,39007,8240,12777,15560,17766,8519,39091,8232
1686676360,0,1,1,0,191.533325,2022,3331,4653,7068,38797,7895,12763,15542,17774,8484,38800,7882
1686676365,0,1,1,0,193.685394,1943,3206,4488,6861,37154,7190,12443,15271,17405,8246,37080,7166
1686676370,0,1,1,0,189.905456,1946,3215,4501,6864,37251,7170,12483,15298,17455,8279,37340,7180
1686676375,0,1,1,0,189.905456,1991,3295,4607,7001,38349,7544,12721,15495,17734,8436,38461,7555
1686676380,0,1,1,0,189.905456,1989,3294,4610,7014,38389,7500,12717,15487,17721,8417,38398,7496
1686676385,0,1,1,0,189.905456,1980,3283,4594,6985,38243,7424,12707,15477,17717,8412,38338,7434
1686676390,0,1,1,0,192.088272,1973,3276,4585,6973,38170,7404,12655,15418,17647,8367,38182,7408
1686676395,0,1,1,0,189.905456,1975,3281,4592,6979,38259,7462,12708,15475,17722,8418,38380,7480
1686676400,0,1,1,0,189.905456,1985,3290,4603,6992,38431,7618,12724,15490,17733,8435,38533,7632
1686676405,0,1,1,0,189.905456,1988,3302,4625,7029,38641,7614,12763,15544,17792,8456,38633,7617
1686676410,0,1,1,0,189.905456,1983,3293,4608,7001,38519,7614,12762,15532,17781,8446,38624,7624
1686676415,0,1,1,0,189.905456,1987,3294,4613,7008,38587,7696,12743,15506,17755,8426,38625,7708
1686676420,0,1,1,0,189.905456,1983,3290,4608,6994,38540,7656,12721,15478,17726,8408,38550,7649
1686676425,0,1,1,0,186.132415,1975,3283,4601,6984,38465,7580,12716,15475,17723,8403,38481,7574
1686676430,0,1,1,0,192.088272,1969,3281,4602,6988,38430,7480,12702,15450,17700,8371,38330,7472
1686676435,0,1,1,0,192.088272,1964,3273,4589,6965,38346,7472,12745,15506,17767,8415,38465,7482
1686676440,0,1,1,0,192.088272,1961,3270,4588,6963,38343,7463,12748,15520,17789,8421,38460,7474
1686676445,0,1,1,0,188.296737,1958,3272,4591,6976,38357,7410,12708,15458,17708,8367,38265,7400
1686676450,0,1,1,0,184.511993,1941,3247,4561,6916,38020,7254,12689,15436,17688,8341,38097,7256
1686676506,0,1,1,0,-1.000000,3108,7557,10538,19880,65535,7133,31619,43014,55250,32652,65535,7150
1686676512,0,1,1,0,390.426666,3186,7746,10828,20207,65535,7241,32295,44027,56459,33370,65535,7257
1686676517,0,1,1,0,398.234313,3223,7834,10961,20373,65535,7338,32498,44424,56885,33674,65535,7347
1686676522,0,1,1,0,402.141540,3255,7900,11062,20491,65535,7420,32798,44818,57341,33858,65535,7434
1686676527,0,1,1,0,406.050964,3269,7933,11119,20549,65535,7468,32904,45016,57547,34015,65535,7474
1686676532,0,1,1,0,399.580139,3279,7958,11156,20595,65535,7498,32978,45145,57675,34103,65535,7506
1686676537,0,1,1,0,403.480987,3287,7973,11183,20621,65535,7505,33061,45249,57806,34184,65535,7516
1686676542,0,1,1,0,403.480987,3293,7988,11200,20651,65535,7520,33116,45333,57933,34240,65535,7528
1686676547,0,1,1,0,403.480987,3300,8003,11230,20678,65535,7532,33164,45414,58037,34287,65535,7542
1686676552,0,1,1,0,403.480987,3306,8017,11245,20701,65535,7564,33215,45480,58085,34336,65535,7575
1686676557,0,1,1,0,407.384124,3311,8027,11267,20721,65535,7594,33240,45518,58113,34369,65535,7602
1686676562,0,1,1,0,407.384124,3316,8037,11278,20741,65535,7606,33285,45590,58206,34432,65535,7618
1686676567,0,1,1,0,407.384124,3319,8047,11293,20754,65535,7636,33303,45644,58290,34449,65535,7646
1686676572,0,1,1,0,407.384124,3324,8058,11304,20770,65535,7676,33325,45694,58335,34483,65535,7688
1686676577,0,1,1,0,411.289520,3329,8064,11326,20790,65535,7714,33382,45739,58386,34521,65535,7724
1686676582,0,1,1,0,411.289520,3331,8073,11338,20807,65535,7758,33422,45782,58450,34561,65535,7772
1686676587,0,1,1,0,411.289520,3337,8081,11351,20819,65535,7774,33444,45828,58492,34586,65535,7780
1686676592,0,1,1,0,411.289520,3337,8084,11356,20824,65535,7740,33460,45855,58520,34618,65535,7741
1686676597,0,1,1,0,411.289520,3339,8090,11371,20840,65535,7690,33478,45886,58546,34620,65535,7700
1686676602,0,1,1,0,411.289520,3339,8098,11377,20860,65535,7706,33490,45915,58579,34636,65535,7720
1686676607,0,1,1,0,411.289520,3343,8100,11384,20858,65535,7690,33532,45955,58612,34664,65535,7702
1686676612,0,1,1,0,411.289520,3346,8107,11391,20869,65535,7708,33554,45989,58646,34690,65535,7716
1686676617,0,1,1,0,411.289520,3348,8111,11403,20882,65535,7702,33555,46016,58684,34712,65535,7710
1686676622,0,1,1,0,411.289520,3349,8118,11409,20890,65535,7690,33594,46056,58728,34732,65535,7700
1686676627,0,1,1,0,411.289520,3349,8120,11423,20895,65535,7670,33623,46085,58790,34780,65535,7684
1686676632,0,1,1,0,411.289520,3351,8129,11424,20920,65535,7646,33624,46077,58811,34764,65535,7650
1686676637,0,1,1,0,411.289520,3354,8129,11437,20913,65535,7634,33646,46127,58806,34789,65535,7648
1686676642,0,1,1,0,415.197021,3355,8134,11437,20919,65535,7642,33659,46162,58866,34809,65535,7648
1686676647,0,1,1,0,415.197021,3358,8140,11446,20931,65535,7656,33665,46193,58902,34843,65535,7666
1686676652,0,1,1,0,415.197021,3359,8144,11454,20935,65535,7654,33666,46203,58925,34859,65535,7660
1686676657,0,1,1,0,415.197021,3363,8150,11469,20955,65535,7648,33667,46231,58944,34879,65535,7656
1686676662,0,1,1,0,415.197021,3363,8153,11472,20953,65535,7656,33669,46240,58965,34867,65535,7662
1686676667,0,1,1,0,415.197021,3366,8158,11481,20964,65535,7660,33670,46267,58984,34897,65535,7668
1686676672,0,1,1,0,415.197021,3366,8160,11480,20962,65535,7654,33671,46286,58972,34901,65535,7660
1686676677,0,1,1,0,415.197021,3368,8166,11492,20989,65535,7653,33670,46303,59040,34920,65535,7664
1686676682,0,1,1,0,415.197021,3369,8169,11503,20987,65535,7662,33702,46339,59038,34942,65535,7670
1686676687,0,1,1,0,415.197021,3373,8180,11508,21007,65535,7672,33725,46371,59083,34966,65535,7684
1686676692,0,1,1,0,415.197021,3375,8185,11523,21013,65535,7686,33722,46394,59123,34972,65535,7698
1686676697,0,1,1,0,415.197021,3377,8184,11519,21013,65535,7692,33761,46431,59134,34985,65535,7696
1686676702,0,1,1,0,419.106658,3380,8190,11526,21029,65535,7692,33781,46448,59189,35023,65535,7694
1686676707,0,1,1,0,419.106658,3382,8194,11537,21025,65535,7700,33765,46457,59166,35023,65535,7702
1686676712,0,1,1,0,419.106658,3381,8198,11543,21036,65535,7706,33800,46501,59207,35051,65535,7716
1686676717,0,1,1,0,419.106658,3385,8200,11554,21051,65535,7718,33831,46505,59225,35062,65535,7726
1686676722,0,1,1,0,412.634063,3385,8203,11555,21058,65535,7758,33821,46530,59291,35080,65535,7774
1686676727,0,1,1,0,412.634063,3389,8207,11563,21054,65535,7788,33851,46545,59283,35094,65535,7794
1686676732,0,1,1,0,412.634063,3394,8214,11572,21070,65535,7812,33862,46570,59304,35093,65535,7824
1686676737,0,1,1,0,412.634063,3395,8219,11577,21085,65535,7834,33879,46595,59320,35123,65535,7836
1686676742,0,1,1,0,416.535461,3398,8226,11592,21089,65535,7898,33919,46636,59357,35156,65535,7912
1686676747,0,1,1,0,416.535461,3402,8231,11593,21094,65535,7896,33919,46662,59420,35173,65535,7897
1686676752,0,1,1,0,416.535461,3405,8232,11603,21112,65535,7916,33956,46674,59422,35180,65535,7932
1686676757,0,1,1,0,416.535461,3403,8236,11614,21112,65535,7872,33946,46696,59478,35181,65535,7876
1686676762,0,1,1,0,416.535461,3404,8240,11611,21117,65535,7838,33970,46715,59486,35192,65535,7848
1686676767,0,1,1,0,416.535461,3403,8239,11613,21112,65535,7800,33979,46738,59475,35194,65535,7805
1686676772,0,1,1,0,416.535461,3408,8245,11625,21128,65535,7852,33981,46742,59499,35216,65535,7870
1686676777,0,1,1,0,416.535461,3408,8248,11634,21146,65535,7864,34009,46759,59546,35226,65535,7868
1686676782,0,1,1,0,416.535461,3409,8253,11635,21140,65535,7890,34017,46783,59561,35236,65535,7890
1686676787,0,1,1,0,416.535461,3407,8253,11636,21138,65535,7814,34019,46807,59541,35236,65535,7824
1686676792,0,1,1,0,416.535461,3413,8255,11643,21146,65535,7850,34037,46808,59565,35260,65535,7860
1686676797,0,1,1,0,416.535461,3408,8257,11646,21139,65535,7754,34033,46816,59598,35252,65535,7760
1686676802,0,1,0,0,18.360000,111,177,240,337,2414,726,825,878,1112,327,2412,722
1686676807,0,1,0,0,14.571430,108,174,238,332,2357,666,819,873,1107,321,2356,664
1686676812,0,1,0,0,14.571430,107,173,238,331,2350,658,818,873,1105,320,2351,658
1686676817,0,1,0,0,14.571430,107,173,236,330,2336,642,818,871,1103,318,2336,642
1686676822,0,1,0,0,14.571430,107,173,236,330,2334,640,817,871,1104,319,2334,640
1686676827,0,1,0,0,14.571430,107,174,237,332,2345,650,818,873,1105,320,2347,652
1686676832,0,1,0,0,14.571430,108,174,237,331,2352,652,819,872,1107,321,2348,652
1686676837,0,1,0,0,14.571430,108,174,238,332,2352,654,820,873,1107,321,2353,656
1686676842,0,1,0,0,14.571430,107,173,237,332,2350,654,819,873,1106,321,2351,652
1686676847,0,1,0,0,14.571430,108,174,238,332,2361,664,820,872,1107,323,2362,664
1686676852,0,1,0,0,14.571430,109,176,240,335,2390,694,823,877,1109,325,2393,696
1686676857,0,1,0,0,18.360000,112,179,242,340,2439,750,828,882,1113,332,2444,754
1686676862,0,1,0,0,18.360000,117,183,248,348,2533,846,837,890,1123,342,2540,854
1686676867,0,1,0,0,18.360000,125,192,257,361,2700,1024,850,908,1139,360,2703,1028
1686676872,0,1,0,0,18.360000,123,190,255,357,2650,974,846,901,1135,353,2647,970
1686676877,0,1,0,0,18.360000,121,187,253,353,2608,930,842,897,1131,349,2606,928
1686676882,0,1,0,0,18.360000,125,192,257,360,2688,1014,851,907,1140,359,2702,1024
1686676887,0,1,0,0,22.213335,132,199,265,372,2832,1170,864,922,1153,374,2835,1174
1686676892,0,1,0,0,22.213335,129,196,262,367,2778,1116,857,914,1146,367,2777,1116
1686676897,0,1,0,0,22.213335,130,197,262,369,2794,1132,859,915,1148,369,2791,1132
1686676902,0,1,0,0,22.213335,130,198,263,369,2798,1138,860,917,1150,370,2799,1138
1686676907,0,1,0,0,18.360000,128,195,261,366,2758,1092,856,914,1146,366,2760,1096
1686676912,0,1,0,0,22.213335,129,197,262,368,2780,1116,858,916,1150,368,2780,1114
1686676917,0,1,0,0,18.360000,128,196,261,366,2758,1096,856,913,1146,365,2759,1094
1686676922,0,1,0,0,18.360000,126,193,259,362,2713,1042,852,908,1141,359,2705,1036
1686676927,0,1,0,0,18.360000,122,190,255,357,2654,982,846,902,1134,354,2654,980
1686676932,0,1,0,0,18.360000,121,189,254,355,2628,952,843,901,1135,351,2628,950
1686676937,0,1,0,0,18.360000,126,193,258,361,2714,1050,852,909,1142,361,2722,1058
1686676942,0,1,0,0,18.360000,128,197,262,366,2768,1110,854,911,1144,366,2763,1106
1686676947,0,1,0,0,18.360000,123,191,256,358,2667,1000,846,901,1134,355,2662,994
1686676952,0,1,0,0,18.360000,123,189,255,357,2648,978,845,900,1133,354,2648,978
1686676957,0,1,0,0,18.360000,122,189,254,355,2639,972,843,899,1132,352,2638,968
1686676962,0,1,0,0,18.360000,120,188,252,353,2602,930,841,896,1128,348,2598,926
1686676967,0,1,0,0,18.360000,118,184,249,348,2550,882,832,887,1119,341,2548,882
1686676972,0,1,0,0,18.360000,116,183,246,344,2512,848,828,882,1114,337,2506,843
1686676977,0,1,0,0,18.360000,116,183,248,347,2529,852,834,888,1122,341,2535,856
1686676982,0,1,0,0,18.360000,119,187,251,351,2583,910,839,894,1127,346,2587,914
1686676987,0,1,0,0,18.360000,124,192,256,358,2680,1014,848,905,1136,358,2687,1022
1686676992,0,1,0,0,18.360000,128,195,261,365,2751,1094,853,911,1142,365,2753,1096
1686676997,0,1,0,0,22.213335,132,200,266,372,2841,1194,861,921,1151,375,2852,1208
1686677002,0,1,0,0,22.213335,133,201,267,374,2863,1222,861,920,1151,375,2855,1214
1686677007,0,1,0,0,22.213335,129,196,261,367,2780,1126,854,911,1145,367,2773,1120
1686677012,0,1,0,0,18.360000,122,189,254,354,2630,964,841,896,1129,350,2619,952
1686677017,0,1,0,0,18.360000,114,181,245,343,2479,802,828,883,1116,335,2477,800
1686677022,0,1,0,0,18.360000,115,182,247,344,2510,830,832,885,1118,339,2507,830
1686677027,0,1,0,0,18.360000,114,181,245,341,2476,796,828,882,1114,334,2473,794
1686677032,0,1,0,0,18.360000,115,182,245,343,2491,818,830,884,1115,337,2500,826
1686677037,0,1,0,0,18.360000,121,188,254,355,2634,970,841,898,1129,353,2639,976
1686677042,0,1,0,0,18.360000,121,188,254,355,2629,966,843,897,1130,352,2635,968
1686677047,0,1,0,0,18.360000,125,192,257,360,2703,1044,848,904,1136,359,2701,1040
1686677052,0,1,0,0,18.360000,122,189,254,355,2635,970,843,898,1131,352,2640,972
1686677057,0,1,0,0,18.360000,121,188,252,354,2622,954,841,896,1128,350,2620,954
1686677062,0,1,0,0,18.360000,126,193,258,361,2709,1048,851,906,1139,361,2721,1062
1686677067,0,1,0,0,16.319999,137,204,271,380,2936,1294,872,930,1162,386,2946,1305
1686677072,0,1,0,0,16.319999,141,210,276,387,3024,1388,878,937,1170,394,3025,1390
1686677077,0,1,0,0,16.319999,143,211,278,390,3064,1434,883,942,1174,398,3068,1434
1686677082,0,1,0,0,16.319999,143,211,278,391,3060,1426,882,941,1175,398,3058,1426
1686677087,0,1,0,0,16.319999,143,211,277,390,3056,1426,880,939,1172,397,3052,1420
1686677092,0,1,0,0,16.319999,141,210,276,387,3029,1396,878,938,1169,395,3027,1396
1686677097,0,1,0,0,16.319999,142,210,276,388,3034,1400,879,939,1171,396,3036,1404
1686677102,0,1,0,0,16.319999,142,209,275,387,3032,1400,878,938,1171,394,3034,1402
1686677107,0,1,0,0,16.319999,141,209,276,387,3023,1390,877,937,1170,394,3019,1386
1686677112,0,1,0,0,16.319999,138,207,272,382,2966,1324,872,931,1164,388,2963,1324
1686677117,0,1,0,0,16.319999,139,208,273,384,2987,1348,874,933,1167,390,2983,1344
1686677122,0,1,0,0,16.319999,141,210,276,387,3018,1382,878,937,1171,395,3026,1386
1686677127,0,1,0,0,16.319999,141,208,275,385,3003,1365,877,935,1167,392,3004,1366
1686677132,0,1,0,0,16.319999,140,209,275,385,3001,1360,877,936,1168,392,3000,1362
1686677137,0,1,0,0,16.319999,141,209,275,387,3010,1371,878,937,1170,393,3013,1374
1686677142,0,1,0,0,16.319999,141,211,276,388,3030,1394,879,938,1171,395,3034,1398
1686677147,0,1,0,0,16.319999,144,213,280,393,3085,1454,885,943,1176,401,3086,1457
1686677152,0,1,0,0,16.319999,146,215,281,395,3114,1484,887,946,1178,403,3113,1484
1686677157,0,1,0,0,16.319999,145,214,281,393,3103,1476,885,945,1177,404,3103,1476
1686677162,0,1,0,0,16.319999,145,213,280,394,3100,1472,885,944,1177,402,3099,1472
1686677167,0,1,0,0,16.319999,143,211,277,390,3048,1413,879,939,1172,396,3041,1408
1686677172,0,1,0,0,16.319999,140,208,275,386,2999,1360,877,935,1167,392,3004,1366
1686677177,0,1,0,0,16.319999,137,205,272,381,2941,1294,871,928,1161,384,2933,1288
1686677182,0,1,0,0,22.213335,132,199,265,372,2827,1168,860,918,1151,373,2823,1164
1686677187,0,1,0,0,18.360000,125,193,258,361,2707,1038,850,905,1137,360,2700,1032
1686677192,0,1,0,0,18.360000,123,191,256,359,2664,994,846,901,1134,355,2665,994
1686677197,0,1,0,0,18.360000,123,190,256,358,2663,996,845,902,1134,355,2668,1000
1686677202,0,1,0,0,18.360000,125,192,257,360,2694,1024,849,905,1138,359,2692,1022
1686677207,0,1,0,0,18.360000,127,195,260,364,2738,1072,854,909,1143,365,2742,1076
1686677212,0,1,0,0,22.213335,131,199,265,371,2819,1160,862,919,1152,374,2831,1172
1686677217,0,1,0,0,16.319999,139,208,274,385,2992,1348,876,935,1167,392,2994,1352
1686677222,0,1,0,0,22.213335,134,201,268,375,2873,1222,865,923,1157,379,2875,1220
1686677227,0,1,0,0,22.213335,136,203,270,379,2908,1258,869,927,1160,383,2908,1260
1686677232,0,1,0,0,16.319999,137,205,272,381,2954,1306,872,931,1163,388,2957,1314
1686677237,0,1,0,0,16.319999,142,211,277,389,3042,1408,880,940,1174,398,3048,1416
1686677242,0,1,0,0,16.319999,144,213,280,392,3081,1450,884,943,1175,401,3079,1446
1686677247,0,1,0,0,16.319999,143,211,278,391,3069,1436,882,941,1174,400,3071,1438
1686677252,0,1,0,0,16.319999,141,209,275,386,3015,1386,875,934,1167,393,3015,1386
1686677257,0,1,0,0,16.319999,139,207,273,384,2992,1372,872,931,1160,390,2999,1378
1686677262,0,1,0,0,16.319999,141,209,275,386,3015,1390,874,934,1164,393,3015,1386
1686677267,0,1,0,0,16.319999,134,198,260,365,2878,1352,792,846,1062,362,2794,1330
1686677272,0,1,0,0,58.915199,741,1168,1440,2310,12704,2828,5792,6319,4342,1642,12692,2800
1686677277,0,1,0,0,58.915199,750,1179,1453,2333,12882,2864,5847,6381,4383,1669,12907,2876
1686677282,0,1,0,0,14.571430,125,184,242,340,2676,1256,812,868,1086,365,2787,1264
1686677287,0,1,0,0,22.213335,132,200,266,372,2847,1206,863,921,1153,373,2844,1200
1686677292,0,1,0,0,22.213335,133,201,267,374,2859,1212,865,925,1156,376,2861,1216
1686677297,0,1,0,0,22.213335,130,198,264,370,2824,1186,860,919,1150,371,2826,1184
1686677302,0,1,0,0,22.213335,129,197,263,368,2803,1158,860,919,1151,368,2805,1158
1686677307,0,1,0,0,22.213335,134,203,270,376,2875,1226,869,929,1159,379,2876,1226
1686677312,0,1,0,0,22.213335,135,202,269,376,2875,1230,869,927,1158,379,2876,1230
1686677317,0,1,0,0,22.213335,134,202,268,376,2873,1226,868,927,1157,378,2871,1224
1686677322,0,1,0,0,22.213335,134,201,269,376,2862,1216,868,926,1155,378,2864,1216
1686677327,0,1,0,0,22.213335,131,199,265,371,2813,1160,861,919,1149,371,2803,1154
1686677332,0,1,0,0,18.360000,130,197,264,368,2780,1122,861,919,1148,368,2779,1124
1686677337,0,1,0,0,18.360000,129,197,261,366,2772,1130,850,907,1139,364,2761,1122
1686677342,0,1,0,0,10.880000,109,160,211,290,2245,1060,645,703,848,308,2238,1062
1686677347,0,1,0,0,9.180001,76,117,157,218,1701,724,489,532,654,216,1628,692
1686677352,0,1,0,0,9.180001,78,121,163,226,1749,732,525,567,698,229,1731,726
1686677357,0,1,0,0,9.180001,80,124,166,230,1784,744,541,585,718,238,1781,746
1686677362,0,1,0,0,9.180001,79,121,163,226,1754,762,520,563,691,231,1734,746
1686677367,0,1,0,0,9.180001,77,119,161,223,1726,734,521,565,693,231,1727,732
1686677372,0,1,0,0,9.180001,77,118,159,221,1722,748,486,526,646,218,1645,722
1686677377,0,1,0,0,22.213335,128,195,259,363,2767,1142,840,896,1129,360,2745,1118
1686677382,0,1,0,0,22.213335,129,197,262,367,2804,1163,856,914,1147,372,2819,1174
1686677387,0,1,0,0,22.213335,134,203,269,376,2884,1230,866,924,1157,381,2883,1228
1686677392,0,1,0,0,22.213335,135,203,269,377,2891,1232,867,927,1159,381,2890,1234
1686677397,0,1,0,0,22.213335,135,203,270,379,2905,1248,870,928,1163,383,2902,1244
1686677402,0,1,1,0,359.069152,2881,7001,9722,18732,65535,7186,29796,40132,51724,30477,65535,7260
1686677407,0,1,1,0,390.426666,3166,7662,10678,20063,65535,7734,31956,43447,55733,32939,65535,7760
1686677412,0,1,1,0,395.681549,3242,7846,10960,20387,65535,7878,32557,44425,56898,33663,65535,7892
1686677417,0,1,1,0,403.480987,3278,7931,11096,20540,65535,7938,32838,44907,57395,33923,65535,7948
1686677422,0,1,1,0,407.384124,3301,7983,11181,20629,65535,7996,33007,45159,57701,34139,65535,8006
1686677427,0,1,1,0,407.384124,3319,8017,11239,20688,65535,8058,33148,45352,57931,34271,65535,8070
1686677432,0,1,1,0,404.838012,3326,8036,11271,20730,65535,8068,33234,45488,58074,34362,65535,8078
1686677437,0,1,1,0,404.838012,3337,8061,11304,20769,65535,8072,33298,45601,58230,34441,65535,8084
1686677442,0,1,1,0,404.838012,3341,8073,11326,20795,65535,8112,33358,45668,58283,34496,65535,8120
1686677447,0,1,1,0,408.734924,3348,8088,11349,20821,65535,8122,33397,45740,58373,34546,65535,8134
1686677452,0,1,1,0,408.734924,3352,8095,11360,20837,65535,8114,33427,45800,58423,34586,65535,8120
1686677457,0,1,1,0,408.734924,3353,8105,11377,20854,65535,8106,33458,45867,58506,34634,65535,8120
1686677462,0,1,1,0,408.734924,3359,8115,11391,20876,65535,8137,33509,45903,58543,34663,65535,8150
1686677467,0,1,1,0,408.734924,3363,8120,11415,20889,65535,8170,33551,45971,58625,34708,65535,8186
1686677472,0,1,1,0,412.634063,3370,8134,11423,20914,65535,8202,33563,46015,58662,34737,65535,8208
1686677477,0,1,1,0,412.634063,3368,8140,11436,20912,65535,8180,33613,46050,58705,34769,65535,8194
1686677482,0,1,1,0,412.634063,3375,8145,11446,20935,65535,8186,33619,46096,58779,34776,65535,8192
1686677487,0,1,1,0,412.634063,3373,8151,11449,20943,65535,8172,33661,46109,58790,34820,65535,8182
1686677492,0,1,1,0,412.634063,3378,8156,11462,20944,65535,8140,33665,46155,58820,34836,65535,8154
1686677497,0,1,1,0,412.634063,3382,8164,11474,20960,65535,8198,33666,46175,58868,34838,65535,8214
1686677502,0,1,1,0,412.634063,3384,8171,11483,20989,65535,8224,33668,46204,58890,34877,65535,8240
1686677507,0,1,1,0,412.634063,3386,8176,11499,20992,65535,8236,33670,46247,58925,34909,65535,8242
1686677512,0,1,1,0,412.634063,3391,8183,11508,21006,65535,8216,33677,46267,58950,34904,65535,8222
1686677517,0,1,1,0,412.634063,3391,8185,11510,21011,65535,8174,33694,46294,58979,34936,65535,8174
1686677522,0,1,1,0,412.634063,3394,8192,11521,21018,65535,8174,33692,46348,59029,34961,65535,8182
1686677527,0,1,1,0,416.535461,3399,8201,11533,21037,65535,8250,33748,46366,59062,34983,65535,8252
1686677532,0,1,1,0,412.634063,3401,8206,11539,21036,65535,8250,33744,46390,59076,35001,65535,8258
1686677537,0,1,1,0,416.535461,3401,8209,11549,21051,65535,8226,33785,46431,59115,35026,65535,8236
1686677542,0,1,1,0,416.535461,3404,8217,11557,21069,65535,8258,33814,46461,59202,35052,65535,8270
1686677547,0,1,1,0,416.535461,3407,8220,11566,21080,65535,8312,33832,46476,59218,35080,65535,8328
1686677552,0,1,1,0,416.535461,3413,8227,11579,21089,65535,8404,33853,46519,59251,35081,65535,8418
1686677557,0,1,1,0,420.439025,3414,8234,11585,21101,65535,8407,33849,46522,59247,35109,65535,8416
1686677562,0,1,1,0,420.439025,3418,8239,11592,21109,65535,8402,33899,46562,59300,35125,65535,8406
1686677567,0,1,1,0,420.439025,3419,8241,11603,21111,65535,8386,33903,46588,59313,35129,65535,8394
1686677572,0,1,1,0,420.439025,3417,8249,11604,21103,65535,8370,33920,46604,59340,35142,65535,8380
1686677577,0,1,1,0,420.439025,3420,8252,11613,21122,65535,8390,33934,46638,59373,35175,65535,8400
1686677582,0,1,1,0,413.995574,3423,8257,11619,21122,65535,8393,33939,46673,59395,35185,65535,8400
1686677587,0,1,1,0,413.995574,3426,8258,11628,21129,65535,8406,33977,46692,59471,35208,65535,8418
1686677592,0,1,1,0,413.995574,3425,8260,11630,21143,65535,8384,33973,46687,59461,35220,65535,8394
1686677597,0,1,1,0,413.995574,3426,8263,11637,21155,65535,8382,33995,46720,59466,35237,65535,8392
1686677602,0,1,1,0,413.995574,3430,8269,11647,21147,65535,8395,34013,46757,59499,35254,65535,8410
1686677607,0,1,1,0,413.995574,3436,8278,11657,21175,65535,8458,34031,46784,59520,35266,65535,8470
1686677612,0,1,1,0,413.995574,3439,8282,11661,21172,65535,8488,34048,46805,59576,35290,65535,8500
1686677617,0,1,1,0,417.890899,3439,8283,11669,21191,65535,8496,34066,46836,59603,35312,65535,8504
1686677622,0,1,1,0,417.890899,3444,8287,11678,21185,65535,8544,34080,46844,59624,35305,65535,8554
1686677627,0,1,1,0,417.890899,3446,8293,11683,21203,65535,8556,34096,46873,59632,35327,65535,8568
1686677632,0,1,1,0,417.890899,3445,8296,11686,21207,65535,8550,34102,46884,59642,35351,65535,8564
1686677637,0,1,1,0,417.890899,3445,8298,11693,21216,65535,8544,34090,46882,59665,35357,65535,8553
1686677642,0,1,1,0,417.890899,3448,8302,11695,21221,65535,8546,34116,46888,59681,35355,65535,8560
1686677647,0,1,1,0,417.890899,3449,8311,11703,21218,65535,8566,34137,46944,59686,35382,65535,8572
1686677652,0,1,1,0,417.890899,3452,8311,11716,21229,65535,8570,34157,46961,59748,35403,65535,8584
1686677657,0,1,1,0,417.890899,3453,8312,11718,21232,65535,8568,34141,46971,59770,35413,65535,8574
1686677662,0,1,1,0,417.890899,3451,8311,11713,21231,65535,8506,34163,46971,59737,35391,65535,8518
1686677667,0,1,1,0,417.890899,3453,8321,11725,21237,65535,8538,34177,47011,59773,35431,65535,8550
1686677672,0,1,1,0,421.788421,3454,8315,11726,21244,65535,8528,34162,46995,59770,35406,65535,8536
1686677677,0,1,1,0,417.890899,3455,8322,11732,21255,65535,8518,34185,47023,59778,35434,65535,8530
1686677682,0,1,1,0,417.890899,3457,8327,11738,21261,65535,8560,34194,47057,59814,35466,65535,8572
1686677687,0,1,1,0,417.890899,3462,8330,11740,21257,65535,8582,34205,47078,59828,35471,65535,8598
1686677692,0,1,1,0,421.788421,3459,8334,11750,21260,65535,8596,34215,47089,59881,35482,65535,8606
1686677697,0,1,1,0,421.788421,3464,8339,11760,21284,65535,8612,34242,47108,59859,35490,65535,8626
1686677702,0,1,0,0,19.992000,151,221,290,407,3214,1559,901,963,1198,423,3214,1560
1686677707,0,1,0,0,19.992000,148,219,287,404,3175,1516,897,958,1195,418,3170,1512
1686677712,0,1,0,0,19.992000,148,218,286,401,3143,1483,896,955,1191,415,3145,1480
1686677717,0,1,0,0,16.319999,146,216,284,399,3113,1448,891,952,1187,412,3111,1446
1686677722,0,1,0,0,16.319999,143,213,281,394,3061,1392,887,946,1182,405,3059,1388
1686677727,0,1,0,0,16.319999,143,212,280,393,3047,1376,886,946,1182,404,3047,1374
1686677732,0,1,0,0,16.319999,143,213,282,395,3064,1392,888,948,1184,407,3063,1392
1686677737,0,1,0,0,16.319999,143,213,282,395,3065,1396,888,948,1183,407,3065,1396
1686677742,0,1,0,0,16.319999,146,216,284,400,3116,1452,891,953,1189,412,3118,1456
1686677747,0,1,0,0,19.992000,147,219,285,401,3147,1486,896,956,1193,416,3149,1488
1686677752,0,1,0,0,19.992000,148,217,286,401,3146,1486,895,957,1190,417,3147,1488
1686677757,0,1,0,0,19.992000,147,217,285,401,3146,1490,894,955,1191,416,3149,1488
1686677762,0,1,0,0,19.992000,148,218,287,403,3156,1488,895,958,1195,418,3154,1488
1686677767,0,1,0,0,19.992000,148,219,287,404,3168,1504,898,959,1195,419,3168,1504
1686677772,0,1,0,0,19.992000,148,218,287,403,3164,1504,896,958,1193,418,3164,1504
1686677777,0,1,0,0,19.992000,148,219,287,403,3165,1508,895,958,1192,417,3164,1506
1686677782,0,1,0,0,19.992000,148,218,286,401,3145,1484,894,955,1191,415,3144,1482
1686677787,0,1,0,0,19.992000,148,219,287,403,3166,1506,896,958,1192,418,3168,1510
1686677792,0,1,0,0,19.992000,149,220,288,404,3182,1524,898,959,1195,419,3183,1526
1686677797,0,1,0,0,19.992000,150,221,290,406,3208,1552,901,963,1197,422,3210,1554
1686677802,0,1,0,0,19.992000,151,220,290,408,3217,1564,900,963,1198,424,3216,1564
1686677807,0,1,0,0,19.992000,150,220,289,406,3206,1552,900,961,1196,422,3203,1550
1686677812,0,1,0,0,19.992000,150,220,289,406,3205,1550,899,961,1197,423,3205,1552
1686677817,0,1,0,0,19.992000,151,222,289,407,3215,1563,901,962,1198,424,3217,1566
1686677822,0,1,0,0,19.992000,151,222,291,408,3231,1577,901,965,1200,426,3231,1576
1686677827,0,1,0,0,19.992000,151,222,291,410,3234,1580,902,964,1199,426,3232,1576
1686677832,0,1,0,0,19.992000,151,221,291,407,3215,1558,900,962,1198,424,3212,1556
1686677837,0,1,0,0,19.992000,150,221,290,407,3211,1552,900,962,1198,423,3212,1552
1686677842,0,1,0,0,19.992000,150,221,290,407,3215,1560,899,962,1197,424,3214,1560
1686677847,0,1,0,0,19.992000,150,220,289,407,3203,1546,899,961,1197,423,3202,1548
1686677852,0,1,0,0,19.992000,150,221,290,407,3205,1550,899,961,1198,424,3206,1548
1686677857,0,1,0,0,19.992000,151,221,291,408,3221,1566,900,962,1198,425,3220,1565
1686677862,0,1,0,0,19.992000,152,222,292,410,3237,1576,904,966,1201,429,3240,1578
1686677867,0,1,0,0,19.992000,153,222,293,411,3247,1584,904,966,1202,429,3249,1588
1686677872,0,1,0,0,19.992000,152,222,292,410,3235,1576,903,966,1201,429,3236,1576
1686677877,0,1,0,0,19.992000,152,222,291,409,3229,1570,902,964,1201,427,3228,1567
1686677882,0,1,0,0,19.992000,149,220,289,406,3178,1508,899,960,1197,422,3172,1504
1686677887,0,1,0,0,19.992000,150,220,289,407,3199,1534,900,962,1198,425,3204,1538
1686677892,0,1,0,0,19.992000,152,223,292,411,3242,1582,904,966,1203,430,3246,1586
1686677897,0,1,0,0,19.992000,153,224,294,412,3261,1596,906,969,1205,433,3259,1598
1686677902,0,1,0,0,19.992000,153,225,293,413,3269,1612,906,967,1205,432,3268,1612
1686677907,0,1,0,0,19.992000,154,224,294,413,3273,1616,905,968,1204,432,3271,1614
1686677912,0,1,0,0,19.992000,153,224,294,412,3263,1603,905,968,1205,431,3265,1606
1686677917,0,1,0,0,19.992000,153,224,294,412,3260,1598,906,968,1205,431,3264,1600
1686677922,0,1,0,0,19.992000,153,224,294,413,3266,1606,907,969,1206,433,3267,1602
1686677927,0,1,0,0,19.992000,153,223,293,411,3255,1594,904,967,1205,431,3254,1592
1686677932,0,1,0,0,19.992000,151,222,291,410,3235,1568,910,973,1212,431,3249,1572
1686677937,0,1,0,0,19.992000,151,223,293,411,3227,1544,909,971,1212,429,3227,1540
1686677942,0,1,0,0,19.992000,151,222,292,410,3221,1536,908,971,1212,428,3221,1538
1686677947,0,1,0,0,19.992000,152,223,294,413,3244,1560,911,974,1215,431,3243,1560
1686677952,0,1,0,0,19.992000,152,223,294,414,3251,1566,912,976,1215,432,3252,1568
1686677957,0,1,0,0,19.992000,154,226,296,416,3290,1610,915,979,1218,436,3295,1616
1686677962,0,1,0,0,19.992000,157,229,299,421,3346,1674,920,984,1224,442,3348,1676
1686677967,0,1,0,0,19.992000,158,230,301,422,3365,1692,923,987,1227,444,3366,1694
1686677972,0,1,0,0,19.992000,158,229,300,422,3362,1692,923,985,1225,443,3361,1688
1686677977,0,1,0,0,19.992000,153,225,295,416,3280,1600,914,978,1219,435,3277,1596
1686677982,0,1,0,0,19.992000,152,223,293,413,3243,1556,912,975,1215,431,3244,1556
1686677987,0,1,0,0,19.992000,154,226,296,416,3279,1596,916,978,1219,436,3284,1600
1686677992,0,1,0,0,19.992000,156,227,297,418,3308,1624,917,982,1221,437,3306,1622
1686677997,0,1,0,0,19.992000,153,224,295,415,3263,1576,913,977,1216,433,3260,1574
1686678002,0,1,0,0,19.992000,154,226,296,416,3284,1596,916,980,1221,436,3288,1602
1686678007,0,1,0,0,19.992000,159,230,301,424,3371,1688,926,990,1230,446,3377,1696
1686678012,0,1,0,0,19.992000,161,233,305,428,3422,1744,929,993,1235,450,3423,1744
1686678017,0,1,0,0,19.992000,159,231,302,425,3392,1712,925,990,1231,446,3386,1706
1686678022,0,1,0,0,19.992000,157,229,299,422,3345,1658,922,986,1227,442,3342,1656
1686678027,0,1,0,0,19.992000,155,227,297,419,3309,1619,920,982,1224,439,3307,1616
1686678032,0,1,0,0,19.992000,153,225,295,415,3265,1568,914,978,1218,434,3261,1566
1686678037,0,1,0,0,19.992000,152,223,294,414,3239,1542,913,976,1216,431,3238,1540
1686678042,0,1,0,0,19.992000,148,220,291,407,3174,1468,908,970,1211,424,3168,1464
1686678047,0,1,0,0,19.992000,147,218,289,406,3148,1438,906,967,1208,421,3147,1438
1686678052,0,1,0,0,16.319999,145,216,287,402,3109,1396,901,963,1203,417,3105,1392
1686678057,0,1,0,0,16.319999,145,216,286,401,3092,1378,901,963,1204,417,3099,1382
1686678062,0,1,0,0,19.992000,149,220,290,408,3173,1464,909,971,1211,426,3181,1470
1686678067,0,1,0,0,19.992000,149,220,291,409,3181,1472,908,970,1210,425,3174,1466
1686678072,0,1,0,0,16.319999,143,215,286,401,3083,1364,899,961,1202,415,3078,1362
1686678077,0,1,0,0,16.319999,143,214,285,399,3062,1346,898,960,1200,413,3065,1346
1686678082,0,1,0,0,16.319999,144,215,285,400,3077,1360,900,961,1202,415,3079,1359
1686678087,0,1,0,0,16.319999,147,218,288,405,3127,1415,905,968,1208,422,3135,1420
1686678092,0,1,0,0,19.992000,152,223,294,414,3243,1542,914,978,1219,434,3247,1546
1686678097,0,1,0,0,19.992000,154,226,297,418,3291,1594,920,983,1223,439,3297,1598
1686678102,0,1,0,0,19.992000,157,229,300,422,3340,1648,922,987,1227,443,3337,1644
1686678107,0,1,0,0,19.992000,156,227,299,420,3324,1630,922,985,1227,442,3323,1632
1686678112,0,1,0,0,19.992000,156,228,299,420,3325,1634,922,986,1226,442,3325,1632
1686678117,0,1,0,0,19.992000,153,225,296,415,3261,1560,916,980,1219,434,3254,1552
1686678122,0,1,0,0,19.992000,151,223,294,413,3227,1524,914,976,1218,431,3228,1524
1686678127,0,1,0,0,19.992000,151,222,293,412,3211,1504,913,975,1217,430,3206,1500
1686678132,0,1,0,0,19.992000,147,219,290,408,3157,1440,909,971,1211,424,3155,1438
1686678137,0,1,0,0,19.992000,147,219,291,407,3156,1440,908,969,1211,424,3152,1436
1686678142,0,1,0,0,19.992000,147,219,290,408,3157,1440,909,971,1212,425,3164,1448
1686678147,0,1,0,0,19.992000,148,219,290,408,3153,1436,908,970,1211,424,3151,1432
1686678152,0,1,0,0,19.992000,148,219,290,409,3164,1448,910,971,1213,426,3164,1448
1686678157,0,1,0,0,16.319999,150,221,292,410,3184,1472,911,973,1215,428,3187,1472
1686678162,0,1,0,0,19.992000,150,221,293,412,3208,1494,913,975,1218,432,3213,1502
1686678167,0,1,0,0,19.992000,153,225,297,417,3271,1568,920,982,1224,438,3278,1570
1686678172,0,1,0,0,19.992000,155,227,300,421,3314,1616,922,986,1228,442,3321,1622
1686678177,0,1,0,0,19.992000,157,229,301,424,3342,1646,925,989,1230,445,3340,1644
1686678182,0,1,0,0,19.992000,156,228,299,421,3319,1622,923,986,1227,442,3316,1622
1686678187,0,1,0,0,19.992000,155,228,299,420,3312,1614,921,985,1226,442,3310,1612
1686678192,0,1,0,0,19.992000,155,226,298,419,3294,1592,920,984,1225,441,3298,1596
1686678197,0,1,0,0,19.992000,155,227,299,420,3307,1608,921,986,1226,442,3311,1610
1686678202,0,1,0,0,19.992000,156,228,300,422,3329,1628,923,987,1229,445,3327,1627
1686678207,0,1,0,0,19.992000,156,228,300,422,3333,1636,924,988,1229,445,3332,1636
1686678212,0,1,0,0,19.992000,155,227,298,419,3304,1600,922,985,1227,442,3304,1600
1686678217,0,1,0,0,19.992000,156,228,299,421,3317,1610,923,989,1229,443,3319,1614
1686678222,0,1,0,0,19.992000,157,230,303,425,3353,1652,927,991,1234,449,3357,1652
1686678227,0,1,0,0,19.992000,159,231,303,426,3374,1670,928,994,1235,450,3372,1670
1686678232,0,1,0,0,19.992000,159,230,301,424,3363,1674,922,988,1228,449,3363,1674
1686678237,0,1,0,0,19.992000,159,231,304,427,3386,1684,930,994,1236,452,3386,1684
1686678242,0,1,0,0,19.992000,159,232,304,428,3390,1688,930,995,1238,452,3389,1688
1686678247,0,1,0,0,19.992000,159,231,304,427,3380,1676,929,993,1236,452,3380,1676
1686678252,0,1,0,0,19.992000,158,231,303,427,3378,1676,928,993,1236,452,3379,1676
1686678257,0,1,0,0,19.992000,158,230,303,425,3366,1666,927,992,1234,450,3368,1666
1686678262,0,1,0,0,19.992000,159,231,303,426,3375,1676,928,992,1235,451,3377,1676
1686678267,0,1,0,0,19.992000,159,231,303,428,3387,1688,928,993,1235,452,3386,1686
1686678272,0,1,0,0,19.992000,159,231,304,427,3383,1686,927,992,1235,452,3380,1684
1686678277,0,1,0,0,19.992000,158,230,302,425,3360,1660,926,991,1233,450,3364,1664
1686678282,0,1,0,0,19.992000,159,231,303,427,3382,1682,929,994,1237,452,3383,1684
1686678287,0,1,0,0,19.992000,159,231,304,427,3389,1686,930,995,1237,454,3388,1688
1686678292,0,1,0,0,19.992000,158,230,303,426,3362,1658,927,992,1235,450,3361,1656
1686678297,0,1,0,0,19.992000,158,230,302,425,3361,1659,927,992,1234,450,3363,1661
1686678302,0,1,1,0,360.419158,2916,7050,9781,18822,65535,7650,29918,40279,51893,30606,65535,7724
1686678307,0,1,1,0,391.785278,3196,7708,10735,20149,65535,8198,32067,43605,55907,33063,65535,8220
1686678312,0,1,1,0,403.480987,3274,7893,11018,20470,65535,8344,32658,44557,57015,33712,65535,8358
1686678317,0,1,1,0,404.838012,3313,7979,11157,20626,65535,8435,32963,45048,57559,34088,65535,8444
1686678322,0,1,1,0,404.838012,3333,8028,11237,20718,65535,8452,33137,45325,57887,34276,65535,8466
1686678327,0,1,1,0,408.734924,3347,8058,11287,20758,65535,8504,33247,45499,58083,34403,65535,8514
1686678332,0,1,1,0,408.734924,3357,8085,11335,20802,65535,8506,33320,45617,58231,34470,65535,8518
1686678337,0,1,1,0,412.634063,3366,8103,11355,20842,65535,8524,33424,45738,58394,34564,65535,8534
1686678342,0,1,1,0,412.634063,3370,8122,11381,20872,65535,8534,33476,45815,58452,34629,65535,8548
1686678347,0,1,1,0,412.634063,3377,8126,11400,20892,65535,8552,33515,45876,58546,34672,65535,8558
1686678352,0,1,1,0,412.634063,3381,8141,11416,20908,65535,8560,33538,45944,58617,34698,65535,8572
1686678357,0,1,1,0,416.535461,3386,8151,11434,20928,65535,8540,33593,45994,58669,34729,65535,8544
1686678362,0,1,1,0,416.535461,3388,8156,11448,20940,65535,8542,33609,46065,58697,34783,65535,8556
1686678367,0,1,1,0,410.102569,3389,8163,11461,20968,65535,8548,33662,46101,58779,34819,65535,8548
1686678372,0,1,1,0,410.102569,3398,8176,11480,20980,65535,8584,33665,46155,58815,34845,65535,8604
1686678377,0,1,1,0,410.102569,3395,8177,11486,20989,65535,8556,33666,46177,58863,34855,65535,8566
1686678382,0,1,1,0,416.535461,3398,8181,11488,20996,65535,8492,33667,46209,58885,34877,65535,8498
1686678387,0,1,1,0,416.535461,3396,8184,11500,21005,65535,8438,33670,46241,58913,34899,65535,8450
1686678392,0,1,1,0,410.102569,3406,8195,11516,21022,65535,8544,33673,46262,58960,34911,65535,8548
1686678397,0,1,1,0,410.102569,3404,8202,11522,21030,65535,8524,33691,46299,58967,34968,65535,8536
1686678402,0,1,1,0,410.102569,3409,8210,11537,21050,65535,8508,33720,46345,59057,34979,65535,8500
1686678407,0,1,1,0,416.535461,3400,8206,11533,21039,65535,8324,33724,46345,59055,34959,65535,8330
1686678412,0,1,1,0,416.535461,3402,8212,11541,21044,65535,8300,33772,46389,59108,34983,65535,8300
1686678417,0,1,1,0,416.535461,3407,8217,11558,21064,65535,8350,33800,46433,59167,35038,65535,8366
1686678422,0,1,1,0,420.439025,3412,8226,11564,21077,65535,8410,33806,46461,59175,35057,65535,8422
1686678427,0,1,1,0,420.439025,3411,8230,11573,21083,65535,8364,33830,46483,59212,35071,65535,8370
1686678432,0,1,1,0,420.439025,3414,8232,11578,21082,65535,8332,33845,46523,59239,35089,65535,8342
1686678437,0,1,1,0,420.439025,3417,8237,11585,21086,65535,8326,33855,46520,59247,35108,65535,8332
1686678442,0,1,1,0,420.439025,3417,8243,11592,21109,65535,8386,33892,46541,59285,35122,65535,8399
1686678447,0,1,1,0,413.995574,3420,8245,11601,21131,65535,8402,33899,46594,59347,35149,65535,8418
1686678452,0,1,1,0,413.995574,3422,8250,11615,21126,65535,8422,33942,46626,59369,35163,65535,8438
1686678457,0,1,1,0,413.995574,3424,8254,11615,21123,65535,8422,33954,46630,59353,35180,65535,8426
1686678462,0,1,1,0,413.995574,3424,8258,11620,21143,65535,8383,33949,46665,59409,35195,65535,8392
1686678467,0,1,1,0,413.995574,3428,8265,11634,21166,65535,8428,33968,46695,59411,35200,65535,8442
1686678472,0,1,1,0,413.995574,3425,8262,11632,21150,65535,8395,33992,46728,59449,35226,65535,8404
1686678477,0,1,1,0,413.995574,3431,8271,11644,21165,65535,8456,34013,46747,59474,35244,65535,8468
1686678482,0,1,1,0,417.890899,3436,8280,11648,21177,65535,8520,34033,46775,59500,35267,65535,8530
1686678487,0,1,1,0,417.890899,3442,8284,11666,21187,65535,8549,34028,46781,59522,35285,65535,8558
1686678492,0,1,1,0,417.890899,3441,8289,11669,21195,65535,8574,34062,46802,59550,35302,65535,8582
1686678497,0,1,1,0,417.890899,3442,8293,11675,21205,65535,8562,34057,46836,59584,35317,65535,8562
1686678502,0,1,1,0,417.890899,3447,8297,11678,21212,65535,8604,34091,46849,59632,35315,65535,8616
1686678507,0,1,1,0,417.890899,3446,8300,11691,21220,65535,8600,34088,46875,59647,35349,65535,8598
1686678512,0,1,1,0,417.890899,3445,8299,11690,21214,65535,8500,34089,46889,59631,35347,65535,8506
1686678517,0,1,1,0,417.890899,3439,8298,11693,21219,65535,8380,34117,46902,59665,35351,65535,8384
1686678522,0,1,1,0,417.890899,3443,8301,11703,21210,65535,8334,34115,46925,59701,35366,65535,8350
1686678527,0,1,1,0,417.890899,3443,8304,11707,21226,65535,8399,34150,46956,59730,35392,65535,8416
1686678532,0,1,1,0,417.890899,3449,8310,11708,21241,65535,8460,34132,46945,59720,35400,65535,8478
1686678537,0,1,1,0,417.890899,3453,8317,11726,21257,65535,8538,34159,46982,59753,35410,65535,8554
1686678542,0,1,1,0,421.788421,3456,8322,11731,21259,65535,8612,34171,47003,59815,35433,65535,8622
1686678547,0,1,1,0,417.890899,3456,8326,11734,21261,65535,8540,34178,47040,59809,35461,65535,8550
1686678552,0,1,1,0,421.788421,3462,8328,11739,21268,65535,8644,34214,47062,59851,35459,65535,8650
1686678557,0,1,1,0,421.788421,3460,8330,11740,21270,65535,8574,34214,47054,59865,35466,65535,8583
1686678562,0,1,1,0,417.890899,3458,8332,11744,21273,65535,8518,34218,47054,59878,35478,65535,8526
1686678567,0,1,1,0,417.890899,3457,8332,11748,21271,65535,8484,34218,47076,59861,35472,65535,8494
1686678572,0,1,1,0,421.788421,3463,8340,11758,21285,65535,8578,34230,47122,59901,35506,65535,8590
1686678577,0,1,1,0,421.788421,3462,8339,11760,21288,65535,8574,34258,47119,59913,35513,65535,8584
1686678582,0,1,1,0,421.788421,3464,8343,11764,21292,65535,8550,34248,47141,59932,35521,65535,8560
1686678587,0,1,1,0,421.788421,3461,8339,11764,21291,65535,8464,34274,47145,59946,35521,65535,8466
1686678592,0,1,1,0,417.890899,3457,8341,11767,21295,65535,8384,34249,47152,59938,35517,65535,8392
1686678597,0,1,1,0,417.890899,3457,8341,11771,21292,65535,8342,34282,47166,59965,35527,65535,8350
1686678602,0,1,0,0,16.319999,141,213,284,400,3027,1278,900,962,1208,421,3027,1280
1686678607,0,1,0,0,22.213335,143,214,287,403,3068,1322,904,967,1212,425,3067,1322
1686678612,0,1,0,0,19.992000,146,217,290,408,3131,1388,910,974,1219,432,3135,1396
1686678617,0,1,0,0,19.992000,147,219,291,411,3163,1422,913,977,1222,436,3164,1424
1686678622,0,1,0,0,19.992000,147,219,291,410,3153,1414,911,975,1220,434,3147,1408
1686678627,0,1,0,0,16.319999,145,216,289,407,3113,1370,908,971,1217,430,3114,1372
1686678632,0,1,0,0,19.992000,147,219,290,409,3149,1412,910,974,1220,433,3147,1410
1686678637,0,1,0,0,19.992000,145,217,290,407,3123,1384,908,972,1216,431,3120,1380
1686678642,0,1,0,0,19.992000,145,218,289,407,3126,1384,908,972,1217,431,3122,1380
1686678647,0,1,0,0,19.992000,146,218,290,410,3136,1384,913,976,1223,435,3135,1384
1686678652,0,1,0,0,16.319999,148,220,292,412,3171,1430,914,979,1224,437,3176,1434
1686678657,0,1,0,0,19.992000,149,221,293,414,3191,1454,916,980,1226,440,3190,1454
1686678662,0,1,0,0,19.992000,149,221,295,415,3206,1466,917,982,1228,442,3211,1470
1686678667,0,1,0,0,19.992000,152,224,297,419,3263,1531,922,988,1233,447,3263,1534
1686678672,0,1,0,0,19.992000,153,224,297,420,3276,1549,922,989,1235,448,3280,1554
1686678677,0,1,0,0,19.992000,154,226,299,422,3302,1578,925,990,1236,451,3303,1578
1686678682,0,1,0,0,19.992000,152,224,297,419,3260,1530,921,985,1232,447,3253,1522
1686678687,0,1,0,0,19.992000,147,217,290,408,3139,1400,909,973,1219,432,3131,1392
1686678692,0,1,0,0,19.992000,145,217,289,407,3122,1382,907,971,1214,430,3118,1380
1686678697,0,1,0,0,19.992000,145,216,288,406,3111,1368,907,971,1216,430,3109,1366
1686678702,0,1,0,0,19.992000,145,216,289,408,3122,1380,909,972,1219,432,3122,1380
1686678707,0,1,0,0,19.992000,145,216,289,407,3119,1370,911,973,1220,432,3122,1376
1686678712,0,1,0,0,19.992000,146,216,289,407,3121,1373,908,972,1219,432,3117,1372
1686678717,0,1,0,0,16.319999,143,214,286,403,3067,1316,903,966,1212,426,3062,1310
1686678722,0,1,0,0,16.319999,140,210,282,398,3009,1254,899,961,1207,420,3007,1254
1686678727,0,1,0,0,16.319999,139,210,282,397,2993,1236,897,960,1205,418,2993,1236
1686678732,0,1,0,0,22.213335,138,209,281,396,2978,1220,896,958,1204,417,2976,1218
1686678737,0,1,0,0,22.213335,137,209,280,396,2969,1212,896,958,1205,417,2974,1216
1686678742,0,1,0,0,22.213335,138,209,281,396,2975,1218,896,958,1204,417,2974,1214
1686678747,0,1,0,0,22.213335,137,208,280,394,2951,1190,895,957,1204,415,2953,1190
1686678752,0,1,0,0,22.213335,137,207,280,394,2960,1202,895,957,1202,415,2956,1196
1686678757,0,1,0,0,22.213335,136,208,279,393,2949,1190,893,956,1203,414,2951,1188
1686678762,0,1,0,0,22.213335,136,207,278,392,2936,1174,892,955,1202,413,2939,1174
1686678767,0,1,0,0,22.213335,134,204,276,389,2893,1128,887,949,1195,407,2888,1124
1686678772,0,1,0,0,22.213335,132,201,273,386,2854,1086,884,946,1191,404,2852,1086
1686678777,0,1,0,0,22.213335,130,201,273,383,2829,1060,883,943,1190,402,2830,1062
1686678782,0,1,0,0,22.213335,131,202,273,385,2849,1080,884,946,1193,404,2849,1082
1686678787,0,1,0,0,22.213335,132,202,274,386,2860,1092,884,947,1192,405,2864,1094
1686678792,0,1,0,0,22.213335,131,202,273,385,2845,1078,884,945,1190,403,2844,1074
1686678797,0,1,0,0,22.213335,131,200,272,383,2822,1052,882,944,1189,401,2823,1050
1686678802,0,1,0,0,22.213335,130,200,272,383,2820,1048,882,943,1189,401,2821,1046
1686678807,0,1,0,0,18.360000,129,200,272,382,2814,1040,882,943,1189,400,2814,1040
1686678812,0,1,0,0,22.213335,129,200,271,381,2802,1030,880,940,1187,399,2801,1028
1686678817,0,1,0,0,22.213335,129,199,269,380,2785,1014,879,939,1186,397,2783,1014
1686678822,0,1,0,0,22.213335,127,198,268,378,2767,994,877,937,1182,395,2766,994
1686678827,0,1,0,0,22.213335,129,200,271,380,2787,1018,879,940,1187,398,2792,1022
1686678832,0,1,0,0,22.213335,130,200,270,382,2806,1036,880,943,1188,400,2808,1038
1686678837,0,1,0,0,22.213335,130,200,271,382,2819,1048,881,943,1189,401,2817,1049
1686678842,0,1,0,0,22.213335,129,200,272,382,2817,1050,881,942,1189,400,2819,1048
1686678847,0,1,0,0,22.213335,130,201,271,383,2825,1054,882,943,1189,401,2821,1054
1686678852,0,1,0,0,22.213335,130,200,271,382,2816,1048,881,941,1188,400,2816,1046
1686678857,0,1,0,0,22.213335,129,200,270,381,2800,1032,880,941,1186,399,2802,1034
1686678862,0,1,0,0,22.213335,130,201,271,383,2824,1054,882,943,1189,401,2825,1056
1686678867,0,1,0,0,22.213335,131,201,273,384,2834,1066,883,945,1191,403,2839,1070
1686678872,0,1,0,0,22.213335,133,203,274,387,2872,1108,887,948,1194,406,2873,1108
1686678877,0,1,0,0,22.213335,133,203,274,387,2874,1108,885,949,1193,406,2872,1106
1686678882,0,1,0,0,22.213335,132,203,275,387,2871,1106,885,948,1193,406,2872,1108
1686678887,0,1,0,0,22.213335,133,204,275,387,2880,1116,888,949,1194,408,2880,1114
1686678892,0,1,0,0,22.213335,133,203,275,387,2878,1112,887,949,1195,408,2883,1116
1686678897,0,1,0,0,22.213335,133,204,276,388,2886,1118,888,950,1196,407,2884,1116
1686678902,0,1,0,0,22.213335,132,203,274,387,2866,1096,886,949,1196,406,2868,1098
1686678907,0,1,0,0,22.213335,133,203,275,387,2864,1094,886,948,1194,406,2864,1094
1686678912,0,1,0,0,22.213335,132,202,274,386,2856,1086,886,948,1193,406,2856,1088
1686678917,0,1,0,0,22.213335,130,200,272,384,2828,1058,883,944,1190,402,2827,1056
1686678922,0,1,0,0,22.213335,131,201,274,384,2840,1064,885,946,1192,404,2840,1066
1686678927,0,1,0,0,22.213335,132,202,274,386,2859,1082,888,949,1196,407,2862,1088
1686678932,0,1,0,0,22.213335,133,203,275,388,2874,1100,887,949,1196,408,2874,1100
1686678937,0,1,0,0,22.213335,133,204,276,388,2879,1104,888,950,1196,409,2875,1102
1686678942,0,1,0,0,22.213335,134,205,276,390,2897,1122,890,953,1200,412,2900,1124
1686678947,0,1,0,0,22.213335,134,205,276,390,2895,1122,889,954,1199,411,2892,1118
1686678952,0,1,0,0,22.213335,136,208,279,394,2949,1178,894,957,1204,417,2942,1170
1686678957,0,1,0,0,22.213335,135,205,278,393,2923,1142,895,959,1207,415,2926,1146
1686678962,0,1,0,0,22.213335,137,208,281,396,2962,1184,899,963,1212,420,2966,1186
1686678967,0,1,0,0,22.213335,134,205,277,391,2902,1116,894,957,1205,413,2898,1112
1686678972,0,1,0,0,22.213335,138,208,281,397,2972,1192,901,966,1214,423,2982,1200
1686678977,0,1,0,0,22.213335,136,208,279,395,2944,1160,898,960,1209,417,2938,1154
1686678982,0,1,0,0,22.213335,133,203,276,389,2870,1080,891,954,1202,410,2867,1076
1686678987,0,1,0,0,22.213335,132,203,276,389,2862,1074,891,955,1203,409,2866,1072
1686678992,0,1,0,0,22.213335,133,205,277,391,2888,1096,894,958,1207,413,2891,1098
1686678997,0,1,0,0,22.213335,131,202,274,387,2849,1060,889,951,1201,409,2850,1060
1686679002,0,1,0,0,22.213335,130,202,274,385,2828,1036,887,948,1197,406,2827,1038
1686679007,0,1,0,0,22.213335,131,202,274,387,2845,1052,889,951,1201,408,2846,1052
1686679012,0,1,0,0,22.213335,132,204,276,390,2876,1080,891,954,1202,410,2863,1070
1686679017,0,1,0,0,22.213335,131,202,274,386,2838,1040,889,952,1200,408,2838,1040
1686679022,0,1,0,0,22.213335,132,204,276,389,2860,1061,891,954,1202,411,2859,1062
1686679027,0,1,0,0,22.213335,132,203,276,389,2860,1058,892,954,1203,411,2855,1056
1686679032,0,1,0,0,22.213335,130,201,274,386,2824,1024,888,950,1199,408,2825,1024
1686679037,0,1,0,0,22.213335,131,204,275,388,2849,1054,889,952,1202,411,2854,1058
1686679042,0,1,0,0,22.213335,132,203,275,389,2858,1062,890,952,1203,412,2855,1060
1686679047,0,1,0,0,22.213335,130,202,274,385,2833,1032,888,949,1201,410,2835,1034
1686679052,0,1,0,0,22.213335,131,203,275,387,2844,1050,889,951,1201,411,2850,1052
1686679057,0,1,0,0,22.213335,132,204,276,390,2874,1074,891,955,1204,414,2872,1074
1686679062,0,1,0,0,22.213335,130,201,273,385,2818,1026,886,947,1197,408,2819,1026
1686679067,0,1,0,0,18.360000,132,203,275,387,2848,1052,887,950,1200,411,2849,1054
1686679072,0,1,0,0,22.213335,128,200,271,381,2803,1024,879,940,1187,402,2799,1022
1686679077,0,1,0,0,22.213335,127,198,269,379,2774,996,876,937,1185,399,2773,998
1686679082,0,1,0,0,22.213335,129,199,270,380,2783,1010,877,939,1185,401,2785,1012
1686679087,0,1,0,0,22.213335,128,199,270,382,2788,1014,877,939,1184,402,2788,1016
1686679092,0,1,0,0,22.213335,130,201,273,385,2826,1038,884,947,1194,408,2831,1042
1686679097,0,1,0,0,22.213335,130,202,274,386,2834,1044,885,947,1195,409,2834,1046
1686679102,0,1,0,0,22.213335,130,201,273,384,2812,1022,881,944,1192,406,2810,1022
1686679107,0,1,0,0,22.213335,130,202,274,386,2831,1042,883,946,1196,409,2830,1040
1686679112,0,1,0,0,22.213335,133,205,277,391,2875,1072,893,955,1208,417,2876,1072
1686679117,0,1,0,0,22.213335,132,205,278,392,2876,1070,894,956,1207,417,2877,1068
1686679122,0,1,0,0,22.213335,133,205,278,393,2881,1074,893,956,1208,418,2880,1072
1686679127,0,1,0,0,22.213335,132,204,277,391,2868,1062,894,955,1207,415,2872,1066
1686679132,0,1,0,0,22.213335,133,205,278,392,2883,1076,895,957,1208,418,2885,1078
1686679137,0,1,0,0,22.213335,133,205,278,392,2880,1076,894,956,1206,418,2883,1078
1686679142,0,1,0,0,22.213335,135,206,280,395,2916,1122,896,958,1209,420,2920,1122
1686679147,0,1,0,0,22.213335,135,207,280,395,2919,1124,895,959,1208,420,2915,1118
1686679152,0,1,0,0,22.213335,135,207,280,395,2918,1118,897,960,1210,421,2921,1122
1686679157,0,1,0,0,22.213335,137,209,283,399,2966,1162,903,966,1218,427,2964,1159
1686679162,0,1,0,0,22.213335,136,209,282,398,2946,1138,903,967,1218,426,2952,1140
1686679167,0,1,0,0,22.213335,138,210,283,401,2976,1174,903,968,1219,429,2987,1184
1686679172,0,1,0,0,16.319999,140,212,287,405,3022,1218,908,973,1224,433,3014,1210
1686679177,0,1,0,0,22.213335,139,211,285,403,2989,1182,907,971,1222,431,2994,1184
1686679182,0,1,0,0,16.319999,140,213,286,405,3025,1218,909,974,1225,434,3028,1222
1686679187,0,1,0,0,16.319999,140,212,285,404,3011,1206,908,972,1223,433,3011,1204
1686679192,0,1,0,0,16.319999,140,212,287,404,3017,1216,909,974,1224,432,3019,1220
1686679197,0,1,0,0,16.319999,138,211,284,401,2996,1212,902,966,1214,428,2989,1204
