Timestamp,Amber,White,On,Override,Intensity,AS00,AS01,AS02,AS03,AS04,AS05,AS06,AS07,AS08,AS09,AS10,AS11
1685664000,0,1,0,0,5023,38939,56102,65535,65535,65535,65535,65535,65535,65535,65535,65535,65535
1685664006,0,1,0,0,5023,38918,56068,65535,65535,65535,65535,65535,65535,65535,65535,65535,65535
1685664012,0,1,0,0,5023,38915,56049,65535,65535,65535,65535,65535,65535,65535,65535,65535,65535
1685664018,0,1,0,0,5023,38930,56057,65535,65535,65535,65535,65535,65535,65535,65535,65535,65535
1685664024,0,1,0,0,5023,38915,56032,65535,65535,65535,65535,65535,65535,65535,65535,65535,65535
1685664030,0,1,0,0,5023,38881,56018,65535,65535,65535,65535,65535,65535,65535,65535,65535,65535
1685664036,0,1,0,0,5023,38886,56004,65535,65535,65535,65535,65535,65535,65535,65535,65535,65535
1685664042,0,1,0,0,5022,38877,56010,65535,65535,65535,65535,65535,65535,65535,65535,65535,65535
1685664048,0,1,0,0,5022,38849,56003,65535,65535,65535,65535,65535,65535,65535,65535,65535,65535
1685664054,0,1,0,0,5022,38839,55976,65535,65535,65535,65535,65535,65535,65535,65535,65535,65535
1685664060,0,1,0,0,5022,38848,55955,65535,65535,65535,65535,65535,65535,65535,65535,65535,65535
1685664066,0,1,0,0,5021,38818,55948,65535,65535,65535,65535,65535,65535,65535,65535,65535,65535
1685664072,0,1,0,0,5021,38813,55932,65535,65535,65535,65535,65535,65535,65535,65535,65535,65535
1685664078,0,1,0,0,5021,38821,55923,65535,65535,65535,65535,65535,65535,65535,65535,65535,65535
1685664084,0,1,0,0,5021,38810,55930,65535,65535,65535,65535,65535,65535,65535,65535,65535,65535
1685664090,0,1,0,0,5021,38802,55896,65535,65535,65535,65535,65535,65535,65535,65535,65535,65535
1685664096,0,1,0,0,5021,38783,55879,65535,65535,65535,65535,65535,65535,65535,65535,65535,65535
1685664102,0,1,0,0,5021,38778,55874,65535,65535,65535,65535,65535,65535,65535,65535,65535,65535
1685664108,0,1,0,0,5020,38776,55854,65535,65535,65535,65535,65535,65535,65535,65535,65535,65535
1685664114,0,1,0,0,5021,38750,55879,65535,65535,65535,65535,65535,65535,65535,65535,65535,65535
1685664120,0,1,0,0,5020,38742,55838,65535,65535,65535,65535,65535,65535,65535,65535,65535,65535
1685664126,0,1,0,0,5015,38719,55811,65535,65535,65535,65535,65535,65535,65535,65535,65535,65535
1685664132,0,1,0,0,5020,38735,55825,65535,65535,65535,65535,65535,65535,65535,65535,65535,65535
1685664138,0,1,0,0,5015,38725,55785,65535,65535,65535,65535,65535,65535,65535,65535,65535,65535
1685664144,0,1,0,0,5015,38714,55766,65535,65535,65535,65535,65535,65535,65535,65535,65535,65535
1685664150,0,1,0,0,5015,38710,55785,65535,65535,65535,65535,65535,65535,65535,65535,65535,65535
1685664156,0,1,0,0,5015,38672,55752,65535,65535,65535,65535,65535,65535,65535,65535,65535,65535
1685664162,0,1,0,0,5015,38668,55701,65535,65535,65535,65535,65535,65535,65535,65535,65535,65535
1685664168,0,1,0,0,5014,38675,55706,65535,65535,65535,65535,65535,65535,65535,65535,65535,65535
1685664174,0,1,0,0,5014,38662,55696,65535,65535,65535,65535,65535,65535,65535,65535,65535,65535
1685664180,0,1,0,0,5014,38646,55669,65535,65535,65535,65535,65535,65535,65535,65535,65535,65535
1685664186,0,1,0,0,5013,38633,55665,65535,65535,65535,65535,65535,65535,65535,65535,65535,65535
1685664192,0,1,0,0,5013,38621,55643,65535,65535,65535,65535,65535,65535,65535,65535,65535,65535
1685664198,0,1,0,0,5014,38620,55655,65535,65535,65535,65535,65535,65535,65535,65535,65535,65535
1685664204,0,1,0,0,5013,38514,55465,65535,65535,65535,65535,65535,65535,65535,65535,65535,65535
1685664210,0,1,0,0,5012,38545,55549,65535,65535,65535,65535,65535,65535,65535,65535,65535,65535
1685664216,0,1,0,0,5011,38566,55573,65535,65535,65535,65535,65535,65535,65535,65535,65535,65535
1685664222,0,1,0,0,5011,38554,55559,65535,65535,65535,65535,65535,65535,65535,65535,65535,65535
1685664228,0,1,0,0,5013,38562,55571,65535,65535,65535,65535,65535,65535,65535,65535,65535,65535
1685664234,0,1,0,0,5010,38511,55477,65535,65535,65535,65535,65535,65535,65535,65535,65535,65535
1685664240,0,1,0,0,5010,38485,55469,65535,65535,65535,65535,65535,65535,65535,65535,65535,65535
1685664246,0,1,0,0,5010,38505,55464,65535,65535,65535,65535,65535,65535,65535,65535,65535,65535
1685664252,0,1,0,0,5005,38485,55433,65535,65535,65535,65535,65535,65535,65535,65535,65535,65535
1685664258,0,1,0,0,5005,38479,55445,65535,65535,65535,65535,65535,65535,65535,65535,65535,65535
1685664264,0,1,0,0,5010,38515,55469,65535,65535,65535,65535,65535,65535,65535,65535,65535,65535
1685664270,0,1,0,0,5005,38474,55420,65535,65535,65535,65535,65535,65535,65535,65535,65535,65535
1685664276,0,1,0,0,5005,38411,55352,65535,65535,65535,65535,65535,65535,65535,65535,65535,65535
1685664282,0,1,0,0,5004,38432,55394,65535,65535,65535,65535,65535,65535,65535,65535,65535,65535
1685664288,0,1,0,0,5004,38400,55322,65535,65535,65535,65535,65535,65535,65535,65535,65535,65535
1685664294,0,1,0,0,5003,38388,55306,65535,65535,65535,65535,65535,65535,65535,65535,65535,65535
1685664300,0,1,0,0,5003,38395,55331,65535,65535,65535,65535,65535,65535,65535,65535,65535,65535
1685664306,0,1,0,0,5003,38376,55319,65535,65535,65535,65535,65535,65535,65535,65535,65535,65535
1685664312,0,1,0,0,5002,38377,55257,65535,65535,65535,65535,65535,65535,65535,65535,65535,65535
1685664318,0,1,0,0,5002,38356,55265,65535,65535,65535,65535,65535,65535,65535,65535,65535,65535
1685664324,0,1,0,0,5001,38336,55201,65535,65535,65535,65535,65535,65535,65535,65535,65535,65535
1685664330,0,1,0,0,5001,38314,55179,65535,65535,65535,65535,65535,65535,65535,65535,65535,65535
1685664336,0,1,0,0,5001,38290,55159,65535,65535,65535,65535,65535,65535,65535,65535,65535,65535
1685664342,0,1,0,0,5000,38282,55147,65535,65535,65535,65535,65535,65535,65535,65535,65535,65535
1685664348,0,1,0,0,5000,38273,55146,65535,65535,65535,65535,65535,65535,65535,65535,65535,65535
1685664354,0,1,0,0,5000,38259,55124,65535,65535,65535,65535,65535,65535,65535,65535,65535,65535
1685664360,0,1,0,0,5000,38243,55100,65535,65535,65535,65535,65535,65535,65535,65535,65535,65535
1685664366,0,1,0,0,4555,38226,55067,65535,65535,65535,65535,65535,65535,65535,65535,65535,65535
1685664372,0,1,0,0,4555,38251,55084,65535,65535,65535,65535,65535,65535,65535,65535,65535,65535
1685664378,0,1,0,0,4555,38207,55073,65535,65535,65535,65535,65535,65535,65535,65535,65535,65535
1685664384,0,1,0,0,4554,38187,55042,65535,65535,65535,65535,65535,65535,65535,65535,65535,65535
1685664390,0,1,0,0,4553,38172,54981,65535,65535,65535,65535,65535,65535,65535,65535,65535,65535
1685664396,0,1,0,0,4553,38152,54986,65535,65535,65535,65535,65535,65535,65535,65535,65535,65535
1685664402,0,1,0,0,4553,38148,54993,65535,65535,65535,65535,65535,65535,65535,65535,65535,65535
1685664408,0,1,0,0,4552,38123,54940,65535,65535,65535,65535,65535,65535,65535,65535,65535,65535
1685664414,0,1,0,0,4552,38123,54901,65535,65535,65535,65535,65535,65535,65535,65535,65535,65535
1685664420,0,1,0,0,4551,38119,54907,65535,65535,65535,65535,65535,65535,65535,65535,65535,65535
1685664426,0,1,0,0,4551,38105,54886,65535,65535,65535,65535,65535,65535,65535,65535,65535,65535
1685664432,0,1,0,0,4550,38068,54850,65535,65535,65535,65535,65535,65535,65535,65535,65535,65535
1685664438,0,1,0,0,4550,38061,54845,65535,65535,65535,65535,65535,65535,65535,65535,65535,65535
1685664444,0,1,0,0,4545,38063,54834,65535,65535,65535,65535,65535,65535,65535,65535,65535,65535
1685664450,0,1,0,0,4545,38042,54808,65535,65535,65535,65535,65535,65535,65535,65535,65535,65535
1685664456,0,1,0,0,4544,38021,54765,65535,65535,65535,65535,65535,65535,65535,65535,65535,65535
1685664462,0,1,0,0,4544,37986,54762,65535,65535,65535,65535,65535,65535,65535,65535,65535,65535
1685664468,0,1,0,0,4544,37986,54714,65535,65535,65535,65535,65535,65535,65535,65535,65535,65535
1685664474,0,1,0,0,4543,37979,54705,65535,65535,65535,65535,65535,65535,65535,65535,65535,65535
1685664480,0,1,0,0,4543,37967,54689,65535,65535,65535,65535,65535,65535,65535,65535,65535,65535
1685664486,0,1,0,0,4543,37961,54656,65535,65535,65535,65535,65535,65535,65535,65535,65535,65535
1685664492,0,1,0,0,4542,37921,54653,65535,65535,65535,65535,65535,65535,65535,65535,65535,65535
1685664498,0,1,0,0,4542,37929,54636,65535,65535,65535,65535,65535,65535,65535,65535,65535,65535
1685664504,0,1,0,0,4542,37906,54600,65535,65535,65535,65535,65535,65535,65535,65535,65535,65535
1685664510,0,1,0,0,4541,37883,54576,65535,65535,65535,65535,65535,65535,65535,65535,65535,65535
1685664516,0,1,0,0,4541,37899,54564,65535,65535,65535,65535,65535,65535,65535,65535,65535,65535
1685664522,0,1,0,0,4540,37868,54557,65535,65535,65535,65535,65535,65535,65535,65535,65535,65535
1685664528,0,1,0,0,4540,37867,54515,65535,65535,65535,65535,65535,65535,65535,65535,65535,65535
1685664534,0,1,0,0,4535,37848,54488,65535,65535,65535,65535,65535,65535,65535,65535,65535,65535
1685664540,0,1,0,0,4535,37829,54474,65535,65535,65535,65535,65535,65535,65535,65535,65535,65535
1685664546,0,1,0,0,4535,37820,54450,65535,65535,65535,65535,65535,65535,65535,65535,65535,65535
1685664552,0,1,0,0,4535,37830,54495,65535,65535,65535,65535,65535,65535,65535,65535,65535,65535
1685664558,0,1,0,0,4534,37809,54434,65535,65535,65535,65535,65535,65535,65535,65535,65535,65535
1685664564,0,1,0,0,4534,37784,54438,65535,65535,65535,65535,65535,65535,65535,65535,65535,65535
1685664570,0,1,0,0,4534,37784,54388,65535,65535,65535,65535,65535,65535,65535,65535,65535,65535
1685664576,0,1,0,0,4533,37762,54374,65535,65535,65535,65535,65535,65535,65535,65535,65535,65535
1685664582,0,1,0,0,4533,37764,54383,65535,65535,65535,65535,65535,65535,65535,65535,65535,65535
1685664588,0,1,0,0,4533,37733,54361,65535,65535,65535,65535,65535,65535,65535,65535,65535,65535
1685664594,0,1,0,0,4532,37741,54344,65535,65535,65535,65535,65535,65535,65535,65535,65535,65535
1685664600,0,1,0,0,4532,37718,54313,65535,65535,65535,65535,65535,65535,65535,65535,65535,65535
1685664606,0,1,0,0,4532,37699,54276,65535,65535,65535,65535,65535,65535,65535,65535,65535,65535
1685664612,0,1,0,0,4531,37702,54289,65535,65535,65535,65535,65535,65535,65535,65535,65535,65535
1685664618,0,1,0,0,4531,37668,54264,65535,65535,65535,65535,65535,65535,65535,65535,65535,65535
1685664624,0,1,0,0,4531,37678,54227,65535,65535,65535,65535,65535,65535,65535,65535,65535,65535
1685664630,0,1,0,0,4531,37671,54220,65535,65535,65535,65535,65535,65535,65535,65535,65535,65535
1685664636,0,1,0,0,4530,37639,54216,65535,65535,65535,65535,65535,65535,65535,65535,65535,65535
1685664642,0,1,0,0,4530,37623,54157,65535,65535,65535,65535,65535,65535,65535,65535,65535,65535
1685664648,0,1,0,0,4530,37638,54173,65535,65535,65535,65535,65535,65535,65535,65535,65535,65535
1685664654,0,1,0,0,4525,37622,54161,65535,65535,65535,65535,65535,65535,65535,65535,65535,65535
1685664660,0,1,0,0,4524,37582,54108,65535,65535,65535,65535,65535,65535,65535,65535,65535,65535
1685664666,0,1,0,0,4525,37604,54139,65535,65535,65535,65535,65535,65535,65535,65535,65535,65535
1685664672,0,1,0,0,4525,37582,54093,65535,65535,65535,65535,65535,65535,65535,65535,65535,65535
1685664678,0,1,0,0,4524,37575,54077,65535,65535,65535,65535,65535,65535,65535,65535,65535,65535
1685664684,0,1,0,0,4524,37571,54075,65535,65535,65535,65535,65535,65535,65535,65535,65535,65535
1685664690,0,1,0,0,4524,37558,54051,65535,65535,65535,65535,65535,65535,65535,65535,65535,65535
1685664696,0,1,0,0,4523,37542,54047,65535,65535,65535,65535,65535,65535,65535,65535,65535,65535
1685664702,0,1,0,0,4523,37531,54011,65535,65535,65535,65535,65535,65535,65535,65535,65535,65535
1685664708,0,1,0,0,4523,37497,53997,65535,65535,65535,65535,65535,65535,65535,65535,65535,65535
1685664714,0,1,0,0,4523,37513,54005,65535,65535,65535,65535,65535,65535,65535,65535,65535,65535
1685664720,0,1,0,0,4523,37509,53987,65535,65535,65535,65535,65535,65535,65535,65535,65535,65535
1685664726,0,1,0,0,4522,37500,53974,65535,65535,65535,65535,65535,65535,65535,65535,65535,65535
1685664732,0,1,0,0,4522,37491,53968,65535,65535,65535,65535,65535,65535,65535,65535,65535,65535
1685664738,0,1,0,0,4522,37479,53956,65535,65535,65535,65535,65535,65535,65535,65535,65535,65535
1685664744,0,1,0,0,4521,37462,53923,65535,65535,65535,65535,65535,65535,65535,65535,65535,65535
1685664750,0,1,0,0,4522,37439,53888,65535,65535,65535,65535,65535,65535,65535,65535,65535,65535
1685664756,0,1,0,0,4520,37419,53847,65535,65535,65535,65535,65535,65535,65535,65535,65535,65535
1685664762,0,1,0,0,4521,37426,53879,65535,65535,65535,65535,65535,65535,65535,65535,65535,65535
1685664768,0,1,0,0,4520,37413,53877,65535,65535,65535,65535,65535,65535,65535,65535,65535,65535
1685664774,0,1,0,0,4520,37423,53873,65535,65535,65535,65535,65535,65535,65535,65535,65535,65535
1685664780,0,1,0,0,4520,37393,53839,65534,65535,65535,65535,65535,65535,65535,65535,65535,65535
1685664786,0,1,0,0,4515,37375,53800,65535,65535,65535,65535,65535,65535,65535,65535,65535,65535
1685664792,0,1,0,0,4515,37351,53771,65482,65535,65535,65535,65535,65535,65535,65535,65535,65535
1685664798,0,1,0,0,4514,37337,53759,65480,65535,65535,65535,65535,65535,65535,65535,65535,65535
1685664804,0,1,0,0,4513,37327,53733,65419,65535,65535,65535,65535,65535,65535,65535,65535,65535
1685664810,0,1,0,0,4513,37305,53698,65419,65535,65535,65535,65535,65535,65535,65535,65535,65535
1685664816,0,1,0,0,4513,37288,53685,65360,65535,65535,65535,65535,65535,65535,65535,65535,65535
1685664822,0,1,0,0,4513,37251,53635,65312,65535,65535,65535,65535,65535,65535,65535,65535,65535
1685664828,0,1,0,0,4513,37270,53664,65350,65535,65535,65535,65535,65535,65535,65535,65535,65535
1685664834,0,1,0,0,4512,37265,53639,65316,65535,65535,65535,65535,65535,65535,65535,65535,65535
1685664840,0,1,0,0,4512,37242,53616,65283,65535,65535,65535,65535,65535,65535,65535,65535,65535
1685664846,0,1,0,0,4511,37239,53603,65259,65535,65535,65535,65535,65535,65535,65535,65535,65535
1685664852,0,1,0,0,4511,37227,53585,65270,65535,65535,65535,65535,65535,65535,65535,65535,65535
1685664858,0,1,0,0,4511,37218,53598,65222,65535,65535,65535,65535,65535,65535,65535,65535,65535
1685664864,0,1,0,0,4510,37196,53540,65207,65535,65535,65535,65535,65535,65535,65535,65535,65535
1685664870,0,1,0,0,4510,37194,53530,65194,65535,65535,65535,65535,65535,65535,65535,65535,65535
1685664876,0,1,0,0,4510,37190,53553,65213,65535,65535,65535,65535,65535,65535,65535,65535,65535
1685664882,0,1,0,0,4505,37172,53496,65135,65535,65535,65535,65535,65535,65535,65535,65535,65535
1685664888,0,1,0,0,4505,37166,53490,65165,65535,65535,65535,65535,65535,65535,65535,65535,65535
1685664894,0,1,0,0,4505,37152,53474,65112,65535,65535,65535,65535,65535,65535,65535,65535,65535
1685664900,0,1,0,0,4505,37124,53457,65116,65535,65535,65535,65535,65535,65535,65535,65535,65535
1685664906,0,1,0,0,4504,37098,53430,65047,65535,65535,65535,65535,65535,65535,65535,65535,65535
1685664912,0,1,0,0,4504,37113,53461,65068,65535,65535,65535,65535,65535,65535,65535,65535,65535
1685664918,0,1,0,0,4504,37106,53421,65024,65535,65535,65535,65535,65535,65535,65535,65535,65535
1685664924,0,1,0,0,4504,37083,53397,65021,65535,65535,65535,65535,65535,65535,65535,65535,65535
1685664930,0,1,0,0,4504,37088,53386,64999,65535,65535,65535,65535,65535,65535,65535,65535,65535
1685664936,0,1,0,0,4503,37086,53366,64977,65535,65535,65535,65535,65535,65535,65535,65535,65535
1685664942,0,1,0,0,4503,37044,53331,64966,65535,65535,65535,65535,65535,65535,65535,65535,65535
1685664948,0,1,0,0,4502,37048,53315,64935,65535,65535,65535,65535,65535,65535,65535,65535,65535
1685664954,0,1,0,0,4502,37046,53307,64886,65535,65535,65535,65535,65535,65535,65535,65535,65535
1685664960,0,1,0,0,4502,37026,53283,64908,65535,65535,65535,65535,65535,65535,65535,65535,65535
1685664966,0,1,0,0,4502,37026,53277,64891,65535,65535,65535,65535,65535,65535,65535,65535,65535
1685664972,0,1,0,0,4501,36999,53252,64819,65535,65535,65535,65535,65535,65535,65535,65535,65535
1685664978,0,1,0,0,4501,36982,53230,64836,65535,65535,65535,65535,65535,65535,65535,65535,65535
1685664984,0,1,0,0,4501,36987,53257,64817,65535,65535,65535,65535,65535,65535,65535,65535,65535
1685664990,0,1,0,0,4500,36974,53203,64812,65535,65535,65535,65535,65535,65535,65535,65535,65535
1685664996,0,1,0,0,4500,36961,53196,64781,65535,65535,65535,65535,65535,65535,65535,65535,65535
1685665002,0,1,0,0,4500,36937,53161,64754,65535,65535,65535,65535,65535,65535,65535,65535,65535
1685665008,0,1,0,0,4455,36936,53176,64710,65535,65535,65535,65535,65535,65535,65535,65535,65535
1685665014,0,1,0,0,4455,36926,53117,64726,65535,65535,65535,65535,65535,65535,65535,65535,65535
1685665020,0,1,0,0,4455,36911,53113,64645,65535,65535,65535,65535,65535,65535,65535,65535,65535
1685665026,0,1,0,0,4454,36880,53067,64603,65535,65535,65535,65535,65535,65535,65535,65535,65535
1685665032,0,1,0,0,4453,36859,53064,64573,65535,65535,65535,65535,65535,65535,65535,65535,65535
1685665038,0,1,0,0,4453,36859,53035,64564,65535,65535,65535,65535,65535,65535,65535,65535,65535
1685665044,0,1,0,0,4452,36837,52993,64572,65535,65535,65535,65535,65535,65535,65535,65535,65535
1685665050,0,1,0,0,4452,36820,52992,64532,65535,65535,65535,65535,65535,65535,65535,65535,65535
1685665056,0,1,0,0,4452,36799,52968,64492,65535,65535,65535,65535,65535,65535,65535,65535,65535
1685665062,0,1,0,0,4451,36796,52971,64463,65535,65535,65535,65535,65535,65535,65535,65535,65535
1685665068,0,1,0,0,4450,36764,52909,64405,65535,65535,65535,65535,65535,65535,65535,65535,65535
1685665074,0,1,0,0,4450,36742,52892,64416,65535,65535,65535,65535,65535,65535,65535,65535,65535
1685665080,0,1,0,0,4445,36751,52907,64362,65535,65535,65535,65535,65535,65535,65535,65535,65535
1685665086,0,1,0,0,4445,36736,52860,64346,65535,65535,65535,65535,65535,65535,65535,65535,65535
1685665092,0,1,0,0,4445,36717,52826,64298,65535,65535,65535,65535,65535,65535,65535,65535,65535
1685665098,0,1,0,0,4445,36706,52816,64307,65535,65535,65535,65535,65535,65535,65535,65535,65535
1685665104,0,1,0,0,4444,36689,52772,64248,65535,65535,65535,65535,65535,65535,65535,65535,65535
1685665110,0,1,0,0,4444,36669,52749,64202,65535,65535,65535,65535,65535,65535,65535,65535,65535
1685665116,0,1,0,0,4442,36646,52728,64144,65535,65535,65535,65535,65535,65535,65535,65535,65535
1685665122,0,1,0,0,4442,36628,52669,64146,65535,65535,65535,65535,65535,65535,65535,65535,65535
1685665128,0,1,0,0,4442,36607,52657,64099,65535,65535,65535,65535,65535,65535,65535,65535,65535
1685665134,0,1,0,0,4441,36600,52635,64078,65535,65535,65535,65535,65535,65535,65535,65535,65535
1685665140,0,1,0,0,4441,36573,52597,64010,65535,65535,65535,65535,65535,65535,65535,65535,65535
1685665146,0,1,0,0,4440,36543,52559,63991,65535,65535,65535,65535,65535,65535,65535,65535,65535
1685665152,0,1,0,0,4440,36533,52530,63944,65535,65535,65535,65535,65535,65535,65535,65535,65535
1685665158,0,1,0,0,4435,36508,52490,63902,65535,65535,65535,65535,65535,65535,65535,65535,65535
1685665164,0,1,0,0,4434,36489,52469,63882,65535,65535,65535,65535,65535,65535,65535,65535,65535
1685665170,0,1,0,0,4433,36356,52249,63612,65535,65535,65535,65535,65535,65535,65535,65535,65535
1685665176,0,1,0,0,4434,36458,52402,63795,65535,65535,65535,65535,65535,65535,65535,65535,65535
1685665182,0,1,0,0,4433,36441,52414,63798,65535,65535,65535,65535,65535,65535,65535,65535,65535
1685665188,0,1,0,0,4433,36422,52373,63763,65535,65535,65535,65535,65535,65535,65535,65535,65535
1685665194,0,1,0,0,4432,36404,52339,63720,65535,65535,65535,65535,65535,65535,65535,65535,65535
1685665200,0,1,0,0,4431,36387,52310,63689,65535,65535,65535,65535,65535,65535,65535,65535,65535
1685665206,0,1,0,0,4432,36344,52284,63629,65535,65535,65535,65535,65535,65535,65535,65535,65535
1685665212,0,1,0,0,4431,36339,52269,63598,65535,65535,65535,65535,65535,65535,65535,65535,65535
1685665218,0,1,0,0,4430,36326,52264,63590,65535,65535,65535,65535,65535,65535,65535,65535,65535
1685665224,0,1,0,0,4425,36317,52196,63553,65535,65535,65535,65535,65535,65535,65535,65535,65535
1685665230,0,1,0,0,4425,36281,52172,63538,65535,65535,65535,65535,65535,65535,65535,65535,65535
1685665236,0,1,0,0,4424,36285,52171,63463,65535,65535,65535,65535,65517,65535,65535,65535,65535
1685665242,0,1,0,0,4424,36258,52130,63470,65535,65535,65535,65535,65516,65535,65535,65535,65535
1685665248,0,1,0,0,4424,36239,52134,63437,65535,65535,65535,65535,65442,65535,65535,65535,65535
1685665254,0,1,0,0,4424,36238,52073,63398,65535,65535,65535,65535,65404,65535,65535,65535,65535
1685665260,0,1,0,0,4422,36230,52060,63370,65535,65535,65535,65535,65370,65535,65535,65535,65535
1685665266,0,1,0,0,4422,36209,52034,63340,65535,65535,65535,65535,65332,65535,65535,65535,65535
1685665272,0,1,0,0,4421,36168,51996,63291,65535,65535,65535,65535,65284,65535,65535,65535,65535
1685665278,0,1,0,0,4421,36170,51970,63270,65535,65535,65535,65535,65251,65535,65535,65535,65535
1685665284,0,1,0,0,4421,36129,51952,63223,65535,65535,65535,65535,65194,65535,65535,65535,65535
1685665290,0,1,0,0,4420,36134,51941,63210,65535,65535,65535,65535,65186,65535,65535,65535,65535
1685665296,0,1,0,0,4420,36089,51893,63150,65535,65535,65535,65535,65145,65535,65535,65535,65535
1685665302,0,1,0,0,4415,36075,51866,63132,65535,65535,65535,65535,65122,65535,65535,65535,65535
1685665308,0,1,0,0,4414,36063,51846,63095,65535,65535,65535,65535,65059,65535,65535,65535,65535
1685665314,0,1,0,0,4414,36041,51817,63081,65535,65535,65535,65535,65033,65535,65535,65535,65535
1685665320,0,1,0,0,4414,36042,51786,63050,65535,65535,65535,65535,64973,65535,65535,65535,65535
1685665326,0,1,0,0,4414,36047,51795,63032,65535,65535,65535,65535,64947,65535,65535,65535,65535
1685665332,0,1,0,0,4413,36027,51782,63000,65535,65535,65535,65535,64953,65535,65535,65535,65535
1685665338,0,1,0,0,4412,36007,51738,62946,65535,65535,65535,65535,64893,65535,65535,65535,65535
1685665344,0,1,0,0,4412,35985,51699,62927,65535,65535,65535,65535,64857,65535,65535,65535,65535
1685665350,0,1,0,0,4412,35963,51666,62896,65535,65535,65535,65535,64817,65535,65535,65535,65535
1685665356,0,1,0,0,4411,35954,51661,62869,65535,65535,65535,65535,64793,65535,65535,65535,65535
1685665362,0,1,0,0,4411,35925,51623,62796,65535,65535,65535,65535,64747,65535,65535,65535,65535
1685665368,0,1,0,0,4410,35904,51596,62804,65535,65535,65535,65535,64711,65535,65535,65535,65535
1685665374,0,1,0,0,4410,35906,51581,62778,65535,65535,65535,65535,64684,65535,65535,65535,65535
1685665380,0,1,0,0,4410,35893,51572,62761,65535,65535,65535,65535,64670,65535,65535,65535,65535
1685665386,0,1,0,0,4405,35887,51575,62748,65535,65535,65535,65535,64626,65535,65535,65535,65535
1685665392,0,1,0,0,4405,35867,51524,62716,65535,65535,65535,65535,64622,65535,65535,65535,65535
1685665398,0,1,0,0,4405,35837,51504,62680,65535,65535,65535,65535,64586,65535,65535,65535,65535
1685665404,0,1,0,0,4404,35841,51480,62654,65535,65535,65535,65535,64553,65535,65535,65535,65535
1685665410,0,1,0,0,4404,35795,51446,62602,65535,65535,65535,65535,64500,65535,65535,65535,65535
1685665416,0,1,0,0,4403,35804,51427,62599,65535,65535,65535,65535,64502,65535,65535,65535,65535
1685665422,0,1,0,0,4403,35799,51426,62591,65535,65535,65535,65535,64472,65535,65535,65535,65535
1685665428,0,1,0,0,4403,35770,51413,62550,65535,65535,65535,65535,64452,65535,65535,65535,65535
1685665434,0,1,0,0,4403,35778,51389,62536,65535,65535,65535,65535,64435,65535,65535,65535,65535
1685665440,0,1,0,0,4402,35757,51380,62507,65535,65535,65535,65535,64386,65535,65535,65535,65535
1685665446,0,1,0,0,4401,35735,51343,62463,65535,65535,65535,65535,64390,65535,65535,65535,65535
1685665452,0,1,0,0,4402,35720,51319,62466,65535,65535,65535,65535,64351,65535,65535,65535,65535
1685665458,0,1,0,0,4401,35713,51305,62447,65535,65535,65535,65535,64335,65535,65535,65535,65535
1685665464,0,1,0,0,4401,35690,51285,62408,65535,65535,65535,65535,64312,65535,65535,65535,65535
1685665470,0,1,0,0,4401,35679,51269,62419,65535,65535,65535,65535,64302,65535,65535,65535,65535
1685665476,0,1,0,0,4400,35637,51196,62306,65535,65535,65535,65535,64227,65535,65535,65535,65535
1685665482,0,1,0,0,4400,35606,51141,62242,65535,65535,65535,65535,64053,65535,65535,65535,65535
1685665488,0,1,0,0,4400,35657,51251,62339,65535,65535,65535,65535,64157,65535,65535,65535,65535
1685665494,0,1,0,0,4355,35626,51149,62258,65535,65535,65535,65535,64151,65535,65535,65535,65535
1685665500,0,1,0,0,4354,35601,51150,62216,65535,65535,65535,65535,64144,65535,65535,65535,65535
1685665506,0,1,0,0,4353,35572,51106,62188,65535,65535,65535,65535,64127,65535,65535,65535,65535
1685665512,0,1,0,0,4353,35585,51114,62211,65535,65535,65535,65535,64120,65535,65535,65535,65535
1685665518,0,1,0,0,4353,35571,51115,62169,65535,65535,65535,65535,64059,65535,65535,65535,65535
1685665524,0,1,0,0,4353,35572,51066,62178,65535,65535,65535,65535,64046,65535,65535,65535,65535
1685665530,0,1,0,0,4353,35540,51039,62132,65535,65535,65535,65535,64014,65535,65535,65535,65535
1685665536,0,1,0,0,4352,35556,51067,62142,65535,65535,65535,65535,64006,65535,65535,65535,65535
1685665542,0,1,0,0,4352,35548,51025,62140,65535,65535,65535,65535,64036,65535,65535,65535,65535
1685665548,0,1,0,0,4355,35577,51098,62174,65535,65535,65535,65535,64088,65535,65535,65535,65535
1685665554,0,1,0,0,4352,35512,51005,62073,65535,65535,65535,65535,63975,65535,65535,65535,65535
1685665560,0,1,0,0,4352,35526,51019,62069,65535,65535,65535,65535,63932,65535,65535,65535,65535
1685665566,0,1,0,0,4352,35499,50981,62038,65535,65535,65535,65535,63924,65535,65535,65535,65535
1685665572,0,1,0,0,4351,35469,50928,62009,65535,65535,65535,65535,63911,65535,65535,65535,65535
1685665578,0,1,0,0,4351,35441,50914,61956,65535,65535,65535,65535,63875,65535,65535,65535,65535
1685665584,0,1,0,0,4351,35457,50895,61962,65535,65535,65535,65535,63837,65535,65535,65535,65535
1685665590,0,1,0,0,4351,35446,50872,61950,65535,65535,65535,65535,63836,65535,65535,65535,65535
1685665596,0,1,0,0,4350,35427,50863,61915,65535,65535,65535,65535,63782,65535,65535,65535,65535
1685665602,0,1,0,0,4350,35405,50855,61889,65535,65535,65535,65535,63792,65535,65535,65535,65535
1685665608,0,1,0,0,4350,35382,50795,61858,65535,65535,65535,65535,63740,65535,65535,65535,65535
1685665614,0,1,0,0,4350,35403,50799,61897,65535,65535,65535,65535,63719,65535,65535,65535,65535
1685665620,0,1,0,0,4350,35391,50783,61847,65535,65535,65535,65535,63747,65535,65535,65535,65535
1685665626,0,1,0,0,4345,35379,50752,61852,65535,65535,65535,65535,63679,65535,65535,65535,65535
1685665632,0,1,0,0,4345,35342,50729,61812,65535,65535,65535,65535,63649,65535,65535,65535,65535
1685665638,0,1,0,0,4344,35349,50720,61800,65535,65535,65535,65535,63640,65535,65535,65535,65535
1685665644,0,1,0,0,4344,35332,50667,61752,65535,65535,65535,65535,63629,65535,65535,65535,65535
1685665650,0,1,0,0,4344,35326,50699,61758,65535,65535,65535,65535,63608,65535,65535,65535,65535
1685665656,0,1,0,0,4344,35323,50668,61714,65535,65535,65535,65535,63599,65535,65535,65535,65535
1685665662,0,1,0,0,4344,35310,50652,61685,65535,65535,65535,65535,63549,65535,65535,65535,65535
1685665668,0,1,0,0,4344,35288,50621,61708,65535,65535,65535,65535,63567,65535,65535,65535,65535
1685665674,0,1,0,0,4343,35273,50571,61621,65535,65535,65535,65535,63502,65535,65535,65535,65535
1685665680,0,1,0,0,4343,35254,50563,61617,65535,65535,65535,65535,63534,65535,65535,65535,65535
1685665686,0,1,0,0,4344,35288,50623,61661,65535,65535,65535,65535,63531,65535,65535,65535,65535
1685665692,0,1,0,0,4343,35249,50517,61588,65535,65535,65535,65535,63477,65535,65535,65535,65535
1685665698,0,1,0,0,4342,35233,50507,61555,65535,65535,65535,65535,63368,65535,65535,65535,65535
1685665704,0,1,0,0,4342,35208,50504,61535,65535,65535,65535,65535,63408,65535,65535,65535,65535
1685665710,0,1,0,0,4342,35214,50501,61548,65535,65535,65535,65535,63339,65535,65535,65535,65535
1685665716,0,1,0,0,4342,35204,50500,61518,65535,65535,65535,65535,63363,65535,65535,65535,65535
1685665722,0,1,0,0,4341,35178,50500,61503,65535,65535,65535,65535,63319,65535,65535,65535,65535
1685665728,0,1,0,0,4340,35181,50500,61464,65535,65535,65535,65535,63303,65535,65535,65535,65535
1685665734,0,1,0,0,4340,35168,50499,61437,65535,65535,65535,65535,63277,65535,65535,65535,65535
1685665740,0,1,0,0,4335,35153,50495,61421,65535,65535,65535,65491,63224,65535,65535,65535,65535
1685665746,0,1,0,0,4335,35134,50499,61417,65535,65535,65535,65504,63215,65535,65535,65535,65535
1685665752,0,1,0,0,4341,35177,50496,61435,65535,65535,65535,65482,63206,65535,65535,65535,65535
1685665758,0,1,0,0,4340,35146,50496,61390,65535,65535,65535,65450,63186,65535,65535,65535,65535
1685665764,0,1,0,0,4335,35117,50491,61368,65535,65535,65535,65472,63168,65535,65535,65535,65535
1685665770,0,1,0,0,4334,35071,50379,61258,65535,65535,65535,65133,62897,65535,65535,65535,65535
1685665776,0,1,0,0,4334,35018,50297,61161,65535,65535,65535,65246,63015,65535,65535,65535,65535
1685665782,0,1,0,0,4333,35038,50377,61238,65535,65535,65535,65274,63021,65535,65535,65535,65535
1685665788,0,1,0,0,4333,35038,50341,61205,65535,65535,65535,65243,63002,65535,65535,65535,65535
1685665794,0,1,0,0,4333,35016,50275,61185,65535,65535,65535,65244,62965,65535,65535,65535,65535
1685665800,0,1,0,0,4332,35004,50292,61146,65535,65535,65535,65216,62948,65535,65535,65535,65535
1685665806,0,1,0,0,4332,35004,50291,61140,65535,65535,65535,65183,62915,65535,65535,65535,65535
1685665812,0,1,0,0,4331,34982,50247,61085,65535,65535,65535,65158,62881,65535,65535,65535,65535
1685665818,0,1,0,0,4331,34957,50222,61059,65535,65535,65535,65098,62858,65535,65535,65535,65535
1685665824,0,1,0,0,4331,34950,50212,61055,65535,65535,65535,65109,62812,65535,65535,65535,65535
1685665830,0,1,0,0,4330,34923,50174,61022,65535,65535,65535,65031,62787,65535,65535,65535,65535
1685665836,0,1,0,0,4330,34935,50187,61031,65535,65535,65535,65028,62761,65535,65535,65535,65535
1685665842,0,1,0,0,4325,34891,50125,60946,65535,65535,65535,64962,62735,65535,65535,65535,65535
1685665848,0,1,0,0,4325,34902,50127,60944,65535,65535,65535,64996,62727,65535,65535,65535,65535
1685665854,0,1,0,0,4325,34868,50088,60914,65535,65535,65535,64928,62716,65535,65535,65535,65535
1685665860,0,1,0,0,4324,34854,50062,60882,65535,65535,65535,64925,62664,65535,65535,65535,65535
1685665866,0,1,0,0,4324,34850,50059,60849,65535,65535,65535,64881,62638,65535,65535,65535,65535
1685665872,0,1,0,0,4324,34843,50046,60834,65535,65535,65535,64861,62611,65535,65535,65535,65535
1685665878,0,1,0,0,4323,34825,50001,60798,65535,65535,65535,64845,62608,65535,65535,65535,65535
1685665884,0,1,0,0,4323,34798,49996,60788,65535,65535,65535,64824,62556,65535,65535,65535,65535
1685665890,0,1,0,0,4322,34806,49987,60768,65535,65535,65535,64763,62525,65535,65535,65535,65535
1685665896,0,1,0,0,4322,34771,49967,60736,65535,65535,65535,64746,62509,65535,65535,65535,65535
1685665902,0,1,0,0,4322,34778,49925,60737,65535,65535,65535,64717,62488,65535,65535,65535,65535
1685665908,0,1,0,0,4322,34748,49923,60714,65535,65535,65535,64672,62438,65535,65535,65535,65535
1685665914,0,1,0,0,4321,34722,49896,60643,65535,65535,65535,64628,62403,65535,65535,65535,65535
1685665920,0,1,0,0,4320,34710,49861,60623,65535,65535,65535,64648,62395,65535,65535,65535,65535
1685665926,0,1,0,0,4320,34708,49826,60645,65535,65535,65535,64581,62367,65535,65535,65535,65535
1685665932,0,1,0,0,4320,34709,49855,60653,65535,65535,65535,64563,62353,65535,65535,65535,65535
1685665938,0,1,0,0,4315,34706,49852,60618,65535,65535,65535,64558,62347,65535,65535,65535,65535
1685665944,0,1,0,0,4314,34681,49814,60579,65535,65535,65535,64537,62298,65535,65535,65535,65535
1685665950,0,1,0,0,4314,34684,49804,60581,65535,65535,65535,64515,62258,65535,65535,65535,65535
1685665956,0,1,0,0,4314,34658,49769,60546,65535,65535,65535,64485,62261,65535,65535,65535,65535
1685665962,0,1,0,0,4314,34645,49747,60510,65535,65535,65535,64462,62235,65535,65535,65535,65535
1685665968,0,1,0,0,4314,34629,49724,60480,65535,65535,65535,64423,62198,65535,65535,65535,65535
1685665974,0,1,0,0,4315,34631,49732,60512,65535,65535,65535,64471,62212,65535,65535,65535,65535
1685665980,0,1,0,0,4313,34601,49667,60435,65535,65535,65535,64334,62115,65535,65535,65535,65535
1685665986,0,1,0,0,4313,34596,49691,60448,65535,65535,65535,64365,62147,65535,65535,65535,65535
1685665992,0,1,0,0,4313,34582,49662,60382,65535,65535,65535,64385,62127,65535,65535,65535,65535
1685665998,0,1,0,0,4313,34578,49664,60401,65535,65535,65535,64321,62105,65535,65535,65535,65535
1685666004,0,1,0,0,4312,34563,49637,60384,65535,65535,65535,64323,62079,65535,65535,65535,65535
1685666010,0,1,0,0,4313,34541,49606,60329,65535,65535,65535,64258,62051,65535,65535,65535,65535
1685666016,0,1,0,0,4312,34543,49604,60379,65535,65535,65535,64266,62048,65535,65535,65535,65535
1685666022,0,1,0,0,4311,34531,49564,60323,65535,65535,65535,64202,61973,65535,65535,65535,65535
1685666028,0,1,0,0,4311,34523,49548,60264,65535,65535,65535,64182,61980,65535,65535,65535,65535
1685666034,0,1,0,0,4310,34493,49563,60255,65535,65535,65535,64166,61952,65535,65535,65535,65535
1685666040,0,1,0,0,4310,34475,49514,60230,65535,65535,65535,64134,61924,65535,65535,65535,65535
1685666046,0,1,0,0,4310,34490,49534,60237,65535,65535,65535,64139,61929,65535,65535,65535,65535
1685666052,0,1,0,0,4310,34468,49493,60205,65535,65535,65535,64107,61892,65535,65535,65535,65535
1685666058,0,1,0,0,4305,34437,49451,60162,65535,65535,65535,64040,61825,65535,65535,65535,65535
1685666064,0,1,0,0,4304,34417,49422,60130,65535,65535,65535,64042,61792,65535,65535,65535,65535
1685666070,0,1,0,0,4304,34405,49404,60094,65535,65535,65535,63981,61769,65535,65535,65535,65535
1685666076,0,1,0,0,4303,34402,49391,60056,65535,65535,65535,63985,61730,65535,65535,65535,65535
1685666082,0,1,0,0,4303,34384,49366,60050,65535,65535,65535,63942,61701,65535,65535,65535,65535
1685666088,0,1,0,0,4303,34377,49358,60027,65535,65535,65535,63798,61609,65535,65535,65535,65535
1685666094,0,1,0,0,4305,34437,49431,60114,65535,65535,65535,63977,61757,65535,65535,65535,65535
1685666100,0,1,0,0,4304,34382,49368,60031,65535,65535,65535,63831,61593,65535,65535,65535,65535
1685666106,0,1,0,0,4304,34397,49396,60054,65535,65535,65535,63945,61700,65535,65535,65535,65535
1685666112,0,1,0,0,4302,34336,49302,59977,65535,65535,65535,63823,61618,65535,65535,65535,65535
1685666118,0,1,0,0,4302,34295,49231,59880,65535,65535,65535,63773,61571,65535,65535,65535,65535
1685666124,0,1,0,0,4300,34257,49189,59819,65535,65535,65535,63704,61482,65535,65535,65535,65535
1685666130,0,1,0,0,4300,34256,49189,59823,65535,65535,65535,63682,61485,65535,65535,65535,65535
1685666136,0,1,0,0,4300,34269,49196,59840,65535,65535,65535,63649,61446,65535,65535,65535,65535
1685666142,0,1,0,0,4300,34257,49171,59812,65535,65535,65535,63647,61431,65535,65535,65535,65535
1685666148,0,1,0,0,4255,34243,49144,59754,65535,65535,65535,63599,61413,65535,65535,65535,65535
1685666154,0,1,0,0,4255,34233,49120,59747,65535,65535,65535,63613,61415,65535,65535,65535,65535
1685666160,0,1,0,0,4255,34220,49109,59728,65535,65535,65535,63564,61363,65535,65506,65535,65535
1685666166,0,1,0,0,4255,34211,49108,59722,65535,65535,65535,63554,61328,65535,65475,65535,65535
1685666172,0,1,0,0,4254,34181,49082,59680,65535,65535,65535,63507,61344,65535,65484,65535,65535
1685666178,0,1,0,0,4253,34178,49071,59645,65473,65535,65535,63467,61294,65535,65407,65535,65535
1685666184,0,1,0,0,4253,34157,49030,59641,65422,65535,65535,63447,61274,65535,65411,65535,65535
1685666190,0,1,0,0,4253,34161,49042,59657,65465,65535,65535,63457,61261,65535,65367,65535,65535
1685666196,0,1,0,0,4253,34129,48991,59606,65417,65535,65535,63382,61191,65535,65314,65535,65535
1685666202,0,1,0,0,4253,34114,48992,59573,65419,65535,65535,63416,61196,65535,65359,65535,65535
1685666208,0,1,0,0,4252,34105,48970,59573,65391,65535,65535,63361,61158,65535,65289,65535,65535
1685666214,0,1,0,0,4252,34084,48954,59542,65320,65535,65535,63325,61127,65535,65291,65535,65535
1685666220,0,1,0,0,4252,34077,48937,59514,65348,65535,65535,63357,61135,65535,65251,65535,65535
1685666226,0,1,0,0,4251,34070,48919,59477,65295,65535,65535,63295,61095,65535,65208,65535,65535
1685666232,0,1,0,0,4251,34058,48906,59469,65308,65535,65535,63272,61084,65535,65222,65535,65535
1685666238,0,1,0,0,4251,34039,48884,59476,65238,65535,65535,63244,61056,65535,65160,65535,65535
1685666244,0,1,0,0,4250,34045,48860,59403,65254,65535,65535,63226,61036,65535,65161,65535,65535
1685666250,0,1,0,0,4250,34010,48837,59389,65194,65535,65535,63221,61002,65535,65113,65535,65535
1685666256,0,1,0,0,4250,34004,48820,59369,65193,65535,65535,63172,60970,65535,65103,65535,65535
1685666262,0,1,0,0,4245,33975,48804,59313,65108,65535,65535,63105,60923,65525,65050,65535,65535
1685666268,0,1,0,0,4245,33968,48767,59312,65150,65535,65535,63106,60905,65527,65033,65535,65535
1685666274,0,1,0,0,4245,33962,48760,59289,65103,65535,65535,63074,60916,65511,65006,65535,65535
1685666280,0,1,0,0,4245,33941,48749,59258,65071,65535,65535,63069,60853,65464,64968,65535,65535
1685666286,0,1,0,0,4244,33919,48704,59253,65052,65535,65535,62994,60806,65411,64931,65535,65535
1685666292,0,1,0,0,4243,33894,48658,59186,64958,65535,65535,62985,60791,65401,64879,65535,65535
1685666298,0,1,0,0,4244,33909,48664,59174,64942,65535,65535,62982,60775,65379,64880,65535,65535
1685666304,0,1,0,0,4243,33877,48639,59138,64916,65535,65535,62930,60744,65381,64854,65535,65535
1685666310,0,1,0,0,4242,33860,48625,59121,64918,65535,65535,62893,60734,65312,64805,65535,65535
1685666316,0,1,0,0,4242,33839,48627,59088,64898,65535,65535,62900,60691,65312,64785,65535,65535
1685666322,0,1,0,0,4242,33819,48594,59068,64860,65535,65535,62860,60663,65286,64741,65535,65535
1685666328,0,1,0,0,4242,33821,48569,59067,64855,65535,65535,62826,60638,65232,64752,65535,65535
1685666334,0,1,0,0,4242,33812,48554,59062,64796,65535,65535,62795,60632,65206,64706,65535,65535
1685666340,0,1,0,0,4241,33792,48525,58996,64784,65535,65535,62786,60601,65179,64640,65535,65535
1685666346,0,1,0,0,4241,33763,48507,58976,64773,65535,65535,62736,60568,65152,64604,65535,65535
1685666352,0,1,0,0,4241,33747,48476,58975,64732,65535,65535,62711,60556,65116,64610,65535,65535
1685666358,0,1,0,0,4240,33721,48455,58920,64689,65535,65535,62724,60510,65125,64597,65535,65535
1685666364,0,1,0,0,4240,33701,48432,58915,64685,65535,65535,62658,60481,65086,64559,65535,65535
1685666370,0,1,0,0,4235,33696,48412,58884,64626,65535,65535,62642,60448,65011,64490,65535,65535
1685666376,0,1,0,0,4235,33680,48418,58888,64649,65535,65535,62630,60436,64995,64477,65535,65535
1685666382,0,1,0,0,4235,33690,48393,58836,64619,65535,65535,62604,60408,64988,64451,65535,65535
1685666388,0,1,0,0,4234,33669,48344,58788,64573,65535,65535,62563,60362,64967,64403,65535,65535
1685666394,0,1,0,0,4234,33672,48343,58798,64537,65535,65535,62528,60329,64929,64409,65535,65535
1685666400,0,1,0,0,4234,33669,48354,58777,64527,65535,65535,62512,60300,64881,64343,65535,65535
1685666406,0,1,0,0,4233,33668,48307,58751,64494,65535,65535,62474,60317,64872,64354,65535,65535
1685666412,0,1,0,0,4233,33667,48311,58751,64467,65535,65535,62459,60272,64874,64300,65535,65535
1685666418,0,1,0,0,4233,33665,48298,58743,64459,65535,65535,62479,60270,64840,64298,65535,65535
1685666424,0,1,0,0,4232,33665,48288,58727,64457,65535,65535,62431,60229,64789,64285,65535,65535
1685666430,0,1,0,0,4231,33664,48276,58685,64440,65535,65535,62400,60195,64803,64234,65535,65535
1685666436,0,1,0,0,4231,33658,48261,58665,64392,65535,65535,62361,60173,64773,64199,65535,65535
1685666442,0,1,0,0,4231,33661,48236,58647,64362,65535,65535,62315,60124,64691,64158,65535,65535
1685666448,0,1,0,0,4231,33658,48228,58652,64346,65535,65535,62282,60086,64701,64135,65535,65535
1685666454,0,1,0,0,4230,33636,48188,58615,64333,65535,65535,62307,60082,64678,64122,65535,65535
1685666460,0,1,0,0,4230,33612,48182,58605,64288,65535,65535,62293,60078,64660,64127,65535,65535
1685666466,0,1,0,0,4225,33599,48155,58535,64245,65535,65535,62243,60037,64582,64053,65535,65535
1685666472,0,1,0,0,4224,33542,48099,58498,64208,65535,65535,62192,59974,64535,63981,65535,65535
1685666478,0,1,0,0,4224,33554,48114,58463,64210,65535,65535,62144,59966,64511,63999,65535,65535
1685666484,0,1,0,0,4224,33555,48091,58463,64167,65535,65535,62129,59941,64488,63964,65535,65535
1685666490,0,1,0,0,4223,33511,48035,58416,64080,65535,65535,62084,59870,64448,63854,65535,65535
1685666496,0,1,0,0,4223,33505,48053,58412,64091,65535,65535,62066,59893,64419,63878,65535,65535
1685666502,0,1,0,0,4223,33512,48038,58399,64104,65535,65535,62078,59870,64437,63905,65535,65535
1685666508,0,1,0,0,4222,33486,48006,58368,64024,65535,65535,62056,59850,64394,63834,65535,65535
1685666514,0,1,0,0,4221,33440,47932,58292,63959,65535,65535,61928,59749,64293,63774,65535,65535
1685666520,0,1,0,0,4220,33421,47909,58283,63923,65535,65535,61877,59691,64267,63700,65535,65535
1685666526,0,1,0,0,4220,33390,47870,58203,63872,65535,65535,61891,59693,64226,63722,65535,65535
1685666532,0,1,0,0,4220,33388,47868,58175,63867,65535,65535,61891,59674,64207,63705,65535,65535
1685666538,0,1,0,0,4220,33393,47877,58204,63906,65535,65535,61853,59652,64190,63665,65535,65535
1685666544,0,1,0,0,4220,33352,47853,58171,63843,65535,65535,61840,59636,64163,63672,65535,65535
1685666550,0,1,0,0,4215,33358,47838,58186,63870,65535,65535,61792,59621,64145,63661,65535,65535
1685666556,0,1,0,0,4215,33352,47824,58127,63804,65535,65535,61778,59598,64126,63641,65535,65535
1685666562,0,1,0,0,4215,33341,47801,58114,63784,65535,65535,61752,59567,64093,63576,65535,65535
1685666568,0,1,0,0,4215,33315,47771,58113,63765,65535,65535,61721,59569,64074,63559,65535,65535
1685666574,0,1,0,0,4214,33321,47761,58049,63731,65535,65535,61685,59503,64017,63555,65535,65535
1685666580,0,1,0,0,4214,33309,47755,58055,63727,65535,65535,61691,59532,64011,63533,65535,65535
1685666586,0,1,0,0,4214,33289,47733,58048,63686,65535,65535,61693,59513,64012,63543,65535,65535
1685666592,0,1,0,0,4214,33259,47735,58007,63670,65535,65535,61626,59460,64030,63486,65535,65535
1685666598,0,1,0,0,4213,33279,47722,57994,63692,65535,65535,61639,59423,63986,63491,65535,65535
1685666604,0,1,0,0,4213,33244,47689,57983,63639,65535,65535,61618,59438,63976,63478,65535,65535
1685666610,0,1,0,0,4213,33244,47691,57973,63662,65535,65535,61632,59429,63953,63494,65535,65535
1685666616,0,1,0,0,4213,33225,47660,57949,63599,65535,65535,61594,59383,63930,63453,65535,65535
1685666622,0,1,0,0,4212,33214,47645,57936,63610,65535,65535,61554,59377,63912,63397,65535,65535
1685666628,0,1,0,0,4212,33206,47624,57916,63557,65535,65535,61506,59325,63881,63400,65535,65535
1685666634,0,1,0,0,4212,33208,47600,57867,63545,65535,65535,61514,59329,63888,63368,65535,65535
1685666640,0,1,0,0,4211,33181,47599,57885,63555,65535,65535,61472,59294,63823,63377,65535,65535
1685666646,0,1,0,0,4211,33167,47580,57873,63531,65535,65535,61476,59295,63829,63339,65535,65535
1685666652,0,1,0,0,4211,33154,47584,57850,63481,65535,65535,61482,59253,63830,63320,65535,65535
1685666658,0,1,0,0,4211,33143,47540,57795,63466,65535,65535,61446,59295,63823,63314,65535,65535
1685666664,0,1,0,0,4211,33130,47532,57800,63448,65535,65535,61448,59282,63819,63290,65535,65535
1685666670,0,1,0,0,4210,33110,47509,57763,63410,65535,65535,61376,59205,63748,63280,65535,65535
1685666676,0,1,0,0,4210,33106,47473,57748,63397,65535,65535,61356,59170,63731,63238,65535,65535
1685666682,0,1,0,0,4210,33092,47457,57713,63383,65535,65535,61338,59157,63738,63209,65535,65535
1685666688,0,1,0,0,4210,33101,47480,57725,63392,65535,65535,61337,59166,63694,63218,65535,65535
1685666694,0,1,0,0,4210,33109,47492,57742,63386,65535,65535,61346,59151,63670,63199,65535,65535
1685666700,0,1,0,0,4205,33086,47446,57710,63357,65535,65535,61304,59146,63674,63194,65535,65535
1685666706,0,1,0,0,4210,33092,47452,57710,63368,65535,65535,61300,59162,63667,63178,65535,65535
1685666712,0,1,0,0,4205,33055,47419,57686,63325,65535,65535,61281,59113,63675,63161,65535,65535
1685666718,0,1,0,0,4205,33053,47428,57657,63320,65535,65535,61268,59113,63662,63168,65535,65535
1685666724,0,1,0,0,4205,33044,47427,57631,63303,65535,65535,61252,59113,63610,63130,65535,65535
1685666730,0,1,0,0,4205,33035,47396,57623,63301,65535,65535,61256,59083,63607,63127,65535,65535
1685666736,0,1,0,0,4204,33054,47383,57614,63284,65535,65535,61220,59054,63615,63094,65535,65535
1685666742,0,1,0,0,4205,33022,47400,57587,63267,65535,65535,61222,59068,63608,63125,65535,65535
1685666748,0,1,0,0,4204,33027,47371,57612,63281,65535,65535,61199,59046,63591,63078,65535,65535
1685666754,0,1,0,0,4204,33027,47359,57597,63238,65535,65535,61187,59028,63575,63061,65535,65535
1685666760,0,1,0,0,4204,33002,47346,57599,63275,65535,65535,61173,59022,63587,63062,65535,65535
1685666766,0,1,0,0,4204,32991,47330,57543,63219,65535,65535,61154,59008,63547,63034,65535,65535
1685666772,0,1,0,0,4204,32973,47302,57537,63195,65535,65535,61119,58962,63510,63005,65535,65535
1685666778,0,1,0,0,4204,32978,47309,57543,63185,65535,65535,61118,58961,63504,63025,65535,65535
1685666784,0,1,0,0,4204,32965,47285,57478,63128,65535,65535,61116,58933,63479,62977,65535,65535
1685666790,0,1,0,0,4204,32973,47308,57521,63157,65535,65535,61093,58952,63494,62972,65535,65535
1685666796,0,1,0,0,4204,32965,47280,57506,63146,65535,65535,61073,58942,63446,62962,65535,65535
1685666802,0,1,0,0,4203,32943,47270,57474,63139,65535,65535,61067,58923,63474,62957,65535,65535
1685666808,0,1,0,0,4203,32942,47259,57482,63153,65535,65535,61046,58902,63414,62937,65535,65535
1685666814,0,1,0,0,4203,32912,47243,57419,63085,65535,65535,61011,58868,63384,62903,65535,65535
1685666820,0,1,0,0,4202,32911,47216,57433,63070,65535,65535,61033,58886,63423,62918,65535,65535
1685666826,0,1,0,0,4202,32897,47205,57392,63051,65535,65535,60974,58830,63358,62860,65535,65535
1685666832,0,1,0,0,4202,32895,47197,57417,63074,65535,65535,60980,58864,63391,62879,65535,65535
1685666838,0,1,0,0,4202,32884,47182,57389,63031,65535,65535,60975,58835,63375,62867,65535,65535
1685666844,0,1,0,0,4202,32880,47176,57391,63040,65535,65535,60952,58827,63365,62867,65535,65535
1685666850,0,1,0,0,4202,32864,47149,57344,63015,65535,65535,60911,58782,63340,62828,65535,65535
1685666856,0,1,0,0,4202,32863,47164,57366,63014,65535,65535,60935,58796,63324,62831,65535,65535
1685666862,0,1,0,0,4202,32863,47173,57376,63015,65535,65535,60908,58797,63298,62869,65535,65535
1685666868,0,1,0,0,4202,32866,47153,57349,63007,65535,65535,60915,58786,63308,62830,65535,65535
1685666874,0,1,0,0,4201,32835,47117,57283,62959,65535,65535,60844,58729,63220,62760,65535,65535
1685666880,0,1,0,0,4201,32842,47134,57291,62964,65535,65535,60863,58754,63278,62791,65535,65535
1685666886,0,1,0,0,4201,32855,47130,57299,62976,65535,65535,60886,58765,63300,62812,65535,65535
1685666892,0,1,0,0,4201,32796,47072,57235,62901,65535,65535,60791,58680,63223,62720,65535,65535
1685666898,0,1,0,0,4201,32814,47089,57276,62930,65535,65535,60832,58708,63275,62753,65535,65535
1685666904,0,1,0,0,4201,32837,47093,57272,62927,65535,65535,60828,58743,63271,62758,65535,65535
1685666910,0,1,0,0,4201,32827,47111,57289,62922,65535,65535,60813,58701,63256,62747,65535,65535
1685666916,0,1,0,0,4201,32808,47096,57276,62910,65535,65535,60802,58697,63213,62733,65535,65535
1685666922,0,1,0,0,4201,32783,47036,57239,62878,65535,65535,60756,58668,63159,62698,65535,65535
1685666928,0,1,0,0,4200,32777,47023,57222,62861,65535,65535,60732,58664,63183,62677,65535,65535
1685666934,0,1,0,0,4200,32770,47021,57188,62849,65535,65535,60738,58631,63138,62699,65535,65535
1685666940,0,1,0,0,4200,32775,47035,57200,62851,65535,65535,60726,58639,63144,62666,65535,65535
1685666946,0,1,0,0,4200,32764,47044,57218,62839,65535,65535,60712,58619,63183,62659,65535,65535
1685666952,0,1,0,0,4200,32766,47026,57205,62829,65535,65535,60691,58626,63137,62640,65535,65535
1685666958,0,1,0,0,4200,32769,46995,57204,62854,65535,65535,60700,58609,63150,62668,65535,65535
1685666964,0,1,0,0,4200,32731,46972,57182,62786,65535,65535,60681,58577,63137,62649,65535,65535
1685666970,0,1,0,0,4155,32717,46958,57117,62757,65535,65535,60674,58563,63120,62634,65535,65535
1685666976,0,1,0,0,4155,32713,46945,57148,62749,65535,65535,60667,58552,63084,62622,65535,65535
1685666982,0,1,0,0,4155,32712,46941,57142,62791,65535,65535,60644,58528,63097,62576,65535,65535
1685666988,0,1,0,0,4155,32692,46936,57087,62741,65535,65535,60641,58549,63060,62553,65535,65535
1685666994,0,1,0,0,4155,32692,46950,57102,62730,65535,65535,60634,58512,63058,62550,65535,65535
1685667000,0,1,0,0,4154,32679,46908,57089,62704,65535,65535,60632,58507,63055,62545,65535,65535
1685667006,0,1,0,0,4154,32667,46884,57039,62682,65535,65535,60618,58484,63040,62526,65535,65535
1685667012,0,1,0,0,4154,32674,46881,57041,62703,65535,65535,60621,58496,63051,62574,65535,65535
1685667018,0,1,0,0,4154,32674,46895,57042,62680,65535,65535,60623,58456,62996,62538,65535,65535
1685667024,0,1,0,0,4154,32653,46885,57021,62664,65535,65535,60614,58494,62994,62547,65535,65535
1685667030,0,1,0,0,4154,32662,46873,57066,62678,65535,65535,60622,58508,63051,62563,65535,65535
1685667036,0,1,0,0,4154,32625,46826,57000,62618,65535,65535,60606,58438,63008,62521,65535,65535
1685667042,0,1,0,0,4153,32613,46818,57004,62628,65535,65535,60581,58425,62960,62465,65535,65535
1685667048,0,1,0,0,4153,32608,46809,56961,62596,65535,65535,60595,58426,62947,62470,65535,65535
1685667054,0,1,0,0,4153,32617,46824,56970,62604,65535,65535,60572,58407,62942,62483,65535,65535
1685667060,0,1,0,0,4153,32591,46786,56924,62568,65535,65535,60579,58397,62957,62471,65535,65535
1685667066,0,1,0,0,4153,32573,46768,56911,62547,65535,65535,60526,58367,62902,62406,65535,65535
1685667072,0,1,0,0,4152,32577,46785,56895,62537,65535,65535,60553,58364,62929,62416,65535,65535
1685667078,0,1,0,0,4152,32588,46761,56913,62569,65535,65535,60520,58338,62899,62395,65535,65535
1685667084,0,1,0,0,4152,32560,46724,56870,62520,65535,65535,60470,58318,62871,62383,65535,65535
1685667090,0,1,0,0,4152,32533,46705,56855,62462,65535,65535,60466,58331,62842,62366,65535,65535
1685667096,0,1,0,0,4152,32528,46705,56836,62489,65535,65535,60431,58283,62828,62327,65535,65535
1685667102,0,1,0,0,4151,32548,46701,56836,62463,65535,65535,60405,58300,62817,62342,65535,65535
1685667108,0,1,0,0,4151,32537,46704,56834,62440,65535,65535,60395,58285,62808,62293,65535,65535
1685667114,0,1,0,0,4151,32504,46653,56781,62412,65535,65535,60368,58215,62770,62262,65535,65535
1685667120,0,1,0,0,4151,32507,46649,56784,62405,65535,65535,60413,58253,62805,62294,65535,65535
1685667126,0,1,0,0,4151,32508,46650,56823,62400,65535,65535,60367,58239,62768,62277,65535,65535
1685667132,0,1,0,0,4151,32482,46642,56739,62413,65535,65535,60353,58232,62760,62281,65535,65535
1685667138,0,1,0,0,4150,32485,46630,56760,62370,65535,65535,60320,58213,62747,62285,65535,65535
1685667144,0,1,0,0,4150,32476,46610,56745,62341,65535,65535,60317,58181,62714,62216,65535,65535
1685667150,0,1,0,0,4150,32468,46617,56754,62402,65535,65535,60304,58190,62775,62244,65535,65535
1685667156,0,1,0,0,4151,32477,46605,56730,62360,65535,65535,60304,58176,62758,62259,65535,65535
1685667162,0,1,0,0,4150,32457,46577,56708,62333,65535,65535,60319,58166,62720,62230,65535,65535
1685667168,0,1,0,0,4150,32439,46565,56690,62298,65535,65535,60265,58138,62680,62215,65535,65535
1685667174,0,1,0,0,4145,32430,46538,56662,62272,65535,65535,60241,58147,62689,62217,65535,65535
1685667180,0,1,0,0,4145,32407,46520,56668,62266,65535,65535,60217,58108,62651,62179,65535,65535
1685667186,0,1,0,0,4145,32416,46521,56630,62299,65535,65535,60224,58111,62668,62161,65535,65535
1685667192,0,1,0,0,4145,32396,46501,56597,62235,65535,65535,60164,58067,62635,62128,65535,65535
1685667198,0,1,0,0,4145,32382,46499,56606,62259,65535,65535,60147,58086,62629,62124,65535,65535
1685667204,0,1,0,0,4144,32366,46468,56541,62200,65535,65535,60153,58041,62593,62091,65535,65535
1685667210,0,1,0,0,4144,32355,46452,56565,62219,65535,65535,60133,58020,62589,62117,65535,65535
1685667216,0,1,0,0,4144,32350,46440,56526,62167,65535,65535,60122,58008,62549,62074,65535,65535
1685667222,0,1,0,0,4144,32319,46408,56480,62157,65535,65535,60082,57973,62528,62032,65535,65535
1685667228,0,1,0,0,4143,32313,46405,56514,62160,65535,65535,60074,57982,62543,62042,65535,65535
1685667234,0,1,0,0,4143,32301,46386,56471,62116,65535,65535,60035,57937,62515,62024,65535,65535
1685667240,0,1,0,0,4143,32295,46376,56440,62132,65535,65535,60023,57969,62486,62042,65535,65535
1685667246,0,1,0,0,4143,32298,46367,56454,62094,65535,65535,60053,57933,62511,62041,65535,65535
1685667252,0,1,0,0,4143,32279,46343,56451,62068,65535,65535,60029,57913,62510,62006,65535,65535
1685667258,0,1,0,0,4142,32262,46323,56404,62035,65535,65535,59974,57883,62425,61983,65535,65535
1685667264,0,1,0,0,4143,32250,46325,56421,62042,65535,65535,59952,57875,62409,61989,65535,65535
1685667270,0,1,0,0,4142,32255,46326,56398,62022,65535,65535,59990,57877,62441,61963,65535,65535
1685667276,0,1,0,0,4142,32259,46311,56414,62017,65535,65535,59979,57903,62441,61979,65535,65535
1685667282,0,1,0,0,4142,32238,46288,56388,62001,65535,65535,59938,57841,62412,61926,65535,65535
1685667288,0,1,0,0,4141,32217,46269,56348,61997,65535,65535,59921,57814,62361,61888,65535,65535
1685667294,0,1,0,0,4141,32200,46234,56316,61926,65535,65535,59895,57775,62344,61868,65535,65535
1685667300,0,1,0,0,4141,32211,46241,56320,61942,65535,65535,59864,57771,62331,61859,65535,65535
1685667306,0,1,0,0,4141,32195,46230,56282,61906,65535,65535,59843,57737,62295,61833,65535,65535
1685667312,0,1,0,0,4140,32177,46220,56283,61939,65535,65535,59852,57752,62304,61835,65535,65535
1685667318,0,1,0,0,4140,32190,46196,56271,61905,65535,65535,59852,57755,62328,61832,65535,65535
1685667324,0,1,0,0,4140,32178,46218,56299,61907,65535,65535,59835,57751,62299,61833,65535,65535
1685667330,0,1,0,0,4140,32183,46214,56302,61895,65535,65535,59827,57743,62273,61815,65535,65535
1685667336,0,1,0,0,4140,32181,46209,56270,61889,65535,65535,59826,57732,62286,61817,65535,65535
1685667342,0,1,0,0,4140,32151,46195,56261,61904,65535,65535,59779,57711,62277,61836,65535,65535
1685667348,0,1,0,0,4140,32147,46146,56207,61827,65535,65535,59787,57688,62241,61782,65535,65535
1685667354,0,1,0,0,4140,32155,46184,56255,61871,65535,65535,59819,57718,62313,61817,65535,65535
1685667360,0,1,0,0,4140,32154,46173,56243,61852,65535,65535,59776,57690,62266,61803,65535,65535
1685667366,0,1,0,0,4135,32123,46142,56211,61817,65535,65535,59739,57659,62230,61765,65535,65535
1685667372,0,1,0,0,4135,32116,46140,56223,61796,65535,65535,59749,57644,62209,61776,65535,65535
1685667378,0,1,0,0,4135,32110,46099,56172,61763,65535,65535,59708,57607,62175,61710,65535,65535
1685667384,0,1,0,0,4134,32105,46101,56133,61781,65535,65535,59679,57617,62195,61702,65535,65535
1685667390,0,1,0,0,4134,32075,46072,56144,61731,65535,65535,59681,57583,62128,61703,65535,65535
1685667396,0,1,0,0,4134,32068,46065,56121,61745,65535,65535,59655,57561,62118,61650,65535,65535
1685667402,0,1,0,0,4134,32087,46066,56114,61710,65535,65535,59638,57552,62115,61658,65535,65535
1685667408,0,1,0,0,4133,32076,46040,56094,61694,65535,65535,59620,57530,62093,61635,65535,65535
1685667414,0,1,0,0,4133,32068,46034,56073,61696,65535,65535,59608,57526,62077,61649,65535,65535
1685667420,0,1,0,0,4133,32044,46029,56066,61661,65535,65535,59628,57528,62083,61616,65535,65535
1685667426,0,1,0,0,4133,32028,46014,56036,61645,65535,65535,59607,57492,62080,61608,65535,65535
1685667432,0,1,0,0,4133,32029,46008,56016,61674,65535,65535,59601,57494,62024,61627,65535,65535
1685667438,0,1,0,0,4133,32049,46015,56064,61645,65535,65535,59561,57471,62006,61565,65535,65535
1685667444,0,1,0,0,4132,32001,45964,55981,61619,65535,65535,59522,57446,61984,61545,65535,65535
1685667450,0,1,0,0,4132,32006,45975,55994,61621,65535,65535,59513,57443,61978,61569,65535,65535
1685667456,0,1,0,0,4132,31987,45950,55962,61578,65535,65535,59495,57433,61968,61540,65535,65535
1685667462,0,1,0,0,4132,31985,45962,55970,61559,65535,65535,59494,57394,61943,61520,65535,65535
1685667468,0,1,0,0,4131,31963,45921,55938,61545,65535,65535,59476,57374,61954,61527,65535,65535
1685667474,0,1,0,0,4132,31976,45936,55959,61542,65535,65535,59528,57411,61973,61556,65535,65535
1685667480,0,1,0,0,4134,31978,45932,55960,61548,65535,65535,59552,57466,62038,61606,65535,65535
1685667486,0,1,0,0,4132,31967,45917,55957,61571,65535,65535,59472,57416,61936,61544,65535,65535
1685667492,0,1,0,0,4132,31965,45942,55945,61533,65535,65535,59457,57385,61950,61502,65535,65535
1685667498,0,1,0,0,4132,31937,45882,55903,61496,65535,65535,59420,57348,61904,61469,65535,65535
1685667504,0,1,0,0,4131,31931,45872,55881,61482,65535,65535,59447,57365,61926,61476,65535,65535
1685667510,0,1,0,0,4131,31912,45846,55867,61436,65535,65535,59358,57302,61841,61422,65535,65535
1685667516,0,1,0,0,4131,31923,45842,55886,61447,65535,65535,59350,57289,61857,61415,65535,65535
1685667522,0,1,0,0,4130,31902,45830,55844,61426,65535,65535,59341,57285,61846,61404,65535,65535
1685667528,0,1,0,0,4131,31895,45828,55838,61415,65535,65535,59317,57267,61823,61378,65535,65535
1685667534,0,1,0,0,4130,31875,45801,55805,61381,65535,65535,59328,57243,61805,61373,65535,65535
1685667540,0,1,0,0,4130,31862,45786,55781,61362,65535,65535,59285,57222,61783,61351,65535,65535
1685667546,0,1,0,0,4125,31853,45768,55759,61367,65535,65535,59256,57199,61753,61333,65535,65535
1685667552,0,1,0,0,4124,31810,45695,55675,61253,65535,65535,59174,57116,61668,61270,65535,65535
1685667558,0,1,0,0,4125,31820,45710,55713,61283,65535,65535,59188,57162,61733,61262,65535,65535
1685667564,0,1,0,0,4124,31810,45705,55687,61257,65535,65535,59184,57142,61691,61257,65535,65535
1685667570,0,1,0,0,4124,31824,45700,55693,61256,65535,65535,59160,57109,61671,61227,65535,65535
1685667576,0,1,0,0,4124,31804,45694,55720,61245,65535,65535,59159,57093,61664,61227,65535,65535
1685667582,0,1,0,0,4123,31757,45627,55578,61143,65535,65535,59079,57035,61594,61160,65535,65535
1685667588,0,1,0,0,4123,31761,45614,55592,61156,65535,65535,59076,57037,61590,61153,65535,65535
1685667594,0,1,0,0,4123,31743,45616,55589,61175,65535,65535,59091,57020,61578,61138,65535,65535
