Timestamp,Amber,White,On,Override,Intensity,AS00,AS01,AS02,AS03,AS04,AS05,AS06,AS07,AS08,AS09,AS10,AS11
1685703600,0,1,1,0,1314,3143,7719,10878,20198,65535,6632,31885,44126,56863,33536,65535,6638
1685703606,0,1,1,0,1314,3142,7718,10872,20200,65535,6632,31878,44119,56849,33529,65535,6636
1685703612,0,1,1,0,1314,3144,7723,10883,20211,65535,6640,31901,44147,56885,33562,65535,6642
1685703618,0,1,1,0,1313,3143,7720,10871,20198,65535,6630,31882,44127,56832,33552,65535,6634
1685703624,0,1,1,0,1313,3143,7718,10874,20200,65535,6630,31889,44132,56869,33559,65535,6638
1685703630,0,1,1,0,1312,3142,7717,10877,20201,65535,6628,31893,44129,56868,33538,65535,6640
1685703636,0,1,1,0,1313,3142,7719,10873,20197,65535,6630,31888,44127,56867,33556,65535,6640
1685703642,0,1,1,0,1313,3143,7719,10876,20199,65535,6634,31906,44124,56874,33561,65535,6640
1685703648,0,1,1,0,1314,3144,7717,10884,20207,65535,6632,31894,44139,56878,33550,65535,6640
1685703654,0,1,1,0,1313,3143,7720,10883,20199,65535,6632,31902,44155,56885,33558,65535,6640
1685703660,0,1,1,0,1313,3144,7720,10878,20204,65535,6633,31903,44152,56860,33579,65535,6642
1685703666,0,1,1,0,1314,3145,7727,10884,20206,65535,6638,31925,44164,56942,33597,65535,6648
1685703672,0,1,1,0,1314,3145,7726,10891,20205,65535,6640,31903,44155,56869,33556,65535,6642
1685703678,0,1,1,0,1314,3147,7727,10888,20209,65535,6638,31907,44156,56874,33561,65535,6640
1685703684,0,1,1,0,1315,3145,7720,10882,20204,65535,6634,31898,44155,56864,33574,65535,6642
1685703690,0,1,1,0,1314,3146,7728,10889,20210,65535,6636,31907,44166,56885,33574,65535,6642
1685703696,0,1,1,0,1314,3145,7725,10881,20208,65535,6634,31892,44143,56858,33573,65535,6640
1685703702,0,1,1,0,1314,3145,7723,10881,20205,65535,6636,31906,44152,56876,33568,65535,6644
1685703708,0,1,1,0,1314,3144,7720,10881,20203,65535,6636,31921,44141,56885,33563,65535,6642
1685703714,0,1,1,0,1313,3144,7723,10881,20209,65535,6634,31905,44159,56878,33564,65535,6642
1685703720,0,1,1,0,1312,3144,7721,10881,20203,65535,6634,31899,44139,56875,33575,65535,6640
1685703726,0,1,1,0,1313,3142,7716,10869,20195,65535,6630,31891,44138,56825,33562,65535,6640
1685703732,0,1,1,0,1313,3144,7719,10877,20199,65535,6630,31887,44136,56855,33563,65535,6638
1685703738,0,1,1,0,1313,3145,7723,10882,20203,65535,6635,31900,44146,56873,33567,65535,6640
1685703744,0,1,1,0,1314,3144,7724,10881,20202,65535,6634,31893,44148,56876,33553,65535,6644
1685703750,0,1,1,0,1314,3145,7723,10886,20210,65535,6638,31907,44154,56880,33565,65535,6646
1685703756,0,1,1,0,1314,3144,7721,10883,20205,65535,6634,31902,44141,56875,33570,65535,6642
1685703762,0,1,1,0,1312,3141,7715,10874,20196,65535,6628,31885,44116,56839,33530,65535,6634
1685703768,0,1,1,0,1313,3143,7718,10876,20200,65535,6632,31874,44098,56844,33535,65535,6638
1685703774,0,1,1,0,1313,3142,7717,10879,20201,65535,6630,31870,44107,56813,33526,65535,6636
1685703780,0,1,1,0,1313,3143,7717,10880,20200,65535,6632,31893,44144,56857,33548,65535,6642
1685703786,0,1,1,0,1312,3143,7721,10877,20201,65535,6634,31908,44138,56874,33561,65535,6640
1685703792,0,1,1,0,1314,3146,7727,10887,20210,65535,6642,31910,44142,56852,33560,65535,6642
1685703798,0,1,1,0,1314,3145,7724,10881,20205,65535,6634,31891,44142,56858,33544,65535,6642
1685703804,0,1,1,0,1313,3145,7719,10879,20201,65535,6632,31881,44122,56818,33531,65535,6638
1685703810,0,1,1,0,1314,3147,7724,10879,20207,65535,6638,31909,44154,56890,33566,65535,6644
1685703816,0,1,1,0,1314,3142,7717,10873,20198,65535,6630,31883,44121,56840,33528,65535,6638
1685703822,0,1,1,0,1313,3146,7723,10886,20201,65535,6632,31907,44149,56868,33551,65535,6642
1685703828,0,1,1,0,1313,3142,7719,10874,20199,65535,6632,31876,44116,56795,33519,65535,6636
1685703834,0,1,1,0,1314,3145,7723,10881,20202,65535,6634,31906,44145,56865,33572,65535,6640
1685703840,0,1,1,0,1313,3144,7724,10884,20207,65535,6636,31896,44144,56862,33566,65535,6642
1685703846,0,1,1,0,1314,3144,7721,10884,20208,65535,6635,31912,44143,56875,33575,65535,6642
1685703852,0,1,1,0,1313,3145,7722,10889,20207,65535,6636,31910,44159,56899,33576,65535,6644
1685703858,0,1,1,0,1313,3146,7727,10891,20217,65535,6638,31913,44171,56910,33596,65535,6648
1685703864,0,1,1,0,1314,3147,7723,10888,20206,65535,6638,31915,44167,56899,33584,65535,6648
1685703870,0,1,1,0,1313,3147,7731,10895,20206,65535,6642,31938,44204,56934,33605,65535,6648
1685703876,0,1,1,0,1313,3147,7730,10897,20218,65535,6642,31926,44182,56908,33587,65535,6648
1685703882,0,1,1,0,1314,3148,7730,10897,20214,65535,6640,31936,44198,56929,33603,65535,6650
1685703888,0,1,1,0,1312,3147,7728,10890,20208,65535,6638,31934,44165,56909,33581,65535,6650
1685703894,0,1,1,0,1315,3148,7730,10897,20219,65535,6642,31933,44197,56939,33600,65535,6650
1685703900,0,1,1,0,1315,3150,7733,10901,20216,65535,6646,31962,44211,56953,33626,65535,6654
1685703906,0,1,1,0,1313,3148,7732,10899,20208,65535,6640,31923,44186,56909,33587,65535,6648
1685703912,0,1,1,0,1314,3150,7736,10908,20223,65535,6648,31956,44233,56983,33637,65535,6656
1685703918,0,1,1,0,1315,3151,7736,10909,20239,65535,6650,31964,44249,56991,33640,65535,6656
1685703924,0,1,1,0,1315,3151,7738,10907,20233,65535,6650,31961,44246,56997,33642,65535,6656
1685703930,0,1,1,0,1314,3148,7728,10897,20224,65535,6644,31937,44211,56952,33614,65535,6654
1685703936,0,1,1,0,1314,3149,7733,10900,20216,65535,6644,31940,44210,56956,33619,65535,6650
1685703942,0,1,1,0,1315,3149,7735,10901,20220,65535,6648,31965,44218,56975,33619,65535,6655
1685703948,0,1,1,0,1315,3150,7736,10903,20219,65535,6646,31958,44228,56965,33634,65535,6652
1685703954,0,1,1,0,1313,3147,7732,10900,20213,65535,6644,31928,44192,56932,33594,65535,6648
1685703960,0,1,1,0,1314,3148,7734,10899,20215,65535,6646,31932,44202,56911,33601,65535,6654
1685703966,0,1,1,0,1313,3149,7731,10899,20212,65535,6642,31938,44208,56923,33618,65535,6648
1685703972,0,1,1,0,1315,3150,7738,10900,20226,65535,6646,31956,44234,56995,33635,65535,6654
1685703978,0,1,1,0,1313,3150,7731,10899,20221,65535,6644,31949,44205,56963,33636,65535,6652
1685703984,0,1,1,0,1313,3150,7733,10895,20211,65535,6644,31944,44205,56973,33629,65535,6654
1685703990,0,1,1,0,1314,3147,7730,10898,20210,65535,6644,31928,44195,56931,33610,65535,6654
1685703996,0,1,1,0,1314,3150,7732,10897,20221,65535,6642,31970,44234,56981,33635,65535,6652
1685704002,0,1,1,0,1313,3148,7728,10896,20210,65535,6642,31918,44172,56907,33608,65535,6652
1685704008,0,1,1,0,1312,3148,7728,10899,20215,65535,6642,31944,44197,56941,33613,65535,6652
1685704014,0,1,1,0,1313,3148,7727,10894,20217,65535,6644,31951,44189,56954,33626,65535,6652
1685704020,0,1,1,0,1314,3149,7730,10899,20220,65535,6643,31942,44206,56945,33629,65535,6650
1685704026,0,1,1,0,1312,3150,7732,10900,20217,65535,6642,31924,44179,56905,33595,65535,6646
1685704032,0,1,1,0,1313,3151,7739,10901,20240,65535,6648,31959,44235,56976,33651,65535,6656
1685704038,0,1,1,0,1314,3148,7732,10897,20217,65535,6642,31916,44178,56912,33584,65535,6648
1685704044,0,1,1,0,1315,3150,7738,10902,20223,65535,6646,31970,44219,56981,33646,65535,6654
1685704050,0,1,1,0,1315,3147,7729,10892,20207,65535,6640,31929,44172,56891,33574,65535,6646
1685704056,0,1,1,0,1314,3148,7728,10893,20210,65535,6642,31957,44196,56936,33611,65535,6652
1685704062,0,1,1,0,1315,3146,7722,10888,20203,65535,6638,31913,44150,56873,33591,65535,6646
1685704068,0,1,1,0,1313,3147,7727,10893,20209,65535,6640,31933,44193,56931,33607,65535,6648
1685704074,0,1,1,0,1314,3148,7731,10899,20223,65535,6642,31931,44200,56938,33599,65535,6648
1685704080,0,1,1,0,1312,3146,7726,10886,20209,65535,6636,31905,44163,56867,33568,65535,6644
1685704086,0,1,1,0,1314,3150,7737,10901,20227,65535,6644,31954,44231,56977,33628,65535,6660
1685704092,0,1,1,0,1313,3148,7731,10897,20214,65535,6642,31932,44184,56932,33602,65535,6650
1685704098,0,1,1,0,1313,3149,7734,10900,20224,65535,6644,31939,44206,56939,33599,65535,6652
1685704104,0,1,1,0,1313,3148,7733,10899,20216,65535,6644,31935,44205,56926,33636,65535,6650
1685704110,0,1,1,0,1314,3150,7736,10905,20227,65535,6650,31956,44228,56965,33616,65535,6656
1685704116,0,1,1,0,1313,3149,7733,10897,20214,65535,6642,31941,44189,56895,33604,65535,6650
1685704122,0,1,1,0,1313,3153,7737,10914,20244,65535,6648,31966,44234,57001,33656,65535,6658
1685704128,0,1,1,0,1313,3154,7737,10911,20226,65535,6650,31972,44250,56991,33634,65535,6658
1685704134,0,1,1,0,1314,3151,7739,10911,20220,65535,6647,31956,44248,57005,33657,65535,6658
1685704140,0,1,1,0,1313,3150,7734,10904,20216,65535,6644,31954,44221,56920,33613,65535,6654
1685704146,0,1,1,0,1312,3152,7740,10908,20220,65535,6646,31955,44229,56971,33623,65535,6655
1685704152,0,1,1,0,1313,3152,7736,10909,20220,65535,6646,31949,44235,56970,33631,65535,6654
1685704158,0,1,1,0,1314,3151,7737,10911,20224,65535,6650,31956,44237,56984,33644,65535,6656
1685704164,0,1,1,0,1313,3153,7739,10913,20224,65535,6646,31956,44235,56954,33629,65535,6656
1685704170,0,1,1,0,1313,3152,7740,10911,20225,65535,6650,31948,44225,56970,33625,65535,6654
1685704176,0,1,1,0,1313,3152,7737,10908,20232,65535,6648,31973,44259,56989,33660,65535,6656
1685704182,0,1,1,0,1313,3154,7740,10912,20237,65535,6648,31967,44257,56996,33652,65535,6656
1685704188,0,1,1,0,1313,3153,7741,10915,20238,65535,6650,31974,44272,57003,33650,65535,6662
1685704194,0,1,1,0,1314,3156,7746,10925,20248,65535,6656,31992,44298,57048,33662,65535,6664
1685704200,0,1,1,0,1315,3156,7745,10919,20248,65535,6654,31997,44268,57045,33663,65535,6662
1685704206,0,1,1,0,1315,3156,7747,10925,20243,65535,6656,31997,44286,57017,33663,65535,6664
1685704212,0,1,1,0,1313,3153,7741,10916,20227,65535,6650,31976,44263,57008,33652,65535,6656
1685704218,0,1,1,0,1314,3155,7748,10924,20250,65535,6656,32001,44309,57056,33665,65535,6666
1685704224,0,1,1,0,1315,3154,7747,10926,20237,65535,6658,32007,44291,57039,33664,65535,6664
1685704230,0,1,1,0,1315,3158,7752,10925,20253,65535,6660,32015,44321,57055,33666,65535,6668
1685704236,0,1,1,0,1320,3160,7752,10932,20255,65535,6660,32011,44311,57069,33666,65535,6670
1685704242,0,1,1,0,1314,3156,7751,10927,20245,65535,6658,31992,44297,57044,33664,65535,6664
1685704248,0,1,1,0,1315,3160,7757,10933,20268,65535,6664,32023,44317,57071,33667,65535,6670
1685704254,0,1,1,0,1320,3160,7756,10934,20260,65535,6662,32017,44333,57083,33666,65535,6672
1685704260,0,1,1,0,1315,3155,7750,10925,20240,65535,6658,31985,44292,57025,33666,65535,6664
1685704266,0,1,1,0,1315,3156,7747,10926,20242,65535,6654,31994,44287,57026,33660,65535,6664
1685704272,0,1,1,0,1313,3156,7749,10927,20239,65535,6652,31994,44278,57030,33659,65535,6664
1685704278,0,1,1,0,1314,3156,7747,10923,20256,65535,6660,31995,44290,57031,33664,65535,6666
1685704284,0,1,1,0,1314,3157,7747,10927,20246,65535,6658,31999,44293,57025,33666,65535,6664
1685704290,0,1,1,0,1314,3156,7747,10923,20249,65535,6656,31993,44279,57015,33657,65535,6664
1685704296,0,1,1,0,1314,3157,7751,10929,20249,65535,6660,32002,44301,57052,33666,65535,6666
1685704302,0,1,1,0,1315,3158,7752,10928,20256,65535,6660,32012,44295,57052,33666,65535,6668
1685704308,0,1,1,0,1315,3157,7749,10931,20246,65535,6658,32006,44295,57057,33663,65535,6666
1685704314,0,1,1,0,1314,3158,7756,10932,20249,65535,6660,32007,44301,57063,33665,65535,6668
1685704320,0,1,1,0,1315,3158,7752,10931,20260,65535,6660,31997,44306,57077,33666,65535,6669
1685704326,0,1,1,0,1315,3158,7748,10931,20240,65535,6658,32007,44302,57046,33666,65535,6668
1685704332,0,1,1,0,1315,3158,7752,10930,20250,65535,6662,32008,44310,57053,33666,65535,6668
1685704338,0,1,1,0,1315,3159,7754,10940,20260,65535,6662,32018,44315,57078,33666,65535,6668
1685704344,0,1,1,0,1314,3160,7757,10942,20258,65535,6664,32005,44317,57054,33666,65535,6670
1685704350,0,1,1,0,1314,3159,7756,10933,20265,65535,6662,32014,44328,57104,33667,65535,6670
1685704356,0,1,1,0,1320,3161,7758,10945,20282,65535,6668,32035,44367,57106,33667,65535,6676
1685704362,0,1,1,0,1320,3162,7761,10948,20270,65535,6668,32045,44361,57116,33667,65535,6676
1685704368,0,1,1,0,1315,3162,7763,10948,20284,65535,6670,32030,44361,57131,33667,65535,6680
1685704374,0,1,1,0,1315,3161,7760,10948,20264,65535,6668,32030,44348,57086,33667,65535,6674
1685704380,0,1,1,0,1315,3162,7760,10942,20275,65535,6670,32024,44345,57114,33667,65535,6674
1685704386,0,1,1,0,1315,3164,7764,10954,20290,65535,6672,32046,44371,57155,33669,65535,6680
1685704392,0,1,1,0,1320,3163,7766,10948,20291,65535,6670,32016,44321,57103,33666,65535,6672
1685704398,0,1,1,0,1320,3158,7752,10928,20255,65535,6660,31996,44303,57032,33665,65535,6668
1685704404,0,1,1,0,1313,3157,7750,10931,20255,65535,6658,32001,44301,57032,33666,65535,6668
1685704410,0,1,1,0,1314,3157,7754,10931,20255,65535,6660,31996,44294,57046,33666,65535,6668
1685704416,0,1,1,0,1320,3161,7759,10942,20269,65535,6666,32033,44337,57104,33667,65535,6674
1685704422,0,1,1,0,1314,3157,7750,10928,20257,65535,6660,32014,44304,57046,33665,65535,6668
1685704428,0,1,1,0,1315,3161,7753,10933,20266,65535,6662,32001,44296,57054,33662,65535,6668
1685704434,0,1,1,0,1313,3156,7748,10920,20241,65535,6656,31990,44299,57039,33662,65535,6666
1685704440,0,1,1,0,1315,3159,7749,10924,20254,65535,6660,32012,44289,57033,33664,65535,6668
1685704446,0,1,1,0,1315,3157,7753,10938,20260,65535,6660,32017,44319,57060,33667,65535,6668
1685704452,0,1,1,0,1315,3159,7754,10930,20265,65535,6662,32010,44318,57067,33667,65535,6668
1685704458,0,1,1,0,1314,3159,7755,10941,20258,65535,6662,32010,44334,57062,33667,65535,6669
1685704464,0,1,1,0,1315,3159,7756,10935,20259,65535,6666,32012,44320,57065,33666,65535,6669
1685704470,0,1,1,0,1315,3161,7756,10939,20273,65535,6666,32033,44343,57097,33667,65535,6674
1685704476,0,1,1,0,1320,3162,7759,10941,20262,65535,6666,32027,44336,57118,33667,65535,6676
1685704482,0,1,1,0,1320,3162,7759,10941,20263,65535,6666,32030,44356,57104,33667,65535,6674
1685704488,0,1,1,0,1320,3162,7758,10942,20265,65535,6670,32032,44348,57132,33667,65535,6678
1685704494,0,1,1,0,1320,3161,7759,10941,20264,65535,6666,32023,44331,57091,33667,65535,6672
1685704500,0,1,1,0,1320,3161,7757,10939,20274,65535,6664,32024,44327,57085,33667,65535,6676
1685704506,0,1,1,0,1320,3163,7758,10941,20278,65535,6668,32025,44332,57109,33668,65535,6674
1685704512,0,1,1,0,1315,3159,7751,10938,20265,65535,6666,31998,44292,57058,33666,65535,6668
1685704518,0,1,1,0,1315,3157,7748,10924,20249,65535,6658,31992,44284,57051,33656,65535,6664
1685704524,0,1,1,0,1313,3158,7753,10932,20251,65535,6660,31993,44285,57029,33660,65535,6662
1685704530,0,1,1,0,1315,3159,7754,10931,20267,65535,6660,32005,44309,57057,33666,65535,6670
1685704536,0,1,1,0,1315,3158,7748,10927,20247,65535,6664,32000,44293,57054,33666,65535,6668
1685704542,0,1,1,0,1320,3156,7751,10931,20248,65535,6662,32000,44294,57035,33665,65535,6666
1685704548,0,1,1,0,1320,3159,7751,10927,20256,65535,6662,32021,44303,57063,33666,65535,6672
1685704554,0,1,1,0,1315,3158,7747,10922,20252,65535,6658,31996,44282,57042,33665,65535,6664
1685704560,0,1,1,0,1315,3156,7748,10919,20254,65535,6660,31989,44282,57024,33664,65535,6664
1685704566,0,1,1,0,1315,3154,7743,10915,20237,65535,6654,31991,44288,57025,33662,65535,6664
1685704572,0,1,1,0,1314,3154,7741,10916,20240,65535,6652,31960,44232,56963,33630,65535,6658
1685704578,0,1,1,0,1313,3152,7739,10914,20221,65535,6648,31966,44239,56971,33636,65535,6660
1685704584,0,1,1,0,1315,3152,7736,10904,20222,65535,6648,31959,44220,56961,33643,65535,6656
1685704590,0,1,1,0,1314,3154,7742,10920,20233,65535,6654,31977,44252,57004,33652,65535,6662
1685704596,0,1,1,0,1315,3153,7740,10909,20221,65535,6652,31975,44249,57024,33661,65535,6660
1685704602,0,1,1,0,1315,3155,7747,10917,20249,65535,6650,31974,44244,56989,33649,65535,6662
1685704608,0,1,1,0,1314,3156,7748,10926,20245,65535,6658,31990,44277,57043,33666,65535,6666
1685704614,0,1,1,0,1320,3156,7748,10919,20249,65535,6658,32000,44297,57042,33665,65535,6666
1685704620,0,1,1,0,1315,3158,7749,10924,20260,65535,6658,31991,44276,57029,33666,65535,6666
1685704626,0,1,1,0,1320,3157,7749,10922,20256,65535,6658,31993,44289,57035,33665,65535,6666
1685704632,0,1,1,0,1320,3156,7745,10920,20242,65535,6660,31992,44294,57040,33662,65535,6668
1685704638,0,1,1,0,1314,3156,7746,10925,20251,65535,6656,31990,44269,57018,33665,65535,6664
1685704644,0,1,1,0,1315,3157,7746,10917,20239,65535,6658,31995,44281,57026,33662,65535,6664
1685704650,0,1,1,0,1315,3154,7743,10913,20234,65535,6652,31987,44272,57011,33663,65535,6666
1685704656,0,1,1,0,1315,3152,7736,10906,20222,65535,6650,31960,44240,56984,33653,65535,6658
1685704662,0,1,1,0,1314,3148,7728,10890,20214,65535,6642,31931,44188,56918,33616,65535,6652
1685704668,0,1,1,0,1314,3152,7736,10906,20224,65535,6652,31968,44212,56974,33621,65535,6658
1685704674,0,1,1,0,1314,3152,7738,10905,20222,65535,6650,31955,44228,56967,33629,65535,6656
1685704680,0,1,1,0,1315,3149,7732,10898,20219,65535,6644,31931,44198,56921,33614,65535,6654
1685704686,0,1,1,0,1315,3151,7737,10897,20223,65535,6648,31948,44201,56936,33616,65535,6656
1685704692,0,1,1,0,1313,3149,7732,10896,20227,65535,6648,31943,44197,56931,33615,65535,6654
1685704698,0,1,1,0,1314,3149,7733,10890,20218,65535,6646,31938,44208,56953,33608,65535,6652
1685704704,0,1,1,0,1312,3147,7725,10884,20205,65535,6640,31908,44147,56899,33575,65535,6648
1685704710,0,1,1,0,1312,3147,7725,10881,20205,65535,6640,31904,44159,56848,33557,65535,6646
1685704716,0,1,1,0,1313,3151,7736,10900,20221,65535,6650,31957,44201,56952,33641,65535,6654
1685704722,0,1,1,0,1315,3151,7735,10904,20233,65535,6650,31962,44228,56965,33624,65535,6658
1685704728,0,1,1,0,1312,3150,7733,10898,20218,65535,6644,31931,44180,56923,33609,65535,6650
1685704734,0,1,1,0,1314,3150,7732,10896,20212,65535,6650,31936,44195,56924,33601,65535,6654
1685704740,0,1,1,0,1314,3150,7730,10895,20210,65535,6644,31929,44176,56907,33595,65535,6652
1685704746,0,1,1,0,1313,3150,7729,10896,20212,65535,6646,31943,44214,56942,33630,65535,6654
1685704752,0,1,1,0,1313,3147,7726,10891,20205,65535,6640,31914,44150,56901,33577,65535,6650
1685704758,0,1,1,0,1314,3148,7726,10889,20205,65535,6640,31914,44149,56875,33570,65535,6648
1685704764,0,1,1,0,1313,3148,7730,10889,20209,65535,6646,31921,44171,56884,33579,65535,6650
1685704770,0,1,1,0,1314,3148,7726,10882,20203,65535,6642,31921,44157,56879,33592,65535,6650
1685704776,0,1,1,0,1312,3149,7727,10889,20204,65535,6644,31917,44162,56911,33599,65535,6650
1685704782,0,1,1,0,1315,3152,7733,10898,20220,65535,6650,31948,44208,56946,33610,65535,6658
1685704788,0,1,1,0,1314,3151,7735,10897,20221,65535,6652,31956,44216,56938,33625,65535,6656
1685704794,0,1,1,0,1315,3150,7731,10897,20221,65535,6647,31933,44179,56894,33589,65535,6654
1685704800,0,1,1,0,1312,3149,7732,10892,20218,65535,6646,31928,44172,56890,33590,65535,6654
1685704806,0,1,1,0,1314,3151,7738,10897,20223,65535,6646,31939,44200,56907,33605,65535,6654
1685704812,0,1,1,0,1313,3154,7742,10909,20240,65535,6652,31965,44251,56955,33650,65535,6662
1685704818,0,1,1,0,1315,3153,7742,10901,20235,65535,6654,31983,44261,57015,33655,65535,6662
1685704824,0,1,1,0,1315,3154,7739,10904,20229,65535,6652,31971,44235,56967,33638,65535,6662
1685704830,0,1,1,0,1314,3153,7744,10908,20232,65535,6650,31958,44223,56984,33627,65535,6656
1685704836,0,1,1,0,1315,3151,7736,10904,20226,65535,6648,31953,44228,56965,33637,65535,6660
1685704842,0,1,1,0,1313,3152,7736,10906,20206,65535,6648,31953,44225,56977,33627,65535,6662
1685704848,0,1,1,0,1314,3153,7740,10906,20234,65535,6652,31959,44245,56965,33629,65535,6660
1685704854,0,1,1,0,1314,3154,7745,10909,20232,65535,6656,31970,44275,56994,33647,65535,6664
1685704860,0,1,1,0,1314,3154,7738,10910,20236,65535,6656,31960,44237,56965,33638,65535,6658
1685704866,0,1,1,0,1315,3153,7741,10907,20228,65535,6658,31969,44244,56995,33659,65535,6662
1685704872,0,1,1,0,1315,3155,7743,10908,20229,65535,6662,31987,44282,56995,33659,65535,6672
1685704878,0,1,1,0,1315,3155,7746,10914,20230,65535,6656,31972,44249,56959,33656,65535,6666
1685704884,0,1,1,0,1314,3150,7739,10904,20215,65535,6654,31954,44224,56978,33622,65535,6658
1685704890,0,1,1,0,1315,3156,7742,10911,20228,65535,6660,31954,44230,56966,33649,65535,6660
1685704896,0,1,1,0,1315,3155,7745,10913,20234,65535,6656,31961,44265,57012,33655,65535,6664
1685704902,0,1,1,0,1314,3155,7745,10911,20226,65535,6656,31963,44235,56949,33637,65535,6662
1685704908,0,1,1,0,1315,3155,7745,10911,20242,65535,6656,31975,44253,56989,33649,65535,6664
1685704914,0,1,1,0,1313,3153,7737,10908,20215,65535,6652,31950,44216,56972,33638,65535,6660
1685704920,0,1,1,0,1313,3152,7738,10902,20214,65535,6652,31941,44210,56964,33631,65535,6660
1685704926,0,1,1,0,1314,3153,7741,10913,20221,65535,6652,31960,44242,56959,33655,65535,6660
1685704932,0,1,1,0,1315,3155,7743,10913,20238,65535,6656,31977,44279,56999,33659,65535,6664
1685704938,0,1,1,0,1315,3152,7742,10914,20223,65535,6656,31945,44220,56949,33620,65535,6664
1685704944,0,1,1,0,1314,3155,7742,10912,20226,65535,6656,31963,44241,56977,33633,65535,6668
1685704950,0,1,1,0,1314,3155,7743,10917,20231,65535,6656,31956,44222,56974,33630,65535,6662
1685704956,0,1,1,0,1313,3153,7741,10912,20216,65535,6656,31950,44227,56947,33653,65535,6660
1685704962,0,1,1,0,1314,3157,7748,10926,20239,65535,6662,31989,44293,57015,33666,65535,6666
1685704968,0,1,1,0,1315,3154,7741,10908,20231,65535,6656,31961,44241,56993,33651,65535,6666
1685704974,0,1,1,0,1314,3158,7751,10921,20240,65535,6662,31981,44278,57008,33658,65535,6670
1685704980,0,1,1,0,1314,3154,7744,10914,20226,65535,6656,31956,44244,56971,33635,65535,6668
1685704986,0,1,1,0,1313,3156,7745,10916,20235,65535,6660,31958,44245,56970,33650,65535,6664
1685704992,0,1,1,0,1314,3154,7743,10912,20219,65535,6654,31963,44238,56971,33635,65535,6668
1685704998,0,1,1,0,1313,3155,7743,10911,20219,65535,6656,31967,44238,56953,33654,65535,6666
1685705004,0,1,1,0,1314,3154,7744,10911,20223,65535,6658,31947,44237,56955,33622,65535,6664
1685705010,0,1,1,0,1315,3158,7752,10922,20248,65535,6666,31981,44284,57041,33664,65535,6670
1685705016,0,1,1,0,1315,3156,7748,10914,20223,65535,6656,31954,44243,56958,33636,65535,6662
1685705022,0,1,1,0,1315,3155,7742,10910,20223,65535,6656,31951,44227,56943,33632,65535,6660
1685705028,0,1,1,0,1315,3156,7746,10914,20241,65535,6660,31964,44245,56997,33654,65535,6666
1685705034,0,1,1,0,1315,3156,7745,10916,20230,65535,6660,31967,44259,57013,33655,65535,6670
1685705040,0,1,1,0,1314,3155,7744,10910,20227,65535,6656,31960,44248,56976,33651,65535,6662
1685705046,0,1,1,0,1313,3155,7744,10913,20223,65535,6658,31967,44240,56984,33658,65535,6668
1685705052,0,1,1,0,1313,3153,7744,10912,20227,65535,6654,31955,44230,56957,33634,65535,6664
1685705058,0,1,1,0,1315,3155,7743,10910,20224,65535,6656,31935,44214,56957,33609,65535,6660
1685705064,0,1,1,0,1315,3154,7747,10914,20226,65535,6660,31966,44253,56988,33654,65535,6668
1685705070,0,1,1,0,1315,3157,7744,10915,20243,65535,6662,31975,44255,57004,33661,65535,6667
1685705076,0,1,1,0,1313,3154,7747,10911,20229,65535,6658,31950,44229,56973,33619,65535,6662
1685705082,0,1,1,0,1315,3154,7743,10904,20222,65535,6656,31950,44229,56934,33633,65535,6666
1685705088,0,1,1,0,1315,3156,7737,10906,20221,65535,6656,31943,44220,56954,33630,65535,6666
1685705094,0,1,1,0,1315,3152,7736,10899,20214,65535,6656,31944,44212,56957,33637,65535,6664
1685705100,0,1,1,0,1315,3152,7737,10902,20217,65535,6656,31914,44169,56879,33590,65535,6660
1685705106,0,1,1,0,1315,3153,7736,10897,20215,65535,6652,31940,44209,56901,33616,65535,6660
1685705112,0,1,1,0,1315,3152,7737,10891,20228,65535,6652,31930,44190,56905,33598,65535,6660
1685705118,0,1,1,0,1314,3149,7732,10888,20207,65535,6650,31917,44164,56878,33582,65535,6658
1685705124,0,1,1,0,1314,3150,7733,10891,20217,65535,6652,31922,44177,56892,33600,65535,6658
1685705130,0,1,1,0,1315,3150,7732,10892,20208,65535,6650,31916,44161,56912,33605,65535,6658
1685705136,0,1,1,0,1314,3150,7731,10888,20221,65535,6652,31911,44159,56868,33578,65535,6658
1685705142,0,1,1,0,1313,3150,7732,10889,20206,65535,6650,31912,44163,56875,33572,65535,6656
1685705148,0,1,1,0,1315,3152,7731,10898,20216,65535,6650,31908,44162,56854,33569,65535,6656
1685705154,0,1,1,0,1314,3150,7730,10888,20206,65535,6646,31875,44125,56830,33536,65535,6650
1685705160,0,1,1,0,1315,3150,7732,10889,20222,65535,6650,31910,44150,56888,33574,65535,6660
1685705166,0,1,1,0,1313,3147,7723,10876,20198,65535,6640,31863,44092,56795,33523,65535,6650
1685705172,0,1,1,0,1314,3148,7729,10885,20205,65535,6648,31896,44144,56862,33556,65535,6653
1685705178,0,1,1,0,1314,3147,7725,10884,20207,65535,6644,31881,44126,56831,33533,65535,6654
1685705184,0,1,1,0,1314,3147,7724,10876,20200,65535,6644,31888,44122,56867,33549,65535,6652
1685705190,0,1,1,0,1314,3146,7721,10874,20199,65535,6642,31864,44117,56813,33527,65535,6650
1685705196,0,1,1,0,1313,3143,7712,10865,20191,65535,6636,31856,44075,56787,33507,65535,6644
1685705202,0,1,1,0,1313,3144,7717,10866,20193,65535,6636,31845,44063,56759,33491,65535,6644
1685705208,0,1,1,0,1312,3144,7720,10870,20198,65535,6638,31851,44064,56755,33500,65535,6644
1685705214,0,1,1,0,1314,3145,7719,10874,20202,65535,6640,31882,44104,56805,33527,65535,6654
1685705220,0,1,1,0,1313,3143,7720,10866,20193,65535,6640,31852,44080,56771,33504,65535,6644
1685705226,0,1,1,0,1313,3144,7716,10868,20190,65535,6636,31832,44048,56766,33496,65535,6646
1685705232,0,1,1,0,1312,3146,7721,10874,20196,65535,6640,31850,44072,56768,33505,65535,6646
1685705238,0,1,1,0,1314,3147,7721,10873,20202,65535,6642,31870,44094,56807,33523,65535,6648
1685705244,0,1,1,0,1313,3145,7716,10866,20195,65535,6639,31848,44074,56791,33497,65535,6644
1685705250,0,1,1,0,1313,3145,7718,10874,20199,65535,6646,31858,44070,56803,33505,65535,6650
1685705256,0,1,1,0,1312,3146,7717,10871,20199,65535,6642,31861,44080,56775,33538,65535,6648
1685705262,0,1,1,0,1312,3144,7715,10868,20189,65535,6638,31842,44045,56738,33495,65535,6650
1685705268,0,1,1,0,1312,3145,7714,10864,20190,65535,6638,31849,44066,56753,33526,65535,6646
1685705274,0,1,1,0,1314,3149,7728,10874,20206,65535,6648,31850,44066,56790,33510,65535,6648
1685705280,0,1,1,0,1313,3147,7721,10871,20196,65535,6642,31855,44078,56809,33506,65535,6648
1685705286,0,1,1,0,1312,3145,7715,10865,20188,65535,6636,31837,44048,56758,33493,65535,6644
1685705292,0,1,1,0,1314,3147,7724,10875,20198,65535,6646,31870,44092,56812,33524,65535,6654
1685705298,0,1,1,0,1313,3147,7724,10872,20199,65535,6646,31858,44080,56789,33509,65535,6652
1685705304,0,1,1,0,1314,3147,7724,10876,20201,65535,6648,31867,44087,56810,33522,65535,6654
1685705310,0,1,1,0,1314,3146,7719,10865,20193,65535,6642,31836,44038,56738,33488,65535,6648
1685705316,0,1,1,0,1312,3146,7723,10864,20198,65535,6642,31848,44079,56740,33521,65535,6648
1685705322,0,1,1,0,1313,3149,7728,10870,20199,65535,6648,31872,44093,56784,33522,65535,6658
1685705328,0,1,1,0,1312,3145,7716,10859,20187,65535,6640,31836,44041,56756,33485,65535,6648
1685705334,0,1,1,0,1313,3146,7719,10868,20194,65535,6646,31853,44058,56753,33492,65535,6650
1685705340,0,1,1,0,1314,3146,7719,10867,20201,65535,6650,31860,44080,56741,33518,65535,6654
1685705346,0,1,1,0,1314,3149,7721,10872,20201,65535,6648,31860,44077,56773,33517,65535,6654
1685705352,0,1,1,0,1313,3146,7717,10865,20194,65535,6640,31827,44030,56718,33478,65535,6648
1685705358,0,1,1,0,1311,3147,7719,10864,20192,65535,6646,31841,44065,56743,33490,65535,6652
1685705364,0,1,1,0,1314,3150,7729,10882,20202,65535,6650,31873,44099,56812,33526,65535,6656
1685705370,0,1,1,0,1314,3147,7728,10876,20205,65535,6650,31874,44116,56806,33532,65535,6658
1685705376,0,1,1,0,1314,3148,7724,10874,20199,65535,6650,31870,44095,56799,33549,65535,6660
1685705382,0,1,1,0,1314,3149,7723,10880,20200,65535,6650,31872,44094,56832,33532,65535,6658
1685705388,0,1,1,0,1314,3148,7725,10868,20201,65535,6654,31867,44095,56799,33523,65535,6656
1685705394,0,1,1,0,1313,3148,7718,10870,20196,65535,6646,31857,44086,56776,33516,65535,6656
1685705400,0,1,1,0,1314,3148,7725,10874,20196,65535,6650,31869,44095,56796,33525,65535,6658
1685705406,0,1,1,0,1313,3150,7728,10878,20202,65535,6652,31878,44107,56814,33530,65535,6664
1685705412,0,1,1,0,1314,3149,7724,10877,20205,65535,6652,31876,44098,56804,33549,65535,6662
1685705418,0,1,1,0,1314,3148,7723,10876,20198,65535,6652,31874,44085,56797,33534,65535,6660
1685705424,0,1,1,0,1314,3148,7722,10868,20197,65535,6650,31862,44086,56777,33518,65535,6658
1685705430,0,1,1,0,1314,3148,7725,10872,20196,65535,6652,31863,44084,56780,33515,65535,6658
1685705436,0,1,1,0,1313,3149,7722,10868,20195,65535,6648,31829,44048,56763,33488,65535,6656
1685705442,0,1,1,0,1312,3148,7721,10866,20197,65535,6650,31863,44064,56767,33507,65535,6658
1685705448,0,1,1,0,1312,3146,7716,10862,20190,65535,6646,31837,44036,56729,33476,65535,6656
1685705454,0,1,1,0,1314,3148,7718,10865,20191,65535,6648,31846,44041,56748,33488,65535,6654
1685705460,0,1,1,0,1314,3147,7718,10870,20199,65535,6647,31848,44042,56745,33499,65535,6654
1685705466,0,1,1,0,1314,3147,7719,10864,20193,65535,6646,31850,44042,56751,33500,65535,6654
1685705472,0,1,1,0,1313,3147,7716,10862,20190,65535,6648,31852,44044,56751,33490,65535,6658
1685705478,0,1,1,0,1313,3149,7719,10863,20197,65535,6648,31823,44027,56704,33466,65535,6652
1685705484,0,1,1,0,1312,3143,7711,10851,20175,65535,6642,31802,43989,56662,33441,65535,6650
1685705490,0,1,1,0,1313,3146,7718,10858,20180,65535,6650,31820,44015,56696,33462,65535,6658
1685705496,0,1,1,0,1311,3144,7714,10854,20179,65535,6645,31806,43994,56658,33463,65535,6652
1685705502,0,1,1,0,1313,3147,7718,10860,20189,65535,6652,31806,44017,56727,33467,65535,6654
1685705508,0,1,1,0,1313,3147,7718,10867,20191,65535,6650,31833,44025,56747,33474,65535,6658
1685705514,0,1,1,0,1313,3146,7720,10867,20185,65535,6650,31832,44020,56726,33489,65535,6656
1685705520,0,1,1,0,1312,3145,7714,10856,20190,65535,6650,31832,44013,56693,33471,65535,6658
1685705526,0,1,1,0,1312,3146,7721,10873,20197,65535,6654,31838,44027,56746,33474,65535,6660
1685705532,0,1,1,0,1314,3149,7721,10859,20193,65535,6656,31838,44040,56727,33491,65535,6658
1685705538,0,1,1,0,1314,3150,7724,10868,20195,65535,6656,31854,44068,56788,33504,65535,6664
1685705544,0,1,1,0,1314,3148,7723,10866,20197,65535,6656,31849,44025,56753,33519,65535,6668
1685705550,0,1,1,0,1313,3148,7715,10861,20186,65535,6654,31828,44005,56737,33474,65535,6660
1685705556,0,1,1,0,1313,3148,7718,10864,20186,65535,6652,31832,44014,56711,33477,65535,6662
1685705562,0,1,1,0,1311,3150,7720,10866,20194,65535,6654,31837,44028,56722,33482,65535,6662
1685705568,0,1,1,0,1312,3147,7722,10869,20191,65535,6656,31837,44021,56744,33482,65535,6660
1685705574,0,1,1,0,1313,3148,7717,10864,20181,65535,6652,31824,44000,56705,33480,65535,6658
1685705580,0,1,1,0,1313,3150,7721,10866,20198,65535,6658,31845,44027,56715,33482,65535,6664
1685705586,0,1,1,0,1312,3151,7724,10870,20193,65535,6662,31847,44047,56732,33495,65535,6663
1685705592,0,1,1,0,1314,3153,7726,10876,20198,65535,6662,31861,44065,56763,33537,65535,6670
1685705598,0,1,1,0,1314,3152,7728,10873,20204,65535,6662,31865,44075,56762,33520,65535,6672
1685705604,0,1,1,0,1314,3153,7730,10878,20200,65535,6664,31871,44065,56782,33524,65535,6674
1685705610,0,1,1,0,1314,3152,7729,10879,20202,65535,6666,31871,44071,56805,33531,65535,6674
1685705616,0,1,1,0,1314,3152,7734,10881,20199,65535,6666,31866,44070,56799,33527,65535,6679
1685705622,0,1,1,0,1312,3149,7725,10868,20189,65535,6664,31844,44037,56760,33491,65535,6672
1685705628,0,1,1,0,1313,3151,7726,10871,20197,65535,6666,31833,44017,56712,33483,65535,6666
1685705634,0,1,1,0,1314,3151,7722,10868,20190,65535,6658,31825,44012,56695,33471,65535,6672
1685705640,0,1,1,0,1314,3154,7730,10873,20199,65535,6666,31855,44059,56784,33532,65535,6674
1685705646,0,1,1,0,1314,3154,7727,10879,20200,65535,6666,31848,44063,56744,33519,65535,6676
1685705652,0,1,1,0,1314,3154,7727,10872,20200,65535,6664,31839,44036,56733,33489,65535,6674
1685705658,0,1,1,0,1314,3152,7725,10872,20197,65535,6666,31842,44028,56747,33502,65535,6672
1685705664,0,1,1,0,1314,3152,7724,10868,20194,65535,6666,31835,44027,56720,33509,65535,6672
1685705670,0,1,1,0,1314,3153,7728,10875,20200,65535,6669,31803,43973,56656,33447,65535,6664
1685705676,0,1,1,0,1313,3152,7722,10865,20198,65535,6668,31815,43995,56676,33476,65535,6672
1685705682,0,1,1,0,1312,3149,7716,10863,20184,65535,6660,31838,44030,56723,33500,65535,6678
1685705688,0,1,1,0,1314,3151,7725,10870,20196,65535,6666,31816,43991,56696,33478,65535,6672
1685705694,0,1,1,0,1314,3150,7719,10857,20187,65535,6666,31802,43969,56650,33450,65535,6674
1685705700,0,1,1,0,1314,3150,7716,10854,20189,65535,6658,31805,43958,56647,33452,65535,6672
1685705706,0,1,1,0,1312,3145,7706,10841,20158,65535,6651,31752,43895,56574,33397,65535,6662
1685705712,0,1,1,0,1311,3144,7703,10835,20144,65535,6650,31752,43888,56572,33387,65535,6658
1685705718,0,1,1,0,1312,3147,7707,10842,20165,65535,6658,31763,43899,56565,33403,65535,6664
1685705724,0,1,1,0,1313,3145,7707,10841,20159,65535,6656,31766,43914,56574,33410,65535,6666
1685705730,0,1,1,0,1312,3146,7708,10843,20164,65535,6658,31756,43901,56570,33403,65535,6664
1685705736,0,1,1,0,1312,3144,7705,10837,20150,65535,6652,31733,43865,56521,33373,65535,6662
1685705742,0,1,1,0,1313,3146,7708,10835,20161,65535,6660,31764,43903,56569,33404,65535,6666
1685705748,0,1,1,0,1313,3145,7705,10836,20157,65535,6658,31744,43878,56561,33386,65535,6664
1685705754,0,1,1,0,1313,3144,7702,10830,20155,65535,6656,31746,43868,56534,33384,65535,6666
1685705760,0,1,1,0,1311,3142,7697,10827,20148,65535,6652,31721,43833,56521,33374,65535,6660
1685705766,0,1,1,0,1312,3144,7701,10831,20153,65535,6658,31735,43859,56523,33376,65535,6665
1685705772,0,1,1,0,1313,3143,7703,10828,20156,65535,6658,31730,43852,56511,33370,65535,6666
1685705778,0,1,1,0,1312,3145,7701,10834,20152,65535,6658,31732,43855,56515,33366,65535,6668
1685705784,0,1,1,0,1313,3145,7707,10834,20163,65535,6660,31733,43862,56519,33392,65535,6668
1685705790,0,1,1,0,1313,3145,7704,10827,20152,65535,6662,31734,43863,56532,33375,65535,6670
1685705796,0,1,1,0,1313,3147,7704,10832,20162,65535,6664,31724,43871,56526,33378,65535,6674
1685705802,0,1,1,0,1313,3144,7704,10826,20157,65535,6661,31716,43816,56480,33350,65535,6668
1685705808,0,1,1,0,1311,3143,7696,10819,20137,65535,6654,31705,43804,56462,33352,65535,6668
1685705814,0,1,1,0,1311,3144,7698,10820,20133,65535,6656,31694,43796,56435,33333,65535,6662
1685705820,0,1,1,0,1313,3145,7703,10825,20146,65535,6661,31701,43803,56451,33337,65535,6668
1685705826,0,1,1,0,1311,3144,7696,10822,20134,65535,6664,31689,43773,56464,33326,65535,6666
1685705832,0,1,1,0,1311,3143,7698,10823,20152,65535,6664,31704,43807,56455,33342,65535,6668
1685705838,0,1,1,0,1310,3142,7695,10814,20124,65535,6660,31687,43783,56444,33323,65535,6666
1685705844,0,1,1,0,1312,3142,7694,10820,20122,65535,6660,31688,43799,56450,33336,65535,6672
1685705850,0,1,1,0,1313,3147,7705,10829,20150,65535,6670,31705,43816,56472,33349,65535,6680
1685705856,0,1,1,0,1312,3144,7701,10824,20139,65535,6668,31714,43824,56487,33351,65535,6680
1685705862,0,1,1,0,1311,3144,7700,10818,20136,65535,6668,31702,43806,56453,33338,65535,6674
1685705868,0,1,1,0,1311,3146,7702,10823,20151,65535,6670,31689,43788,56464,33326,65535,6677
1685705874,0,1,1,0,1310,3145,7698,10816,20126,65535,6666,31672,43764,56402,33312,65535,6672
1685705880,0,1,1,0,1312,3147,7704,10824,20155,65535,6670,31698,43802,56470,33349,65535,6682
1685705886,0,1,1,0,1312,3146,7702,10822,20142,65535,6674,31712,43808,56452,33343,65535,6682
1685705892,0,1,1,0,1313,3145,7703,10817,20139,65535,6672,31697,43767,56440,33338,65535,6684
1685705898,0,1,1,0,1312,3147,7700,10823,20141,65535,6676,31675,43758,56413,33293,65535,6682
1685705904,0,1,1,0,1312,3147,7700,10817,20126,65535,6680,31693,43780,56432,33335,65535,6682
1685705910,0,1,1,0,1310,3145,7696,10818,20125,65535,6670,31664,43731,56401,33316,65535,6680
1685705916,0,1,1,0,1311,3147,7699,10820,20138,65535,6678,31658,43724,56398,33293,65535,6680
1685705922,0,1,1,0,1311,3145,7694,10809,20134,65535,6674,31662,43733,56402,33304,65535,6684
1685705928,0,1,1,0,1311,3145,7694,10811,20116,65535,6672,31651,43721,56376,33292,65535,6686
1685705934,0,1,1,0,1310,3145,7692,10808,20120,65535,6678,31655,43722,56365,33299,65535,6686
1685705940,0,1,1,0,1310,3144,7694,10815,20122,65535,6676,31650,43716,56374,33288,65535,6684
1685705946,0,1,1,0,1312,3147,7700,10819,20133,65535,6684,31676,43767,56413,33312,65535,6692
1685705952,0,1,1,0,1312,3148,7699,10817,20134,65535,6686,31675,43750,56424,33335,65535,6694
1685705958,0,1,1,0,1312,3148,7698,10812,20127,65535,6684,31665,43739,56414,33308,65535,6692
1685705964,0,1,1,0,1312,3147,7698,10812,20125,65535,6686,31659,43726,56382,33296,65535,6694
1685705970,0,1,1,0,1312,3147,7695,10813,20121,65535,6686,31660,43712,56360,33314,65535,6696
1685705976,0,1,1,0,1312,3146,7696,10816,20138,65535,6689,31656,43699,56367,33298,65535,6696
1685705982,0,1,1,0,1310,3144,7694,10812,20117,65535,6688,31648,43712,56365,33287,65535,6698
1685705988,0,1,1,0,1311,3149,7701,10820,20130,65535,6695,31648,43708,56367,33286,65535,6698
1685705994,0,1,1,0,1311,3150,7700,10814,20125,65535,6694,31635,43688,56344,33267,65535,6696
1685706000,0,1,1,0,1312,3149,7696,10817,20127,65535,6696,31631,43659,56349,33265,65535,6702
1685706006,0,1,1,0,1311,3148,7698,10807,20121,65535,6694,31638,43690,56348,33279,65535,6702
1685706012,0,1,1,0,1312,3151,7698,10812,20130,65535,6696,31626,43686,56343,33282,65535,6704
1685706018,0,1,1,0,1311,3147,7694,10806,20115,65535,6696,31637,43677,56301,33272,65535,6704
1685706024,0,1,1,0,1311,3147,7694,10805,20110,65535,6698,31618,43649,56305,33248,65535,6708
1685706030,0,1,1,0,1311,3147,7690,10802,20102,65535,6694,31615,43638,56299,33266,65535,6703
1685706036,0,1,1,0,1311,3149,7692,10804,20116,65535,6698,31629,43654,56295,33261,65535,6708
1685706042,0,1,1,0,1310,3148,7691,10804,20114,65535,6702,31613,43628,56281,33254,65535,6706
1685706048,0,1,1,0,1310,3151,7698,10813,20125,65535,6708,31630,43637,56316,33268,65535,6716
1685706054,0,1,1,0,1312,3151,7696,10810,20118,65535,6708,31625,43667,56310,33286,65535,6716
1685706060,0,1,1,0,1311,3151,7699,10809,20132,65535,6712,31631,43661,56332,33270,65535,6724
1685706066,0,1,1,0,1312,3151,7696,10817,20121,65535,6714,31636,43667,56340,33295,65535,6722
1685706072,0,1,1,0,1312,3154,7704,10814,20128,65535,6720,31640,43674,56338,33286,65535,6726
1685706078,0,1,1,0,1311,3151,7696,10814,20107,65535,6716,31635,43670,56291,33284,65535,6728
1685706084,0,1,1,0,1311,3151,7699,10810,20122,65535,6714,31602,43631,56258,33243,65535,6722
1685706090,0,1,1,0,1311,3149,7690,10801,20112,65535,6718,31580,43587,56208,33222,65535,6720
1685706096,0,1,1,0,1310,3151,7697,10799,20104,65535,6718,31604,43612,56244,33243,65535,6728
1685706102,0,1,1,0,1311,3152,7696,10801,20116,65535,6724,31613,43637,56250,33266,65535,6732
1685706108,0,1,1,0,1310,3152,7694,10804,20110,65535,6726,31610,43616,56254,33247,65535,6734
1685706114,0,1,1,0,1311,3155,7703,10810,20122,65535,6730,31615,43636,56292,33279,65535,6742
1685706120,0,1,1,0,1311,3157,7704,10810,20128,65535,6736,31609,43632,56295,33266,65535,6746
1685706126,0,1,1,0,1311,3157,7705,10818,20131,65535,6742,31618,43634,56257,33266,65535,6746
1685706132,0,1,1,0,1312,3155,7699,10807,20130,65535,6738,31610,43630,56276,33259,65535,6748
1685706138,0,1,1,0,1311,3159,7707,10815,20131,65535,6742,31615,43620,56256,33261,65535,6750
1685706144,0,1,1,0,1310,3157,7704,10819,20126,65535,6746,31586,43611,56245,33247,65535,6754
1685706150,0,1,1,0,1312,3158,7708,10815,20135,65535,6750,31626,43637,56277,33274,65535,6756
1685706156,0,1,1,0,1311,3157,7705,10817,20114,65535,6748,31624,43623,56285,33275,65535,6756
1685706162,0,1,1,0,1305,3160,7710,10821,20133,65535,6754,31617,43631,56275,33274,65535,6764
1685706168,0,1,1,0,1310,3158,7707,10815,20127,65535,6759,31593,43605,56234,33244,65535,6760
1685706174,0,1,1,0,1312,3161,7708,10812,20120,65535,6758,31604,43589,56240,33252,65535,6764
1685706180,0,1,1,0,1310,3165,7715,10828,20139,65535,6769,31618,43650,56301,33295,65535,6776
1685706186,0,1,1,0,1312,3167,7719,10841,20151,65535,6774,31650,43667,56312,33305,65535,6780
1685706192,0,1,1,0,1312,3168,7722,10835,20161,65535,6778,31649,43673,56355,33330,65535,6786
1685706198,0,1,1,0,1310,3167,7720,10842,20138,65535,6780,31620,43637,56286,33275,65535,6785
1685706204,0,1,1,0,1310,3167,7719,10835,20138,65535,6780,31624,43633,56284,33296,65535,6788
1685706210,0,1,1,0,1311,3170,7722,10849,20151,65535,6788,31654,43682,56365,33313,65535,6796
1685706216,0,1,1,0,1312,3168,7717,10837,20140,65535,6788,31626,43634,56308,33297,65535,6792
1685706222,0,1,1,0,1311,3172,7728,10847,20146,65535,6800,31643,43683,56370,33321,65535,6806
1685706228,0,1,1,0,1311,3172,7729,10849,20158,65535,6802,31659,43662,56342,33316,65535,6808
1685706234,0,1,1,0,1312,3173,7730,10850,20162,65535,6806,31652,43680,56342,33326,65535,6812
1685706240,0,1,1,0,1312,3175,7734,10852,20171,65535,6810,31656,43657,56336,33323,65535,6818
1685706246,0,1,1,0,1311,3175,7732,10857,20168,65535,6812,31660,43674,56338,33323,65535,6822
1685706252,0,1,1,0,1312,3172,7724,10841,20150,65535,6812,31621,43615,56296,33300,65535,6817
1685706258,0,1,1,0,1312,3176,7734,10850,20164,65535,6822,31656,43663,56327,33319,65535,6826
1685706264,0,1,1,0,1312,3176,7733,10851,20166,65535,6822,31651,43654,56322,33327,65535,6828
1685706270,0,1,1,0,1311,3176,7733,10856,20167,65535,6828,31638,43642,56318,33310,65535,6834
1685706276,0,1,1,0,1312,3180,7738,10857,20170,65535,6828,31642,43640,56328,33313,65535,6842
1685706282,0,1,1,0,1310,3177,7729,10846,20153,65535,6830,31634,43638,56312,33331,65535,6842
1685706288,0,1,1,0,1310,3175,7725,10843,20136,65535,6830,31608,43590,56236,33295,65535,6842
1685706294,0,1,1,0,1312,3179,7737,10852,20162,65535,6842,31642,43640,56300,33335,65535,6850
1685706300,0,1,1,0,1312,3178,7733,10849,20151,65535,6842,31610,43595,56249,33285,65535,6850
1685706306,0,1,1,0,1311,3182,7736,10862,20169,65535,6850,31634,43648,56318,33326,65535,6864
1685706312,0,1,1,0,1312,3183,7739,10856,20169,65535,6856,31623,43610,56303,33305,65535,6858
1685706318,0,1,1,0,1311,3182,7737,10856,20170,65535,6856,31642,43632,56325,33328,65535,6866
1685706324,0,1,1,0,1312,3183,7743,10863,20168,65535,6861,31629,43606,56279,33307,65535,6876
1685706330,0,1,1,0,1310,3184,7742,10857,20164,65535,6866,31654,43657,56333,33335,65535,6876
1685706336,0,1,1,0,1312,3182,7734,10850,20148,65535,6864,31599,43575,56217,33271,65535,6868
1685706342,0,1,1,0,1311,3186,7745,10863,20170,65535,6878,31644,43633,56316,33326,65535,6884
1685706348,0,1,1,0,1311,3188,7750,10868,20178,65535,6886,31654,43646,56310,33354,65535,6892
1685706354,0,1,1,0,1312,3190,7752,10878,20180,65535,6888,31645,43632,56309,33334,65535,6898
1685706360,0,1,1,0,1312,3192,7755,10879,20190,65535,6894,31643,43631,56293,33331,65535,6902
1685706366,0,1,1,0,1312,3190,7750,10873,20176,65535,6894,31633,43611,56270,33325,65535,6903
1685706372,0,1,1,0,1312,3192,7754,10871,20190,65535,6904,31649,43635,56345,33350,65535,6916
1685706378,0,1,1,0,1310,3190,7747,10864,20166,65535,6900,31613,43577,56243,33298,65535,6910
1685706384,0,1,1,0,1310,3193,7753,10871,20180,65535,6909,31612,43611,56296,33321,65535,6916
1685706390,0,1,1,0,1310,3196,7758,10883,20188,65535,6914,31623,43606,56272,33320,65535,6924
1685706396,0,1,1,0,1310,3196,7762,10884,20190,65535,6928,31642,43630,56289,33334,65535,6934
1685706402,0,1,1,0,1310,3200,7766,10890,20196,65535,6934,31660,43633,56324,33355,65535,6938
1685706408,0,1,1,0,1311,3200,7765,10895,20197,65535,6938,31644,43624,56298,33344,65535,6944
1685706414,0,1,1,0,1312,3206,7776,10904,20202,65535,6951,31688,43693,56369,33391,65535,6958
1685706420,0,1,1,0,1312,3202,7765,10891,20183,65535,6946,31662,43652,56315,33362,65535,6956
1685706426,0,1,1,0,1312,3207,7776,10907,20198,65535,6960,31687,43683,56391,33398,65535,6968
1685706432,0,1,1,0,1313,3209,7781,10917,20205,65535,6970,31689,43683,56382,33407,65535,6975
1685706438,0,1,1,0,1312,3212,7789,10916,20213,65535,6976,31701,43713,56397,33418,65535,6982
1685706444,0,1,1,0,1312,3212,7783,10911,20204,65535,6978,31682,43676,56382,33402,65535,6984
1685706450,0,1,1,0,1312,3212,7784,10909,20205,65535,6982,31689,43690,56358,33409,65535,6993
1685706456,0,1,1,0,1311,3210,7784,10906,20201,65535,6986,31651,43616,56335,33374,65535,6992
1685706462,0,1,1,0,1310,3210,7779,10905,20199,65535,6988,31652,43636,56326,33372,65535,6997
1685706468,0,1,1,0,1311,3214,7786,10912,20202,65535,6998,31675,43660,56344,33395,65535,7010
1685706474,0,1,1,0,1311,3217,7794,10920,20214,65535,7008,31682,43662,56331,33405,65535,7016
1685706480,0,1,1,0,1312,3219,7796,10928,20218,65535,7018,31691,43689,56378,33428,65535,7024
1685706486,0,1,1,0,1312,3222,7801,10929,20221,65535,7022,31671,43668,56351,33398,65535,7028
1685706492,0,1,1,0,1311,3224,7804,10938,20227,65535,7031,31697,43703,56363,33427,65535,7036
1685706498,0,1,1,0,1312,3225,7806,10942,20230,65535,7038,31713,43716,56410,33452,65535,7046
1685706504,0,1,1,0,1313,3227,7810,10948,20238,65535,7047,31722,43735,56412,33468,65535,7056
1685706510,0,1,1,0,1313,3230,7813,10951,20244,65535,7054,31716,43746,56427,33474,65535,7060
1685706516,0,1,1,0,1313,3232,7820,10956,20251,65535,7061,31733,43727,56440,33484,65535,7071
1685706522,0,1,1,0,1313,3234,7819,10959,20254,65535,7068,31725,43746,56426,33478,65535,7074
1685706528,0,1,1,0,1312,3233,7818,10960,20243,65535,7069,31716,43726,56395,33467,65535,7083
1685706534,0,1,1,0,1313,3233,7815,10951,20243,65535,7070,31695,43684,56340,33443,65535,7080
1685706540,0,1,1,0,1311,3234,7816,10953,20229,65535,7079,31698,43681,56387,33455,65535,7087
1685706546,0,1,1,0,1312,3238,7826,10970,20267,65535,7093,31724,43725,56414,33499,65535,7100
1685706552,0,1,1,0,1313,3241,7831,10976,20260,65535,7109,31726,43728,56432,33475,65535,7109
1685706558,0,1,1,0,1311,3242,7833,10974,20266,65535,7106,31711,43709,56423,33477,65535,7116
1685706564,0,1,1,0,1311,3244,7835,10974,20265,65535,7116,31739,43737,56456,33508,65535,7126
1685706570,0,1,1,0,1312,3246,7842,10982,20275,65535,7123,31731,43725,56446,33501,65535,7131
1685706576,0,1,1,0,1312,3249,7842,10989,20279,65535,7134,31743,43745,56453,33499,65535,7143
1685706582,0,1,1,0,1312,3250,7843,10987,20266,65535,7143,31736,43744,56430,33522,65535,7148
1685706588,0,1,1,0,1313,3253,7849,10996,20287,65535,7153,31772,43788,56495,33560,65535,7166
1685706594,0,1,1,0,1313,3255,7855,11000,20288,65535,7162,31768,43769,56487,33549,65535,7170
1685706600,0,1,1,0,1312,3257,7858,11009,20294,65535,7170,31779,43800,56501,33568,65535,7178
1685706606,0,1,1,0,1314,3262,7865,11022,20309,65535,7181,31797,43816,56567,33602,65535,7197
1685706612,0,1,1,0,1314,3263,7867,11017,20311,65535,7190,31798,43826,56536,33605,65535,7199
1685706618,0,1,1,0,1314,3265,7868,11022,20318,65535,7198,31806,43823,56569,33637,65535,7210
1685706624,0,1,1,0,1314,3268,7872,11034,20321,65535,7208,31790,43814,56526,33608,65535,7215
1685706630,0,1,1,0,1313,3268,7873,11030,20316,65535,7214,31821,43857,56591,33638,65535,7230
1685706636,0,1,1,0,1312,3269,7875,11027,20313,65535,7222,31794,43812,56552,33606,65535,7231
1685706642,0,1,1,0,1314,3273,7877,11031,20313,65535,7230,31833,43866,56612,33664,65535,7250
1685706648,0,1,1,0,1314,3275,7882,11042,20337,65535,7247,31820,43849,56581,33648,65535,7258
1685706654,0,1,1,0,1314,3280,7893,11053,20345,65535,7259,31824,43847,56575,33655,65535,7266
1685706660,0,1,1,0,1314,3279,7890,11048,20334,65535,7264,31812,43827,56573,33635,65535,7270
1685706666,0,1,1,0,1313,3279,7887,11044,20335,65535,7268,31804,43811,56524,33635,65535,7278
1685706672,0,1,1,0,1314,3285,7899,11055,20353,65535,7282,31814,43828,56545,33650,65535,7293
1685706678,0,1,1,0,1314,3284,7896,11054,20352,65535,7288,31811,43826,56539,33651,65535,7300
1685706684,0,1,1,0,1314,3288,7905,11058,20360,65535,7304,31795,43801,56494,33625,65535,7304
1685706690,0,1,1,0,1314,3287,7901,11050,20358,65535,7308,31804,43803,56534,33649,65535,7315
1685706696,0,1,1,0,1314,3291,7902,11062,20361,65535,7319,31786,43787,56493,33643,65535,7321
1685706702,0,1,1,0,1313,3288,7894,11048,20330,65535,7315,31750,43753,56476,33619,65535,7327
1685706708,0,1,1,0,1314,3294,7910,11072,20369,65535,7342,31808,43805,56518,33648,65535,7350
1685706714,0,1,1,0,1314,3296,7909,11075,20367,65535,7350,31803,43781,56537,33654,65535,7352
1685706720,0,1,1,0,1314,3296,7911,11072,20358,65535,7356,31788,43774,56489,33655,65535,7366
1685706726,0,1,1,0,1312,3296,7906,11064,20352,65535,7358,31785,43747,56503,33656,65535,7372
1685706732,0,1,1,0,1312,3298,7911,11066,20348,65535,7367,31762,43714,56435,33609,65535,7376
1685706738,0,1,1,0,1314,3305,7923,11084,20379,65535,7388,31801,43768,56500,33654,65535,7393
1685706744,0,1,1,0,1313,3306,7922,11081,20368,65535,7394,31800,43767,56492,33656,65535,7410
1685706750,0,1,1,0,1314,3309,7928,11092,20387,65535,7410,31809,43780,56514,33665,65535,7418
1685706756,0,1,1,0,1315,3312,7934,11095,20389,65535,7424,31810,43759,56528,33662,65535,7432
1685706762,0,1,1,0,1313,3315,7938,11103,20396,65535,7438,31824,43791,56535,33667,65535,7443
1685706768,0,1,1,0,1314,3318,7944,11113,20412,65535,7452,31823,43797,56533,33666,65535,7458
1685706774,0,1,1,0,1315,3320,7946,11111,20405,65535,7460,31820,43790,56499,33667,65535,7468
1685706780,0,1,1,0,1314,3320,7941,11106,20385,65535,7466,31806,43763,56489,33665,65535,7478
1685706786,0,1,1,0,1314,3324,7951,11121,20412,65535,7482,31819,43771,56537,33667,65535,7495
1685706792,0,1,1,0,1315,3328,7954,11121,20407,65535,7496,31811,43782,56519,33669,65535,7506
1685706798,0,1,1,0,1315,3331,7962,11128,20424,65535,7516,31825,43769,56522,33667,65535,7520
1685706804,0,1,1,0,1314,3334,7967,11133,20428,65535,7522,31831,43776,56520,33667,65535,7534
1685706810,0,1,1,0,1314,3335,7968,11136,20426,65535,7532,31817,43778,56508,33667,65535,7542
1685706816,0,1,1,0,1314,3335,7970,11141,20436,65535,7546,31812,43755,56514,33669,65535,7554
1685706822,0,1,1,0,1315,3343,7979,11154,20447,65535,7566,31849,43809,56555,33677,65535,7574
1685706828,0,1,1,0,1315,3343,7978,11147,20432,65535,7572,31825,43783,56505,33667,65535,7582
1685706834,0,1,1,0,1313,3345,7978,11154,20438,65535,7586,31832,43785,56500,33673,65535,7592
1685706840,0,1,1,0,1313,3348,7982,11159,20446,65535,7600,31833,43763,56519,33677,65535,7612
1685706846,0,1,1,0,1314,3352,7993,11169,20454,65535,7618,31844,43787,56533,33689,65535,7630
1685706852,0,1,1,0,1313,3356,7997,11176,20461,65535,7632,31847,43804,56531,33692,65535,7646
1685706858,0,1,1,0,1314,3363,8013,11201,20500,65535,7658,31890,43868,56615,33755,65535,7662
1685706864,0,1,1,0,1320,3369,8023,11209,20508,65535,7672,31895,43896,56636,33783,65535,7686
1685706870,0,1,1,0,1320,3371,8024,11207,20512,65535,7686,31912,43887,56635,33802,65535,7698
1685706876,0,1,1,0,1320,3376,8028,11227,20523,65535,7704,31924,43903,56657,33811,65535,7712
1685706882,0,1,1,0,1315,3376,8033,11222,20514,65535,7714,31899,43873,56629,33787,65535,7722
1685706888,0,1,1,0,1320,3377,8034,11224,20506,65535,7728,31906,43874,56613,33790,65535,7740
1685706894,0,1,1,0,1315,3384,8046,11243,20534,65535,7751,31924,43904,56660,33823,65535,7756
1685706900,0,1,1,0,1314,3387,8048,11239,20528,65535,7762,31934,43892,56678,33853,65535,7780
1685706906,0,1,1,0,1320,3389,8056,11251,20555,65535,7780,31923,43920,56699,33858,65535,7792
1685706912,0,1,1,0,1315,3396,8063,11254,20564,65535,7800,31938,43945,56712,33894,65535,7810
1685706918,0,1,1,0,1321,3399,8067,11268,20563,65535,7816,31973,43970,56742,33904,65535,7830
1685706924,0,1,1,0,1321,3405,8080,11283,20584,65535,7838,31971,43964,56735,33905,65535,7850
1685706930,0,1,1,0,1321,3406,8079,11279,20574,65535,7853,31974,43961,56748,33910,65535,7865
1685706936,0,1,1,0,1321,3410,8084,11290,20580,65535,7870,31976,43952,56741,33911,65535,7880
1685706942,0,1,1,0,1321,3416,8095,11300,20600,65535,7892,32014,43989,56806,33972,65535,7904
1685706948,0,1,1,0,1321,3421,8104,11310,20620,65535,7914,32030,44025,56817,33987,65535,7929
1685706954,0,1,1,0,1321,3422,8105,11312,20625,65535,7926,32004,43989,56773,33955,65535,7940
1685706960,0,1,1,0,1322,3426,8113,11329,20629,65535,7948,32034,44031,56830,33982,65535,7960
1685706966,0,1,1,0,1322,3427,8118,11323,20623,65535,7968,32024,44017,56817,34017,65535,7976
1685706972,0,1,1,0,1320,3431,8120,11333,20630,65535,7984,32015,44004,56797,33991,65535,7988
1685706978,0,1,1,0,1322,3438,8128,11337,20655,65535,8002,32028,44023,56843,34007,65535,8010
1685706984,0,1,1,0,1321,3442,8137,11348,20654,65535,8022,32053,44051,56883,34039,65535,8030
1685706990,0,1,1,0,1321,3444,8131,11351,20655,65535,8032,32015,43992,56785,33996,65535,8040
1685706996,0,1,1,0,1322,3451,8146,11369,20676,65535,8060,32073,44085,56911,34080,65535,8072
1685707002,0,1,1,0,1322,3452,8145,11366,20663,65535,8074,32060,44052,56891,34057,65535,8088
1685707008,0,1,1,0,1322,3453,8150,11372,20677,65535,8092,32051,44035,56841,34054,65535,8102
1685707014,0,1,1,0,1322,3463,8165,11387,20695,65535,8114,32067,44071,56891,34097,65535,8126
1685707020,0,1,1,0,1323,3464,8169,11393,20695,65535,8134,32080,44074,56871,34104,65535,8144
1685707026,0,1,1,0,1323,3471,8177,11403,20713,65535,8154,32085,44081,56915,34124,65535,8164
1685707032,0,1,1,0,1323,3474,8181,11413,20723,65535,8176,32097,44085,56925,34137,65535,8186
1685707038,0,1,1,0,1321,3475,8181,11405,20705,65535,8190,32083,44041,56865,34135,65535,8202
1685707044,0,1,1,0,1321,3481,8193,11424,20723,65535,8210,32111,44074,56916,34150,65535,8222
1685707050,0,1,1,0,1321,3484,8192,11423,20738,65535,8232,32106,44055,56925,34143,65535,8242
1685707056,0,1,1,0,1321,3489,8200,11439,20736,65535,8258,32110,44074,56901,34155,65535,8268
1685707062,0,1,1,0,1321,3491,8204,11438,20744,65535,8278,32101,44057,56903,34170,65535,8288
1685707068,0,1,1,0,1323,3497,8219,11460,20769,65535,8304,32118,44104,56918,34180,65535,8312
1685707074,0,1,1,0,1322,3504,8222,11460,20765,65535,8330,32122,44087,56904,34196,65535,8334
1685707080,0,1,1,0,1324,3509,8238,11482,20782,65535,8354,32176,44157,57034,34237,65535,8366
1685707086,0,1,1,0,1323,3516,8249,11492,20815,65535,8380,32187,44174,57019,34283,65535,8390
1685707092,0,1,1,0,1324,3521,8246,11494,20820,65535,8400,32179,44155,57008,34265,65535,8412
1685707098,0,1,1,0,1324,3524,8252,11500,20805,65535,8422,32174,44137,56994,34274,65535,8432
1685707104,0,1,1,0,1324,3526,8262,11508,20820,65535,8445,32172,44159,57021,34283,65535,8456
1685707110,0,1,1,0,1324,3531,8265,11515,20819,65535,8468,32186,44149,56994,34282,65535,8480
1685707116,0,1,1,0,1324,3534,8267,11519,20826,65535,8494,32178,44141,56995,34282,65535,8498
1685707122,0,1,1,0,1322,3538,8276,11526,20831,65535,8516,32171,44120,56971,34280,65535,8526
1685707128,0,1,1,0,1324,3545,8288,11537,20846,65535,8542,32203,44155,57031,34313,65535,8554
1685707134,0,1,1,0,1324,3550,8294,11545,20853,65535,8566,32207,44164,57030,34326,65535,8576
1685707140,0,1,1,0,1324,3555,8301,11551,20862,65535,8594,32198,44178,57042,34348,65535,8606
1685707146,0,1,1,0,1323,3558,8304,11554,20865,65535,8616,32214,44166,57044,34345,65535,8628
1685707152,0,1,1,0,1322,3561,8301,11567,20863,65535,8640,32207,44146,57011,34344,65535,8652
1685707158,0,1,1,0,1324,3564,8316,11576,20890,65535,8668,32205,44144,56996,34360,65535,8678
1685707164,0,1,1,0,1322,3572,8321,11584,20898,65535,8696,32214,44145,57015,34365,65535,8706
1685707170,0,1,1,0,1323,3577,8329,11591,20895,65535,8726,32234,44166,57038,34378,65535,8734
1685707176,0,1,1,0,1325,3583,8343,11604,20913,65535,8748,32250,44195,57063,34401,65535,8764
1685707182,0,1,1,0,1325,3591,8355,11624,20955,65535,8786,32278,44246,57129,34449,65535,8796
1685707188,0,1,1,0,1330,3597,8368,11639,20969,65535,8814,32289,44246,57159,34471,65535,8824
1685707194,0,1,1,0,1330,3602,8375,11653,20965,65535,8844,32305,44280,57198,34490,65535,8852
