Timestamp,Amber,White,On,Override,Intensity,AS00,AS01,AS02,AS03,AS04,AS05,AS06,AS07,AS08,AS09,AS10,AS11
1685700000,0,1,1,0,1305,3093,7606,10690,19991,65535,6532,31460,43430,56027,33062,65535,6536
1685700006,0,1,1,0,1310,3097,7613,10695,20006,65535,6540,31486,43460,56081,33065,65535,6542
1685700012,0,1,1,0,1310,3095,7607,10686,19998,65535,6536,31500,43511,56090,33087,65535,6544
1685700018,0,1,1,0,1310,3094,7607,10682,20005,65535,6532,31491,43488,56097,33092,65535,6544
1685700024,0,1,1,0,1310,3094,7606,10690,19995,65535,6532,31455,43428,56038,33031,65535,6536
1685700030,0,1,1,0,1305,3097,7614,10697,20005,65535,6538,31496,43504,56105,33088,65535,6544
1685700036,0,1,1,0,1310,3096,7612,10691,20014,65535,6540,31492,43471,56069,33069,65535,6546
1685700042,0,1,1,0,1304,3091,7604,10684,19981,65535,6526,31479,43473,56054,33057,65535,6542
1685700048,0,1,1,0,1310,3094,7605,10690,20000,65535,6534,31481,43454,56063,33057,65535,6544
1685700054,0,1,1,0,1310,3091,7597,10674,19982,65535,6524,31476,43474,56096,33058,65535,6544
1685700060,0,1,1,0,1305,3090,7603,10675,19984,65535,6528,31447,43417,56023,33017,65535,6536
1685700066,0,1,1,0,1305,3091,7600,10685,19994,65535,6530,31471,43431,56070,33049,65535,6534
1685700072,0,1,1,0,1304,3092,7603,10679,19994,65535,6528,31475,43459,56082,33051,65535,6536
1685700078,0,1,1,0,1305,3091,7598,10675,19975,65535,6528,31473,43442,56043,33047,65535,6540
1685700084,0,1,1,0,1310,3090,7598,10682,19983,65535,6528,31441,43407,56014,33024,65535,6536
1685700090,0,1,1,0,1310,3093,7602,10680,19992,65535,6532,31454,43438,56044,33049,65535,6540
1685700096,0,1,1,0,1304,3093,7601,10684,20004,65535,6532,31467,43439,56062,33041,65535,6536
1685700102,0,1,1,0,1305,3090,7597,10676,19991,65535,6528,31449,43410,56004,33025,65535,6534
1685700108,0,1,1,0,1305,3090,7599,10676,19986,65535,6526,31420,43412,55986,33028,65535,6532
1685700114,0,1,1,0,1305,3090,7595,10663,19968,65535,6520,31415,43356,55965,32986,65535,6526
1685700120,0,1,1,0,1310,3089,7599,10672,19975,65535,6524,31421,43389,55947,32991,65535,6532
1685700126,0,1,1,0,1310,3089,7598,10674,19978,65535,6528,31450,43429,56033,33023,65535,6532
1685700132,0,1,1,0,1310,3090,7602,10674,19984,65535,6528,31466,43442,56029,33036,65535,6540
1685700138,0,1,1,0,1305,3092,7603,10678,19996,65535,6528,31474,43450,56046,33051,65535,6536
1685700144,0,1,1,0,1303,3092,7595,10670,19981,65535,6524,31460,43416,56021,33034,65535,6537
1685700150,0,1,1,0,1305,3089,7594,10670,19991,65535,6530,31417,43364,55983,33020,65535,6526
1685700156,0,1,1,0,1310,3092,7601,10681,20005,65535,6530,31459,43444,56023,33033,65535,6536
1685700162,0,1,1,0,1310,3086,7589,10665,19953,65535,6518,31429,43377,55973,33000,65535,6530
1685700168,0,1,1,0,1310,3091,7597,10674,19986,65535,6528,31432,43408,56025,33029,65535,6534
1685700174,0,1,1,0,1305,3089,7594,10671,19978,65535,6524,31458,43439,56026,33030,65535,6536
1685700180,0,1,1,0,1305,3087,7589,10658,19960,65535,6520,31427,43386,55975,33000,65535,6530
1685700186,0,1,1,0,1305,3089,7593,10667,19988,65535,6522,31461,43425,55999,33050,65535,6538
1685700192,0,1,1,0,1310,3087,7590,10660,19964,65535,6522,31402,43360,55918,32972,65535,6524
1685700198,0,1,1,0,1310,3090,7601,10669,19991,65535,6526,31393,43350,55910,32984,65535,6524
1685700204,0,1,1,0,1305,3087,7593,10666,19961,65535,6518,31422,43359,55989,32986,65535,6526
1685700210,0,1,1,0,1305,3091,7598,10676,20004,65535,6528,31449,43437,56048,33029,65535,6534
1685700216,0,1,1,0,1305,3090,7596,10670,19985,65535,6528,31454,43433,55996,33018,65535,6535
1685700222,0,1,1,0,1303,3087,7593,10662,19966,65535,6518,31442,43408,55990,33014,65535,6530
1685700228,0,1,1,0,1305,3084,7588,10657,19955,65535,6518,31419,43359,55957,33009,65535,6526
1685700234,0,1,1,0,1305,3087,7587,10660,19971,65535,6518,31427,43389,55974,32995,65535,6528
1685700240,0,1,1,0,1303,3088,7592,10667,19975,65535,6522,31437,43396,56007,33008,65535,6532
1685700246,0,1,1,0,1305,3087,7590,10664,19965,65535,6520,31444,43389,55993,33017,65535,6526
1685700252,0,1,1,0,1305,3088,7593,10665,19972,65535,6526,31417,43369,55965,32987,65535,6526
1685700258,0,1,1,0,1305,3088,7594,10664,19978,65535,6524,31447,43412,56025,33024,65535,6532
1685700264,0,1,1,0,1305,3090,7600,10672,19995,65535,6528,31431,43392,56004,33023,65535,6534
1685700270,0,1,1,0,1305,3089,7590,10668,19974,65535,6522,31430,43406,55961,33005,65535,6528
1685700276,0,1,1,0,1305,3089,7595,10665,19975,65535,6530,31442,43392,55994,33008,65535,6534
1685700282,0,1,1,0,1305,3085,7585,10659,19950,65535,6518,31402,43337,55947,32987,65535,6526
1685700288,0,1,1,0,1303,3086,7595,10664,19970,65535,6520,31437,43377,55980,33014,65535,6534
1685700294,0,1,1,0,1310,3084,7589,10654,19955,65535,6516,31452,43432,56020,33025,65535,6534
1685700300,0,1,1,0,1310,3088,7595,10671,19972,65535,6524,31413,43363,55948,32986,65535,6526
1685700306,0,1,1,0,1304,3086,7589,10665,19962,65535,6518,31425,43388,55995,32993,65535,6528
1685700312,0,1,1,0,1305,3089,7592,10665,19982,65535,6524,31417,43377,55977,32985,65535,6526
1685700318,0,1,1,0,1305,3087,7588,10665,19961,65535,6522,31424,43356,55938,32975,65535,6524
1685700324,0,1,1,0,1310,3088,7589,10661,19969,65535,6522,31440,43388,55990,33029,65535,6530
1685700330,0,1,1,0,1305,3085,7590,10657,19955,65535,6518,31436,43386,55985,33001,65535,6531
1685700336,0,1,1,0,1305,3084,7589,10655,19964,65535,6516,31434,43377,55973,32997,65535,6532
1685700342,0,1,1,0,1305,3078,7567,10633,19920,65535,6506,31345,43267,55830,32921,65535,6514
1685700348,0,1,1,0,1305,3085,7585,10650,19957,65535,6514,31422,43362,55965,32998,65535,6526
1685700354,0,1,1,0,1305,3088,7594,10663,19982,65535,6524,31428,43389,55975,32997,65535,6528
1685700360,0,1,1,0,1305,3087,7591,10660,19967,65535,6522,31422,43380,55964,32990,65535,6528
1685700366,0,1,1,0,1302,3088,7591,10663,19970,65535,6522,31436,43385,55993,33003,65535,6532
1685700372,0,1,1,0,1302,3089,7594,10670,19987,65535,6526,31445,43393,55995,33033,65535,6532
1685700378,0,1,1,0,1303,3088,7590,10665,19969,65535,6522,31436,43391,55994,33006,65535,6532
1685700384,0,1,1,0,1303,3086,7585,10660,19956,65535,6518,31409,43344,55962,32974,65535,6524
1685700390,0,1,1,0,1305,3089,7592,10668,19977,65535,6526,31463,43410,56060,33027,65535,6536
1685700396,0,1,1,0,1304,3090,7595,10672,19992,65535,6528,31454,43404,56044,33029,65535,6534
1685700402,0,1,1,0,1305,3089,7594,10669,19975,65535,6526,31436,43392,55994,33016,65535,6532
1685700408,0,1,1,0,1304,3092,7603,10678,19991,65535,6526,31458,43421,56060,33033,65535,6536
1685700414,0,1,1,0,1310,3089,7597,10673,19984,65535,6528,31468,43448,56078,33044,65535,6536
1685700420,0,1,1,0,1310,3089,7593,10679,19983,65535,6528,31431,43428,56006,33037,65535,6530
1685700426,0,1,1,0,1310,3091,7604,10679,19989,65535,6532,31485,43455,56073,33074,65535,6540
1685700432,0,1,1,0,1303,3091,7602,10681,19984,65535,6530,31471,43442,56037,33060,65535,6538
1685700438,0,1,1,0,1304,3090,7597,10670,19975,65535,6528,31445,43397,55999,33028,65535,6532
1685700444,0,1,1,0,1310,3089,7595,10670,19985,65535,6524,31442,43390,55996,33017,65535,6534
1685700450,0,1,1,0,1310,3086,7593,10664,19962,65535,6520,31443,43423,55995,33018,65535,6532
1685700456,0,1,1,0,1305,3091,7603,10680,19986,65535,6528,31477,43471,56075,33067,65535,6542
1685700462,0,1,1,0,1304,3091,7602,10684,19985,65535,6530,31468,43440,56072,33051,65535,6536
1685700468,0,1,1,0,1310,3091,7599,10675,19977,65535,6528,31460,43432,56038,33057,65535,6538
1685700474,0,1,1,0,1310,3092,7598,10684,19988,65535,6530,31396,43358,55913,32971,65535,6526
1685700480,0,1,1,0,1310,3088,7593,10668,19961,65535,6522,31443,43418,55996,33013,65535,6534
1685700486,0,1,1,0,1310,3092,7606,10684,20001,65535,6532,31470,43449,56080,33059,65535,6538
1685700492,0,1,1,0,1305,3088,7592,10672,19981,65535,6524,31425,43391,55968,32998,65535,6528
1685700498,0,1,1,0,1304,3087,7591,10666,19958,65535,6520,31434,43386,55980,33022,65535,6532
1685700504,0,1,1,0,1310,3082,7577,10653,19928,65535,6512,31336,43263,55842,32918,65535,6512
1685700510,0,1,1,0,1305,3087,7589,10663,19967,65535,6520,31429,43392,55969,33006,65535,6532
1685700516,0,1,1,0,1305,3088,7592,10668,19962,65535,6518,31440,43396,56008,33011,65535,6532
1685700522,0,1,1,0,1301,3086,7587,10663,19950,65535,6518,31403,43352,55947,32977,65535,6524
1685700528,0,1,1,0,1310,3088,7592,10668,19974,65535,6524,31417,43394,55981,33008,65535,6530
1685700534,0,1,1,0,1305,3085,7588,10666,19962,65535,6520,31414,43379,55964,33008,65535,6526
1685700540,0,1,1,0,1305,3089,7595,10671,19974,65535,6526,31427,43388,55956,33010,65535,6530
1685700546,0,1,1,0,1310,3088,7595,10668,19972,65535,6526,31438,43419,56016,33023,65535,6530
1685700552,0,1,1,0,1304,3090,7594,10672,19992,65535,6528,31456,43420,56051,33033,65535,6536
1685700558,0,1,1,0,1305,3093,7603,10684,20004,65535,6532,31479,43455,56067,33056,65535,6540
1685700564,0,1,1,0,1305,3091,7598,10678,19998,65535,6530,31450,43439,56033,33054,65535,6536
1685700570,0,1,1,0,1305,3087,7589,10667,19983,65535,6522,31420,43383,55961,32995,65535,6528
1685700576,0,1,1,0,1305,3086,7587,10660,19963,65535,6520,31430,43385,55971,33005,65535,6530
1685700582,0,1,1,0,1305,3089,7595,10672,19980,65535,6526,31436,43400,55990,33015,65535,6534
1685700588,0,1,1,0,1310,3080,7577,10650,19928,65535,6512,31439,43395,55989,33008,65535,6532
1685700594,0,1,1,0,1305,3087,7592,10666,19967,65535,6520,31424,43382,55972,32997,65535,6530
1685700600,0,1,1,0,1303,3087,7589,10661,19974,65535,6522,31420,43363,55959,32997,65535,6528
1685700606,0,1,1,0,1305,3086,7590,10664,19963,65535,6524,31412,43351,55968,32981,65535,6527
1685700612,0,1,1,0,1305,3087,7592,10668,19976,65535,6522,31453,43409,56010,33004,65535,6532
1685700618,0,1,1,0,1305,3085,7590,10664,19960,65535,6520,31429,43398,55996,33002,65535,6530
1685700624,0,1,1,0,1303,3086,7589,10665,19960,65535,6522,31425,43383,55985,33005,65535,6528
1685700630,0,1,1,0,1305,3083,7585,10653,19957,65535,6518,31407,43368,55958,32988,65535,6526
1685700636,0,1,1,0,1305,3088,7594,10667,19970,65535,6524,31433,43403,55993,33007,65535,6531
1685700642,0,1,1,0,1304,3086,7587,10663,19968,65535,6522,31423,43399,55991,33008,65535,6528
1685700648,0,1,1,0,1305,3087,7592,10663,19966,65535,6522,31429,43376,55981,33003,65535,6530
1685700654,0,1,1,0,1304,3086,7591,10663,19959,65535,6520,31405,43378,55947,32982,65535,6528
1685700660,0,1,1,0,1305,3085,7585,10657,19951,65535,6520,31406,43372,55944,32999,65535,6526
1685700666,0,1,1,0,1310,3087,7591,10667,19958,65535,6520,31405,43370,55965,32983,65535,6526
1685700672,0,1,1,0,1310,3088,7594,10669,19979,65535,6522,31415,43382,55962,32998,65535,6530
1685700678,0,1,1,0,1305,3088,7594,10673,19975,65535,6528,31448,43432,56017,33025,65535,6536
1685700684,0,1,1,0,1310,3090,7596,10670,19973,65535,6526,31432,43427,55994,33015,65535,6532
1685700690,0,1,1,0,1310,3092,7605,10686,19986,65535,6530,31450,43428,56049,33029,65535,6536
1685700696,0,1,1,0,1310,3090,7598,10679,19981,65535,6528,31453,43434,56025,33038,65535,6536
1685700702,0,1,1,0,1310,3090,7599,10677,19989,65535,6528,31458,43437,56059,33041,65535,6538
1685700708,0,1,1,0,1305,3090,7603,10678,19989,65535,6532,31454,43420,56028,33039,65535,6536
1685700714,0,1,1,0,1305,3087,7595,10674,19972,65535,6520,31438,43398,55973,33006,65535,6530
1685700720,0,1,1,0,1302,3088,7597,10675,19981,65535,6526,31443,43422,56035,33030,65535,6536
1685700726,0,1,1,0,1305,3090,7601,10678,19987,65535,6530,31452,43437,56045,33037,65535,6538
1685700732,0,1,1,0,1304,3090,7599,10678,19984,65535,6530,31451,43419,56013,33033,65535,6538
1685700738,0,1,1,0,1304,3088,7595,10671,19972,65535,6524,31430,43403,56003,33014,65535,6530
1685700744,0,1,1,0,1304,3089,7596,10677,19980,65535,6528,31430,43402,56001,33009,65535,6532
1685700750,0,1,1,0,1304,3090,7599,10673,19986,65535,6530,31456,43441,56056,33042,65535,6538
1685700756,0,1,1,0,1310,3089,7597,10673,19983,65535,6526,31445,43425,56032,33028,65535,6532
1685700762,0,1,1,0,1310,3091,7599,10672,19988,65535,6529,31448,43438,56015,33034,65535,6534
1685700768,0,1,1,0,1303,3089,7601,10671,19995,65535,6528,31446,43434,56037,33024,65535,6536
1685700774,0,1,1,0,1303,3090,7595,10675,19993,65535,6526,31450,43437,55983,33027,65535,6536
1685700780,0,1,1,0,1310,3089,7599,10673,19980,65535,6528,31459,43427,56034,33026,65535,6536
1685700786,0,1,1,0,1304,3089,7597,10673,19976,65535,6528,31459,43440,56054,33039,65535,6540
1685700792,0,1,1,0,1310,3091,7602,10676,19989,65535,6528,31454,43436,56055,33054,65535,6538
1685700798,0,1,1,0,1310,3088,7597,10669,19977,65535,6528,31428,43396,56026,33021,65535,6532
1685700804,0,1,1,0,1305,3090,7597,10681,19984,65535,6528,31426,43383,55972,33007,65535,6530
1685700810,0,1,1,0,1305,3085,7593,10666,19960,65535,6526,31430,43406,55963,33004,65535,6532
1685700816,0,1,1,0,1304,3090,7598,10677,19980,65535,6528,31458,43433,56017,33015,65535,6536
1685700822,0,1,1,0,1305,3090,7599,10679,19986,65535,6532,31450,43426,56005,33028,65535,6536
1685700828,0,1,1,0,1310,3089,7596,10669,19978,65535,6528,31422,43393,55992,33000,65535,6532
1685700834,0,1,1,0,1305,3089,7592,10672,19974,65535,6526,31445,43420,55999,33034,65535,6534
1685700840,0,1,1,0,1303,3090,7601,10682,19985,65535,6530,31455,43423,56010,33031,65535,6535
1685700846,0,1,1,0,1304,3090,7597,10670,19989,65535,6528,31458,43433,56029,33044,65535,6536
1685700852,0,1,1,0,1310,3090,7594,10675,19983,65535,6528,31452,43399,56029,33036,65535,6534
1685700858,0,1,1,0,1303,3090,7594,10676,19978,65535,6526,31422,43370,55973,33003,65535,6528
1685700864,0,1,1,0,1310,3090,7593,10673,19976,65535,6526,31450,43413,56008,33033,65535,6534
1685700870,0,1,1,0,1304,3089,7591,10666,19967,65535,6524,31432,43395,56009,33016,65535,6532
1685700876,0,1,1,0,1305,3089,7593,10668,19973,65535,6524,31427,43388,55977,33005,65535,6532
1685700882,0,1,1,0,1304,3089,7597,10673,19973,65535,6530,31453,43437,56044,33034,65535,6538
1685700888,0,1,1,0,1304,3091,7601,10683,19986,65535,6530,31462,43444,56054,33043,65535,6542
1685700894,0,1,1,0,1310,3094,7606,10690,20000,65535,6536,31489,43484,56101,33083,65535,6542
1685700900,0,1,1,0,1310,3092,7602,10684,19987,65535,6530,31458,43448,56028,33044,65535,6540
1685700906,0,1,1,0,1304,3091,7598,10680,19983,65535,6530,31449,43429,56020,33027,65535,6540
1685700912,0,1,1,0,1305,3093,7601,10691,19989,65535,6534,31448,43413,56019,33032,65535,6536
1685700918,0,1,1,0,1305,3092,7604,10689,19988,65535,6532,31466,43448,56042,33062,65535,6540
1685700924,0,1,1,0,1310,3096,7610,10698,20005,65535,6539,31509,43504,56125,33091,65535,6544
1685700930,0,1,1,0,1310,3094,7605,10693,20004,65535,6538,31484,43490,56095,33075,65535,6544
1685700936,0,1,1,0,1310,3092,7605,10687,20001,65535,6534,31467,43458,56095,33049,65535,6540
1685700942,0,1,1,0,1305,3094,7606,10692,19997,65535,6535,31518,43499,56126,33119,65535,6550
1685700948,0,1,1,0,1305,3093,7605,10691,20002,65535,6534,31455,43450,56041,33043,65535,6538
1685700954,0,1,1,0,1305,3098,7610,10698,20019,65535,6540,31476,43455,56072,33066,65535,6544
1685700960,0,1,1,0,1310,3094,7605,10693,20004,65535,6532,31473,43448,56070,33057,65535,6542
1685700966,0,1,1,0,1304,3095,7609,10694,20001,65535,6538,31484,43484,56083,33086,65535,6544
1685700972,0,1,1,0,1305,3094,7612,10692,20002,65535,6538,31487,43489,56116,33074,65535,6545
1685700978,0,1,1,0,1310,3095,7612,10699,20001,65535,6536,31519,43505,56125,33119,65535,6552
1685700984,0,1,1,0,1311,3095,7607,10695,19993,65535,6538,31500,43505,56133,33089,65535,6546
1685700990,0,1,1,0,1310,3094,7608,10690,19994,65535,6538,31508,43505,56138,33108,65535,6546
1685700996,0,1,1,0,1310,3095,7607,10699,20011,65535,6540,31490,43472,56115,33090,65535,6546
1685701002,0,1,1,0,1310,3096,7605,10695,20010,65535,6538,31506,43490,56104,33091,65535,6546
1685701008,0,1,1,0,1310,3093,7604,10687,19983,65535,6534,31506,43494,56102,33072,65535,6546
1685701014,0,1,1,0,1305,3095,7607,10689,20013,65535,6538,31512,43512,56140,33092,65535,6549
1685701020,0,1,1,0,1310,3093,7608,10685,19994,65535,6534,31492,43467,56075,33065,65535,6546
1685701026,0,1,1,0,1310,3094,7608,10696,20001,65535,6538,31485,43478,56104,33085,65535,6544
1685701032,0,1,1,0,1305,3094,7606,10694,20003,65535,6538,31485,43479,56106,33070,65535,6542
1685701038,0,1,1,0,1310,3089,7594,10677,19969,65535,6528,31424,43392,55967,33017,65535,6530
1685701044,0,1,1,0,1305,3092,7604,10686,19987,65535,6533,31482,43457,56073,33066,65535,6544
1685701050,0,1,1,0,1305,3092,7603,10681,19989,65535,6532,31449,43427,56017,33034,65535,6538
1685701056,0,1,1,0,1304,3093,7602,10685,19994,65535,6536,31460,43442,56037,33063,65535,6538
1685701062,0,1,1,0,1305,3091,7599,10678,19984,65535,6534,31463,43424,56078,33048,65535,6544
1685701068,0,1,1,0,1305,3090,7604,10682,19986,65535,6532,31457,43428,56036,33043,65535,6538
1685701074,0,1,1,0,1305,3092,7604,10680,19989,65535,6531,31481,43483,56075,33065,65535,6544
1685701080,0,1,1,0,1305,3093,7602,10690,19995,65535,6530,31476,43483,56077,33070,65535,6538
1685701086,0,1,1,0,1305,3095,7610,10694,20004,65535,6538,31473,43462,56067,33060,65535,6543
1685701092,0,1,1,0,1310,3095,7610,10689,19994,65535,6538,31478,43482,56063,33062,65535,6544
1685701098,0,1,1,0,1304,3098,7610,10700,20013,65535,6542,31522,43520,56144,33117,65535,6550
1685701104,0,1,1,0,1311,3089,7597,10679,19966,65535,6530,31495,43497,56106,33091,65535,6548
1685701110,0,1,1,0,1310,3098,7617,10705,20021,65535,6542,31510,43520,56125,33114,65535,6550
1685701116,0,1,1,0,1304,3098,7618,10705,20015,65535,6542,31520,43538,56141,33121,65535,6552
1685701122,0,1,1,0,1310,3097,7609,10692,20008,65535,6539,31497,43497,56092,33085,65535,6546
1685701128,0,1,1,0,1310,3098,7616,10700,20010,65535,6544,31524,43545,56172,33107,65535,6554
1685701134,0,1,1,0,1310,3099,7620,10705,20021,65535,6544,31520,43528,56166,33113,65535,6552
1685701140,0,1,1,0,1310,3098,7616,10700,20009,65535,6544,31504,43516,56111,33096,65535,6548
1685701146,0,1,1,0,1310,3096,7612,10700,20001,65535,6538,31519,43545,56161,33111,65535,6552
1685701152,0,1,1,0,1310,3096,7612,10703,19999,65535,6536,31501,43507,56114,33089,65535,6548
1685701158,0,1,1,0,1310,3097,7615,10700,20020,65535,6542,31518,43515,56128,33104,65535,6548
1685701164,0,1,1,0,1310,3097,7611,10697,20011,65535,6538,31482,43487,56105,33067,65535,6544
1685701170,0,1,1,0,1310,3096,7607,10699,19995,65535,6536,31489,43480,56086,33072,65535,6544
1685701176,0,1,1,0,1305,3096,7610,10699,20009,65535,6544,31506,43506,56114,33095,65535,6548
1685701182,0,1,1,0,1304,3099,7617,10709,20020,65535,6544,31526,43543,56156,33133,65535,6556
1685701188,0,1,1,0,1311,3099,7618,10711,20021,65535,6546,31527,43546,56156,33124,65535,6552
1685701194,0,1,1,0,1311,3100,7620,10711,20013,65535,6546,31540,43558,56203,33134,65535,6556
1685701200,0,1,1,0,1310,3099,7617,10711,20022,65535,6548,31538,43557,56192,33128,65535,6558
1685701206,0,1,1,0,1310,3100,7620,10708,20033,65535,6546,31507,43501,56140,33096,65535,6550
1685701212,0,1,1,0,1305,3099,7616,10704,20012,65535,6546,31501,43513,56107,33089,65535,6552
1685701218,0,1,1,0,1310,3102,7623,10717,20027,65535,6548,31537,43561,56177,33133,65535,6554
1685701224,0,1,1,0,1311,3090,7603,10687,19966,65535,6530,31500,43525,56143,33108,65535,6550
1685701230,0,1,1,0,1310,3099,7622,10716,20021,65535,6548,31537,43559,56171,33126,65535,6556
1685701236,0,1,1,0,1310,3100,7621,10709,20030,65535,6548,31526,43544,56161,33114,65535,6554
1685701242,0,1,1,0,1311,3100,7617,10708,20024,65535,6550,31533,43560,56168,33127,65535,6556
1685701248,0,1,1,0,1305,3100,7618,10712,20030,65535,6548,31543,43564,56205,33131,65535,6556
1685701254,0,1,1,0,1310,3099,7618,10711,20022,65535,6546,31516,43517,56166,33105,65535,6548
1685701260,0,1,1,0,1305,3096,7612,10691,20006,65535,6538,31503,43505,56137,33102,65535,6548
1685701266,0,1,1,0,1310,3087,7593,10672,19964,65535,6524,31451,43441,56051,33046,65535,6538
1685701272,0,1,1,0,1305,3095,7607,10686,19994,65535,6536,31475,43489,56108,33069,65535,6544
1685701278,0,1,1,0,1310,3097,7611,10694,20015,65535,6542,31498,43490,56091,33087,65535,6546
1685701284,0,1,1,0,1305,3094,7605,10690,19991,65535,6535,31481,43460,56054,33060,65535,6540
1685701290,0,1,1,0,1310,3094,7600,10691,19991,65535,6534,31504,43504,56136,33083,65535,6546
1685701296,0,1,1,0,1310,3096,7609,10692,20006,65535,6538,31483,43469,56071,33054,65535,6544
1685701302,0,1,1,0,1310,3088,7595,10672,19967,65535,6526,31422,43381,55991,32991,65535,6530
1685701308,0,1,1,0,1310,3093,7603,10689,19996,65535,6533,31468,43443,56048,33045,65535,6540
1685701314,0,1,1,0,1305,3091,7601,10675,19985,65535,6528,31483,43460,56109,33074,65535,6540
1685701320,0,1,1,0,1305,3086,7590,10669,19960,65535,6520,31424,43381,55983,32996,65535,6530
1685701326,0,1,1,0,1305,3087,7590,10665,19967,65535,6522,31429,43393,56002,32997,65535,6530
1685701332,0,1,1,0,1304,3088,7593,10664,19973,65535,6524,31437,43394,56012,33014,65535,6532
1685701338,0,1,1,0,1304,3084,7583,10653,19958,65535,6520,31422,43380,55997,32999,65535,6532
1685701344,0,1,1,0,1305,3086,7585,10653,19948,65535,6520,31440,43405,55988,33013,65535,6534
1685701350,0,1,1,0,1305,3089,7593,10671,19975,65535,6524,31438,43407,55992,33015,65535,6532
1685701356,0,1,1,0,1303,3089,7593,10669,19978,65535,6526,31444,43410,56011,33021,65535,6534
1685701362,0,1,1,0,1303,3089,7596,10670,19977,65535,6526,31441,43407,56006,33020,65535,6532
1685701368,0,1,1,0,1304,3090,7597,10669,19974,65535,6524,31455,43429,56029,33034,65535,6536
1685701374,0,1,1,0,1303,3091,7595,10672,19982,65535,6530,31447,43396,56004,33026,65535,6532
1685701380,0,1,1,0,1310,3092,7596,10681,19986,65535,6532,31472,43453,56046,33048,65535,6540
1685701386,0,1,1,0,1304,3090,7598,10674,19979,65535,6530,31444,43416,56032,33023,65535,6536
1685701392,0,1,1,0,1310,3086,7589,10662,19954,65535,6520,31391,43349,55925,32992,65535,6522
1685701398,0,1,1,0,1310,3087,7589,10672,19966,65535,6524,31469,43448,56079,33036,65535,6540
1685701404,0,1,1,0,1305,3090,7599,10681,19984,65535,6528,31462,43435,56034,33056,65535,6538
1685701410,0,1,1,0,1304,3091,7601,10677,19986,65535,6530,31454,43437,56031,33038,65535,6540
1685701416,0,1,1,0,1304,3087,7593,10666,19969,65535,6524,31426,43403,55984,33009,65535,6532
1685701422,0,1,1,0,1303,3090,7596,10673,19981,65535,6530,31451,43429,56054,33034,65535,6536
1685701428,0,1,1,0,1305,3089,7593,10669,19974,65535,6526,31446,43411,56007,33041,65535,6536
1685701434,0,1,1,0,1304,3090,7596,10674,19986,65535,6528,31455,43427,56026,33051,65535,6538
1685701440,0,1,1,0,1310,3091,7598,10676,19984,65535,6530,31453,43428,56051,33032,65535,6536
1685701446,0,1,1,0,1310,3090,7597,10674,19977,65535,6530,31422,43388,55979,33007,65535,6532
1685701452,0,1,1,0,1310,3092,7599,10677,19989,65535,6532,31459,43421,56044,33030,65535,6538
1685701458,0,1,1,0,1310,3091,7601,10676,19989,65535,6532,31441,43417,56014,33026,65535,6536
1685701464,0,1,1,0,1304,3087,7591,10664,19967,65535,6524,31426,43393,55979,33009,65535,6532
1685701470,0,1,1,0,1310,3090,7599,10671,19982,65535,6532,31454,43412,56052,33036,65535,6538
1685701476,0,1,1,0,1310,3088,7592,10666,19975,65535,6526,31438,43403,56009,33016,65535,6532
1685701482,0,1,1,0,1303,3087,7588,10658,19962,65535,6520,31416,43376,55958,32995,65535,6532
1685701488,0,1,1,0,1305,3087,7590,10666,19965,65535,6524,31430,43371,55969,33008,65535,6532
1685701494,0,1,1,0,1305,3088,7589,10669,19971,65535,6528,31437,43406,56006,33015,65535,6536
1685701500,0,1,1,0,1305,3089,7594,10675,19981,65535,6526,31451,43416,56033,33034,65535,6534
1685701506,0,1,1,0,1305,3086,7592,10665,19969,65535,6526,31439,43406,56035,33021,65535,6534
1685701512,0,1,1,0,1310,3089,7590,10665,19978,65535,6526,31442,43402,56008,33021,65535,6532
1685701518,0,1,1,0,1305,3088,7590,10669,19971,65535,6524,31439,43391,55989,33018,65535,6528
1685701524,0,1,1,0,1305,3087,7587,10658,19964,65535,6526,31435,43385,56005,33011,65535,6532
1685701530,0,1,1,0,1303,3081,7577,10643,19937,65535,6510,31362,43304,55837,32936,65535,6518
1685701536,0,1,1,0,1305,3084,7581,10654,19954,65535,6520,31415,43350,55951,32989,65535,6526
1685701542,0,1,1,0,1303,3088,7590,10666,19984,65535,6520,31370,43340,55890,32953,65535,6524
1685701548,0,1,1,0,1304,3085,7589,10656,19968,65535,6518,31424,43386,55967,32996,65535,6531
1685701554,0,1,1,0,1305,3086,7584,10653,19963,65535,6518,31425,43367,55949,33012,65535,6526
1685701560,0,1,1,0,1305,3086,7586,10652,19961,65535,6520,31410,43354,55926,32975,65535,6528
1685701566,0,1,1,0,1305,3081,7573,10640,19933,65535,6512,31370,43289,55874,32938,65535,6518
1685701572,0,1,1,0,1305,3083,7583,10655,19960,65535,6518,31417,43368,55981,32990,65535,6528
1685701578,0,1,1,0,1305,3085,7588,10659,19951,65535,6518,31413,43355,55952,32990,65535,6530
1685701584,0,1,1,0,1303,3083,7581,10647,19944,65535,6516,31405,43340,55940,32973,65535,6522
1685701590,0,1,1,0,1305,3083,7578,10648,19953,65535,6516,31428,43372,55993,32991,65535,6530
1685701596,0,1,1,0,1305,3085,7584,10655,19958,65535,6520,31415,43346,55975,32980,65535,6528
1685701602,0,1,1,0,1305,3087,7588,10661,19969,65535,6522,31430,43373,55977,32995,65535,6530
1685701608,0,1,1,0,1304,3085,7586,10657,19967,65535,6520,31412,43359,55956,33000,65535,6528
1685701614,0,1,1,0,1305,3085,7586,10655,19960,65535,6518,31421,43356,55972,32991,65535,6530
1685701620,0,1,1,0,1305,3086,7586,10657,19962,65535,6520,31410,43355,55950,32984,65535,6526
1685701626,0,1,1,0,1303,3084,7579,10653,19950,65535,6516,31396,43319,55947,32964,65535,6522
1685701632,0,1,1,0,1305,3086,7587,10658,19966,65535,6522,31424,43358,55992,32993,65535,6528
1685701638,0,1,1,0,1305,3086,7584,10654,19959,65535,6520,31413,43362,55958,32996,65535,6528
1685701644,0,1,1,0,1305,3088,7587,10658,19968,65535,6520,31426,43356,55964,32985,65535,6528
1685701650,0,1,1,0,1305,3087,7586,10661,19959,65535,6520,31371,43299,55882,32946,65535,6520
1685701656,0,1,1,0,1305,3084,7582,10657,19947,65535,6516,31384,43322,55932,32954,65535,6520
1685701662,0,1,1,0,1303,3082,7577,10645,19940,65535,6512,31374,43308,55892,32944,65535,6520
1685701668,0,1,1,0,1303,3083,7582,10649,19951,65535,6516,31389,43333,55878,32982,65535,6522
1685701674,0,1,1,0,1303,3084,7581,10656,19959,65535,6516,31399,43336,55926,32962,65535,6524
1685701680,0,1,1,0,1305,3086,7586,10656,19958,65535,6522,31436,43393,55976,33005,65535,6532
1685701686,0,1,1,0,1304,3085,7589,10657,19956,65535,6520,31414,43367,55970,33006,65535,6526
1685701692,0,1,1,0,1310,3087,7594,10662,19967,65535,6526,31434,43386,55980,33023,65535,6532
1685701698,0,1,1,0,1305,3088,7592,10664,19973,65535,6524,31443,43407,56003,33020,65535,6532
1685701704,0,1,1,0,1305,3087,7593,10669,19974,65535,6528,31435,43389,55981,33003,65535,6530
1685701710,0,1,1,0,1305,3088,7596,10669,19985,65535,6524,31449,43413,56004,33022,65535,6534
1685701716,0,1,1,0,1303,3087,7587,10661,19970,65535,6522,31421,43386,55971,32992,65535,6532
1685701722,0,1,1,0,1305,3088,7591,10665,19968,65535,6522,31455,43423,56024,33021,65535,6534
1685701728,0,1,1,0,1305,3086,7595,10665,19971,65535,6528,31398,43343,55945,32986,65535,6526
1685701734,0,1,1,0,1305,3090,7596,10671,19979,65535,6530,31453,43424,56018,33041,65535,6536
1685701740,0,1,1,0,1304,3086,7590,10666,19964,65535,6520,31404,43359,55935,32974,65535,6526
1685701746,0,1,1,0,1305,3086,7587,10664,19963,65535,6524,31423,43375,55998,33021,65535,6532
1685701752,0,1,1,0,1305,3085,7584,10653,19954,65535,6520,31399,43350,55920,32979,65535,6524
1685701758,0,1,1,0,1305,3085,7586,10651,19960,65535,6514,31401,43347,55924,32969,65535,6524
1685701764,0,1,1,0,1305,3087,7588,10660,19965,65535,6522,31406,43356,55934,32981,65535,6524
1685701770,0,1,1,0,1305,3086,7588,10663,19961,65535,6522,31410,43360,55941,32986,65535,6526
1685701776,0,1,1,0,1305,3084,7584,10651,19955,65535,6518,31420,43372,55950,32990,65535,6528
1685701782,0,1,1,0,1305,3082,7583,10648,19958,65535,6514,31404,43340,55963,32976,65535,6526
1685701788,0,1,1,0,1305,3084,7579,10654,19962,65535,6514,31418,43364,55946,32980,65535,6528
1685701794,0,1,1,0,1305,3082,7580,10649,19942,65535,6514,31360,43293,55850,32947,65535,6516
1685701800,0,1,1,0,1305,3084,7580,10647,19946,65535,6516,31391,43316,55944,32965,65535,6522
1685701806,0,1,1,0,1305,3083,7582,10645,19960,65535,6514,31384,43323,55899,32952,65535,6520
1685701812,0,1,1,0,1304,3082,7579,10644,19950,65535,6516,31401,43349,55919,32962,65535,6524
1685701818,0,1,1,0,1305,3082,7578,10641,19943,65535,6512,31381,43304,55915,32939,65535,6520
1685701824,0,1,1,0,1305,3082,7581,10644,19947,65535,6514,31376,43298,55906,32962,65535,6518
1685701830,0,1,1,0,1305,3079,7569,10630,19927,65535,6506,31369,43295,55861,32947,65535,6518
1685701836,0,1,1,0,1304,3079,7571,10628,19923,65535,6504,31361,43287,55830,32939,65535,6518
1685701842,0,1,1,0,1304,3078,7569,10629,19923,65535,6506,31362,43282,55832,32944,65535,6516
1685701848,0,1,1,0,1303,3078,7571,10632,19931,65535,6510,31362,43287,55876,32928,65535,6518
1685701854,0,1,1,0,1304,3082,7575,10637,19950,65535,6514,31382,43312,55876,32966,65535,6518
1685701860,0,1,1,0,1304,3082,7578,10642,19946,65535,6514,31384,43321,55892,32950,65535,6520
1685701866,0,1,1,0,1304,3082,7576,10638,19936,65535,6510,31361,43268,55872,32929,65535,6518
1685701872,0,1,1,0,1305,3084,7583,10645,19946,65535,6518,31377,43315,55907,32956,65535,6522
1685701878,0,1,1,0,1304,3079,7575,10634,19941,65535,6508,31379,43313,55881,32962,65535,6518
1685701884,0,1,1,0,1304,3082,7577,10646,19945,65535,6514,31379,43299,55894,32949,65535,6522
1685701890,0,1,1,0,1304,3083,7580,10651,19946,65535,6516,31391,43327,55911,32979,65535,6524
1685701896,0,1,1,0,1304,3082,7579,10650,19959,65535,6514,31382,43302,55901,32952,65535,6520
1685701902,0,1,1,0,1305,3083,7580,10646,19947,65535,6518,31397,43337,55943,32965,65535,6524
1685701908,0,1,1,0,1303,3080,7577,10645,19934,65535,6510,31370,43297,55853,32933,65535,6522
1685701914,0,1,1,0,1305,3080,7575,10645,19930,65535,6512,31372,43319,55879,32953,65535,6522
1685701920,0,1,1,0,1303,3084,7585,10662,19954,65535,6518,31433,43374,55970,32993,65535,6530
1685701926,0,1,1,0,1304,3083,7582,10651,19950,65535,6516,31385,43324,55929,32963,65535,6522
1685701932,0,1,1,0,1305,3088,7592,10672,19973,65535,6528,31446,43404,56012,33038,65535,6534
1685701938,0,1,1,0,1304,3086,7589,10670,19967,65535,6522,31419,43357,55968,33001,65535,6530
1685701944,0,1,1,0,1304,3091,7589,10672,19985,65535,6527,31438,43399,56017,33031,65535,6534
1685701950,0,1,1,0,1305,3088,7593,10672,19974,65535,6524,31443,43418,56018,33021,65535,6536
1685701956,0,1,1,0,1305,3085,7586,10660,19958,65535,6518,31393,43340,55935,32982,65535,6524
1685701962,0,1,1,0,1305,3088,7588,10665,19965,65535,6518,31410,43385,55974,32987,65535,6528
1685701968,0,1,1,0,1305,3091,7596,10678,19991,65535,6534,31472,43430,56059,33038,65535,6538
1685701974,0,1,1,0,1310,3091,7597,10680,19992,65535,6532,31446,43408,56039,33031,65535,6536
1685701980,0,1,1,0,1310,3092,7602,10676,19988,65535,6530,31463,43440,56043,33063,65535,6538
1685701986,0,1,1,0,1305,3091,7598,10685,19988,65535,6530,31465,43440,56069,33054,65535,6539
1685701992,0,1,1,0,1304,3090,7601,10674,19979,65535,6530,31463,43434,56066,33040,65535,6538
1685701998,0,1,1,0,1310,3089,7597,10677,19978,65535,6530,31464,43441,56037,33061,65535,6542
1685702004,0,1,1,0,1310,3088,7593,10672,19973,65535,6526,31438,43399,56021,33015,65535,6538
1685702010,0,1,1,0,1305,3091,7598,10676,19989,65535,6530,31464,43445,56079,33043,65535,6538
1685702016,0,1,1,0,1304,3089,7594,10668,19978,65535,6528,31450,43432,56015,33033,65535,6538
1685702022,0,1,1,0,1305,3090,7598,10677,19988,65535,6533,31465,43433,56066,33040,65535,6538
1685702028,0,1,1,0,1305,3092,7602,10688,20004,65535,6532,31466,43437,56068,33065,65535,6542
1685702034,0,1,1,0,1310,3093,7603,10691,19993,65535,6536,31450,43413,56024,33028,65535,6534
1685702040,0,1,1,0,1310,3094,7605,10685,19992,65535,6538,31460,43447,56030,33037,65535,6538
1685702046,0,1,1,0,1304,3090,7601,10680,19992,65535,6534,31452,43403,56045,33034,65535,6538
1685702052,0,1,1,0,1310,3093,7605,10692,19998,65535,6536,31485,43482,56082,33072,65535,6544
1685702058,0,1,1,0,1310,3095,7608,10691,20000,65535,6538,31474,43464,56087,33059,65535,6544
1685702064,0,1,1,0,1310,3094,7603,10688,20005,65535,6534,31482,43475,56092,33059,65535,6544
1685702070,0,1,1,0,1310,3096,7609,10694,20003,65535,6542,31482,43472,56100,33089,65535,6546
1685702076,0,1,1,0,1310,3094,7605,10689,20004,65535,6540,31481,43476,56075,33065,65535,6546
1685702082,0,1,1,0,1310,3094,7603,10689,20012,65535,6538,31495,43487,56128,33075,65535,6544
1685702088,0,1,1,0,1310,3095,7608,10695,20002,65535,6542,31494,43497,56127,33090,65535,6546
1685702094,0,1,1,0,1310,3092,7602,10686,19988,65535,6534,31487,43477,56109,33084,65535,6544
1685702100,0,1,1,0,1310,3097,7613,10701,20016,65535,6548,31509,43512,56135,33095,65535,6550
1685702106,0,1,1,0,1310,3096,7610,10702,20017,65535,6546,31511,43503,56164,33108,65535,6550
1685702112,0,1,1,0,1310,3093,7605,10688,19995,65535,6538,31489,43483,56089,33079,65535,6546
1685702118,0,1,1,0,1305,3094,7606,10690,19999,65535,6536,31485,43479,56117,33085,65535,6546
1685702124,0,1,1,0,1310,3096,7610,10695,20020,65535,6540,31521,43509,56139,33100,65535,6548
1685702130,0,1,1,0,1304,3093,7605,10690,19994,65535,6536,31470,43459,56069,33053,65535,6542
1685702136,0,1,1,0,1304,3091,7601,10684,19985,65535,6532,31462,43443,56023,33046,65535,6542
1685702142,0,1,1,0,1310,3096,7612,10694,20001,65535,6538,31487,43492,56088,33077,65535,6548
1685702148,0,1,1,0,1310,3096,7613,10701,20014,65535,6544,31507,43511,56125,33097,65535,6550
1685702154,0,1,1,0,1305,3095,7605,10691,20007,65535,6536,31472,43465,56067,33063,65535,6540
1685702160,0,1,1,0,1310,3096,7613,10700,20019,65535,6540,31518,43523,56153,33106,65535,6552
1685702166,0,1,1,0,1310,3093,7601,10684,19987,65535,6532,31458,43446,56031,33041,65535,6544
1685702172,0,1,1,0,1305,3093,7606,10687,19991,65535,6536,31484,43465,56112,33072,65535,6546
1685702178,0,1,1,0,1305,3094,7607,10688,19991,65535,6538,31482,43481,56079,33085,65535,6548
1685702184,0,1,1,0,1305,3094,7606,10691,20005,65535,6536,31505,43513,56149,33083,65535,6554
1685702190,0,1,1,0,1305,3093,7607,10689,19987,65535,6540,31477,43449,56086,33073,65535,6546
1685702196,0,1,1,0,1305,3097,7612,10699,20007,65535,6540,31521,43525,56160,33120,65535,6548
1685702202,0,1,1,0,1310,3096,7607,10695,20007,65535,6540,31496,43498,56105,33084,65535,6548
1685702208,0,1,1,0,1310,3096,7610,10702,20008,65535,6540,31482,43474,56106,33084,65535,6546
1685702214,0,1,1,0,1310,3092,7599,10684,19982,65535,6534,31487,43486,56121,33100,65535,6544
1685702220,0,1,1,0,1305,3094,7607,10693,19998,65535,6536,31507,43507,56126,33101,65535,6548
1685702226,0,1,1,0,1310,3095,7610,10701,20008,65535,6540,31494,43499,56132,33087,65535,6548
1685702232,0,1,1,0,1310,3094,7609,10697,20005,65535,6540,31478,43467,56097,33073,65535,6544
1685702238,0,1,1,0,1304,3094,7607,10694,19991,65535,6536,31483,43482,56113,33067,65535,6546
1685702244,0,1,1,0,1305,3097,7611,10702,20010,65535,6540,31513,43519,56129,33118,65535,6550
1685702250,0,1,1,0,1310,3095,7604,10702,20005,65535,6540,31495,43495,56096,33071,65535,6547
1685702256,0,1,1,0,1310,3096,7611,10697,20009,65535,6542,31491,43517,56126,33107,65535,6548
1685702262,0,1,1,0,1310,3097,7615,10702,20018,65535,6544,31518,43530,56146,33124,65535,6552
1685702268,0,1,1,0,1310,3098,7617,10710,20028,65535,6550,31527,43538,56147,33112,65535,6554
1685702274,0,1,1,0,1310,3099,7615,10708,20015,65535,6548,31529,43548,56153,33114,65535,6556
1685702280,0,1,1,0,1310,3099,7614,10708,20018,65535,6546,31517,43522,56138,33109,65535,6556
1685702286,0,1,1,0,1310,3099,7615,10708,20018,65535,6546,31527,43533,56178,33108,65535,6552
1685702292,0,1,1,0,1310,3097,7616,10707,20023,65535,6546,31516,43499,56151,33092,65535,6549
1685702298,0,1,1,0,1310,3098,7612,10704,20011,65535,6544,31517,43508,56157,33102,65535,6548
1685702304,0,1,1,0,1310,3096,7609,10692,20012,65535,6546,31504,43497,56114,33091,65535,6548
1685702310,0,1,1,0,1304,3095,7606,10695,19995,65535,6536,31482,43469,56088,33086,65535,6546
1685702316,0,1,1,0,1310,3095,7609,10692,20012,65535,6536,31496,43483,56126,33077,65535,6548
1685702322,0,1,1,0,1310,3095,7608,10693,20007,65535,6540,31505,43514,56111,33090,65535,6550
1685702328,0,1,1,0,1305,3095,7610,10700,20010,65535,6538,31456,43432,56019,33046,65535,6540
1685702334,0,1,1,0,1305,3092,7602,10684,19996,65535,6536,31476,43490,56094,33073,65535,6548
1685702340,0,1,1,0,1310,3094,7603,10691,20003,65535,6536,31496,43493,56129,33100,65535,6548
1685702346,0,1,1,0,1304,3091,7602,10690,19984,65535,6534,31463,43461,56052,33069,65535,6542
1685702352,0,1,1,0,1310,3095,7612,10695,20006,65535,6540,31495,43505,56137,33102,65535,6548
1685702358,0,1,1,0,1310,3094,7606,10692,19998,65535,6536,31467,43465,56072,33057,65535,6540
1685702364,0,1,1,0,1305,3095,7612,10700,20002,65535,6540,31503,43489,56126,33096,65535,6552
1685702370,0,1,1,0,1310,3096,7608,10694,20004,65535,6540,31502,43499,56104,33086,65535,6550
1685702376,0,1,1,0,1304,3097,7612,10699,20015,65535,6540,31488,43487,56084,33086,65535,6546
1685702382,0,1,1,0,1304,3095,7607,10696,19994,65535,6536,31479,43465,56094,33076,65535,6542
1685702388,0,1,1,0,1310,3097,7613,10703,20022,65535,6544,31503,43510,56134,33090,65535,6552
1685702394,0,1,1,0,1304,3095,7609,10696,20005,65535,6538,31483,43479,56099,33069,65535,6544
1685702400,0,1,1,0,1304,3093,7604,10687,19997,65535,6538,31486,43469,56103,33081,65535,6544
1685702406,0,1,1,0,1310,3097,7616,10701,20013,65535,6546,31523,43533,56148,33125,65535,6553
1685702412,0,1,1,0,1310,3099,7616,10708,20020,65535,6546,31526,43530,56209,33112,65535,6554
1685702418,0,1,1,0,1305,3099,7619,10711,20021,65535,6546,31525,43547,56162,33113,65535,6552
1685702424,0,1,1,0,1305,3097,7613,10708,20012,65535,6544,31517,43533,56170,33128,65535,6556
1685702430,0,1,1,0,1304,3099,7618,10716,20022,65535,6548,31538,43557,56198,33129,65535,6558
1685702436,0,1,1,0,1310,3101,7620,10717,20039,65535,6550,31552,43595,56213,33141,65535,6562
1685702442,0,1,1,0,1310,3100,7623,10719,20032,65535,6550,31557,43607,56222,33158,65535,6558
1685702448,0,1,1,0,1305,3101,7620,10721,20023,65535,6550,31538,43554,56178,33131,65535,6558
1685702454,0,1,1,0,1310,3102,7625,10726,20036,65535,6558,31583,43601,56247,33177,65535,6560
1685702460,0,1,1,0,1310,3102,7624,10725,20048,65535,6554,31552,43585,56227,33150,65535,6560
1685702466,0,1,1,0,1311,3102,7627,10725,20032,65535,6554,31565,43610,56252,33161,65535,6562
1685702472,0,1,1,0,1311,3103,7630,10721,20043,65535,6556,31555,43591,56216,33148,65535,6560
1685702478,0,1,1,0,1310,3103,7630,10728,20043,65535,6554,31561,43603,56240,33157,65535,6562
1685702484,0,1,1,0,1304,3101,7620,10712,20030,65535,6548,31529,43541,56187,33122,65535,6556
1685702490,0,1,1,0,1311,3104,7629,10727,20036,65535,6560,31566,43616,56255,33153,65535,6566
1685702496,0,1,1,0,1310,3104,7627,10727,20032,65535,6558,31543,43594,56218,33155,65535,6566
1685702502,0,1,1,0,1310,3106,7631,10732,20052,65535,6558,31575,43615,56269,33168,65535,6564
1685702508,0,1,1,0,1311,3104,7631,10733,20049,65535,6558,31554,43598,56223,33141,65535,6562
1685702514,0,1,1,0,1304,3102,7625,10722,20019,65535,6550,31548,43579,56210,33154,65535,6560
1685702520,0,1,1,0,1311,3105,7630,10734,20042,65535,6560,31550,43598,56236,33152,65535,6562
1685702526,0,1,1,0,1310,3104,7628,10727,20041,65535,6554,31557,43601,56238,33152,65535,6562
1685702532,0,1,1,0,1311,3106,7635,10738,20053,65535,6560,31592,43648,56300,33206,65535,6568
1685702538,0,1,1,0,1310,3107,7636,10740,20062,65535,6564,31585,43650,56294,33187,65535,6568
1685702544,0,1,1,0,1310,3108,7639,10745,20064,65535,6564,31595,43666,56292,33211,65535,6570
1685702550,0,1,1,0,1311,3107,7634,10740,20050,65535,6559,31585,43638,56294,33177,65535,6566
1685702556,0,1,1,0,1311,3106,7632,10740,20055,65535,6564,31592,43643,56298,33199,65535,6568
1685702562,0,1,1,0,1311,3107,7633,10737,20050,65535,6564,31591,43638,56312,33204,65535,6568
1685702568,0,1,1,0,1311,3107,7632,10740,20048,65535,6561,31589,43635,56303,33187,65535,6570
1685702574,0,1,1,0,1304,3104,7627,10721,20031,65535,6556,31530,43593,56196,33165,65535,6562
1685702580,0,1,1,0,1305,3105,7628,10734,20035,65535,6556,31564,43603,56231,33176,65535,6566
1685702586,0,1,1,0,1310,3104,7631,10738,20045,65535,6558,31586,43647,56280,33197,65535,6568
1685702592,0,1,1,0,1305,3104,7629,10733,20040,65535,6556,31563,43609,56248,33162,65535,6560
1685702598,0,1,1,0,1311,3108,7637,10747,20069,65535,6564,31625,43683,56352,33218,65535,6576
1685702604,0,1,1,0,1310,3107,7639,10742,20055,65535,6564,31591,43635,56281,33187,65535,6570
1685702610,0,1,1,0,1305,3107,7635,10741,20055,65535,6564,31572,43628,56260,33174,65535,6568
1685702616,0,1,1,0,1311,3109,7638,10747,20061,65535,6566,31609,43663,56327,33207,65535,6572
1685702622,0,1,1,0,1311,3108,7637,10746,20062,65535,6563,31596,43643,56312,33203,65535,6570
1685702628,0,1,1,0,1310,3107,7632,10739,20050,65535,6562,31586,43631,56285,33181,65535,6570
1685702634,0,1,1,0,1311,3108,7637,10736,20054,65535,6566,31592,43647,56300,33201,65535,6568
1685702640,0,1,1,0,1311,3108,7635,10741,20059,65535,6568,31608,43690,56318,33230,65535,6570
1685702646,0,1,1,0,1311,3108,7637,10747,20070,65535,6564,31595,43652,56295,33201,65535,6570
1685702652,0,1,1,0,1311,3108,7635,10742,20060,65535,6562,31607,43664,56319,33218,65535,6576
1685702658,0,1,1,0,1311,3110,7639,10749,20055,65535,6564,31617,43674,56330,33218,65535,6574
1685702664,0,1,1,0,1311,3109,7640,10742,20074,65535,6564,31610,43676,56305,33212,65535,6578
1685702670,0,1,1,0,1311,3107,7634,10744,20067,65535,6563,31601,43669,56343,33214,65535,6572
1685702676,0,1,1,0,1311,3109,7638,10741,20058,65535,6564,31608,43668,56324,33220,65535,6570
1685702682,0,1,1,0,1311,3107,7636,10741,20054,65535,6564,31601,43661,56310,33203,65535,6572
1685702688,0,1,1,0,1311,3108,7638,10741,20060,65535,6564,31600,43652,56327,33203,65535,6570
1685702694,0,1,1,0,1310,3106,7636,10740,20048,65535,6562,31591,43658,56302,33203,65535,6568
1685702700,0,1,1,0,1310,3108,7640,10742,20057,65535,6564,31591,43658,56315,33196,65535,6574
1685702706,0,1,1,0,1310,3107,7637,10736,20059,65535,6562,31588,43651,56323,33210,65535,6572
1685702712,0,1,1,0,1310,3108,7638,10743,20058,65535,6564,31599,43672,56324,33203,65535,6572
1685702718,0,1,1,0,1311,3111,7648,10753,20081,65535,6574,31609,43690,56357,33217,65535,6576
1685702724,0,1,1,0,1310,3110,7642,10753,20058,65535,6566,31632,43719,56388,33258,65535,6580
1685702730,0,1,1,0,1311,3112,7648,10755,20075,65535,6570,31635,43716,56370,33244,65535,6580
1685702736,0,1,1,0,1310,3112,7648,10755,20072,65535,6570,31636,43727,56375,33252,65535,6580
1685702742,0,1,1,0,1310,3113,7650,10764,20081,65535,6572,31645,43751,56427,33271,65535,6582
1685702748,0,1,1,0,1310,3114,7648,10762,20077,65535,6569,31619,43713,56365,33241,65535,6576
1685702754,0,1,1,0,1311,3114,7651,10767,20080,65535,6576,31637,43734,56390,33253,65535,6582
1685702760,0,1,1,0,1311,3116,7655,10769,20086,65535,6578,31657,43762,56431,33265,65535,6586
1685702766,0,1,1,0,1310,3114,7652,10762,20077,65535,6574,31640,43744,56406,33251,65535,6582
1685702772,0,1,1,0,1305,3113,7649,10763,20072,65535,6576,31645,43729,56385,33251,65535,6581
1685702778,0,1,1,0,1312,3117,7660,10773,20111,65535,6582,31657,43760,56400,33270,65535,6584
1685702784,0,1,1,0,1312,3113,7651,10764,20073,65535,6572,31633,43735,56373,33249,65535,6584
1685702790,0,1,1,0,1311,3115,7651,10765,20076,65535,6576,31639,43741,56387,33253,65535,6582
1685702796,0,1,1,0,1310,3115,7654,10769,20081,65535,6576,31657,43769,56436,33261,65535,6584
1685702802,0,1,1,0,1310,3113,7650,10766,20072,65535,6574,31643,43711,56395,33248,65535,6582
1685702808,0,1,1,0,1310,3115,7656,10767,20081,65535,6584,31664,43767,56419,33275,65535,6586
1685702814,0,1,1,0,1310,3116,7654,10777,20101,65535,6580,31645,43736,56389,33249,65535,6588
1685702820,0,1,1,0,1311,3118,7658,10777,20098,65535,6582,31682,43781,56442,33305,65535,6590
1685702826,0,1,1,0,1312,3117,7658,10779,20097,65535,6580,31668,43775,56470,33287,65535,6586
1685702832,0,1,1,0,1310,3117,7659,10777,20100,65535,6581,31680,43788,56456,33293,65535,6592
1685702838,0,1,1,0,1311,3118,7664,10782,20106,65535,6582,31691,43799,56470,33295,65535,6592
1685702844,0,1,1,0,1312,3117,7662,10786,20101,65535,6582,31681,43801,56462,33300,65535,6592
1685702850,0,1,1,0,1310,3116,7656,10773,20088,65535,6578,31684,43801,56474,33306,65535,6592
1685702856,0,1,1,0,1312,3115,7657,10776,20098,65535,6578,31698,43820,56506,33333,65535,6592
1685702862,0,1,1,0,1312,3119,7662,10782,20113,65535,6584,31697,43813,56486,33306,65535,6594
1685702868,0,1,1,0,1312,3119,7662,10782,20110,65535,6586,31681,43792,56469,33316,65535,6591
1685702874,0,1,1,0,1312,3117,7662,10778,20111,65535,6582,31692,43784,56448,33285,65535,6588
1685702880,0,1,1,0,1312,3115,7651,10765,20088,65535,6578,31659,43739,56405,33253,65535,6582
1685702886,0,1,1,0,1310,3114,7653,10767,20086,65535,6578,31649,43749,56396,33255,65535,6582
1685702892,0,1,1,0,1312,3114,7650,10764,20082,65535,6576,31651,43742,56406,33276,65535,6584
1685702898,0,1,1,0,1311,3111,7643,10752,20061,65535,6570,31627,43711,56389,33226,65535,6578
1685702904,0,1,1,0,1312,3116,7654,10770,20110,65535,6578,31655,43746,56410,33262,65535,6586
1685702910,0,1,1,0,1310,3112,7647,10759,20075,65535,6572,31622,43688,56364,33236,65535,6580
1685702916,0,1,1,0,1311,3112,7645,10756,20081,65535,6572,31661,43761,56443,33269,65535,6586
1685702922,0,1,1,0,1310,3111,7643,10752,20069,65535,6570,31622,43705,56358,33245,65535,6578
1685702928,0,1,1,0,1312,3114,7654,10765,20087,65535,6576,31669,43754,56448,33270,65535,6586
1685702934,0,1,1,0,1310,3112,7644,10753,20079,65535,6574,31641,43708,56397,33234,65535,6578
1685702940,0,1,1,0,1312,3115,7648,10771,20086,65535,6576,31646,43754,56400,33270,65535,6582
1685702946,0,1,1,0,1311,3111,7647,10757,20072,65535,6574,31629,43705,56364,33242,65535,6580
1685702952,0,1,1,0,1311,3111,7645,10759,20080,65535,6570,31632,43714,56365,33248,65535,6580
1685702958,0,1,1,0,1311,3110,7646,10755,20070,65535,6568,31609,43681,56325,33228,65535,6574
1685702964,0,1,1,0,1311,3110,7648,10753,20073,65535,6570,31629,43716,56381,33253,65535,6580
1685702970,0,1,1,0,1311,3109,7644,10749,20073,65535,6568,31611,43692,56331,33215,65535,6578
1685702976,0,1,1,0,1311,3112,7647,10755,20080,65535,6572,31622,43708,56354,33230,65535,6584
1685702982,0,1,1,0,1310,3111,7647,10755,20079,65535,6572,31650,43711,56369,33236,65535,6578
1685702988,0,1,1,0,1311,3110,7645,10749,20080,65535,6572,31623,43699,56352,33241,65535,6578
1685702994,0,1,1,0,1311,3105,7634,10734,20034,65535,6560,31584,43632,56266,33179,65535,6566
1685703000,0,1,1,0,1311,3109,7642,10748,20075,65535,6566,31612,43662,56328,33219,65535,6574
1685703006,0,1,1,0,1311,3109,7644,10749,20067,65535,6566,31610,43676,56330,33232,65535,6572
1685703012,0,1,1,0,1311,3110,7639,10746,20063,65535,6568,31606,43667,56324,33208,65535,6574
1685703018,0,1,1,0,1311,3109,7642,10744,20063,65535,6564,31597,43662,56303,33216,65535,6572
1685703024,0,1,1,0,1311,3108,7637,10746,20053,65535,6564,31602,43663,56318,33202,65535,6576
1685703030,0,1,1,0,1311,3108,7639,10745,20057,65535,6566,31609,43675,56322,33204,65535,6574
1685703036,0,1,1,0,1310,3106,7635,10739,20050,65535,6562,31598,43660,56330,33197,65535,6572
1685703042,0,1,1,0,1310,3110,7642,10748,20077,65535,6568,31621,43688,56360,33235,65535,6580
1685703048,0,1,1,0,1305,3108,7638,10744,20062,65535,6564,31584,43640,56287,33195,65535,6569
1685703054,0,1,1,0,1305,3110,7639,10741,20057,65535,6564,31590,43659,56288,33204,65535,6572
1685703060,0,1,1,0,1310,3112,7649,10764,20071,65535,6572,31627,43711,56374,33230,65535,6582
1685703066,0,1,1,0,1311,3112,7645,10759,20084,65535,6574,31625,43713,56352,33229,65535,6580
1685703072,0,1,1,0,1305,3107,7637,10744,20048,65535,6564,31589,43666,56310,33215,65535,6572
1685703078,0,1,1,0,1305,3110,7638,10748,20058,65535,6566,31619,43687,56326,33221,65535,6576
1685703084,0,1,1,0,1311,3112,7649,10763,20086,65535,6576,31647,43735,56405,33266,65535,6580
1685703090,0,1,1,0,1311,3112,7648,10762,20070,65535,6570,31627,43723,56352,33234,65535,6578
1685703096,0,1,1,0,1310,3111,7649,10761,20075,65535,6575,31627,43713,56375,33239,65535,6582
1685703102,0,1,1,0,1312,3114,7652,10766,20094,65535,6577,31659,43749,56413,33286,65535,6584
1685703108,0,1,1,0,1311,3116,7658,10771,20092,65535,6578,31657,43765,56433,33270,65535,6586
1685703114,0,1,1,0,1311,3113,7651,10768,20077,65535,6578,31641,43733,56371,33269,65535,6586
1685703120,0,1,1,0,1311,3116,7654,10770,20093,65535,6574,31643,43752,56408,33274,65535,6585
1685703126,0,1,1,0,1312,3115,7652,10765,20077,65535,6578,31651,43737,56400,33272,65535,6584
1685703132,0,1,1,0,1312,3115,7655,10772,20090,65535,6580,31650,43764,56414,33267,65535,6586
1685703138,0,1,1,0,1310,3119,7663,10786,20118,65535,6585,31689,43812,56529,33312,65535,6594
1685703144,0,1,1,0,1311,3118,7663,10781,20102,65535,6586,31677,43796,56465,33292,65535,6590
1685703150,0,1,1,0,1312,3118,7662,10784,20102,65535,6584,31676,43793,56458,33288,65535,6590
1685703156,0,1,1,0,1310,3118,7662,10782,20103,65535,6586,31686,43784,56446,33300,65535,6592
1685703162,0,1,1,0,1311,3117,7660,10778,20093,65535,6582,31675,43783,56448,33289,65535,6591
1685703168,0,1,1,0,1312,3121,7666,10786,20114,65535,6588,31705,43824,56495,33337,65535,6594
1685703174,0,1,1,0,1312,3114,7651,10766,20070,65535,6574,31642,43746,56393,33254,65535,6588
1685703180,0,1,1,0,1310,3121,7665,10786,20111,65535,6584,31689,43806,56477,33303,65535,6592
1685703186,0,1,1,0,1312,3121,7665,10783,20110,65535,6584,31678,43800,56460,33297,65535,6594
1685703192,0,1,1,0,1311,3117,7662,10776,20091,65535,6580,31662,43771,56428,33291,65535,6590
1685703198,0,1,1,0,1310,3117,7659,10779,20106,65535,6584,31681,43796,56459,33306,65535,6592
1685703204,0,1,1,0,1311,3118,7661,10782,20100,65535,6590,31677,43791,56461,33290,65535,6590
1685703210,0,1,1,0,1312,3120,7664,10780,20120,65535,6586,31698,43815,56501,33322,65535,6596
1685703216,0,1,1,0,1310,3118,7660,10776,20102,65535,6582,31684,43778,56441,33297,65535,6590
1685703222,0,1,1,0,1305,3115,7654,10767,20078,65535,6576,31651,43764,56435,33259,65535,6584
1685703228,0,1,1,0,1310,3117,7661,10785,20101,65535,6580,31657,43753,56436,33283,65535,6590
1685703234,0,1,1,0,1312,3119,7661,10784,20110,65535,6584,31676,43790,56443,33303,65535,6590
1685703240,0,1,1,0,1312,3119,7662,10787,20118,65535,6590,31698,43817,56463,33314,65535,6592
1685703246,0,1,1,0,1312,3117,7663,10781,20115,65535,6584,31701,43796,56465,33302,65535,6596
1685703252,0,1,1,0,1312,3118,7661,10781,20099,65535,6584,31699,43802,56481,33302,65535,6592
1685703258,0,1,1,0,1311,3118,7657,10775,20087,65535,6582,31649,43751,56405,33280,65535,6588
1685703264,0,1,1,0,1311,3117,7663,10779,20111,65535,6582,31679,43795,56463,33291,65535,6592
1685703270,0,1,1,0,1310,3118,7664,10783,20103,65535,6584,31684,43805,56476,33313,65535,6592
1685703276,0,1,1,0,1311,3119,7663,10782,20109,65535,6586,31669,43778,56430,33273,65535,6586
1685703282,0,1,1,0,1312,3121,7669,10788,20125,65535,6590,31706,43846,56531,33345,65535,6598
1685703288,0,1,1,0,1312,3118,7663,10778,20101,65535,6584,31685,43811,56477,33303,65535,6592
1685703294,0,1,1,0,1312,3120,7670,10788,20123,65535,6590,31708,43825,56505,33349,65535,6598
1685703300,0,1,1,0,1312,3120,7667,10793,20119,65535,6592,31709,43826,56503,33318,65535,6594
1685703306,0,1,1,0,1312,3122,7670,10792,20114,65535,6592,31702,43843,56516,33346,65535,6600
1685703312,0,1,1,0,1311,3119,7663,10788,20098,65535,6584,31689,43795,56447,33302,65535,6592
1685703318,0,1,1,0,1312,3126,7674,10802,20147,65535,6596,31736,43854,56537,33337,65535,6600
1685703324,0,1,1,0,1312,3123,7672,10796,20136,65535,6596,31701,43835,56510,33323,65535,6596
1685703330,0,1,1,0,1310,3118,7664,10783,20104,65535,6584,31673,43806,56452,33294,65535,6588
1685703336,0,1,1,0,1311,3118,7666,10786,20104,65535,6586,31684,43807,56481,33323,65535,6592
1685703342,0,1,1,0,1312,3121,7668,10789,20125,65535,6590,31692,43811,56484,33310,65535,6592
1685703348,0,1,1,0,1312,3121,7669,10794,20122,65535,6592,31715,43842,56525,33338,65535,6600
1685703354,0,1,1,0,1312,3122,7671,10795,20118,65535,6592,31729,43860,56541,33343,65535,6600
1685703360,0,1,1,0,1311,3122,7673,10799,20123,65535,6592,31717,43856,56530,33332,65535,6598
1685703366,0,1,1,0,1312,3122,7672,10804,20134,65535,6594,31709,43836,56544,33333,65535,6596
1685703372,0,1,1,0,1310,3122,7668,10791,20117,65535,6588,31693,43829,56465,33324,65535,6594
1685703378,0,1,1,0,1312,3122,7671,10801,20123,65535,6592,31711,43846,56531,33334,65535,6598
1685703384,0,1,1,0,1311,3123,7673,10799,20118,65535,6594,31719,43855,56529,33340,65535,6598
1685703390,0,1,1,0,1310,3124,7673,10801,20124,65535,6594,31723,43862,56538,33339,65535,6602
1685703396,0,1,1,0,1312,3124,7677,10813,20128,65535,6596,31729,43879,56558,33353,65535,6602
1685703402,0,1,1,0,1312,3124,7675,10806,20137,65535,6594,31728,43874,56567,33368,65535,6602
1685703408,0,1,1,0,1311,3126,7679,10809,20136,65535,6598,31740,43890,56562,33363,65535,6604
1685703414,0,1,1,0,1311,3126,7681,10817,20145,65535,6598,31746,43906,56577,33364,65535,6606
1685703420,0,1,1,0,1311,3126,7683,10811,20136,65535,6602,31751,43915,56584,33368,65535,6606
1685703426,0,1,1,0,1313,3127,7683,10816,20135,65535,6600,31744,43895,56553,33377,65535,6604
1685703432,0,1,1,0,1313,3127,7682,10812,20137,65535,6602,31760,43930,56623,33386,65535,6610
1685703438,0,1,1,0,1311,3128,7687,10820,20144,65535,6602,31765,43925,56599,33382,65535,6608
1685703444,0,1,1,0,1311,3126,7682,10818,20135,65535,6600,31747,43909,56581,33371,65535,6610
1685703450,0,1,1,0,1312,3129,7687,10828,20147,65535,6606,31797,43966,56679,33428,65535,6614
1685703456,0,1,1,0,1311,3130,7688,10824,20151,65535,6604,31754,43926,56605,33377,65535,6610
1685703462,0,1,1,0,1311,3129,7687,10826,20157,65535,6606,31768,43945,56624,33405,65535,6612
1685703468,0,1,1,0,1311,3132,7693,10838,20162,65535,6610,31780,43957,56644,33413,65535,6614
1685703474,0,1,1,0,1312,3133,7693,10838,20157,65535,6612,31792,43974,56695,33424,65535,6614
1685703480,0,1,1,0,1311,3129,7684,10824,20143,65535,6606,31766,43947,56641,33396,65535,6612
1685703486,0,1,1,0,1313,3131,7693,10835,20161,65535,6610,31791,43967,56655,33442,65535,6618
1685703492,0,1,1,0,1312,3132,7691,10831,20160,65535,6610,31801,44001,56658,33431,65535,6620
1685703498,0,1,1,0,1312,3133,7698,10840,20164,65535,6612,31797,43994,56696,33441,65535,6620
1685703504,0,1,1,0,1311,3133,7696,10837,20163,65535,6612,31804,43999,56687,33444,65535,6620
1685703510,0,1,1,0,1313,3133,7698,10842,20169,65535,6614,31807,44011,56699,33451,65535,6622
1685703516,0,1,1,0,1312,3135,7700,10851,20177,65535,6616,31819,44024,56708,33460,65535,6624
1685703522,0,1,1,0,1313,3134,7697,10852,20170,65535,6614,31835,44042,56762,33494,65535,6626
1685703528,0,1,1,0,1314,3139,7709,10857,20192,65535,6622,31842,44052,56758,33478,65535,6630
1685703534,0,1,1,0,1312,3136,7704,10850,20184,65535,6620,31835,44049,56749,33474,65535,6626
1685703540,0,1,1,0,1312,3139,7704,10849,20188,65535,6618,31859,44094,56780,33520,65535,6634
1685703546,0,1,1,0,1312,3136,7702,10853,20185,65535,6618,31826,44043,56755,33470,65535,6626
1685703552,0,1,1,0,1313,3139,7708,10863,20195,65535,6624,31859,44086,56810,33518,65535,6630
1685703558,0,1,1,0,1312,3139,7714,10861,20190,65535,6624,31847,44073,56797,33487,65535,6630
1685703564,0,1,1,0,1313,3137,7705,10859,20182,65535,6620,31846,44065,56753,33486,65535,6628
1685703570,0,1,1,0,1313,3136,7707,10853,20179,65535,6620,31841,44064,56757,33498,65535,6628
1685703576,0,1,1,0,1314,3138,7710,10862,20192,65535,6624,31865,44091,56794,33510,65535,6636
1685703582,0,1,1,0,1314,3140,7711,10872,20198,65535,6628,31857,44086,56789,33512,65535,6632
1685703588,0,1,1,0,1312,3142,7715,10872,20201,65535,6632,31882,44128,56832,33534,65535,6638
1685703594,0,1,1,0,1313,3144,7720,10880,20205,65535,6630,31901,44132,56879,33566,65535,6640
