Timestamp,Amber,White,On,Override,Intensity,AS00,AS01,AS02,AS03,AS04,AS05,AS06,AS07,AS08,AS09,AS10,AS11
1685667600,0,1,0,0,4122,31721,45597,55551,61102,65535,65535,58984,56974,61512,61069,65535,65535
1685667606,0,1,0,0,4122,31707,45578,55520,61076,65535,65535,59002,56943,61458,61056,65535,65535
1685667612,0,1,0,0,4122,31722,45558,55529,61071,65535,65535,58986,56922,61449,61041,65535,65535
1685667618,0,1,0,0,4121,31695,45537,55522,61043,65535,65535,58966,56907,61449,61004,65535,65535
1685667624,0,1,0,0,4121,31687,45520,55465,61023,65535,65535,58913,56886,61428,60996,65535,65535
1685667630,0,1,0,0,4121,31662,45494,55422,60984,65535,65535,58927,56866,61408,61002,65535,65535
1685667636,0,1,0,0,4120,31666,45485,55435,60979,65535,65535,58864,56817,61365,60936,65535,65535
1685667642,0,1,0,0,4120,31627,45460,55379,60921,65535,65535,58861,56782,61336,60906,65535,65535
1685667648,0,1,0,0,4115,31635,45456,55373,60915,65535,65535,58803,56786,61315,60872,65535,65535
1685667654,0,1,0,0,4115,31615,45439,55361,60900,65535,65535,58808,56739,61281,60857,65535,65535
1685667660,0,1,0,0,4115,31608,45429,55332,60881,65535,65535,58763,56711,61257,60806,65535,65535
1685667666,0,1,0,0,4115,31608,45404,55321,60861,65535,65535,58741,56708,61270,60817,65535,65535
1685667672,0,1,0,0,4114,31582,45383,55300,60845,65535,65535,58740,56693,61219,60800,65535,65535
1685667678,0,1,0,0,4114,31563,45346,55261,60798,65535,65535,58702,56657,61217,60771,65535,65535
1685667684,0,1,0,0,4114,31570,45334,55256,60789,65535,65535,58670,56652,61176,60749,65535,65535
1685667690,0,1,0,0,4113,31540,45336,55228,60771,65535,65535,58634,56636,61143,60719,65535,65535
1685667696,0,1,0,0,4112,31522,45312,55213,60730,65535,65535,58610,56576,61091,60684,65535,65535
1685667702,0,1,0,0,4112,31527,45288,55167,60718,65535,65535,58599,56569,61106,60680,65535,65535
1685667708,0,1,0,0,4112,31517,45264,55162,60682,65535,65535,58613,56544,61076,60624,65535,65535
1685667714,0,1,0,0,4112,31491,45258,55155,60671,65535,65535,58592,56548,61072,60641,65535,65535
1685667720,0,1,0,0,4112,31478,45227,55161,60649,65535,65535,58550,56522,61048,60638,65535,65535
1685667726,0,1,0,0,4111,31464,45209,55135,60632,65535,65535,58514,56489,61004,60592,65535,65535
1685667732,0,1,0,0,4111,31455,45192,55089,60605,65535,65535,58520,56492,61010,60591,65535,65535
1685667738,0,1,0,0,4111,31442,45189,55078,60595,65535,65535,58473,56457,60937,60552,65535,65535
1685667744,0,1,0,0,4110,31446,45166,55051,60579,65535,65535,58460,56436,60948,60549,65535,65535
1685667750,0,1,0,0,4110,31418,45146,55029,60556,65535,65535,58426,56412,60912,60528,65535,65535
1685667756,0,1,0,0,4105,31398,45112,54990,60516,65535,65535,58441,56395,60899,60500,65535,65535
1685667762,0,1,0,0,4111,31457,45221,55110,60621,65535,65535,58564,56520,61047,60636,65535,65535
1685667768,0,1,0,0,4110,31433,45172,55017,60547,65535,65535,58430,56421,60942,60511,65535,65535
1685667774,0,1,0,0,4110,31412,45148,55025,60505,65535,65535,58437,56377,60893,60494,65535,65535
1685667780,0,1,0,0,4110,31443,45189,55059,60587,65535,65535,58399,56369,60860,60439,65535,65535
1685667786,0,1,0,0,4110,31409,45128,55029,60516,65535,65535,58380,56345,60849,60447,65535,65535
1685667792,0,1,0,0,4104,31360,45070,54926,60448,65535,65535,58303,56289,60782,60393,65535,65535
1685667798,0,1,0,0,4103,31315,44980,54858,60330,65535,65535,58148,56145,60639,60232,65535,65535
1685667804,0,1,0,0,4103,31271,44926,54787,60292,65535,65535,58177,56160,60644,60239,65535,65535
1685667810,0,1,0,0,4102,31282,44942,54776,60275,65535,65535,58179,56155,60645,60253,65535,65535
1685667816,0,1,0,0,4102,31255,44911,54729,60228,65535,65535,58105,56101,60610,60211,65535,65535
1685667822,0,1,0,0,4102,31256,44917,54759,60232,65535,65535,58139,56126,60605,60204,65535,65535
1685667828,0,1,0,0,4102,31242,44855,54681,60175,65535,65535,58100,56037,60550,60165,65535,65535
1685667834,0,1,0,0,4101,31230,44860,54696,60151,65535,65535,58022,55997,60549,60098,65535,65535
1685667840,0,1,0,0,4101,31209,44843,54689,60152,65535,65535,58078,56052,60571,60157,65535,65535
1685667846,0,1,0,0,4101,31215,44857,54681,60169,65535,65535,58006,55987,60513,60080,65535,65535
1685667852,0,1,0,0,4101,31218,44861,54660,60180,65535,65535,58068,56019,60532,60106,65535,65535
1685667858,0,1,0,0,4100,31196,44824,54639,60128,65535,65535,58010,55995,60533,60079,65535,65535
1685667864,0,1,0,0,4055,31173,44799,54613,60090,65535,65535,57974,55984,60495,60056,65535,65535
1685667870,0,1,0,0,4055,31164,44774,54589,60074,65535,65535,57978,55957,60468,60073,65535,65535
1685667876,0,1,0,0,4055,31171,44773,54592,60071,65535,65535,57937,55930,60477,60061,65535,65535
1685667882,0,1,0,0,4055,31139,44748,54559,60044,65535,65535,57926,55950,60429,60011,65535,65535
1685667888,0,1,0,0,4055,31150,44741,54550,60030,65535,65535,57921,55900,60455,59991,65535,65535
1685667894,0,1,0,0,4054,31126,44761,54577,60017,65535,65535,57925,55897,60409,60022,65535,65535
1685667900,0,1,0,0,4054,31113,44717,54544,59992,65535,65535,57881,55869,60414,59955,65535,65535
1685667906,0,1,0,0,4054,31096,44697,54489,59988,65535,65535,57862,55857,60399,59982,65535,65535
1685667912,0,1,0,0,4054,31103,44697,54509,59966,65535,65535,57837,55840,60347,59932,65535,65535
1685667918,0,1,0,0,4054,31070,44650,54455,59925,65535,65535,57848,55818,60338,59945,65535,65535
1685667924,0,1,0,0,4053,31062,44654,54439,59914,65535,65535,57831,55819,60323,59899,65535,65535
1685667930,0,1,0,0,4053,31064,44645,54447,59893,65535,65535,57773,55789,60288,59860,65535,65535
1685667936,0,1,0,0,4053,31049,44625,54401,59879,65535,65535,57754,55761,60275,59844,65535,65535
1685667942,0,1,0,0,4052,31055,44619,54406,59865,65535,65535,57726,55747,60257,59832,65535,65535
1685667948,0,1,0,0,4052,31034,44600,54391,59844,65535,65535,57728,55737,60247,59816,65535,65535
1685667954,0,1,0,0,4051,31022,44581,54361,59827,65535,65535,57683,55690,60191,59810,65535,65535
1685667960,0,1,0,0,4050,30975,44507,54304,59741,65535,65535,57597,55610,60114,59704,65535,65535
1685667966,0,1,0,0,4051,30966,44502,54304,59763,65535,65535,57610,55614,60116,59734,65535,65535
1685667972,0,1,0,0,4050,30959,44490,54280,59722,65535,65535,57626,55596,60128,59693,65535,65535
1685667978,0,1,0,0,4050,30965,44481,54249,59704,65535,65535,57596,55570,60078,59691,65535,65535
1685667984,0,1,0,0,4050,30933,44462,54222,59674,65535,65535,57549,55565,60056,59637,65535,65535
1685667990,0,1,0,0,4051,30888,44367,54104,59553,65535,65535,57555,55580,60054,59633,65535,65535
1685667996,0,1,0,0,4055,31080,44692,54505,59962,65535,65535,57789,55754,60285,59856,65535,65535
1685668002,0,1,0,0,4053,31001,44567,54337,59799,65535,65535,57658,55655,60177,59755,65535,65535
1685668008,0,1,0,0,4050,30927,44452,54216,59699,65535,65535,57524,55555,60049,59626,65535,65535
1685668014,0,1,0,0,4045,30926,44425,54182,59634,65535,65535,57497,55499,59999,59585,65535,65535
1685668020,0,1,0,0,4045,30887,44397,54138,59591,65535,65535,57471,55445,59948,59539,65535,65535
1685668026,0,1,0,0,4044,30871,44371,54141,59561,65535,65535,57406,55414,59939,59500,65535,65535
1685668032,0,1,0,0,4044,30852,44369,54100,59525,65535,65535,57388,55397,59884,59476,65535,65535
1685668038,0,1,0,0,4044,30846,44334,54064,59501,65535,65535,57387,55377,59895,59481,65535,65535
1685668044,0,1,0,0,4043,30826,44340,54049,59498,65535,65535,57327,55348,59822,59402,65535,65535
1685668050,0,1,0,0,4043,30809,44286,54011,59463,65535,65535,57294,55306,59807,59408,65535,65535
1685668056,0,1,0,0,4042,30798,44273,53997,59427,65535,65535,57276,55295,59780,59356,65535,65535
1685668062,0,1,0,0,4042,30788,44246,53971,59399,65535,65535,57254,55266,59749,59337,65535,65535
1685668068,0,1,0,0,4042,30779,44241,53951,59423,65535,65535,57243,55246,59733,59354,65535,65535
1685668074,0,1,0,0,4041,30759,44236,53933,59359,65535,65535,57219,55216,59712,59306,65535,65535
1685668080,0,1,0,0,4041,30758,44231,53909,59353,65535,65535,57191,55241,59688,59280,65535,65535
1685668086,0,1,0,0,4041,30735,44202,53911,59344,65535,65535,57171,55188,59668,59291,65535,65535
1685668092,0,1,0,0,4040,30724,44167,53884,59329,65535,65535,57154,55187,59675,59242,65535,65535
1685668098,0,1,0,0,4040,30707,44145,53861,59266,65535,65535,57138,55127,59613,59205,65535,65535
1685668104,0,1,0,0,4040,30703,44146,53823,59258,65535,65535,57131,55124,59600,59197,65535,65535
1685668110,0,1,0,0,4040,30699,44132,53818,59240,65535,65535,57094,55103,59591,59207,65535,65535
1685668116,0,1,0,0,4035,30662,44090,53749,59181,65535,65535,57029,55063,59516,59123,65535,65535
1685668122,0,1,0,0,4035,30658,44090,53754,59172,65535,65535,57044,55045,59566,59132,65535,65535
1685668128,0,1,0,0,4034,30658,44069,53751,59197,65535,65535,57030,55040,59547,59108,65535,65535
1685668134,0,1,0,0,4035,30644,44060,53741,59151,65535,65535,57018,55065,59521,59111,65535,65535
1685668140,0,1,0,0,4034,30629,44029,53702,59113,65535,65535,56978,55009,59478,59098,65535,65535
1685668146,0,1,0,0,4034,30611,44005,53696,59084,65535,65535,56948,54966,59440,59036,65535,65535
1685668152,0,1,0,0,4034,30627,44002,53684,59100,65535,65535,56968,54972,59495,59065,65535,65535
1685668158,0,1,0,0,4034,30602,44013,53680,59098,65535,65535,56991,54998,59502,59073,65535,65535
1685668164,0,1,0,0,4033,30598,44023,53670,59081,65535,65535,56931,54979,59433,59040,65535,65535
1685668170,0,1,0,0,4034,30586,43978,53661,59052,65535,65535,56953,54953,59443,59024,65535,65535
1685668176,0,1,0,0,4033,30564,43950,53603,59014,65535,65535,56887,54919,59410,58989,65535,65535
1685668182,0,1,0,0,4032,30562,43947,53606,59016,65535,65535,56881,54909,59386,58994,65535,65535
1685668188,0,1,0,0,4032,30553,43955,53620,58988,65535,65535,56864,54896,59361,59003,65535,65535
1685668194,0,1,0,0,4033,30546,43929,53587,58996,65535,65535,56848,54904,59361,58955,65535,65535
1685668200,0,1,0,0,4032,30552,43919,53603,58973,65535,65535,56862,54887,59350,58952,65535,65535
1685668206,0,1,0,0,4032,30524,43882,53546,58945,65535,65535,56836,54832,59322,58927,65535,65535
1685668212,0,1,0,0,4031,30513,43872,53540,58934,65535,65535,56789,54820,59308,58912,65535,65535
1685668218,0,1,0,0,4031,30501,43841,53495,58909,65535,65535,56743,54800,59251,58889,65535,65535
1685668224,0,1,0,0,4031,30507,43855,53497,58891,65535,65535,56782,54790,59268,58880,65535,65535
1685668230,0,1,0,0,4031,30477,43827,53451,58856,65535,65535,56712,54744,59230,58866,65535,65535
1685668236,0,1,0,0,4030,30465,43807,53447,58863,65535,65535,56726,54731,59202,58822,65535,65535
1685668242,0,1,0,0,4030,30451,43796,53432,58790,65535,65535,56694,54711,59196,58810,65535,65535
1685668248,0,1,0,0,4025,30435,43770,53415,58779,65535,65535,56676,54673,59142,58762,65535,65535
1685668254,0,1,0,0,4025,30451,43772,53404,58790,65535,65535,56666,54665,59148,58761,65535,65535
1685668260,0,1,0,0,4025,30420,43763,53378,58782,65535,65535,56607,54634,59133,58725,65535,65535
1685668266,0,1,0,0,4025,30402,43723,53333,58740,65535,65535,56598,54608,59068,58684,65535,65535
1685668272,0,1,0,0,4024,30386,43696,53317,58713,65535,65535,56539,54604,59042,58667,65535,65535
1685668278,0,1,0,0,4024,30370,43684,53285,58689,65535,65535,56519,54563,59021,58632,65535,65535
1685668284,0,1,0,0,4024,30366,43651,53251,58629,65535,65535,56491,54504,58965,58577,65535,65535
1685668290,0,1,0,0,4024,30340,43630,53252,58626,65535,65535,56455,54491,58902,58554,65535,65535
1685668296,0,1,0,0,4024,30344,43635,53208,58612,65535,65535,56442,54460,58907,58528,65535,65535
1685668302,0,1,0,0,4023,30343,43666,53235,58614,65535,65535,56478,54514,58999,58588,65535,65535
1685668308,0,1,0,0,4023,30321,43582,53169,58560,65535,65535,56385,54467,58882,58504,65535,65535
1685668314,0,1,0,0,4022,30302,43573,53169,58542,65535,65535,56399,54436,58869,58483,65535,65535
1685668320,0,1,0,0,4022,30286,43563,53140,58520,65535,65535,56376,54397,58842,58453,65535,65535
1685668326,0,1,0,0,4021,30279,43541,53088,58483,65535,65535,56339,54369,58805,58438,65535,65535
1685668332,0,1,0,0,4020,30263,43503,53088,58417,65535,65535,56292,54315,58728,58373,65535,65535
1685668338,0,1,0,0,4020,30250,43471,53068,58406,65535,65535,56264,54269,58743,58340,65535,65535
1685668344,0,1,0,0,4020,30237,43509,53049,58396,65535,65535,56231,54253,58736,58366,65535,65535
1685668350,0,1,0,0,4020,30198,43432,52979,58344,65535,65535,56227,54271,58683,58324,65535,65535
1685668356,0,1,0,0,4015,30222,43458,53023,58359,65535,65535,56193,54226,58671,58316,65535,65535
1685668362,0,1,0,0,4015,30194,43411,52983,58303,65535,65535,56167,54195,58647,58268,65535,65535
1685668368,0,1,0,0,4015,30202,43428,52959,58290,65535,65535,56144,54165,58610,58260,65535,65535
1685668374,0,1,0,0,4014,30155,43365,52916,58238,65535,65535,56108,54147,58578,58200,65535,65535
1685668380,0,1,0,0,4013,30148,43343,52903,58228,65535,65535,56086,54127,58529,58158,65535,65535
1685668386,0,1,0,0,4013,30143,43346,52890,58223,65535,65535,56039,54088,58511,58131,65535,65535
1685668392,0,1,0,0,4013,30135,43334,52874,58182,65535,65535,56064,54087,58521,58133,65535,65535
1685668398,0,1,0,0,4013,30133,43342,52856,58181,65535,65535,56055,54104,58526,58185,65535,65535
1685668404,0,1,0,0,4012,30109,43297,52829,58132,65535,65535,56000,54040,58460,58111,65535,65535
1685668410,0,1,0,0,4012,30095,43298,52796,58131,65535,65535,55967,54008,58417,58054,65535,65535
1685668416,0,1,0,0,4012,30073,43248,52781,58064,65535,65535,55946,54002,58422,58061,65535,65535
1685668422,0,1,0,0,4013,30106,43289,52810,58124,65535,65535,56039,54070,58482,58157,65535,65535
1685668428,0,1,0,0,4011,30069,43241,52755,58050,65535,65535,55972,53985,58408,58036,65535,65535
1685668434,0,1,0,0,4011,30061,43227,52737,58066,65535,65535,55879,53935,58335,58009,65535,65535
1685668440,0,1,0,0,4010,30067,43241,52729,58026,65535,65535,55893,53904,58318,57989,65535,65535
1685668446,0,1,0,0,4005,30035,43197,52681,58018,65535,65535,55829,53888,58316,57956,65535,65535
1685668452,0,1,0,0,4005,30022,43199,52694,57966,65535,65535,55824,53869,58262,57900,65535,65535
1685668458,0,1,0,0,4005,29998,43140,52628,57953,65535,65535,55789,53837,58241,57920,65535,65535
1685668464,0,1,0,0,4004,30008,43153,52650,57968,65535,65535,55761,53809,58218,57894,65535,65535
1685668470,0,1,0,0,4004,29981,43119,52602,57908,65535,65535,55744,53793,58225,57868,65535,65535
1685668476,0,1,0,0,4004,29983,43106,52588,57869,65535,65535,55704,53748,58158,57806,65535,65535
1685668482,0,1,0,0,4003,29944,43062,52537,57836,65535,65535,55669,53711,58114,57777,65535,65535
1685668488,0,1,0,0,4003,29952,43074,52531,57820,65535,65535,55657,53713,58107,57777,65535,65535
1685668494,0,1,0,0,4003,29915,43047,52505,57794,65535,65535,55624,53693,58082,57732,65535,65535
1685668500,0,1,0,0,4002,29923,43020,52471,57769,65535,65535,55572,53636,58016,57673,65535,65535
1685668506,0,1,0,0,4002,29903,42984,52440,57751,65535,65535,55588,53629,57973,57686,65535,65535
1685668512,0,1,0,0,4002,29897,42983,52440,57710,65535,65535,55520,53569,57970,57622,65535,65535
1685668518,0,1,0,0,4000,29837,42914,52346,57614,65535,65535,55450,53503,57886,57537,65535,65535
1685668524,0,1,0,0,4000,29764,42793,52211,57472,65535,65535,55278,53360,57715,57402,65535,65535
1685668530,0,1,0,0,3555,29796,42885,52312,57572,65535,65535,55399,53464,57845,57484,65535,65535
1685668536,0,1,0,0,4000,29815,42880,52294,57547,65535,65535,55364,53416,57769,57429,65535,65535
1685668542,0,1,0,0,4000,29860,42959,52401,57637,65535,65535,55446,53468,57848,57510,65535,65535
1685668548,0,1,0,0,3555,29772,42854,52244,57511,65535,65535,55340,53380,57741,57411,65535,65535
1685668554,0,1,0,0,3554,29781,42814,52223,57483,65535,65535,55321,53376,57762,57427,65535,65535
1685668560,0,1,0,0,3554,29757,42813,52224,57454,65535,65535,55286,53341,57733,57394,65535,65535
1685668566,0,1,0,0,3554,29739,42787,52190,57436,65535,65535,55250,53323,57678,57347,65535,65535
1685668572,0,1,0,0,3553,29728,42755,52173,57427,65535,65535,55274,53293,57664,57343,65535,65535
1685668578,0,1,0,0,3553,29726,42745,52149,57379,65535,65535,55208,53277,57635,57287,65535,65535
1685668584,0,1,0,0,3553,29716,42732,52126,57358,65535,65535,55217,53263,57646,57283,65535,65535
1685668590,0,1,0,0,3552,29697,42715,52112,57335,65535,65535,55174,53236,57600,57237,65535,65535
1685668596,0,1,0,0,3552,29691,42704,52109,57315,65535,65535,55161,53201,57556,57239,65535,65535
1685668602,0,1,0,0,3551,29663,42687,52054,57289,65535,65535,55146,53188,57524,57193,65535,65535
1685668608,0,1,0,0,3551,29663,42681,52049,57247,65535,65535,55077,53159,57510,57164,65535,65535
1685668614,0,1,0,0,3551,29638,42649,52004,57231,65535,65535,55055,53130,57462,57132,65535,65535
1685668620,0,1,0,0,3550,29624,42618,51990,57213,65535,65535,55017,53102,57464,57103,65535,65535
1685668626,0,1,0,0,3545,29614,42575,51946,57159,65535,65535,55001,53082,57434,57079,65535,65535
1685668632,0,1,0,0,3550,29599,42580,51932,57173,65535,65535,54954,53044,57389,57052,65535,65535
1685668638,0,1,0,0,3550,29617,42577,51955,57188,65535,65535,55015,53061,57402,57092,65535,65535
1685668644,0,1,0,0,3544,29578,42542,51904,57127,65535,65535,54923,53021,57332,57021,65535,65535
1685668650,0,1,0,0,3544,29571,42527,51873,57095,65535,65535,54944,52989,57333,57012,65535,65535
1685668656,0,1,0,0,3544,29556,42537,51870,57103,65535,65535,54898,52979,57296,57004,65535,65535
1685668662,0,1,0,0,3543,29536,42500,51831,57050,65535,65535,54862,52939,57256,56967,65535,65535
1685668668,0,1,0,0,3543,29536,42480,51834,56996,65535,65535,54836,52908,57267,56933,65535,65535
1685668674,0,1,0,0,3543,29518,42476,51835,57015,65535,65535,54826,52897,57244,56923,65535,65535
1685668680,0,1,0,0,3542,29485,42420,51774,56959,65535,65535,54753,52828,57154,56836,65535,65535
1685668686,0,1,0,0,3541,29471,42407,51762,56942,65535,65535,54764,52824,57193,56869,65535,65535
1685668692,0,1,0,0,3541,29463,42391,51715,56893,65535,65535,54764,52831,57163,56840,65535,65535
1685668698,0,1,0,0,3541,29471,42387,51700,56882,65535,65535,54734,52765,57138,56807,65535,65535
1685668704,0,1,0,0,3540,29454,42380,51708,56896,65535,65535,54665,52730,57067,56750,65535,65535
1685668710,0,1,0,0,3535,29422,42323,51633,56843,65535,65535,54661,52711,57071,56718,65535,65535
1685668716,0,1,0,0,3540,29427,42337,51636,56823,65535,65535,54653,52723,57077,56735,65535,65535
1685668722,0,1,0,0,3540,29430,42342,51672,56826,65535,65535,54659,52712,57058,56713,65535,65535
1685668728,0,1,0,0,3535,29398,42297,51594,56796,65535,65535,54613,52679,57036,56720,65535,65535
1685668734,0,1,0,0,3535,29399,42282,51598,56746,65535,65535,54581,52662,56985,56698,65535,65535
1685668740,0,1,0,0,3534,29366,42254,51533,56729,65535,65535,54566,52617,56938,56653,65535,65535
1685668746,0,1,0,0,3534,29352,42245,51548,56687,65535,65535,54499,52595,56929,56598,65535,65535
1685668752,0,1,0,0,3534,29354,42242,51502,56662,65535,65535,54489,52570,56912,56610,65535,65535
1685668758,0,1,0,0,3533,29337,42219,51493,56687,65535,65535,54471,52563,56873,56558,65535,65535
1685668764,0,1,0,0,3533,29340,42205,51474,56631,65535,65535,54470,52533,56851,56571,65535,65535
1685668770,0,1,0,0,3533,29305,42166,51472,56583,65535,65535,54426,52492,56849,56514,65535,65535
1685668776,0,1,0,0,3532,29305,42163,51440,56586,65535,65535,54402,52490,56810,56504,65535,65535
1685668782,0,1,0,0,3532,29292,42169,51420,56585,65535,65535,54393,52480,56787,56482,65535,65535
1685668788,0,1,0,0,3531,29275,42125,51412,56537,65535,65535,54369,52460,56756,56458,65535,65535
1685668794,0,1,0,0,3531,29256,42091,51356,56526,65535,65535,54350,52404,56749,56450,65535,65535
1685668800,0,1,0,0,3531,29255,42113,51350,56530,65535,65535,54314,52398,56707,56414,65535,65535
1685668806,0,1,0,0,3531,29243,42097,51334,56469,65535,65535,54288,52398,56724,56400,65535,65535
1685668812,0,1,0,0,3530,29209,42041,51281,56446,65535,65535,54284,52337,56647,56386,65535,65535
1685668818,0,1,0,0,3530,29216,42053,51277,56419,65535,65535,54246,52328,56667,56346,65535,65535
1685668824,0,1,0,0,3525,29205,42020,51292,56401,65535,65535,54236,52297,56621,56337,65535,65535
1685668830,0,1,0,0,3525,29194,42028,51268,56394,65535,65535,54213,52292,56628,56325,65535,65535
1685668836,0,1,0,0,3524,29178,41999,51221,56359,65535,65535,54185,52263,56584,56286,65535,65535
1685668842,0,1,0,0,3524,29169,41971,51224,56347,65535,65535,54171,52243,56548,56281,65535,65535
1685668848,0,1,0,0,3524,29194,42032,51262,56408,65535,65535,54198,52277,56599,56310,65535,65535
1685668854,0,1,0,0,3524,29120,41915,51145,56271,65535,65535,54102,52185,56521,56211,65535,65535
1685668860,0,1,0,0,3523,29129,41929,51130,56258,65535,65535,54121,52176,56499,56203,65535,65535
1685668866,0,1,0,0,3524,29146,41949,51162,56285,65535,65535,54132,52208,56514,56265,65535,65535
1685668872,0,1,0,0,3522,29076,41843,51051,56158,65535,65535,54000,52072,56400,56130,65535,65535
1685668878,0,1,0,0,3521,29091,41836,51040,56176,65535,65535,54007,52060,56408,56128,65535,65535
1685668884,0,1,0,0,3521,29071,41857,51035,56144,65535,65535,53978,52064,56357,56082,65535,65535
1685668890,0,1,0,0,3521,29044,41814,50990,56085,65535,65497,53924,52019,56333,56054,65535,65535
1685668896,0,1,0,0,3521,29042,41796,50969,56105,65535,65535,53919,52006,56290,56020,65535,65535
1685668902,0,1,0,0,3521,29045,41800,51009,56127,65535,65477,53928,52034,56310,56075,65535,65535
1685668908,0,1,0,0,3520,29019,41762,50914,56049,65535,65454,53903,51943,56278,55978,65535,65511
1685668914,0,1,0,0,3520,29018,41785,50942,56035,65535,65402,53863,51915,56220,55954,65535,65474
1685668920,0,1,0,0,3521,29023,41769,50954,56021,65535,65372,53856,51929,56258,55967,65535,65414
1685668926,0,1,0,0,3515,28978,41733,50900,55963,65535,65380,53805,51906,56211,55946,65535,65382
1685668932,0,1,0,0,3514,28979,41731,50896,55982,65535,65367,53812,51868,56199,55917,65535,65377
1685668938,0,1,0,0,3514,28966,41676,50848,55928,65535,65282,53745,51832,56132,55872,65535,65327
1685668944,0,1,0,0,3514,28910,41608,50758,55852,65535,65255,53727,51784,56101,55825,65535,65298
1685668950,0,1,0,0,3513,28928,41620,50734,55850,65535,65175,53687,51759,56086,55806,65535,65221
1685668956,0,1,0,0,3513,28908,41617,50761,55829,65535,65183,53666,51758,56063,55780,65535,65182
1685668962,0,1,0,0,3512,28871,41553,50666,55776,65535,65172,53614,51717,56014,55738,65535,65174
1685668968,0,1,0,0,3512,28876,41583,50707,55789,65535,65141,53618,51697,55989,55745,65535,65206
1685668974,0,1,0,0,3512,28857,41539,50628,55744,65535,65110,53592,51686,55971,55722,65535,65185
1685668980,0,1,0,0,3511,28844,41537,50636,55722,65535,65058,53554,51630,55950,55699,65535,65086
1685668986,0,1,0,0,3511,28827,41493,50605,55696,65535,65026,53543,51612,55928,55667,65535,65064
1685668992,0,1,0,0,3510,28802,41459,50551,55654,65535,64996,53502,51579,55894,55627,65535,65028
1685668998,0,1,0,0,3510,28781,41432,50502,55601,65535,64931,53466,51536,55846,55583,65535,64984
1685669004,0,1,0,0,3511,28807,41453,50503,55623,65535,64934,53514,51597,55911,55647,65535,64987
1685669010,0,1,0,0,3505,28779,41404,50515,55573,65535,64896,53457,51536,55787,55559,65535,64980
1685669016,0,1,0,0,3504,28758,41392,50500,55553,65535,64892,53394,51487,55768,55515,65535,64953
1685669022,0,1,0,0,3503,28757,41396,50500,55527,65535,64945,53477,51512,55818,55568,65535,64964
1685669028,0,1,0,0,3504,28752,41385,50501,55530,65535,64865,53323,51397,55706,55446,65535,64857
1685669034,0,1,0,0,3503,28744,41378,50500,55527,65535,64753,53322,51431,55713,55450,65535,64788
1685669040,0,1,0,0,3503,28729,41357,50501,55491,65535,64729,53264,51355,55641,55389,65535,64735
1685669046,0,1,0,0,3502,28712,41358,50497,55452,65535,64726,53268,51339,55609,55363,65535,64709
1685669052,0,1,0,0,3502,28705,41327,50490,55440,65535,64642,53211,51302,55602,55347,65535,64723
1685669058,0,1,0,0,3501,28680,41294,50470,55387,65535,64619,53178,51271,55568,55312,65535,64652
1685669064,0,1,0,0,3502,28679,41287,50451,55370,65535,64625,53200,51285,55569,55290,65535,64662
1685669070,0,1,0,0,3501,28657,41260,50404,55340,65535,64596,53130,51244,55528,55264,65535,64626
1685669076,0,1,0,0,3500,28646,41232,50353,55314,65535,64522,53091,51198,55496,55239,65535,64554
1685669082,0,1,0,0,3500,28613,41197,50344,55273,65535,64503,53062,51151,55430,55203,65535,64514
1685669088,0,1,0,0,3455,28590,41162,50305,55235,65535,64485,53043,51138,55446,55175,65535,64523
1685669094,0,1,0,0,3455,28584,41153,50271,55221,65535,64441,53001,51094,55381,55126,65535,64475
1685669100,0,1,0,0,3455,28602,41178,50267,55226,65535,64423,53015,51104,55402,55172,65535,64448
1685669106,0,1,0,0,3455,28557,41131,50232,55172,65535,64360,52959,51056,55340,55091,65535,64405
1685669112,0,1,0,0,3453,28526,41072,50175,55144,65535,64318,52924,51026,55313,55064,65535,64358
1685669118,0,1,0,0,3454,28533,41091,50191,55132,65535,64275,52918,50998,55266,55019,65535,64338
1685669124,0,1,0,0,3453,28511,41051,50158,55096,65535,64265,52900,51007,55255,55027,65535,64292
1685669130,0,1,0,0,3453,28494,41030,50105,55094,65535,64301,52873,50953,55244,55008,65535,64296
1685669136,0,1,0,0,3453,28491,41018,50141,55066,65535,64298,52852,50945,55208,55013,65535,64340
1685669142,0,1,0,0,3452,28488,41019,50105,55061,65535,64263,52928,51027,55315,55071,65535,64319
1685669148,0,1,0,0,3452,28466,40999,50054,54994,65535,64139,52796,50884,55157,54940,65535,64164
1685669154,0,1,0,0,3451,28434,40956,50003,54973,65535,64047,52760,50824,55107,54886,65535,64074
1685669160,0,1,0,0,3451,28426,40923,49986,54926,65535,64011,52746,50797,55087,54868,65535,64038
1685669166,0,1,0,0,3451,28392,40903,49973,54891,65535,64000,52689,50805,55051,54830,65535,64001
1685669172,0,1,0,0,3450,28378,40875,49919,54881,65535,63922,52671,50744,55028,54804,65535,63965
1685669178,0,1,0,0,3450,28362,40846,49890,54828,65535,63891,52623,50725,54984,54798,65535,63925
1685669184,0,1,0,0,3445,28353,40831,49868,54813,65535,63846,52634,50673,54971,54758,65535,63881
1685669190,0,1,0,0,3445,28352,40805,49874,54778,65535,63800,52592,50640,54973,54731,65535,63821
1685669196,0,1,0,0,3444,28321,40780,49818,54751,65535,63813,52546,50611,54891,54686,65535,63852
1685669202,0,1,0,0,3444,28311,40765,49806,54725,65535,63762,52548,50548,54867,54653,65535,63802
1685669208,0,1,0,0,3444,28305,40766,49811,54720,65535,63688,52522,50575,54866,54661,65535,63734
1685669214,0,1,0,0,3444,28223,40638,49636,54559,65535,63615,52385,50500,54735,54519,65535,63665
1685669220,0,1,0,0,3443,28237,40670,49649,54569,65535,63613,52409,50501,54763,54578,65535,63666
1685669226,0,1,0,0,3443,28245,40678,49709,54612,65535,63640,52438,50503,54797,54580,65535,63638
1685669232,0,1,0,0,3442,28226,40650,49673,54578,65535,63613,52416,50499,54778,54554,65535,63626
1685669238,0,1,0,0,3442,28189,40605,49576,54516,65535,63534,52381,50502,54747,54532,65535,63593
1685669244,0,1,0,0,3443,28229,40671,49669,54602,65535,63532,52523,50560,54895,54680,65535,63627
1685669250,0,1,0,0,3443,28253,40705,49738,54637,65535,63546,52458,50518,54823,54618,65535,63609
1685669256,0,1,0,0,3440,28193,40620,49639,54522,65535,63466,52368,50499,54708,54503,65535,63556
1685669262,0,1,0,0,3440,28171,40583,49567,54475,65535,63446,52305,50497,54653,54492,65535,63525
1685669268,0,1,0,0,3435,28151,40560,49541,54444,65535,63370,52311,50485,54675,54451,65535,63485
1685669274,0,1,0,0,3435,28140,40536,49510,54423,65535,63345,52264,50472,54650,54431,65535,63458
1685669280,0,1,0,0,3435,28117,40496,49504,54398,65535,63313,52250,50390,54570,54378,65535,63431
1685669286,0,1,0,0,3435,28153,40531,49511,54414,65535,63341,52227,50417,54604,54387,65535,63423
1685669292,0,1,0,0,3434,28104,40500,49442,54347,65535,63248,52185,50386,54560,54352,65535,63345
1685669298,0,1,0,0,3433,28083,40450,49399,54296,65535,63197,52130,50291,54466,54277,65535,63271
1685669304,0,1,0,0,3433,28080,40430,49411,54282,65535,63171,52117,50318,54476,54285,65535,63287
1685669310,0,1,0,0,3433,28058,40416,49369,54263,65535,63154,52151,50262,54462,54282,65535,63283
1685669316,0,1,0,0,3433,28062,40409,49360,54246,65535,63155,52111,50293,54487,54304,65535,63188
1685669322,0,1,0,0,3432,28035,40397,49340,54207,65535,63143,52056,50226,54383,54237,65535,63212
1685669328,0,1,0,0,3432,28008,40335,49298,54148,65535,63134,52009,50160,54371,54167,65535,63145
1685669334,0,1,0,0,3431,28013,40332,49289,54164,65535,63084,52006,50135,54347,54177,65535,63143
1685669340,0,1,0,0,3431,28000,40330,49272,54150,65535,63053,51997,50177,54369,54201,65535,63100
1685669346,0,1,0,0,3431,27998,40324,49236,54113,65535,63004,51951,50094,54324,54149,65535,63047
1685669352,0,1,0,0,3430,27962,40294,49222,54090,65535,62981,51898,50061,54251,54089,65535,63015
1685669358,0,1,0,0,3430,27951,40294,49206,54069,65535,62949,51904,50039,54270,54058,65535,63020
1685669364,0,1,0,0,3425,27927,40253,49149,54006,65535,62925,51867,49997,54184,54008,65535,62938
1685669370,0,1,0,0,3425,27886,40172,49095,53945,65535,62843,51775,49959,54122,53955,65535,62895
1685669376,0,1,0,0,3425,27899,40169,49099,53941,65535,62824,51772,49920,54148,53945,65535,62883
1685669382,0,1,0,0,3424,27873,40171,49078,53928,65535,62817,51775,49900,54120,53944,65535,62829
1685669388,0,1,0,0,3424,27863,40137,49044,53904,65535,62717,51730,49871,54075,53886,65535,62762
1685669394,0,1,0,0,3424,27854,40126,49021,53876,65535,62708,51712,49892,54056,53896,65535,62783
1685669400,0,1,0,0,3423,27852,40139,49026,53853,65535,62703,51687,49862,54076,53877,65535,62750
1685669406,0,1,0,0,3423,27844,40109,48997,53862,65535,62661,51677,49843,54038,53863,65535,62721
1685669412,0,1,0,0,3423,27836,40094,48980,53820,65535,62625,51683,49830,54026,53848,65535,62690
1685669418,0,1,0,0,3422,27848,40123,49047,53907,65535,62603,51680,49839,54051,53859,65535,62631
1685669424,0,1,0,0,3422,27812,40097,48954,53827,65535,62628,51608,49751,53960,53825,65535,62629
1685669430,0,1,0,0,3421,27790,40015,48895,53730,65535,62510,51543,49677,53888,53696,65535,62593
1685669436,0,1,0,0,3421,27764,39995,48868,53705,65535,62503,51525,49694,53903,53721,65535,62527
1685669442,0,1,0,0,3420,27738,39956,48808,53654,65535,62397,51470,49632,53849,53668,65535,62491
1685669448,0,1,0,0,3420,27731,39945,48801,53646,65535,62389,51455,49629,53828,53654,65535,62412
1685669454,0,1,0,0,3415,27706,39913,48800,53605,65535,62319,51416,49595,53762,53602,65535,62414
1685669460,0,1,0,0,3415,27709,39925,48782,53578,65535,62317,51397,49565,53770,53610,65535,62374
1685669466,0,1,0,0,3415,27690,39888,48737,53562,65535,62253,51393,49554,53757,53566,65535,62296
1685669472,0,1,0,0,3415,27665,39851,48701,53533,65535,62228,51347,49525,53693,53541,65535,62250
1685669478,0,1,0,0,3414,27650,39837,48694,53500,65535,62164,51335,49510,53682,53502,65535,62214
1685669484,0,1,0,0,3414,27645,39824,48658,53486,65535,62131,51298,49489,53670,53490,65535,62183
1685669490,0,1,0,0,3414,27618,39791,48642,53440,65535,62080,51260,49446,53629,53462,65535,62138
1685669496,0,1,0,0,3413,27624,39779,48628,53445,65535,62079,51295,49447,53631,53482,65535,62124
1685669502,0,1,0,0,3413,27611,39788,48605,53416,65535,62075,51249,49417,53601,53443,65535,62097
1685669508,0,1,0,0,3413,27576,39730,48566,53368,65535,61998,51220,49385,53551,53387,65535,62046
1685669514,0,1,0,0,3412,27561,39711,48557,53331,65535,61952,51147,49328,53497,53343,65535,62012
1685669520,0,1,0,0,3412,27547,39699,48527,53299,65535,61921,51121,49270,53472,53285,65535,61976
1685669526,0,1,0,0,3412,27507,39639,48428,53227,65535,61876,51047,49241,53407,53253,65535,61929
1685669532,0,1,0,0,3411,27494,39616,48432,53208,65535,61804,51016,49201,53361,53218,65535,61854
1685669538,0,1,0,0,3410,27492,39627,48404,53197,65535,61801,51007,49190,53361,53206,65535,61848
1685669544,0,1,0,0,3405,27480,39581,48372,53150,65535,61778,50959,49145,53324,53172,65535,61824
1685669550,0,1,0,0,3410,27489,39599,48384,53169,65535,61735,50965,49188,53337,53188,65535,61803
1685669556,0,1,0,0,3405,27451,39559,48367,53139,65535,61709,50966,49132,53305,53160,65535,61779
1685669562,0,1,0,0,3405,27467,39550,48341,53128,65535,61735,50917,49129,53307,53136,65535,61785
1685669568,0,1,0,0,3404,27426,39524,48316,53085,65535,61672,50886,49095,53272,53110,65535,61727
1685669574,0,1,0,0,3404,27428,39517,48315,53073,65535,61646,50877,49093,53273,53103,65535,61697
1685669580,0,1,0,0,3404,27424,39527,48315,53063,65535,61630,50879,49061,53219,53073,65535,61684
1685669586,0,1,0,0,3403,27393,39463,48243,53014,65535,61589,50822,49042,53191,53069,65535,61641
1685669592,0,1,0,0,3404,27394,39499,48253,53024,65535,61562,50829,49048,53210,53051,65535,61617
1685669598,0,1,0,0,3403,27406,39484,48258,53004,65535,61546,50828,49027,53209,53032,65535,61593
1685669604,0,1,0,0,3403,27374,39439,48178,52956,65535,61499,50782,48959,53133,52994,65535,61588
1685669610,0,1,0,0,3403,27362,39442,48188,52953,65535,61442,50755,48972,53115,52972,65535,61488
1685669616,0,1,0,0,3405,27393,39476,48260,53022,65535,61442,50912,49114,53292,53146,65535,61517
1685669622,0,1,0,0,3403,27364,39454,48199,52969,65535,61407,50721,48942,53148,52983,65535,61459
1685669628,0,1,0,0,3402,27328,39376,48125,52921,65535,61373,50689,48902,53066,52928,65535,61424
1685669634,0,1,0,0,3402,27317,39356,48101,52867,65535,61333,50614,48842,53000,52890,65535,61387
1685669640,0,1,0,0,3401,27309,39341,48108,52879,65535,61320,50608,48871,52998,52906,65535,61381
1685669646,0,1,0,0,3401,27303,39321,48071,52825,65535,61301,50546,48811,52999,52814,65535,61355
1685669652,0,1,0,0,3401,27302,39326,48055,52834,65535,61272,50566,48820,53002,52833,65535,61310
1685669658,0,1,0,0,3400,27286,39310,48056,52782,65535,61228,50524,48757,52928,52801,65535,61252
1685669664,0,1,0,0,3400,27280,39301,48042,52773,65535,61183,50509,48769,52916,52791,65535,61220
1685669670,0,1,0,0,3400,27254,39259,48024,52747,65535,61159,50500,48735,52911,52780,65535,61190
1685669676,0,1,0,0,3400,27247,39257,47978,52725,65535,61154,50501,48729,52885,52754,65535,61159
1685669682,0,1,0,0,3355,27240,39242,47974,52710,65535,61095,50500,48707,52914,52754,65535,61132
1685669688,0,1,0,0,3355,27221,39227,47955,52700,65535,61068,50500,48696,52870,52732,65535,61094
1685669694,0,1,0,0,3355,27214,39220,47960,52674,65535,61038,50500,48702,52874,52745,65535,61058
1685669700,0,1,0,0,3355,27201,39191,47917,52674,65535,61061,50501,48687,52838,52709,65535,61064
1685669706,0,1,0,0,3355,27199,39191,47926,52639,65535,61003,50500,48674,52827,52686,65535,61045
1685669712,0,1,0,0,3354,27179,39174,47869,52624,65535,60969,50498,48595,52773,52649,65535,61003
1685669718,0,1,0,0,3354,27181,39146,47861,52582,65535,60947,50498,48618,52780,52681,65535,60988
1685669724,0,1,0,0,3354,27155,39138,47835,52588,65535,60926,50493,48600,52784,52640,65535,60997
1685669730,0,1,0,0,3353,27149,39131,47826,52548,65535,60913,50468,48603,52748,52638,65535,60992
1685669736,0,1,0,0,3353,27136,39096,47827,52530,65535,60892,50438,48582,52745,52620,65535,60933
1685669742,0,1,0,0,3353,27128,39081,47787,52497,65535,60908,50443,48574,52722,52626,65535,60963
1685669748,0,1,0,0,3353,27137,39096,47765,52496,65535,60939,50386,48529,52708,52589,65535,60968
1685669754,0,1,0,0,3353,27125,39078,47758,52501,65535,60947,50389,48529,52690,52601,65535,61007
1685669760,0,1,0,0,3353,27106,39056,47768,52499,65535,60924,50388,48508,52670,52576,65535,60969
1685669766,0,1,0,0,3353,27099,39053,47734,52464,65535,60940,50392,48498,52670,52589,65535,61001
1685669772,0,1,0,0,3353,27077,39005,47671,52421,65535,60952,50312,48483,52648,52551,65535,61001
1685669778,0,1,0,0,3352,27085,39027,47708,52426,65535,60967,50290,48469,52610,52546,65535,61045
1685669784,0,1,0,0,3352,27065,39000,47668,52415,65535,60983,50315,48457,52647,52567,65535,61072
1685669790,0,1,0,0,3352,27068,38998,47672,52405,65535,61012,50268,48433,52624,52561,65535,61066
1685669796,0,1,0,0,3351,27009,38921,47593,52319,65535,61009,50196,48375,52529,52471,65535,61071
1685669802,0,1,0,0,3351,27028,38952,47627,52359,65535,61055,50205,48398,52572,52545,65535,61104
1685669808,0,1,0,0,3351,27017,38926,47607,52335,65535,61097,50208,48394,52583,52522,65535,61143
1685669814,0,1,0,0,3351,27025,38943,47616,52343,65535,61133,50247,48405,52598,52552,65535,61188
1685669820,0,1,0,0,3351,27010,38916,47598,52322,65535,61182,50209,48400,52618,52549,65535,61240
1685669826,0,1,0,0,3351,26983,38903,47583,52275,65535,61207,50194,48370,52549,52520,65535,61279
1685669832,0,1,0,0,3351,26985,38906,47585,52296,65535,61239,50198,48400,52568,52540,65535,61298
1685669838,0,1,0,0,3351,26975,38887,47548,52290,65535,61309,50174,48383,52570,52577,65535,61370
1685669844,0,1,0,0,3351,26985,38897,47569,52319,65535,61390,50187,48378,52568,52562,65535,61460
1685669850,0,1,0,0,3351,26967,38861,47538,52296,65535,61431,50197,48382,52610,52593,65535,61491
1685669856,0,1,0,0,3351,26967,38870,47544,52300,65535,61471,50170,48385,52623,52614,65535,61537
1685669862,0,1,0,0,3351,26965,38862,47539,52253,65535,61511,50166,48363,52571,52572,65535,61570
1685669868,0,1,0,0,3350,26954,38838,47488,52229,65535,61542,50132,48363,52571,52568,65535,61632
1685669874,0,1,0,0,3350,26934,38810,47489,52224,65535,61578,50139,48361,52574,52599,65535,61652
1685669880,0,1,0,0,3350,26939,38836,47497,52233,65535,61632,50159,48373,52598,52595,65535,61719
1685669886,0,1,0,0,3350,26924,38801,47470,52217,65535,61706,50098,48351,52556,52609,65535,61731
1685669892,0,1,0,0,3350,26930,38801,47480,52234,65535,61701,50116,48339,52575,52588,65535,61776
1685669898,0,1,0,0,3345,26912,38779,47464,52178,65535,61777,50078,48307,52552,52587,65535,61802
1685669904,0,1,0,0,3350,26889,38774,47423,52162,65535,61810,50056,48308,52521,52562,65535,61872
1685669910,0,1,0,0,3345,26879,38755,47400,52145,65535,61786,50033,48303,52536,52560,65535,61831
1685669916,0,1,0,0,3351,26931,38804,47475,52219,65535,61830,50133,48354,52591,52631,65535,61878
1685669922,0,1,0,0,3350,26902,38784,47454,52188,65535,61812,50116,48353,52602,52647,65535,61872
1685669928,0,1,0,0,3351,26895,38769,47434,52189,65535,61830,50115,48356,52576,52636,65535,61893
1685669934,0,1,0,0,3350,26895,38780,47454,52194,65535,61853,50063,48306,52563,52626,65535,61911
1685669940,0,1,0,0,3345,26884,38752,47398,52138,65535,61837,50064,48277,52555,52593,65535,61920
1685669946,0,1,0,0,3345,26857,38735,47376,52121,65535,61839,50000,48253,52505,52573,65535,61919
1685669952,0,1,0,0,3345,26843,38705,47362,52099,65535,61840,50005,48246,52490,52555,65535,61898
1685669958,0,1,0,0,3345,26824,38680,47332,52067,65535,61845,49956,48219,52503,52542,65535,61895
1685669964,0,1,0,0,3344,26811,38662,47311,52031,65535,61800,49959,48199,52418,52515,65535,61862
1685669970,0,1,0,0,3344,26801,38633,47291,52017,65535,61777,49912,48179,52435,52503,65535,61852
1685669976,0,1,0,0,3344,26800,38627,47262,51986,65535,61770,49879,48162,52416,52472,65535,61842
1685669982,0,1,0,0,3343,26788,38593,47244,51967,65535,61747,49882,48138,52371,52474,65535,61830
1685669988,0,1,0,0,3341,26739,38516,47128,51878,65535,61701,49800,48081,52309,52392,65535,61758
1685669994,0,1,0,0,3342,26736,38543,47177,51922,65535,61686,49814,48072,52300,52408,65535,61756
1685670000,0,1,0,0,3341,26731,38536,47144,51865,65535,61661,49767,48020,52263,52383,65535,61733
1685670006,0,1,0,0,3341,26696,38504,47134,51858,65535,61607,49721,47991,52234,52326,65535,61670
1685670012,0,1,0,0,3340,26644,38418,47027,51728,65535,61558,49611,47907,52114,52220,65535,61599
1685670018,0,1,0,0,3335,26643,38400,47013,51739,65535,61560,49647,47925,52128,52239,65535,61618
1685670024,0,1,0,0,3340,26646,38400,47039,51741,65535,61522,49618,47913,52150,52213,65535,61575
1685670030,0,1,0,0,3335,26637,38422,47029,51729,65535,61492,49606,47899,52133,52225,65535,61592
1685670036,0,1,0,0,3335,26644,38404,47007,51712,65535,61468,49594,47859,52081,52194,65535,61515
1685670042,0,1,0,0,3335,26620,38384,46989,51697,65535,61444,49568,47864,52083,52199,65535,61500
1685670048,0,1,0,0,3335,26616,38364,46973,51664,65535,61409,49536,47819,52047,52189,65535,61472
1685670054,0,1,0,0,3334,26597,38346,46945,51631,65535,61376,49516,47803,52054,52144,65535,61434
1685670060,0,1,0,0,3334,26578,38328,46915,51637,65535,61370,49463,47756,52001,52125,65535,61401
1685670066,0,1,0,0,3333,26562,38316,46887,51587,65535,61303,49480,47775,52003,52093,65535,61379
1685670072,0,1,0,0,3333,26554,38279,46862,51596,65535,61262,49448,47740,51971,52069,65535,61334
1685670078,0,1,0,0,3333,26531,38262,46857,51535,65535,61221,49422,47713,51953,52051,65535,61250
1685670084,0,1,0,0,3332,26525,38248,46851,51545,65535,61181,49387,47675,51918,52021,65535,61234
1685670090,0,1,0,0,3332,26508,38221,46796,51486,65535,61134,49376,47662,51855,51987,65535,61198
1685670096,0,1,0,0,3331,26491,38196,46770,51462,65535,61108,49321,47611,51822,51948,65535,61176
1685670102,0,1,0,0,3331,26475,38178,46749,51425,65535,61079,49292,47588,51807,51924,65535,61124
1685670108,0,1,0,0,3331,26455,38156,46693,51377,65535,61022,49257,47581,51769,51878,65535,61083
1685670114,0,1,0,0,3330,26448,38137,46690,51366,65535,60997,49247,47544,51779,51865,65535,61049
1685670120,0,1,0,0,3330,26434,38114,46693,51349,65535,60954,49256,47511,51740,51841,65535,61008
1685670126,0,1,0,0,3330,26427,38108,46671,51329,65535,60885,49218,47503,51718,51827,65535,60951
1685670132,0,1,0,0,3325,26426,38096,46662,51314,65535,60892,49220,47486,51724,51815,65535,60948
1685670138,0,1,0,0,3325,26412,38068,46626,51286,65535,60871,49205,47456,51691,51800,65535,60901
1685670144,0,1,0,0,3325,26401,38080,46638,51285,65535,60813,49183,47464,51718,51821,65535,60895
1685670150,0,1,0,0,3325,26381,38056,46593,51261,65535,60816,49152,47435,51684,51790,65535,60876
1685670156,0,1,0,0,3325,26381,38070,46592,51255,65535,60791,49168,47447,51675,51806,65535,60874
1685670162,0,1,0,0,3324,26350,38020,46563,51195,65535,60723,49121,47411,51653,51755,65535,60817
1685670168,0,1,0,0,3324,26342,37997,46516,51176,65535,60716,49099,47381,51594,51737,65535,60791
1685670174,0,1,0,0,3323,26328,37984,46487,51149,65535,60678,49021,47337,51504,51659,65535,60747
1685670180,0,1,0,0,3323,26322,37961,46475,51137,65535,60622,49056,47321,51531,51689,65535,60702
1685670186,0,1,0,0,3323,26308,37943,46463,51127,65535,60602,49022,47309,51520,51671,65535,60667
1685670192,0,1,0,0,3322,26295,37950,46452,51102,65535,60540,48984,47262,51478,51605,65535,60613
1685670198,0,1,0,0,3322,26272,37900,46413,51047,65535,60494,48949,47246,51456,51617,65535,60555
1685670204,0,1,0,0,3322,26254,37877,46384,51026,65535,60525,48937,47211,51414,51556,65535,60584
1685670210,0,1,0,0,3322,26250,37868,46374,51006,65535,60500,48919,47211,51430,51547,65535,60589
1685670216,0,1,0,0,3322,26253,37854,46383,51011,65535,60462,48910,47204,51414,51551,65535,60541
1685670222,0,1,0,0,3321,26213,37809,46331,50976,65535,60403,48855,47162,51373,51505,65535,60444
1685670228,0,1,0,0,3322,26213,37808,46318,50945,65535,60421,48791,47115,51299,51441,65535,60466
1685670234,0,1,0,0,3320,26186,37768,46274,50897,65535,60340,48814,47107,51327,51470,65535,60432
1685670240,0,1,0,0,3320,26209,37813,46309,50942,65535,60342,48804,47132,51318,51454,65535,60336
1685670246,0,1,0,0,3321,26184,37771,46265,50885,65535,60324,48780,47077,51286,51435,65535,60388
1685670252,0,1,0,0,3321,26178,37776,46269,50883,65535,60261,48807,47088,51292,51436,65535,60333
1685670258,0,1,0,0,3315,26159,37723,46238,50833,65535,60236,48731,47025,51240,51392,65535,60275
1685670264,0,1,0,0,3315,26140,37724,46223,50798,65535,60231,48714,47003,51228,51369,65535,60299
1685670270,0,1,0,0,3315,26132,37715,46186,50800,65535,60193,48698,47002,51227,51338,65535,60229
1685670276,0,1,0,0,3315,26117,37672,46177,50774,65535,60200,48670,46969,51180,51340,65535,60217
1685670282,0,1,0,0,3315,26095,37639,46124,50736,65535,60177,48653,46973,51194,51324,65535,60231
1685670288,0,1,0,0,3315,26089,37654,46138,50716,65535,60132,48650,46963,51156,51293,65535,60187
1685670294,0,1,0,0,3314,26103,37640,46142,50723,65535,60151,48644,46943,51150,51323,65535,60193
1685670300,0,1,0,0,3315,26107,37687,46170,50755,65535,60137,48668,46957,51175,51375,65535,60197
1685670306,0,1,0,0,3314,26076,37625,46113,50701,65535,60139,48609,46920,51143,51322,65535,60193
1685670312,0,1,0,0,3313,26061,37597,46103,50670,65535,60125,48620,46924,51149,51278,65535,60182
1685670318,0,1,0,0,3313,26060,37605,46056,50647,65535,60127,48583,46888,51102,51280,65535,60170
1685670324,0,1,0,0,3313,26040,37587,46041,50618,65535,60180,48578,46897,51118,51305,65535,60190
1685670330,0,1,0,0,3314,25958,37464,45922,50501,65535,60140,48352,46692,50886,51069,65535,60205
1685670336,0,1,0,0,3314,26025,37562,46019,50609,65535,60181,48586,46871,51092,51290,65535,60258
1685670342,0,1,0,0,3313,26031,37535,46008,50575,65535,60165,48522,46834,51054,51264,65535,60241
1685670348,0,1,0,0,3311,25965,37446,45901,50500,65535,60104,48450,46763,50956,51164,65535,60191
1685670354,0,1,0,0,3311,25955,37450,45877,50500,65535,60156,48425,46754,50926,51136,65535,60263
1685670360,0,1,0,0,3311,25971,37454,45930,50500,65535,60182,48458,46763,50974,51180,65535,60273
1685670366,0,1,0,0,3311,25970,37450,45942,50501,65535,60177,48414,46739,50951,51169,65535,60262
1685670372,0,1,0,0,3310,25936,37431,45882,50501,65535,60133,48356,46680,50874,51098,65535,60228
1685670378,0,1,0,0,3312,25993,37497,45960,50527,65535,60279,48470,46800,51012,51241,65535,60346
1685670384,0,1,0,0,3311,25942,37438,45918,50500,65535,60240,48415,46774,50966,51208,65535,60323
1685670390,0,1,0,0,3305,25944,37438,45890,50500,65535,60204,48331,46690,50867,51108,65535,60273
1685670396,0,1,0,0,3310,25937,37409,45853,50499,65535,60226,48344,46708,50881,51140,65535,60312
1685670402,0,1,0,0,3305,25911,37392,45840,50498,65535,60192,48308,46633,50807,51077,65535,60275
1685670408,0,1,0,0,3310,25905,37392,45842,50485,65535,60227,48293,46648,50831,51102,65535,60289
1685670414,0,1,0,0,3305,25899,37390,45823,50496,65535,60273,48285,46642,50851,51106,65535,60311
1685670420,0,1,0,0,3310,25930,37421,45884,50500,65535,60322,48342,46673,50893,51106,65535,60351
1685670426,0,1,0,0,3305,25897,37385,45819,50494,65535,60288,48274,46627,50855,51102,65535,60333
1685670432,0,1,0,0,3310,25919,37413,45881,50500,65535,60322,48353,46686,50915,51160,65535,60395
1685670438,0,1,0,0,3305,25878,37332,45765,50450,65535,60296,48228,46585,50773,51063,65535,60298
1685670444,0,1,0,0,3305,25896,37357,45817,50483,65535,60282,48220,46590,50788,51053,65535,60284
1685670450,0,1,0,0,3305,25868,37328,45738,50421,65535,60258,48191,46563,50731,51015,65535,60284
1685670456,0,1,0,0,3304,25831,37259,45709,50340,65535,60249,48196,46525,50740,51006,65535,60286
1685670462,0,1,0,0,3305,25829,37288,45727,50359,65535,60290,48149,46504,50690,50998,65535,60283
1685670468,0,1,0,0,3304,25816,37227,45679,50300,65535,60298,48149,46499,50683,50991,65535,60260
1685670474,0,1,0,0,3304,25804,37228,45657,50311,65535,60277,48135,46472,50656,50966,65535,60262
1685670480,0,1,0,0,3304,25767,37176,45595,50239,65535,60318,48093,46447,50612,50943,65535,60277
1685670486,0,1,0,0,3303,25728,37126,45534,50168,65535,60239,48140,46496,50686,51023,65535,60262
1685670492,0,1,0,0,3303,25751,37166,45583,50216,65535,60222,48055,46422,50613,50915,65535,60218
1685670498,0,1,0,0,3302,25736,37145,45580,50197,65535,60232,48038,46379,50539,50883,65535,60218
1685670504,0,1,0,0,3302,25736,37150,45588,50198,65535,60216,48007,46382,50527,50886,65535,60207
1685670510,0,1,0,0,3302,25711,37112,45517,50148,65535,60213,48009,46357,50508,50855,65535,60201
1685670516,0,1,0,0,3300,25703,37088,45519,50123,65535,60196,47935,46314,50502,50798,65535,60189
1685670522,0,1,0,0,3301,25714,37085,45531,50136,65535,60209,47974,46330,50520,50833,65535,60182
1685670528,0,1,0,0,3302,25698,37082,45504,50123,65535,60168,47962,46328,50509,50847,65535,60152
1685670534,0,1,0,0,3301,25686,37072,45501,50105,65535,60188,47947,46317,50501,50837,65535,60172
1685670540,0,1,0,0,3301,25678,37050,45453,50079,65535,60150,47955,46331,50499,50828,65535,60142
1685670546,0,1,0,0,3301,25655,37052,45450,50077,65535,60158,47931,46294,50500,50814,65535,60138
1685670552,0,1,0,0,3301,25655,37042,45443,50057,65535,60115,47906,46294,50500,50798,65535,60092
1685670558,0,1,0,0,3301,25639,36997,45413,50020,65535,60097,47921,46274,50500,50812,65535,60117
1685670564,0,1,0,0,3301,25620,37011,45411,50004,65535,60076,47872,46275,50500,50784,65535,60042
1685670570,0,1,0,0,3254,25594,36943,45325,49941,65535,60041,47854,46214,50488,50750,65535,60021
1685670576,0,1,0,0,3300,25595,36951,45338,49946,65535,60016,47864,46228,50497,50726,65535,59987
1685670582,0,1,0,0,3300,25571,36917,45323,49914,65535,59977,47813,46201,50455,50698,65535,59961
1685670588,0,1,0,0,3255,25558,36908,45288,49899,65535,59998,47800,46174,50484,50690,65535,59951
1685670594,0,1,0,0,3254,25525,36864,45240,49857,65535,59936,47720,46110,50406,50607,65535,59920
1685670600,0,1,0,0,3255,25553,36899,45272,49882,65535,59924,47761,46161,50466,50661,65535,59933
1685670606,0,1,0,0,3254,25524,36872,45240,49841,65535,59912,47710,46101,50390,50586,65535,59860
1685670612,0,1,0,0,3254,25526,36855,45254,49838,65535,59804,47707,46094,50370,50592,65535,59832
1685670618,0,1,0,0,3253,25491,36833,45210,49795,65535,59843,47659,46070,50324,50540,65535,59782
1685670624,0,1,0,0,3253,25477,36804,45187,49761,65535,59751,47632,46023,50266,50519,65535,59766
1685670630,0,1,0,0,3252,25466,36779,45142,49732,65535,59750,47624,46020,50270,50500,65535,59720
1685670636,0,1,0,0,3253,25469,36789,45155,49734,65535,59679,47593,45987,50268,50500,65535,59671
1685670642,0,1,0,0,3252,25442,36758,45130,49706,65535,59675,47578,45968,50225,50500,65535,59637
1685670648,0,1,0,0,3251,25438,36742,45092,49681,65535,59632,47574,45969,50193,50501,65535,59607
1685670654,0,1,0,0,3252,25423,36735,45080,49672,65535,59632,47551,45953,50193,50500,65535,59582
1685670660,0,1,0,0,3251,25408,36696,45023,49618,65535,59570,47531,45919,50174,50500,65535,59554
1685670666,0,1,0,0,3251,25386,36671,45011,49616,65535,59512,47520,45942,50188,50500,65535,59531
1685670672,0,1,0,0,3251,25363,36645,45012,49582,65535,59487,47493,45886,50143,50500,65535,59536
1685670678,0,1,0,0,3250,25355,36631,44984,49598,65535,59494,47481,45869,50165,50498,65535,59533
1685670684,0,1,0,0,3250,25342,36623,44964,49546,65535,59446,47478,45866,50138,50494,65535,59520
1685670690,0,1,0,0,3250,25330,36603,44933,49499,65535,59396,47443,45831,50074,50486,65535,59471
1685670696,0,1,0,0,3250,25314,36570,44910,49481,65535,59355,47431,45797,50042,50423,65535,59441
1685670702,0,1,0,0,3245,25291,36545,44860,49455,65535,59337,47391,45784,50032,50386,65535,59373
1685670708,0,1,0,0,3244,25261,36486,44809,49396,65535,59245,47309,45698,49928,50308,65535,59320
1685670714,0,1,0,0,3244,25262,36509,44814,49405,65535,59231,47349,45767,50006,50395,65535,59300
1685670720,0,1,0,0,3244,25261,36512,44811,49405,65535,59208,47328,45726,50004,50346,65535,59276
1685670726,0,1,0,0,3245,25266,36534,44843,49422,65535,59218,47307,45670,49928,50290,65535,59255
1685670732,0,1,0,0,3244,25246,36440,44737,49311,65535,59146,47293,45663,49900,50236,65535,59253
1685670738,0,1,0,0,3243,25244,36430,44745,49306,65535,59115,47153,45568,49799,50154,65535,59174
1685670744,0,1,0,0,3242,25240,36442,44754,49327,65535,59040,47205,45584,49825,50177,65535,59106
1685670750,0,1,0,0,3242,25222,36406,44700,49265,65535,58989,47188,45572,49819,50172,65535,59084
1685670756,0,1,0,0,3242,25203,36398,44686,49255,65535,58998,47193,45565,49835,50175,65535,59063
1685670762,0,1,0,0,3242,25189,36362,44674,49225,65535,58949,47151,45554,49794,50152,65535,59027
1685670768,0,1,0,0,3241,25179,36347,44660,49197,65535,58926,47122,45524,49762,50125,65535,58942
1685670774,0,1,0,0,3241,25175,36345,44627,49185,65535,58872,47111,45507,49763,50102,65535,58928
1685670780,0,1,0,0,3240,25140,36298,44596,49148,65535,58816,47045,45449,49674,50027,65535,58830
1685670786,0,1,0,0,3240,25126,36282,44581,49126,65535,58756,47035,45414,49670,50006,65535,58804
1685670792,0,1,0,0,3235,25124,36260,44557,49077,65535,58692,46963,45366,49618,49942,65535,58742
1685670798,0,1,0,0,3235,25116,36268,44548,49085,65535,58650,47037,45429,49674,50028,65535,58698
1685670804,0,1,0,0,3240,25149,36336,44647,49163,65535,58692,47024,45422,49673,50047,65535,58727
1685670810,0,1,0,0,3240,25097,36230,44517,49056,65535,58586,46989,45402,49657,49984,65535,58641
1685670816,0,1,0,0,3235,25081,36223,44514,49069,65535,58601,46955,45333,49585,49927,65535,58618
1685670822,0,1,0,0,3234,25055,36187,44464,48989,65535,58525,46901,45300,49548,49896,65535,58566
1685670828,0,1,0,0,3234,25032,36154,44424,48954,65535,58476,46884,45283,49502,49883,65535,58531
1685670834,0,1,0,0,3233,25031,36137,44406,48927,65535,58465,46834,45239,49479,49832,65535,58472
1685670840,0,1,0,0,3233,25009,36127,44414,48945,65535,58463,46825,45231,49466,49825,65535,58514
1685670846,0,1,0,0,3234,25024,36163,44415,48940,65535,58487,46871,45290,49545,49882,65535,58522
1685670852,0,1,0,0,3234,25008,36118,44389,48914,65535,58462,46831,45235,49468,49842,65535,58507
1685670858,0,1,0,0,3233,24976,36079,44339,48859,65535,58406,46769,45178,49413,49780,65535,58448
1685670864,0,1,0,0,3232,24973,36057,44310,48832,65535,58339,46740,45153,49410,49781,65535,58386
1685670870,0,1,0,0,3232,24955,36041,44311,48797,65535,58316,46721,45136,49353,49711,65535,58358
1685670876,0,1,0,0,3231,24938,36043,44275,48793,65535,58297,46672,45084,49312,49691,65535,58330
1685670882,0,1,0,0,3232,24933,36043,44259,48784,65535,58305,46659,45075,49301,49695,65535,58337
1685670888,0,1,0,0,3231,24885,35949,44180,48682,65535,58288,46642,45052,49273,49657,65535,58336
1685670894,0,1,0,0,3230,24880,35946,44179,48665,65535,58207,46616,45015,49238,49615,65535,58255
1685670900,0,1,0,0,3230,24855,35905,44130,48622,65535,58194,46535,44969,49196,49565,65535,58229
1685670906,0,1,0,0,3230,24864,35917,44129,48663,65535,58167,46565,44994,49205,49616,65535,58201
1685670912,0,1,0,0,3230,24838,35894,44120,48615,65535,58177,46531,44958,49179,49562,65535,58215
1685670918,0,1,0,0,3225,24825,35877,44105,48601,65535,58180,46527,44954,49178,49569,65535,58217
1685670924,0,1,0,0,3230,24830,35883,44116,48618,65535,58196,46559,44958,49191,49612,65535,58227
1685670930,0,1,0,0,3225,24822,35876,44087,48583,65535,58154,46484,44916,49148,49536,65535,58196
1685670936,0,1,0,0,3225,24820,35857,44106,48576,65535,58165,46495,44923,49183,49546,65535,58204
1685670942,0,1,0,0,3230,24827,35869,44110,48598,65535,58079,46553,44967,49191,49590,65535,58149
1685670948,0,1,0,0,3230,24775,35803,44025,48524,65535,58134,46455,44866,49131,49500,65535,58172
1685670954,0,1,0,0,3224,24761,35773,43979,48469,65535,58054,46422,44846,49071,49469,65535,58090
1685670960,0,1,0,0,3223,24739,35742,43944,48434,65535,57990,46373,44797,49009,49407,65535,58022
1685670966,0,1,0,0,3223,24733,35729,43932,48416,65535,57952,46380,44796,49021,49420,65535,57983
1685670972,0,1,0,0,3223,24709,35710,43918,48399,65535,57929,46313,44757,48974,49376,65535,57949
1685670978,0,1,0,0,3222,24697,35691,43880,48367,65535,57855,46281,44717,48934,49364,65535,57879
1685670984,0,1,0,0,3221,24674,35659,43869,48330,65535,57809,46253,44707,48918,49315,65535,57833
1685670990,0,1,0,0,3221,24657,35636,43836,48306,65535,57755,46197,44634,48868,49255,65535,57784
1685670996,0,1,0,0,3220,24650,35616,43800,48271,65535,57688,46194,44606,48803,49230,65535,57713
1685671002,0,1,0,0,3220,24627,35575,43763,48246,65535,57637,46146,44566,48786,49181,65535,57677
1685671008,0,1,0,0,3215,24604,35560,43712,48215,65535,57592,46115,44549,48735,49163,65535,57606
1685671014,0,1,0,0,3215,24589,35537,43712,48189,65535,57527,46092,44523,48744,49132,65535,57565
1685671020,0,1,0,0,3215,24597,35555,43737,48195,65535,57512,46136,44571,48781,49183,65535,57532
1685671026,0,1,0,0,3221,24620,35586,43775,48233,65535,57489,46146,44560,48806,49203,65535,57516
1685671032,0,1,0,0,3214,24538,35461,43636,48103,65535,57404,46003,44463,48659,49054,65535,57438
1685671038,0,1,0,0,3214,24533,35458,43643,48066,65535,57355,45987,44425,48667,49072,65535,57386
1685671044,0,1,0,0,3213,24519,35439,43587,48020,65535,57319,45949,44404,48598,49000,65535,57338
1685671050,0,1,0,0,3213,24508,35428,43577,48035,65535,57278,45903,44343,48548,48942,65535,57330
1685671056,0,1,0,0,3212,24479,35387,43533,47965,65535,57187,45881,44339,48523,48925,65535,57249
1685671062,0,1,0,0,3213,24477,35387,43531,47967,65535,57161,45857,44303,48505,48908,65535,57214
1685671068,0,1,0,0,3212,24464,35372,43503,47944,65535,57100,45848,44295,48482,48896,65535,57135
1685671074,0,1,0,0,3211,24438,35341,43472,47903,65535,57093,45853,44279,48469,48905,65535,57115
1685671080,0,1,0,0,3211,24430,35308,43442,47865,65535,57039,45770,44226,48392,48826,65535,57061
1685671086,0,1,0,0,3210,24405,35282,43430,47845,65535,56990,45754,44200,48386,48813,65535,57009
1685671092,0,1,0,0,3212,24382,35256,43369,47802,65535,56951,45707,44167,48346,48756,65535,56980
1685671098,0,1,0,0,3205,24352,35195,43290,47744,65535,56854,45635,44075,48274,48675,65535,56874
1685671104,0,1,0,0,3205,24344,35202,43314,47733,65535,56848,45708,44147,48323,48749,65535,56889
1685671110,0,1,0,0,3210,24371,35248,43358,47811,65535,56839,45681,44136,48323,48749,65535,56852
1685671116,0,1,0,0,3205,24308,35145,43234,47664,65535,56765,45600,44005,48203,48638,65535,56793
1685671122,0,1,0,0,3204,24310,35151,43247,47687,65535,56757,45611,44038,48253,48682,65535,56777
1685671128,0,1,0,0,3204,24322,35183,43266,47685,65535,56765,45603,44073,48261,48672,65535,56763
1685671134,0,1,0,0,3203,24306,35147,43248,47651,65535,56689,45595,44014,48206,48639,65535,56714
1685671140,0,1,0,0,3203,24265,35110,43203,47613,65535,56647,45565,43997,48198,48629,65535,56654
1685671146,0,1,0,0,3203,24265,35066,43184,47575,65535,56585,45536,43993,48173,48579,65535,56595
1685671152,0,1,0,0,3202,24254,35068,43144,47552,65535,56546,45479,43963,48145,48552,65535,56559
1685671158,0,1,0,0,3202,24238,35043,43140,47501,65535,56523,45448,43903,48088,48522,65535,56523
1685671164,0,1,0,0,3201,24214,35006,43114,47489,65535,56488,45415,43892,48050,48485,65535,56499
1685671170,0,1,0,0,3200,24184,34963,43051,47464,65535,56438,45376,43852,48015,48438,65535,56444
1685671176,0,1,0,0,3200,24176,34949,43037,47418,65535,56402,45358,43833,47996,48458,65535,56408
1685671182,0,1,0,0,3200,24169,34946,43013,47390,65535,56351,45338,43778,47959,48385,65535,56364
1685671188,0,1,0,0,3200,24162,34958,43021,47395,65535,56351,45445,43868,48069,48500,65535,56395
1685671194,0,1,0,0,3155,24152,34903,42974,47382,65535,56321,45279,43742,47927,48387,65535,56342
