Timestamp,Amber,White,On,Override,Intensity,AS00,AS01,AS02,AS03,AS04,AS05,AS06,AS07,AS08,AS09,AS10,AS11
1685685600,0,1,1,0,1332,3218,7900,11156,20526,65535,6744,32473,45062,57912,34166,65535,6750
1685685606,0,1,1,0,1332,3220,7904,11158,20529,65535,6746,32474,45074,57922,34159,65535,6752
1685685612,0,1,1,0,1332,3221,7910,11171,20539,65535,6750,32504,45117,57971,34194,65535,6758
1685685618,0,1,1,0,1332,3220,7907,11168,20548,65535,6750,32521,45090,57982,34194,65535,6758
1685685624,0,1,1,0,1332,3218,7904,11168,20522,65535,6746,32486,45061,57912,34167,65535,6754
1685685630,0,1,1,0,1332,3219,7900,11160,20534,65535,6746,32495,45089,57937,34157,65535,6755
1685685636,0,1,1,0,1332,3219,7905,11168,20541,65535,6752,32484,45079,57953,34178,65535,6760
1685685642,0,1,1,0,1332,3222,7906,11174,20549,65535,6752,32507,45121,57971,34191,65535,6760
1685685648,0,1,1,0,1332,3221,7904,11170,20536,65535,6752,32507,45090,57955,34196,65535,6758
1685685654,0,1,1,0,1333,3223,7913,11179,20548,65535,6754,32531,45133,58026,34220,65535,6764
1685685660,0,1,1,0,1332,3224,7919,11184,20557,65535,6756,32551,45177,58062,34233,65535,6766
1685685666,0,1,1,0,1333,3225,7919,11187,20577,65535,6758,32543,45174,58040,34238,65535,6768
1685685672,0,1,1,0,1333,3224,7918,11185,20557,65535,6758,32549,45171,58054,34234,65535,6764
1685685678,0,1,1,0,1332,3224,7914,11185,20568,65535,6758,32540,45164,58042,34227,65535,6768
1685685684,0,1,1,0,1333,3223,7914,11181,20558,65535,6756,32522,45137,58012,34201,65535,6762
1685685690,0,1,1,0,1333,3222,7910,11175,20537,65535,6752,32517,45133,58008,34195,65535,6764
1685685696,0,1,1,0,1333,3225,7915,11182,20558,65535,6756,32530,45149,57997,34195,65535,6764
1685685702,0,1,1,0,1333,3221,7912,11175,20535,65535,6754,32505,45127,57973,34201,65535,6760
1685685708,0,1,1,0,1333,3223,7911,11175,20538,65535,6752,32502,45105,57956,34178,65535,6758
1685685714,0,1,1,0,1333,3225,7915,11180,20555,65535,6756,32515,45117,57989,34212,65535,6764
1685685720,0,1,1,0,1333,3224,7911,11177,20548,65535,6754,32523,45132,57983,34208,65535,6758
1685685726,0,1,1,0,1332,3221,7908,11180,20546,65535,6750,32520,45160,57995,34193,65535,6764
1685685732,0,1,1,0,1333,3221,7907,11172,20540,65535,6750,32508,45111,57965,34197,65535,6758
1685685738,0,1,1,0,1332,3223,7908,11173,20532,65535,6750,32512,45109,57966,34177,65535,6758
1685685744,0,1,1,0,1333,3222,7909,11174,20534,65535,6752,32493,45106,57968,34173,65535,6756
1685685750,0,1,1,0,1333,3222,7906,11173,20539,65535,6750,32510,45100,57949,34173,65535,6756
1685685756,0,1,1,0,1333,3226,7915,11189,20563,65535,6756,32516,45138,57995,34199,65535,6766
1685685762,0,1,1,0,1333,3225,7921,11188,20555,65535,6758,32536,45151,58009,34204,65535,6764
1685685768,0,1,1,0,1333,3225,7916,11189,20568,65535,6758,32536,45140,58002,34199,65535,6764
1685685774,0,1,1,0,1333,3227,7921,11192,20578,65535,6760,32565,45183,58051,34240,65535,6770
1685685780,0,1,1,0,1333,3227,7918,11186,20569,65535,6762,32559,45173,58044,34218,65535,6766
1685685786,0,1,1,0,1333,3227,7919,11191,20562,65535,6760,32553,45171,58036,34222,65535,6768
1685685792,0,1,1,0,1333,3221,7908,11170,20532,65535,6750,32525,45102,58001,34201,65535,6760
1685685798,0,1,1,0,1333,3221,7912,11178,20540,65535,6760,32520,45120,57981,34189,65535,6760
1685685804,0,1,1,0,1333,3224,7917,11183,20561,65535,6757,32550,45158,57992,34218,65535,6766
1685685810,0,1,1,0,1333,3226,7922,11189,20568,65535,6762,32541,45150,58032,34196,65535,6764
1685685816,0,1,1,0,1333,3226,7915,11182,20547,65535,6758,32577,45194,58070,34254,65535,6770
1685685822,0,1,1,0,1333,3224,7917,11179,20547,65535,6754,32527,45130,57988,34192,65535,6760
1685685828,0,1,1,0,1333,3224,7915,11179,20562,65535,6756,32541,45149,58013,34219,65535,6764
1685685834,0,1,1,0,1333,3223,7909,11171,20535,65535,6750,32541,45139,57995,34211,65535,6764
1685685840,0,1,1,0,1332,3220,7903,11170,20536,65535,6752,32497,45111,57926,34174,65535,6754
1685685846,0,1,1,0,1332,3224,7906,11172,20550,65535,6752,32513,45138,57972,34198,65535,6762
1685685852,0,1,1,0,1332,3221,7908,11171,20537,65535,6752,32542,45137,57997,34213,65535,6764
1685685858,0,1,1,0,1332,3221,7910,11174,20552,65535,6752,32534,45135,58026,34190,65535,6762
1685685864,0,1,1,0,1333,3224,7916,11173,20550,65535,6756,32533,45117,57989,34212,65535,6762
1685685870,0,1,1,0,1332,3221,7903,11170,20545,65535,6750,32517,45113,57954,34177,65535,6758
1685685876,0,1,1,0,1333,3224,7914,11180,20546,65535,6756,32529,45120,57980,34189,65535,6760
1685685882,0,1,1,0,1332,3225,7914,11178,20554,65535,6752,32530,45129,58027,34213,65535,6762
1685685888,0,1,1,0,1333,3224,7918,11183,20562,65535,6756,32550,45147,58020,34207,65535,6764
1685685894,0,1,1,0,1333,3223,7912,11182,20557,65535,6758,32550,45142,58015,34201,65535,6764
1685685900,0,1,1,0,1333,3224,7913,11177,20548,65535,6754,32523,45121,57977,34202,65535,6762
1685685906,0,1,1,0,1333,3222,7910,11174,20533,65535,6752,32526,45120,57979,34180,65535,6762
1685685912,0,1,1,0,1333,3224,7913,11178,20545,65535,6754,32531,45134,57992,34190,65535,6762
1685685918,0,1,1,0,1333,3226,7917,11185,20547,65535,6758,32522,45122,57995,34219,65535,6760
1685685924,0,1,1,0,1333,3224,7914,11179,20553,65535,6754,32522,45121,57961,34211,65535,6762
1685685930,0,1,1,0,1333,3224,7916,11186,20554,65535,6756,32562,45179,58042,34239,65535,6768
1685685936,0,1,1,0,1333,3225,7919,11189,20554,65535,6760,32556,45194,58065,34224,65535,6768
1685685942,0,1,1,0,1333,3224,7916,11183,20552,65535,6756,32553,45165,58028,34214,65535,6766
1685685948,0,1,1,0,1333,3228,7922,11188,20571,65535,6760,32566,45189,58034,34248,65535,6770
1685685954,0,1,1,0,1333,3224,7916,11184,20550,65535,6758,32527,45151,58018,34209,65535,6762
1685685960,0,1,1,0,1333,3223,7910,11187,20542,65535,6758,32531,45135,58027,34208,65535,6765
1685685966,0,1,1,0,1333,3224,7908,11169,20536,65535,6752,32514,45132,57974,34186,65535,6762
1685685972,0,1,1,0,1333,3222,7913,11177,20549,65535,6754,32515,45129,57982,34206,65535,6758
1685685978,0,1,1,0,1333,3224,7916,11182,20557,65535,6756,32544,45171,58055,34233,65535,6768
1685685984,0,1,1,0,1333,3225,7918,11188,20555,65535,6762,32542,45165,58033,34233,65535,6770
1685685990,0,1,1,0,1333,3225,7918,11185,20561,65535,6760,32548,45178,58056,34223,65535,6770
1685685996,0,1,1,0,1333,3226,7915,11188,20567,65535,6762,32555,45175,58034,34234,65535,6768
1685686002,0,1,1,0,1333,3226,7919,11191,20555,65535,6760,32563,45185,58053,34239,65535,6768
1685686008,0,1,1,0,1333,3223,7917,11187,20548,65535,6760,32529,45115,57992,34193,65535,6764
1685686014,0,1,1,0,1333,3226,7920,11185,20543,65535,6756,32518,45143,58007,34215,65535,6764
1685686020,0,1,1,0,1333,3225,7915,11185,20559,65535,6756,32540,45147,58018,34216,65535,6766
1685686026,0,1,1,0,1333,3225,7918,11194,20555,65535,6756,32547,45189,58056,34225,65535,6768
1685686032,0,1,1,0,1333,3226,7918,11193,20557,65535,6756,32528,45160,58011,34225,65535,6766
1685686038,0,1,1,0,1333,3226,7921,11188,20573,65535,6766,32579,45197,58081,34258,65535,6773
1685686044,0,1,1,0,1333,3228,7923,11195,20575,65535,6760,32577,45211,58078,34256,65535,6772
1685686050,0,1,1,0,1333,3224,7909,11180,20537,65535,6754,32510,45110,57991,34208,65535,6762
1685686056,0,1,1,0,1333,3222,7911,11187,20541,65535,6756,32518,45144,57998,34214,65535,6762
1685686062,0,1,1,0,1333,3228,7925,11194,20575,65535,6762,32566,45206,58080,34248,65535,6774
1685686068,0,1,1,0,1333,3224,7915,11181,20546,65535,6756,32519,45158,58000,34221,65535,6764
1685686074,0,1,1,0,1333,3228,7919,11199,20575,65535,6760,32543,45183,58046,34238,65535,6770
1685686080,0,1,1,0,1333,3226,7920,11186,20567,65535,6760,32548,45175,58032,34230,65535,6768
1685686086,0,1,1,0,1333,3224,7912,11195,20566,65535,6760,32548,45151,58029,34227,65535,6768
1685686092,0,1,1,0,1333,3225,7915,11181,20559,65535,6760,32541,45175,58031,34227,65535,6768
1685686098,0,1,1,0,1333,3224,7918,11192,20563,65535,6760,32565,45172,58058,34238,65535,6770
1685686104,0,1,1,0,1333,3224,7910,11179,20558,65535,6756,32534,45140,58000,34199,65535,6762
1685686110,0,1,1,0,1333,3225,7911,11176,20562,65535,6758,32531,45127,58003,34220,65535,6766
1685686116,0,1,1,0,1333,3225,7916,11184,20563,65535,6756,32531,45131,58016,34201,65535,6768
1685686122,0,1,1,0,1332,3223,7918,11184,20566,65535,6756,32551,45143,58031,34210,65535,6768
1685686128,0,1,1,0,1332,3224,7915,11183,20566,65535,6759,32552,45147,58038,34233,65535,6767
1685686134,0,1,1,0,1332,3223,7913,11181,20552,65535,6758,32531,45159,58027,34215,65535,6770
1685686140,0,1,1,0,1333,3222,7910,11178,20553,65535,6754,32536,45144,58016,34203,65535,6764
1685686146,0,1,1,0,1333,3222,7911,11181,20547,65535,6756,32519,45137,57968,34213,65535,6766
1685686152,0,1,1,0,1333,3225,7914,11183,20560,65535,6756,32540,45149,58017,34222,65535,6764
1685686158,0,1,1,0,1333,3225,7916,11175,20548,65535,6758,32533,45143,57997,34216,65535,6764
1685686164,0,1,1,0,1333,3222,7907,11167,20537,65535,6750,32502,45086,57961,34180,65535,6758
1685686170,0,1,1,0,1333,3224,7915,11181,20561,65535,6756,32535,45145,58012,34224,65535,6764
1685686176,0,1,1,0,1333,3224,7915,11182,20563,65535,6756,32538,45153,58018,34205,65535,6764
1685686182,0,1,1,0,1333,3220,7908,11175,20536,65535,6750,32494,45080,57950,34176,65535,6758
1685686188,0,1,1,0,1333,3222,7909,11174,20546,65535,6754,32532,45153,58009,34228,65535,6762
1685686194,0,1,1,0,1333,3221,7909,11175,20537,65535,6754,32546,45150,58008,34227,65535,6766
1685686200,0,1,1,0,1333,3221,7911,11179,20545,65535,6750,32519,45115,57974,34187,65535,6762
1685686206,0,1,1,0,1333,3224,7916,11184,20546,65535,6758,32558,45177,58060,34219,65535,6766
1685686212,0,1,1,0,1333,3223,7917,11187,20565,65535,6758,32543,45142,58032,34208,65535,6764
1685686218,0,1,1,0,1333,3223,7912,11177,20552,65535,6754,32527,45144,58027,34228,65535,6764
1685686224,0,1,1,0,1333,3224,7914,11181,20558,65535,6756,32520,45134,57990,34193,65535,6766
1685686230,0,1,1,0,1333,3221,7910,11181,20549,65535,6758,32504,45125,57993,34211,65535,6760
1685686236,0,1,1,0,1333,3223,7910,11176,20547,65535,6754,32528,45131,57969,34208,65535,6760
1685686242,0,1,1,0,1333,3224,7912,11177,20546,65535,6754,32508,45126,57967,34200,65535,6764
1685686248,0,1,1,0,1333,3222,7911,11175,20539,65535,6756,32512,45125,57983,34213,65535,6762
1685686254,0,1,1,0,1333,3225,7913,11180,20538,65535,6756,32515,45129,57984,34208,65535,6762
1685686260,0,1,1,0,1333,3227,7920,11194,20562,65535,6760,32542,45171,58033,34223,65535,6769
1685686266,0,1,1,0,1333,3224,7918,11181,20552,65535,6758,32523,45157,58016,34209,65535,6766
1685686272,0,1,1,0,1333,3222,7908,11176,20532,65535,6752,32505,45119,57971,34207,65535,6762
1685686278,0,1,1,0,1333,3224,7916,11179,20540,65535,6756,32522,45140,57988,34213,65535,6764
1685686284,0,1,1,0,1333,3225,7917,11180,20550,65535,6754,32533,45132,57990,34214,65535,6762
1685686290,0,1,1,0,1333,3224,7916,11184,20557,65535,6759,32535,45140,57987,34214,65535,6762
1685686296,0,1,1,0,1333,3225,7915,11190,20556,65535,6758,32536,45181,58025,34236,65535,6768
1685686302,0,1,1,0,1333,3225,7919,11187,20546,65535,6758,32524,45158,58007,34205,65535,6766
1685686308,0,1,1,0,1333,3225,7916,11189,20557,65535,6760,32542,45177,58041,34220,65535,6768
1685686314,0,1,1,0,1333,3228,7924,11198,20585,65535,6768,32575,45235,58103,34257,65535,6774
1685686320,0,1,1,0,1333,3229,7920,11192,20561,65535,6764,32557,45201,58056,34247,65535,6770
1685686326,0,1,1,0,1333,3227,7924,11191,20567,65535,6762,32567,45193,58054,34247,65535,6770
1685686332,0,1,1,0,1333,3229,7923,11200,20577,65535,6762,32555,45199,58090,34254,65535,6772
1685686338,0,1,1,0,1333,3229,7921,11194,20561,65535,6762,32560,45180,58077,34241,65535,6770
1685686344,0,1,1,0,1333,3226,7917,11195,20571,65535,6762,32561,45186,58050,34235,65535,6770
1685686350,0,1,1,0,1333,3226,7911,11188,20553,65535,6758,32533,45160,58006,34227,65535,6766
1685686356,0,1,1,0,1333,3227,7918,11192,20557,65535,6760,32543,45192,58039,34232,65535,6768
1685686362,0,1,1,0,1333,3230,7926,11200,20569,65535,6766,32569,45213,58084,34251,65535,6773
1685686368,0,1,1,0,1333,3229,7926,11202,20576,65535,6766,32582,45227,58054,34251,65535,6777
1685686374,0,1,1,0,1333,3230,7924,11196,20574,65535,6768,32561,45189,58065,34248,65535,6776
1685686380,0,1,1,0,1333,3227,7925,11198,20570,65535,6765,32556,45211,58068,34254,65535,6774
1685686386,0,1,1,0,1333,3228,7922,11194,20569,65535,6760,32539,45165,58036,34229,65535,6769
1685686392,0,1,1,0,1333,3228,7927,11204,20582,65535,6768,32592,45225,58124,34265,65535,6774
1685686398,0,1,1,0,1333,3229,7930,11206,20592,65535,6768,32586,45249,58113,34284,65535,6778
1685686404,0,1,1,0,1333,3230,7929,11206,20580,65535,6770,32579,45230,58098,34275,65535,6774
1685686410,0,1,1,0,1333,3230,7927,11207,20590,65535,6768,32588,45219,58092,34274,65535,6774
1685686416,0,1,1,0,1333,3227,7915,11190,20553,65535,6762,32565,45212,58056,34260,65535,6772
1685686422,0,1,1,0,1333,3225,7919,11185,20550,65535,6760,32556,45175,58021,34237,65535,6768
1685686428,0,1,1,0,1333,3226,7921,11196,20556,65535,6762,32555,45174,58028,34223,65535,6768
1685686434,0,1,1,0,1333,3228,7921,11189,20565,65535,6764,32560,45183,58051,34247,65535,6771
1685686440,0,1,1,0,1333,3226,7922,11199,20577,65535,6762,32572,45192,58063,34256,65535,6772
1685686446,0,1,1,0,1333,3227,7922,11198,20575,65535,6764,32547,45185,58058,34231,65535,6772
1685686452,0,1,1,0,1333,3227,7916,11185,20560,65535,6764,32572,45175,58065,34251,65535,6772
1685686458,0,1,1,0,1333,3227,7922,11193,20573,65535,6764,32547,45189,58053,34234,65535,6770
1685686464,0,1,1,0,1333,3229,7923,11195,20572,65535,6760,32571,45203,58058,34251,65535,6770
1685686470,0,1,1,0,1333,3229,7928,11200,20585,65535,6770,32580,45213,58075,34259,65535,6774
1685686476,0,1,1,0,1333,3230,7924,11206,20579,65535,6764,32560,45203,58064,34256,65535,6770
1685686482,0,1,1,0,1333,3230,7929,11205,20586,65535,6770,32587,45228,58085,34254,65535,6774
1685686488,0,1,1,0,1333,3226,7921,11194,20577,65535,6766,32573,45200,58105,34273,65535,6774
1685686494,0,1,1,0,1333,3227,7920,11196,20574,65535,6764,32557,45189,58073,34259,65535,6772
1685686500,0,1,1,0,1333,3224,7916,11180,20543,65535,6758,32537,45154,58003,34206,65535,6764
1685686506,0,1,1,0,1333,3225,7914,11183,20559,65535,6757,32533,45156,57997,34219,65535,6764
1685686512,0,1,1,0,1333,3227,7921,11194,20570,65535,6762,32553,45172,58073,34244,65535,6770
1685686518,0,1,1,0,1333,3226,7917,11186,20556,65535,6758,32535,45163,58042,34233,65535,6768
1685686524,0,1,1,0,1333,3223,7914,11179,20549,65535,6756,32520,45146,57987,34198,65535,6762
1685686530,0,1,1,0,1333,3223,7913,11175,20555,65535,6754,32514,45136,57979,34194,65535,6762
1685686536,0,1,1,0,1333,3224,7912,11176,20550,65535,6756,32510,45132,57975,34209,65535,6762
1685686542,0,1,1,0,1333,3226,7913,11178,20560,65535,6758,32538,45145,57990,34223,65535,6764
1685686548,0,1,1,0,1333,3226,7918,11186,20555,65535,6760,32555,45141,58028,34229,65535,6768
1685686554,0,1,1,0,1333,3224,7915,11182,20560,65535,6756,32516,45148,57998,34205,65535,6766
1685686560,0,1,1,0,1333,3225,7918,11192,20561,65535,6758,32541,45174,58033,34215,65535,6770
1685686566,0,1,1,0,1333,3226,7916,11192,20562,65535,6762,32541,45166,58033,34224,65535,6770
1685686572,0,1,1,0,1333,3226,7919,11191,20567,65535,6764,32547,45185,58054,34238,65535,6770
1685686578,0,1,1,0,1333,3223,7914,11184,20552,65535,6754,32510,45130,58001,34199,65535,6766
1685686584,0,1,1,0,1333,3223,7916,11177,20544,65535,6756,32533,45148,58001,34213,65535,6764
1685686590,0,1,1,0,1333,3225,7924,11189,20571,65535,6762,32559,45195,58068,34256,65535,6772
1685686596,0,1,1,0,1333,3227,7925,11196,20568,65535,6766,32554,45175,58056,34227,65535,6771
1685686602,0,1,1,0,1333,3227,7924,11196,20577,65535,6764,32559,45205,58066,34253,65535,6772
1685686608,0,1,1,0,1333,3227,7921,11186,20563,65535,6760,32556,45191,58050,34249,65535,6772
1685686614,0,1,1,0,1333,3226,7918,11193,20568,65535,6762,32542,45184,58038,34234,65535,6772
1685686620,0,1,1,0,1333,3226,7917,11186,20555,65535,6758,32534,45136,58007,34205,65535,6762
1685686626,0,1,1,0,1333,3223,7910,11183,20548,65535,6756,32533,45158,58008,34229,65535,6766
1685686632,0,1,1,0,1333,3224,7915,11187,20549,65535,6758,32530,45138,58013,34214,65535,6768
1685686638,0,1,1,0,1333,3225,7920,11185,20558,65535,6760,32548,45175,58038,34228,65535,6768
1685686644,0,1,1,0,1333,3225,7920,11201,20559,65535,6760,32547,45195,58052,34227,65535,6770
1685686650,0,1,1,0,1333,3225,7910,11186,20544,65535,6756,32534,45166,58018,34218,65535,6766
1685686656,0,1,1,0,1333,3227,7921,11193,20559,65535,6762,32568,45215,58071,34249,65535,6772
1685686662,0,1,1,0,1333,3227,7923,11198,20575,65535,6768,32550,45187,58036,34235,65535,6772
1685686668,0,1,1,0,1333,3225,7917,11185,20560,65535,6760,32533,45153,57989,34211,65535,6768
1685686674,0,1,1,0,1333,3226,7920,11188,20564,65535,6758,32550,45196,58048,34227,65535,6770
1685686680,0,1,1,0,1333,3228,7924,11194,20579,65535,6766,32566,45204,58069,34263,65535,6774
1685686686,0,1,1,0,1332,3226,7921,11190,20562,65535,6764,32554,45187,58076,34248,65535,6768
1685686692,0,1,1,0,1333,3225,7921,11188,20560,65535,6762,32560,45202,58073,34236,65535,6772
1685686698,0,1,1,0,1333,3223,7914,11186,20558,65535,6760,32534,45166,58036,34237,65535,6770
1685686704,0,1,1,0,1333,3225,7921,11190,20569,65535,6764,32541,45166,58029,34218,65535,6768
1685686710,0,1,1,0,1333,3225,7916,11189,20563,65535,6762,32543,45165,58039,34234,65535,6768
1685686716,0,1,1,0,1333,3224,7915,11188,20561,65535,6760,32542,45150,58048,34217,65535,6768
1685686722,0,1,1,0,1332,3228,7918,11192,20570,65535,6764,32550,45180,58047,34232,65535,6772
1685686728,0,1,1,0,1332,3227,7920,11193,20575,65535,6762,32557,45182,58053,34248,65535,6770
1685686734,0,1,1,0,1332,3225,7914,11189,20555,65535,6760,32547,45174,58045,34227,65535,6768
1685686740,0,1,1,0,1333,3224,7918,11178,20551,65535,6760,32535,45158,57987,34210,65535,6768
1685686746,0,1,1,0,1332,3223,7914,11180,20563,65535,6760,32545,45144,57997,34210,65535,6766
1685686752,0,1,1,0,1332,3224,7914,11177,20554,65535,6758,32526,45144,58008,34215,65535,6766
1685686758,0,1,1,0,1332,3222,7909,11171,20556,65535,6756,32520,45125,57982,34200,65535,6766
1685686764,0,1,1,0,1332,3220,7908,11168,20546,65535,6752,32512,45114,57968,34200,65535,6760
1685686770,0,1,1,0,1332,3220,7905,11166,20532,65535,6752,32506,45110,57988,34173,65535,6760
1685686776,0,1,1,0,1332,3220,7907,11164,20542,65535,6750,32505,45106,57952,34186,65535,6756
1685686782,0,1,1,0,1332,3219,7904,11163,20537,65535,6748,32500,45102,57942,34184,65535,6758
1685686788,0,1,1,0,1332,3221,7909,11172,20547,65535,6754,32501,45098,57943,34176,65535,6762
1685686794,0,1,1,0,1332,3221,7910,11171,20547,65535,6752,32508,45109,57958,34178,65535,6764
1685686800,0,1,1,0,1332,3219,7900,11155,20515,65535,6744,32471,45062,57891,34160,65535,6752
1685686806,0,1,1,0,1332,3218,7901,11154,20526,65535,6746,32488,45058,57889,34159,65535,6750
1685686812,0,1,1,0,1332,3219,7905,11163,20526,65535,6748,32490,45091,57924,34169,65535,6758
1685686818,0,1,1,0,1332,3219,7905,11170,20533,65535,6752,32468,45064,57896,34165,65535,6754
1685686824,0,1,1,0,1332,3220,7904,11161,20539,65535,6752,32502,45110,57954,34180,65535,6758
1685686830,0,1,1,0,1332,3220,7907,11166,20537,65535,6752,32502,45103,57940,34192,65535,6758
1685686836,0,1,1,0,1332,3222,7904,11161,20534,65535,6752,32498,45097,57934,34169,65535,6760
1685686842,0,1,1,0,1332,3221,7908,11166,20547,65535,6752,32509,45109,57976,34196,65535,6762
1685686848,0,1,1,0,1332,3222,7909,11175,20545,65535,6754,32518,45122,57962,34183,65535,6764
1685686854,0,1,1,0,1332,3221,7905,11167,20540,65535,6754,32506,45116,57959,34181,65535,6762
1685686860,0,1,1,0,1332,3219,7904,11160,20527,65535,6748,32494,45088,57929,34161,65535,6757
1685686866,0,1,1,0,1332,3219,7905,11162,20542,65535,6750,32483,45085,57936,34155,65535,6756
1685686872,0,1,1,0,1332,3217,7895,11159,20526,65535,6744,32465,45047,57869,34137,65535,6752
1685686878,0,1,1,0,1332,3220,7906,11168,20545,65535,6752,32500,45104,57927,34169,65535,6759
1685686884,0,1,1,0,1332,3218,7897,11154,20525,65535,6744,32466,45052,57877,34139,65535,6754
1685686890,0,1,1,0,1332,3220,7905,11171,20534,65535,6748,32497,45091,57959,34183,65535,6758
1685686896,0,1,1,0,1332,3220,7906,11172,20549,65535,6752,32512,45140,57988,34199,65535,6762
1685686902,0,1,1,0,1332,3220,7903,11166,20547,65535,6752,32506,45120,57960,34180,65535,6760
1685686908,0,1,1,0,1332,3222,7909,11177,20555,65535,6754,32517,45129,58002,34208,65535,6762
1685686914,0,1,1,0,1332,3221,7907,11167,20549,65535,6754,32507,45107,57990,34199,65535,6762
1685686920,0,1,1,0,1332,3224,7910,11170,20557,65535,6754,32513,45118,57967,34194,65535,6760
1685686926,0,1,1,0,1332,3221,7908,11168,20547,65535,6758,32528,45122,57974,34188,65535,6762
1685686932,0,1,1,0,1332,3219,7905,11162,20544,65535,6750,32507,45084,57949,34191,65535,6760
1685686938,0,1,1,0,1332,3220,7901,11164,20539,65535,6751,32486,45080,57930,34181,65535,6758
1685686944,0,1,1,0,1332,3215,7897,11151,20504,65535,6742,32453,45031,57870,34128,65535,6750
1685686950,0,1,1,0,1332,3218,7900,11162,20540,65535,6749,32497,45077,57910,34159,65535,6758
1685686956,0,1,1,0,1332,3217,7897,11157,20530,65535,6744,32470,45051,57904,34148,65535,6752
1685686962,0,1,1,0,1332,3217,7898,11146,20525,65535,6744,32457,45038,57877,34145,65535,6750
1685686968,0,1,1,0,1332,3220,7902,11156,20536,65535,6746,32506,45087,57936,34160,65535,6760
1685686974,0,1,1,0,1332,3219,7902,11160,20530,65535,6750,32491,45077,57928,34155,65535,6756
1685686980,0,1,1,0,1332,3216,7897,11155,20519,65535,6744,32457,45043,57873,34126,65535,6750
1685686986,0,1,1,0,1332,3221,7908,11169,20554,65535,6750,32512,45114,57959,34175,65535,6762
1685686992,0,1,1,0,1332,3218,7900,11157,20536,65535,6748,32485,45080,57915,34172,65535,6756
1685686998,0,1,1,0,1332,3217,7898,11148,20518,65535,6742,32460,45035,57869,34127,65535,6752
1685687004,0,1,1,0,1332,3216,7891,11141,20500,65535,6740,32458,45014,57853,34114,65535,6750
1685687010,0,1,1,0,1332,3214,7889,11150,20502,65535,6740,32447,45027,57852,34116,65535,6749
1685687016,0,1,1,0,1332,3212,7888,11139,20499,65535,6740,32433,45000,57843,34122,65535,6744
1685687022,0,1,1,0,1332,3213,7889,11141,20515,65535,6742,32472,45060,57908,34142,65535,6752
1685687028,0,1,1,0,1332,3213,7889,11140,20511,65535,6739,32450,45044,57859,34135,65535,6750
1685687034,0,1,1,0,1332,3216,7892,11147,20511,65535,6744,32450,45024,57866,34121,65535,6752
1685687040,0,1,1,0,1332,3218,7894,11152,20527,65535,6744,32458,45032,57854,34131,65535,6752
1685687046,0,1,1,0,1332,3212,7889,11144,20517,65535,6740,32442,45004,57840,34134,65535,6748
1685687052,0,1,1,0,1332,3214,7891,11146,20521,65535,6742,32447,45015,57884,34118,65535,6748
1685687058,0,1,1,0,1332,3213,7893,11143,20512,65535,6742,32430,44995,57827,34124,65535,6746
1685687064,0,1,1,0,1331,3213,7893,11138,20513,65535,6738,32432,44987,57827,34106,65535,6746
1685687070,0,1,1,0,1332,3215,7895,11150,20522,65535,6746,32472,45062,57861,34144,65535,6752
1685687076,0,1,1,0,1332,3215,7890,11145,20528,65535,6742,32457,45034,57872,34135,65535,6750
1685687082,0,1,1,0,1332,3218,7897,11150,20536,65535,6748,32462,45048,57904,34144,65535,6754
1685687088,0,1,1,0,1332,3217,7899,11154,20538,65535,6744,32470,45054,57894,34154,65535,6752
1685687094,0,1,1,0,1332,3215,7890,11148,20520,65535,6740,32458,45021,57882,34125,65535,6746
1685687100,0,1,1,0,1332,3215,7895,11147,20513,65535,6740,32455,45030,57877,34144,65535,6752
1685687106,0,1,1,0,1332,3215,7896,11150,20514,65535,6744,32467,45051,57890,34134,65535,6752
1685687112,0,1,1,0,1332,3217,7898,11153,20530,65535,6746,32473,45059,57906,34143,65535,6754
1685687118,0,1,1,0,1332,3218,7896,11155,20523,65535,6746,32484,45051,57907,34164,65535,6756
1685687124,0,1,1,0,1332,3217,7899,11152,20521,65535,6744,32478,45065,57894,34166,65535,6752
1685687130,0,1,1,0,1332,3219,7897,11162,20544,65535,6750,32499,45095,57950,34165,65535,6760
1685687136,0,1,1,0,1332,3218,7899,11158,20541,65535,6748,32489,45084,57935,34168,65535,6758
1685687142,0,1,1,0,1331,3218,7903,11158,20544,65535,6752,32493,45091,57930,34191,65535,6758
1685687148,0,1,1,0,1331,3219,7902,11152,20533,65535,6748,32488,45081,57925,34172,65535,6758
1685687154,0,1,1,0,1332,3217,7900,11149,20533,65535,6747,32479,45069,57900,34154,65535,6754
1685687160,0,1,1,0,1331,3216,7898,11149,20527,65535,6748,32482,45046,57921,34176,65535,6754
1685687166,0,1,1,0,1331,3215,7896,11151,20525,65535,6746,32473,45058,57908,34148,65535,6752
1685687172,0,1,1,0,1332,3216,7898,11155,20528,65535,6746,32472,45058,57904,34171,65535,6754
1685687178,0,1,1,0,1331,3214,7895,11147,20519,65535,6744,32459,45034,57888,34138,65535,6752
1685687184,0,1,1,0,1332,3214,7891,11147,20515,65535,6740,32449,45018,57868,34139,65535,6746
1685687190,0,1,1,0,1331,3214,7894,11148,20527,65535,6740,32443,45007,57870,34139,65535,6748
1685687196,0,1,1,0,1331,3213,7890,11138,20507,65535,6736,32428,44990,57819,34114,65535,6742
1685687202,0,1,1,0,1331,3213,7892,11140,20508,65535,6736,32445,44996,57824,34115,65535,6748
1685687208,0,1,1,0,1331,3215,7887,11138,20523,65535,6740,32454,45027,57857,34139,65535,6746
1685687214,0,1,1,0,1331,3212,7885,11130,20510,65535,6736,32436,44996,57843,34122,65535,6744
1685687220,0,1,1,0,1331,3212,7888,11135,20509,65535,6738,32435,44990,57825,34105,65535,6746
1685687226,0,1,1,0,1331,3209,7884,11127,20510,65535,6736,32416,44976,57772,34089,65535,6740
1685687232,0,1,1,0,1331,3209,7885,11131,20485,65535,6730,32409,44951,57776,34097,65535,6736
1685687238,0,1,1,0,1331,3208,7883,11125,20491,65535,6732,32419,44971,57809,34113,65535,6746
1685687244,0,1,1,0,1331,3212,7888,11130,20515,65535,6736,32428,44986,57793,34101,65535,6742
1685687250,0,1,1,0,1331,3210,7877,11122,20493,65535,6730,32393,44934,57737,34085,65535,6738
1685687256,0,1,1,0,1331,3213,7881,11130,20511,65535,6736,32436,44959,57786,34096,65535,6740
1685687262,0,1,1,0,1331,3211,7884,11130,20509,65535,6734,32444,44982,57830,34117,65535,6744
1685687268,0,1,1,0,1331,3213,7888,11137,20522,65535,6738,32448,45008,57832,34112,65535,6748
1685687274,0,1,1,0,1331,3211,7887,11133,20502,65535,6736,32431,44993,57825,34112,65535,6744
1685687280,0,1,1,0,1331,3207,7879,11119,20490,65535,6726,32393,44939,57758,34080,65535,6738
1685687286,0,1,1,0,1331,3209,7883,11128,20492,65535,6732,32409,44965,57792,34077,65535,6742
1685687292,0,1,1,0,1331,3211,7884,11137,20511,65535,6736,32425,44983,57813,34110,65535,6744
1685687298,0,1,1,0,1331,3212,7889,11134,20514,65535,6736,32431,44988,57828,34106,65535,6746
1685687304,0,1,1,0,1331,3213,7888,11135,20503,65535,6734,32436,44978,57823,34115,65535,6744
1685687310,0,1,1,0,1331,3211,7883,11130,20496,65535,6736,32424,44963,57791,34090,65535,6742
1685687316,0,1,1,0,1331,3208,7882,11132,20501,65535,6734,32407,44960,57785,34082,65535,6741
1685687322,0,1,1,0,1331,3214,7891,11142,20531,65535,6742,32449,45008,57852,34120,65535,6744
1685687328,0,1,1,0,1331,3213,7889,11140,20511,65535,6740,32427,44975,57809,34092,65535,6742
1685687334,0,1,1,0,1331,3213,7890,11136,20513,65535,6738,32460,45009,57841,34121,65535,6746
1685687340,0,1,1,0,1331,3212,7889,11135,20513,65535,6738,32440,44994,57833,34110,65535,6746
1685687346,0,1,1,0,1331,3211,7887,11133,20507,65535,6738,32432,44994,57826,34105,65535,6746
1685687352,0,1,1,0,1331,3211,7884,11130,20498,65535,6736,32425,44981,57813,34095,65535,6742
1685687358,0,1,1,0,1331,3211,7886,11138,20506,65535,6736,32441,44982,57837,34112,65535,6740
1685687364,0,1,1,0,1331,3211,7883,11129,20503,65535,6734,32426,44974,57789,34091,65535,6742
1685687370,0,1,1,0,1331,3211,7884,11129,20500,65535,6736,32421,44962,57814,34105,65535,6740
1685687376,0,1,1,0,1331,3209,7882,11120,20509,65535,6734,32415,44957,57810,34107,65535,6742
1685687382,0,1,1,0,1331,3210,7883,11126,20497,65535,6733,32410,44954,57787,34074,65535,6739
1685687388,0,1,1,0,1331,3208,7878,11122,20500,65535,6730,32418,44957,57781,34101,65535,6738
1685687394,0,1,1,0,1331,3206,7874,11108,20473,65535,6724,32384,44925,57727,34042,65535,6731
1685687400,0,1,1,0,1331,3204,7871,11107,20467,65535,6720,32375,44908,57712,34037,65535,6730
1685687406,0,1,1,0,1331,3207,7878,11110,20482,65535,6728,32391,44932,57750,34072,65535,6734
1685687412,0,1,1,0,1331,3204,7872,11100,20476,65535,6722,32381,44920,57709,34065,65535,6731
1685687418,0,1,1,0,1331,3207,7874,11113,20494,65535,6730,32405,44961,57767,34091,65535,6738
1685687424,0,1,1,0,1331,3207,7874,11117,20484,65535,6728,32395,44942,57750,34064,65535,6738
1685687430,0,1,1,0,1331,3208,7880,11120,20496,65535,6732,32412,44956,57799,34078,65535,6738
1685687436,0,1,1,0,1331,3207,7876,11112,20501,65535,6729,32386,44925,57720,34060,65535,6734
1685687442,0,1,1,0,1330,3208,7878,11121,20496,65535,6732,32406,44952,57747,34090,65535,6738
1685687448,0,1,1,0,1331,3209,7882,11122,20506,65535,6732,32412,44957,57778,34077,65535,6738
1685687454,0,1,1,0,1331,3207,7877,11118,20493,65535,6728,32400,44945,57772,34084,65535,6738
1685687460,0,1,1,0,1331,3208,7880,11122,20505,65535,6732,32412,44962,57766,34074,65535,6740
1685687466,0,1,1,0,1331,3207,7878,11117,20493,65535,6732,32391,44933,57755,34059,65535,6734
1685687472,0,1,1,0,1331,3207,7878,11117,20496,65535,6726,32402,44933,57782,34076,65535,6738
1685687478,0,1,1,0,1331,3207,7880,11121,20494,65535,6730,32401,44946,57745,34084,65535,6738
1685687484,0,1,1,0,1331,3207,7878,11115,20497,65535,6726,32400,44953,57779,34082,65535,6738
1685687490,0,1,1,0,1331,3208,7879,11114,20494,65535,6728,32388,44934,57752,34071,65535,6738
1685687496,0,1,1,0,1331,3205,7876,11118,20480,65535,6730,32400,44935,57751,34081,65535,6736
1685687502,0,1,1,0,1331,3208,7876,11110,20474,65535,6726,32373,44912,57731,34064,65535,6738
1685687508,0,1,1,0,1331,3207,7877,11116,20485,65535,6726,32384,44917,57708,34073,65535,6736
1685687514,0,1,1,0,1331,3211,7886,11136,20500,65535,6738,32426,44984,57799,34107,65535,6740
1685687520,0,1,1,0,1331,3210,7887,11133,20505,65535,6738,32421,44966,57791,34093,65535,6744
1685687526,0,1,1,0,1331,3210,7887,11126,20515,65535,6736,32439,44987,57819,34092,65535,6742
1685687532,0,1,1,0,1331,3212,7886,11126,20518,65535,6738,32433,44996,57830,34105,65535,6744
1685687538,0,1,1,0,1331,3206,7876,11107,20485,65535,6727,32393,44908,57731,34046,65535,6730
1685687544,0,1,1,0,1331,3208,7876,11115,20479,65535,6726,32390,44919,57722,34076,65535,6736
1685687550,0,1,1,0,1331,3211,7887,11131,20512,65535,6736,32428,44989,57818,34092,65535,6746
1685687556,0,1,1,0,1331,3211,7885,11130,20514,65535,6734,32420,44954,57791,34086,65535,6740
1685687562,0,1,1,0,1331,3207,7878,11120,20492,65535,6732,32417,44946,57806,34087,65535,6738
1685687568,0,1,1,0,1330,3207,7878,11115,20488,65535,6730,32385,44924,57743,34065,65535,6734
1685687574,0,1,1,0,1331,3204,7873,11107,20474,65535,6724,32378,44910,57709,34056,65535,6730
1685687580,0,1,1,0,1330,3207,7874,11108,20495,65535,6726,32384,44907,57725,34046,65535,6732
1685687586,0,1,1,0,1331,3201,7863,11094,20470,65535,6718,32344,44849,57663,34024,65535,6726
1685687592,0,1,1,0,1330,3201,7862,11092,20465,65535,6716,32341,44846,57655,34019,65535,6724
1685687598,0,1,1,0,1330,3199,7862,11085,20462,65535,6713,32333,44822,57641,34009,65535,6720
1685687604,0,1,1,0,1330,3198,7860,11083,20455,65535,6714,32334,44840,57645,33989,65535,6720
1685687610,0,1,1,0,1330,3197,7850,11074,20441,65535,6712,32315,44809,57609,33986,65535,6719
1685687616,0,1,1,0,1330,3198,7857,11080,20460,65535,6712,32312,44797,57600,33961,65535,6719
1685687622,0,1,1,0,1330,3198,7855,11079,20444,65535,6708,32311,44807,57636,33988,65535,6716
1685687628,0,1,1,0,1330,3195,7850,11068,20438,65535,6706,32281,44772,57558,33956,65535,6712
1685687634,0,1,1,0,1325,3195,7848,11067,20433,65535,6703,32284,44764,57562,33932,65535,6710
1685687640,0,1,1,0,1330,3199,7852,11075,20440,65535,6710,32307,44812,57596,33979,65535,6718
1685687646,0,1,1,0,1330,3200,7859,11084,20451,65535,6712,32329,44836,57639,34003,65535,6722
1685687652,0,1,1,0,1330,3197,7857,11083,20462,65535,6712,32329,44828,57616,34006,65535,6720
1685687658,0,1,1,0,1325,3198,7855,11079,20446,65535,6712,32315,44810,57615,33971,65535,6718
1685687664,0,1,1,0,1330,3195,7847,11071,20436,65535,6708,32285,44763,57557,33952,65535,6712
1685687670,0,1,1,0,1325,3196,7851,11068,20435,65535,6706,32322,44798,57605,33985,65535,6718
1685687676,0,1,1,0,1330,3194,7848,11066,20434,65535,6702,32259,44719,57509,33926,65535,6706
1685687682,0,1,1,0,1325,3196,7851,11070,20444,65535,6708,32308,44791,57595,33971,65535,6716
1685687688,0,1,1,0,1325,3190,7839,11054,20403,65535,6694,32249,44715,57483,33901,65535,6704
1685687694,0,1,1,0,1325,3191,7838,11045,20414,65535,6694,32253,44718,57500,33915,65535,6702
1685687700,0,1,1,0,1325,3195,7847,11071,20438,65535,6702,32280,44755,57552,33936,65535,6712
1685687706,0,1,1,0,1325,3193,7852,11062,20440,65535,6704,32281,44736,57525,33922,65535,6708
1685687712,0,1,1,0,1325,3194,7846,11063,20440,65535,6702,32288,44732,57579,33947,65535,6712
1685687718,0,1,1,0,1325,3192,7845,11056,20436,65535,6700,32272,44747,57529,33938,65535,6708
1685687724,0,1,1,0,1325,3192,7843,11064,20434,65535,6700,32273,44728,57533,33916,65535,6710
1685687730,0,1,1,0,1325,3193,7842,11054,20432,65535,6702,32270,44726,57491,33927,65535,6706
1685687736,0,1,1,0,1325,3193,7841,11055,20421,65535,6698,32266,44710,57521,33902,65535,6706
1685687742,0,1,1,0,1325,3191,7838,11049,20429,65535,6698,32276,44722,57513,33925,65535,6706
1685687748,0,1,1,0,1325,3189,7838,11047,20413,65535,6696,32255,44697,57500,33919,65535,6704
1685687754,0,1,1,0,1325,3189,7839,11046,20423,65535,6696,32252,44697,57491,33913,65535,6704
1685687760,0,1,1,0,1325,3190,7839,11047,20416,65535,6694,32255,44687,57494,33911,65535,6706
1685687766,0,1,1,0,1325,3191,7838,11045,20427,65535,6696,32242,44699,57481,33905,65535,6702
1685687772,0,1,1,0,1325,3189,7837,11035,20409,65535,6692,32244,44675,57472,33901,65535,6702
1685687778,0,1,1,0,1325,3190,7835,11043,20423,65535,6696,32237,44690,57471,33884,65535,6702
1685687784,0,1,1,0,1325,3189,7837,11045,20424,65535,6698,32245,44697,57480,33901,65535,6702
1685687790,0,1,1,0,1325,3189,7836,11045,20420,65535,6694,32250,44697,57485,33903,65535,6700
1685687796,0,1,1,0,1325,3188,7837,11048,20420,65535,6694,32243,44698,57505,33897,65535,6702
1685687802,0,1,1,0,1325,3187,7831,11043,20409,65535,6694,32266,44696,57490,33909,65535,6702
1685687808,0,1,1,0,1325,3190,7840,11044,20420,65535,6692,32246,44696,57511,33908,65535,6704
1685687814,0,1,1,0,1325,3189,7835,11043,20409,65535,6694,32235,44680,57485,33896,65535,6702
1685687820,0,1,1,0,1325,3188,7830,11037,20398,65535,6688,32222,44660,57446,33880,65535,6700
1685687826,0,1,1,0,1325,3187,7824,11034,20391,65535,6688,32230,44678,57459,33888,65535,6700
1685687832,0,1,1,0,1325,3187,7833,11040,20403,65535,6692,32248,44675,57466,33877,65535,6700
1685687838,0,1,1,0,1325,3186,7827,11034,20393,65535,6688,32236,44679,57488,33890,65535,6700
1685687844,0,1,1,0,1325,3187,7832,11036,20411,65535,6690,32224,44655,57437,33879,65535,6696
1685687850,0,1,1,0,1325,3188,7833,11036,20401,65535,6692,32242,44695,57468,33880,65535,6702
1685687856,0,1,1,0,1325,3189,7835,11041,20417,65535,6696,32243,44694,57500,33883,65535,6702
1685687862,0,1,1,0,1325,3189,7836,11049,20415,65535,6694,32250,44694,57515,33909,65535,6702
1685687868,0,1,1,0,1325,3187,7833,11039,20406,65535,6696,32246,44691,57508,33884,65535,6704
1685687874,0,1,1,0,1325,3189,7831,11042,20412,65535,6694,32228,44666,57479,33886,65535,6698
1685687880,0,1,1,0,1325,3187,7833,11042,20412,65535,6692,32218,44634,57433,33860,65535,6698
1685687886,0,1,1,0,1325,3188,7831,11034,20392,65535,6690,32232,44667,57444,33883,65535,6700
1685687892,0,1,1,0,1325,3187,7833,11035,20407,65535,6690,32224,44663,57438,33864,65535,6699
1685687898,0,1,1,0,1325,3185,7825,11037,20399,65535,6686,32200,44644,57422,33854,65535,6694
1685687904,0,1,1,0,1325,3187,7827,11026,20391,65535,6686,32220,44663,57424,33873,65535,6700
1685687910,0,1,1,0,1325,3188,7833,11044,20395,65535,6690,32229,44662,57429,33878,65535,6696
1685687916,0,1,1,0,1325,3188,7836,11043,20402,65535,6696,32254,44700,57473,33906,65535,6702
1685687922,0,1,1,0,1325,3191,7842,11049,20428,65535,6698,32258,44735,57536,33918,65535,6704
1685687928,0,1,1,0,1325,3189,7836,11043,20417,65535,6694,32236,44682,57467,33896,65535,6698
1685687934,0,1,1,0,1325,3186,7830,11035,20397,65535,6690,32221,44673,57436,33866,65535,6698
1685687940,0,1,1,0,1325,3189,7835,11044,20412,65535,6692,32243,44703,57484,33904,65535,6704
1685687946,0,1,1,0,1325,3189,7831,11037,20391,65535,6692,32218,44667,57429,33883,65535,6698
1685687952,0,1,1,0,1325,3190,7840,11048,20413,65535,6696,32251,44712,57520,33907,65535,6702
1685687958,0,1,1,0,1325,3193,7843,11058,20435,65535,6702,32280,44731,57508,33938,65535,6710
1685687964,0,1,1,0,1325,3189,7837,11047,20403,65535,6694,32263,44720,57507,33903,65535,6708
1685687970,0,1,1,0,1325,3192,7842,11059,20433,65535,6702,32272,44740,57523,33928,65535,6710
1685687976,0,1,1,0,1325,3191,7838,11049,20419,65535,6696,32241,44695,57473,33891,65535,6704
1685687982,0,1,1,0,1325,3193,7846,11061,20442,65535,6704,32283,44753,57575,33931,65535,6710
1685687988,0,1,1,0,1325,3190,7834,11045,20409,65535,6692,32226,44675,57450,33870,65535,6700
1685687994,0,1,1,0,1325,3191,7838,11058,20431,65535,6700,32224,44681,57440,33886,65535,6698
1685688000,0,1,1,0,1325,3189,7835,11045,20418,65535,6696,32258,44706,57500,33899,65535,6704
1685688006,0,1,1,0,1325,3189,7834,11041,20402,65535,6694,32250,44683,57477,33904,65535,6702
1685688012,0,1,1,0,1325,3190,7837,11048,20424,65535,6696,32250,44693,57475,33902,65535,6702
1685688018,0,1,1,0,1325,3185,7829,11038,20392,65535,6690,32239,44676,57445,33885,65535,6700
1685688024,0,1,1,0,1325,3187,7828,11035,20402,65535,6688,32224,44650,57449,33879,65535,6698
1685688030,0,1,1,0,1325,3189,7831,11043,20416,65535,6696,32238,44678,57453,33892,65535,6698
1685688036,0,1,1,0,1325,3189,7835,11041,20409,65535,6692,32247,44692,57468,33895,65535,6704
1685688042,0,1,1,0,1325,3190,7836,11044,20399,65535,6696,32254,44698,57486,33890,65535,6706
1685688048,0,1,1,0,1325,3191,7835,11049,20421,65535,6700,32274,44731,57512,33923,65535,6706
1685688054,0,1,1,0,1325,3192,7841,11050,20419,65535,6700,32259,44716,57489,33909,65535,6704
1685688060,0,1,1,0,1325,3189,7839,11053,20408,65535,6700,32278,44727,57510,33920,65535,6708
1685688066,0,1,1,0,1325,3192,7839,11060,20422,65535,6700,32263,44719,57497,33919,65535,6706
1685688072,0,1,1,0,1325,3189,7835,11047,20403,65535,6700,32265,44723,57516,33920,65535,6706
1685688078,0,1,1,0,1325,3190,7841,11056,20427,65535,6700,32270,44726,57492,33922,65535,6704
1685688084,0,1,1,0,1324,3193,7843,11059,20427,65535,6702,32259,44741,57528,33935,65535,6710
1685688090,0,1,1,0,1325,3193,7840,11056,20438,65535,6700,32289,44729,57541,33941,65535,6708
1685688096,0,1,1,0,1325,3191,7837,11052,20417,65535,6700,32273,44711,57507,33933,65535,6706
1685688102,0,1,1,0,1325,3192,7840,11054,20426,65535,6702,32281,44735,57551,33924,65535,6708
1685688108,0,1,1,0,1325,3190,7838,11054,20425,65535,6698,32278,44704,57518,33933,65535,6708
1685688114,0,1,1,0,1325,3190,7839,11048,20417,65535,6698,32263,44709,57527,33923,65535,6706
1685688120,0,1,1,0,1325,3192,7844,11057,20422,65535,6702,32282,44712,57525,33929,65535,6710
1685688126,0,1,1,0,1324,3192,7838,11056,20425,65535,6702,32275,44712,57519,33932,65535,6710
1685688132,0,1,1,0,1325,3192,7841,11053,20421,65535,6700,32275,44726,57543,33930,65535,6710
1685688138,0,1,1,0,1325,3192,7841,11052,20434,65535,6702,32273,44720,57515,33934,65535,6710
1685688144,0,1,1,0,1325,3190,7835,11039,20407,65535,6694,32237,44682,57457,33875,65535,6700
1685688150,0,1,1,0,1325,3191,7837,11053,20423,65535,6698,32248,44683,57463,33906,65535,6702
1685688156,0,1,1,0,1325,3191,7839,11055,20432,65535,6702,32285,44723,57534,33931,65535,6710
1685688162,0,1,1,0,1325,3188,7829,11036,20408,65535,6688,32234,44650,57460,33879,65535,6698
1685688168,0,1,1,0,1325,3190,7836,11040,20426,65535,6698,32252,44692,57498,33895,65535,6702
1685688174,0,1,1,0,1325,3188,7830,11042,20419,65535,6692,32247,44677,57487,33900,65535,6702
1685688180,0,1,1,0,1324,3188,7830,11035,20400,65535,6694,32244,44660,57447,33890,65535,6700
1685688186,0,1,1,0,1325,3186,7829,11037,20404,65535,6692,32223,44640,57411,33873,65535,6696
1685688192,0,1,1,0,1324,3187,7827,11038,20409,65535,6692,32235,44652,57462,33869,65535,6700
1685688198,0,1,1,0,1324,3187,7830,11043,20418,65535,6692,32237,44664,57492,33872,65535,6700
1685688204,0,1,1,0,1324,3184,7823,11028,20398,65535,6684,32222,44635,57443,33845,65535,6700
1685688210,0,1,1,0,1324,3183,7819,11023,20389,65535,6684,32207,44595,57412,33852,65535,6694
1685688216,0,1,1,0,1324,3187,7823,11030,20402,65535,6686,32216,44629,57427,33857,65535,6694
1685688222,0,1,1,0,1324,3186,7823,11024,20402,65535,6688,32243,44666,57472,33878,65535,6700
1685688228,0,1,1,0,1324,3185,7823,11026,20398,65535,6690,32225,44642,57423,33865,65535,6696
1685688234,0,1,1,0,1325,3186,7826,11031,20402,65535,6690,32218,44610,57383,33859,65535,6696
1685688240,0,1,1,0,1324,3185,7826,11026,20396,65535,6688,32208,44629,57409,33850,65535,6694
1685688246,0,1,1,0,1324,3185,7825,11032,20401,65535,6686,32218,44631,57444,33857,65535,6694
1685688252,0,1,1,0,1324,3185,7826,11027,20400,65535,6691,32218,44635,57410,33859,65535,6694
1685688258,0,1,1,0,1324,3186,7826,11038,20407,65535,6688,32233,44652,57450,33884,65535,6696
1685688264,0,1,1,0,1324,3188,7828,11039,20404,65535,6686,32234,44634,57486,33880,65535,6699
1685688270,0,1,1,0,1324,3188,7830,11039,20413,65535,6696,32239,44669,57472,33883,65535,6698
1685688276,0,1,1,0,1324,3188,7829,11035,20414,65535,6692,32227,44643,57451,33855,65535,6698
1685688282,0,1,1,0,1325,3187,7824,11041,20413,65535,6692,32237,44656,57446,33883,65535,6698
1685688288,0,1,1,0,1324,3186,7827,11036,20408,65535,6692,32236,44657,57461,33884,65535,6700
1685688294,0,1,1,0,1324,3186,7825,11033,20405,65535,6690,32223,44639,57440,33867,65535,6698
1685688300,0,1,1,0,1324,3186,7825,11029,20400,65535,6689,32229,44654,57448,33876,65535,6698
1685688306,0,1,1,0,1325,3186,7826,11032,20404,65535,6690,32215,44633,57428,33856,65535,6698
1685688312,0,1,1,0,1325,3185,7827,11034,20396,65535,6689,32214,44633,57413,33862,65535,6696
1685688318,0,1,1,0,1324,3185,7821,11030,20395,65535,6686,32205,44618,57412,33835,65535,6694
1685688324,0,1,1,0,1324,3186,7827,11029,20401,65535,6690,32211,44613,57424,33857,65535,6696
1685688330,0,1,1,0,1325,3186,7828,11037,20407,65535,6690,32228,44649,57446,33877,65535,6698
1685688336,0,1,1,0,1325,3186,7827,11040,20402,65535,6690,32229,44663,57482,33871,65535,6696
1685688342,0,1,1,0,1325,3187,7833,11041,20412,65535,6693,32247,44691,57495,33882,65535,6702
1685688348,0,1,1,0,1325,3188,7835,11046,20419,65535,6698,32262,44705,57502,33908,65535,6704
1685688354,0,1,1,0,1325,3191,7835,11050,20420,65535,6698,32269,44712,57517,33919,65535,6708
1685688360,0,1,1,0,1325,3191,7840,11056,20429,65535,6700,32256,44701,57502,33908,65535,6704
1685688366,0,1,1,0,1325,3190,7836,11050,20421,65535,6700,32267,44701,57501,33897,65535,6704
1685688372,0,1,1,0,1325,3190,7835,11050,20410,65535,6698,32261,44697,57501,33891,65535,6704
1685688378,0,1,1,0,1325,3187,7828,11041,20394,65535,6692,32238,44669,57446,33886,65535,6698
1685688384,0,1,1,0,1325,3188,7831,11048,20409,65535,6698,32248,44692,57496,33897,65535,6700
1685688390,0,1,1,0,1325,3189,7834,11046,20413,65535,6696,32253,44702,57484,33901,65535,6704
1685688396,0,1,1,0,1325,3190,7840,11052,20423,65535,6700,32255,44709,57493,33888,65535,6704
1685688402,0,1,1,0,1325,3195,7847,11062,20441,65535,6706,32278,44729,57533,33932,65535,6710
1685688408,0,1,1,0,1325,3192,7835,11050,20419,65535,6700,32274,44715,57514,33920,65535,6708
1685688414,0,1,1,0,1325,3192,7841,11057,20434,65535,6702,32245,44701,57463,33894,65535,6704
1685688420,0,1,1,0,1325,3192,7837,11056,20423,65535,6700,32285,44727,57535,33928,65535,6712
1685688426,0,1,1,0,1325,3192,7840,11051,20431,65535,6702,32273,44714,57516,33922,65535,6708
1685688432,0,1,1,0,1325,3187,7827,11035,20409,65535,6692,32248,44656,57478,33889,65535,6700
1685688438,0,1,1,0,1325,3187,7827,11035,20415,65535,6692,32238,44658,57456,33878,65535,6699
1685688444,0,1,1,0,1324,3186,7825,11035,20393,65535,6692,32223,44636,57451,33863,65535,6698
1685688450,0,1,1,0,1324,3186,7826,11029,20404,65535,6690,32222,44631,57421,33869,65535,6698
1685688456,0,1,1,0,1324,3180,7812,11012,20376,65535,6682,32180,44574,57358,33823,65535,6692
1685688462,0,1,1,0,1324,3181,7813,11011,20378,65535,6682,32162,44576,57357,33822,65535,6690
1685688468,0,1,1,0,1324,3183,7820,11016,20392,65535,6684,32203,44602,57392,33841,65535,6692
1685688474,0,1,1,0,1324,3183,7819,11018,20388,65535,6682,32186,44592,57387,33836,65535,6692
1685688480,0,1,1,0,1324,3181,7815,11014,20380,65535,6680,32188,44581,57369,33821,65535,6690
1685688486,0,1,1,0,1324,3178,7806,11005,20366,65535,6676,32156,44524,57283,33786,65535,6684
1685688492,0,1,1,0,1324,3180,7814,11012,20378,65535,6680,32189,44592,57372,33827,65535,6692
1685688498,0,1,1,0,1324,3181,7810,11016,20385,65535,6678,32185,44581,57392,33825,65535,6692
1685688504,0,1,1,0,1323,3181,7813,11013,20388,65535,6680,32179,44568,57364,33814,65535,6688
1685688510,0,1,1,0,1324,3178,7810,11005,20369,65535,6680,32180,44583,57343,33813,65535,6686
1685688516,0,1,1,0,1324,3177,7804,10996,20362,65535,6672,32162,44546,57313,33794,65535,6682
1685688522,0,1,1,0,1323,3178,7810,11006,20381,65535,6674,32166,44552,57333,33798,65535,6682
1685688528,0,1,1,0,1323,3179,7808,11006,20363,65535,6676,32165,44556,57329,33790,65535,6686
1685688534,0,1,1,0,1323,3178,7806,11002,20373,65535,6678,32163,44537,57346,33768,65535,6684
1685688540,0,1,1,0,1324,3179,7808,11003,20371,65535,6676,32164,44529,57341,33779,65535,6684
1685688546,0,1,1,0,1324,3178,7807,10998,20363,65535,6673,32148,44521,57320,33762,65535,6682
1685688552,0,1,1,0,1324,3176,7800,10991,20352,65535,6672,32140,44510,57300,33728,65535,6678
1685688558,0,1,1,0,1324,3178,7807,11001,20367,65535,6674,32153,44533,57307,33774,65535,6684
1685688564,0,1,1,0,1324,3178,7804,10994,20359,65535,6670,32145,44506,57269,33755,65535,6678
1685688570,0,1,1,0,1324,3177,7806,10998,20362,65535,6676,32143,44527,57296,33781,65535,6678
1685688576,0,1,1,0,1324,3176,7800,10994,20355,65535,6670,32146,44528,57293,33775,65535,6682
1685688582,0,1,1,0,1324,3178,7809,11005,20370,65535,6678,32153,44543,57298,33789,65535,6684
1685688588,0,1,1,0,1324,3179,7813,11009,20381,65535,6678,32178,44575,57361,33809,65535,6688
1685688594,0,1,1,0,1324,3179,7816,11007,20375,65535,6679,32173,44552,57348,33806,65535,6686
1685688600,0,1,1,0,1324,3180,7812,11008,20377,65535,6680,32175,44556,57341,33812,65535,6688
1685688606,0,1,1,0,1324,3179,7810,11008,20370,65535,6678,32155,44527,57327,33787,65535,6684
1685688612,0,1,1,0,1324,3177,7812,11006,20361,65535,6676,32152,44535,57319,33780,65535,6684
1685688618,0,1,1,0,1324,3178,7813,11003,20371,65535,6678,32158,44564,57331,33776,65535,6686
1685688624,0,1,1,0,1324,3179,7810,11008,20357,65535,6680,32165,44568,57370,33812,65535,6688
1685688630,0,1,1,0,1324,3181,7815,11013,20385,65535,6682,32176,44584,57383,33810,65535,6688
1685688636,0,1,1,0,1324,3181,7814,11006,20379,65535,6682,32195,44577,57359,33814,65535,6690
1685688642,0,1,1,0,1324,3178,7806,11004,20367,65535,6676,32149,44524,57312,33778,65535,6684
1685688648,0,1,1,0,1324,3176,7804,10992,20356,65535,6672,32161,44527,57311,33769,65535,6682
1685688654,0,1,1,0,1324,3178,7809,10999,20361,65535,6674,32146,44510,57312,33768,65535,6680
1685688660,0,1,1,0,1324,3179,7811,11001,20372,65535,6672,32151,44547,57333,33779,65535,6682
1685688666,0,1,1,0,1324,3177,7805,11002,20367,65535,6676,32156,44542,57314,33765,65535,6686
1685688672,0,1,1,0,1324,3178,7808,11003,20369,65535,6678,32162,44548,57326,33795,65535,6688
1685688678,0,1,1,0,1324,3177,7806,11005,20362,65535,6676,32149,44525,57327,33777,65535,6680
1685688684,0,1,1,0,1323,3179,7812,11007,20376,65535,6678,32167,44550,57332,33798,65535,6686
1685688690,0,1,1,0,1324,3179,7809,11004,20374,65535,6680,32168,44550,57328,33801,65535,6686
1685688696,0,1,1,0,1324,3176,7804,10995,20347,65535,6674,32173,44535,57329,33790,65535,6686
1685688702,0,1,1,0,1324,3176,7804,10992,20355,65535,6674,32161,44540,57337,33787,65535,6685
1685688708,0,1,1,0,1323,3176,7800,10989,20350,65535,6672,32129,44522,57260,33757,65535,6680
1685688714,0,1,1,0,1324,3177,7807,11005,20367,65535,6678,32156,44528,57325,33779,65535,6682
1685688720,0,1,1,0,1324,3175,7803,10994,20351,65535,6670,32140,44521,57300,33751,65535,6684
1685688726,0,1,1,0,1324,3175,7801,10992,20359,65535,6670,32130,44513,57297,33762,65535,6678
1685688732,0,1,1,0,1323,3173,7804,10992,20344,65535,6669,32140,44523,57264,33754,65535,6676
1685688738,0,1,1,0,1323,3177,7806,11005,20362,65535,6674,32144,44516,57281,33750,65535,6680
1685688744,0,1,1,0,1324,3177,7807,11000,20366,65535,6674,32152,44533,57306,33763,65535,6682
1685688750,0,1,1,0,1323,3176,7800,10995,20357,65535,6676,32135,44516,57277,33737,65535,6680
1685688756,0,1,1,0,1323,3179,7813,11009,20382,65535,6680,32171,44583,57341,33816,65535,6686
1685688762,0,1,1,0,1324,3177,7805,11001,20364,65535,6674,32146,44535,57295,33757,65535,6682
1685688768,0,1,1,0,1323,3177,7806,10994,20348,65535,6674,32145,44509,57300,33745,65535,6680
1685688774,0,1,1,0,1324,3179,7808,11003,20373,65535,6678,32140,44533,57306,33781,65535,6684
1685688780,0,1,1,0,1324,3178,7810,11003,20371,65535,6676,32156,44531,57321,33771,65535,6684
1685688786,0,1,1,0,1324,3178,7808,11000,20369,65535,6676,32161,44542,57324,33786,65535,6682
1685688792,0,1,1,0,1324,3178,7806,11005,20354,65535,6674,32142,44524,57297,33777,65535,6680
1685688798,0,1,1,0,1324,3178,7806,11003,20361,65535,6674,32164,44543,57325,33803,65535,6684
1685688804,0,1,1,0,1324,3179,7814,11015,20378,65535,6680,32176,44568,57345,33803,65535,6688
1685688810,0,1,1,0,1324,3179,7811,11007,20370,65535,6678,32177,44554,57356,33814,65535,6690
1685688816,0,1,1,0,1324,3181,7806,11005,20371,65535,6676,32149,44550,57302,33777,65535,6682
1685688822,0,1,1,0,1323,3183,7813,11015,20369,65535,6681,32184,44590,57378,33817,65535,6690
1685688828,0,1,1,0,1324,3181,7816,11017,20387,65535,6682,32189,44590,57352,33821,65535,6692
1685688834,0,1,1,0,1324,3181,7813,11016,20381,65535,6680,32177,44568,57362,33805,65535,6690
1685688840,0,1,1,0,1324,3179,7813,11013,20369,65535,6680,32178,44581,57358,33807,65535,6688
1685688846,0,1,1,0,1324,3178,7808,11005,20366,65535,6678,32182,44575,57371,33824,65535,6686
1685688852,0,1,1,0,1324,3180,7811,11012,20375,65535,6685,32176,44564,57354,33805,65535,6688
1685688858,0,1,1,0,1324,3179,7812,11011,20373,65535,6680,32164,44556,57309,33781,65535,6686
1685688864,0,1,1,0,1324,3179,7807,11012,20364,65535,6678,32174,44559,57372,33801,65535,6688
1685688870,0,1,1,0,1324,3180,7811,11014,20369,65535,6680,32181,44588,57398,33823,65535,6694
1685688876,0,1,1,0,1324,3182,7815,11024,20374,65535,6684,32184,44592,57367,33829,65535,6690
1685688882,0,1,1,0,1324,3181,7814,11021,20369,65535,6682,32187,44596,57400,33833,65535,6690
1685688888,0,1,1,0,1324,3182,7816,11018,20380,65535,6684,32193,44606,57379,33834,65535,6694
1685688894,0,1,1,0,1324,3182,7818,11022,20375,65535,6686,32195,44606,57397,33821,65535,6694
1685688900,0,1,1,0,1324,3182,7817,11022,20387,65535,6684,32195,44613,57393,33834,65535,6694
1685688906,0,1,1,0,1324,3181,7819,11024,20369,65535,6684,32188,44601,57390,33834,65535,6693
1685688912,0,1,1,0,1324,3185,7827,11033,20391,65535,6688,32216,44629,57437,33869,65535,6696
1685688918,0,1,1,0,1324,3185,7824,11033,20394,65535,6690,32210,44626,57391,33833,65535,6696
1685688924,0,1,1,0,1324,3188,7829,11037,20407,65535,6696,32236,44664,57434,33880,65535,6700
1685688930,0,1,1,0,1324,3188,7827,11037,20397,65535,6694,32234,44662,57457,33887,65535,6700
1685688936,0,1,1,0,1324,3184,7822,11029,20385,65535,6688,32213,44631,57408,33832,65535,6696
1685688942,0,1,1,0,1324,3187,7830,11037,20396,65535,6694,32230,44660,57475,33880,65535,6702
1685688948,0,1,1,0,1324,3183,7818,11025,20377,65535,6686,32206,44635,57391,33841,65535,6698
1685688954,0,1,1,0,1324,3185,7822,11028,20380,65535,6688,32205,44630,57422,33837,65535,6694
1685688960,0,1,1,0,1324,3186,7827,11029,20394,65535,6688,32220,44648,57406,33860,65535,6697
1685688966,0,1,1,0,1324,3186,7825,11032,20380,65535,6690,32210,44644,57409,33861,65535,6698
1685688972,0,1,1,0,1325,3188,7829,11037,20402,65535,6694,32231,44674,57432,33878,65535,6700
1685688978,0,1,1,0,1325,3187,7831,11030,20402,65535,6694,32235,44685,57471,33889,65535,6704
1685688984,0,1,1,0,1325,3188,7833,11044,20402,65535,6698,32247,44674,57502,33903,65535,6706
1685688990,0,1,1,0,1325,3188,7833,11044,20409,65535,6696,32229,44667,57475,33862,65535,6706
1685688996,0,1,1,0,1325,3190,7839,11054,20423,65535,6702,32262,44704,57503,33912,65535,6708
1685689002,0,1,1,0,1325,3188,7831,11046,20409,65535,6698,32245,44678,57484,33878,65535,6704
1685689008,0,1,1,0,1325,3188,7834,11044,20398,65535,6696,32262,44701,57506,33914,65535,6708
1685689014,0,1,1,0,1325,3188,7837,11047,20410,65535,6697,32246,44691,57492,33905,65535,6704
1685689020,0,1,1,0,1325,3189,7832,11045,20409,65535,6704,32253,44690,57505,33886,65535,6706
1685689026,0,1,1,0,1324,3188,7832,11046,20417,65535,6696,32250,44696,57498,33908,65535,6704
1685689032,0,1,1,0,1325,3189,7832,11046,20403,65535,6698,32253,44690,57488,33890,65535,6708
1685689038,0,1,1,0,1324,3188,7830,11042,20407,65535,6696,32242,44670,57468,33889,65535,6702
1685689044,0,1,1,0,1325,3186,7823,11035,20401,65535,6690,32233,44671,57444,33889,65535,6704
1685689050,0,1,1,0,1324,3186,7827,11044,20401,65535,6692,32224,44666,57476,33885,65535,6700
1685689056,0,1,1,0,1325,3188,7830,11047,20399,65535,6694,32238,44680,57471,33874,65535,6702
1685689062,0,1,1,0,1325,3188,7830,11039,20405,65535,6696,32240,44683,57460,33887,65535,6704
1685689068,0,1,1,0,1325,3189,7835,11044,20412,65535,6698,32236,44678,57457,33870,65535,6704
1685689074,0,1,1,0,1325,3188,7836,11052,20412,65535,6696,32253,44705,57477,33905,65535,6706
1685689080,0,1,1,0,1325,3189,7833,11047,20412,65535,6698,32242,44682,57460,33887,65535,6702
1685689086,0,1,1,0,1325,3189,7833,11045,20412,65535,6698,32247,44690,57477,33903,65535,6704
1685689092,0,1,1,0,1325,3190,7833,11055,20417,65535,6700,32267,44708,57509,33917,65535,6708
1685689098,0,1,1,0,1325,3190,7834,11049,20416,65535,6700,32257,44702,57500,33904,65535,6706
1685689104,0,1,1,0,1325,3189,7835,11049,20415,65535,6698,32257,44709,57501,33914,65535,6706
1685689110,0,1,1,0,1325,3189,7832,11054,20406,65535,6696,32233,44665,57463,33864,65535,6700
1685689116,0,1,1,0,1324,3188,7834,11048,20403,65535,6702,32234,44682,57469,33875,65535,6704
1685689122,0,1,1,0,1325,3189,7833,11045,20395,65535,6698,32246,44688,57484,33894,65535,6706
1685689128,0,1,1,0,1324,3186,7826,11036,20397,65535,6692,32231,44664,57439,33880,65535,6702
1685689134,0,1,1,0,1325,3187,7832,11045,20412,65535,6698,32243,44670,57488,33875,65535,6704
1685689140,0,1,1,0,1325,3191,7833,11043,20411,65535,6696,32250,44689,57492,33892,65535,6708
1685689146,0,1,1,0,1325,3189,7833,11048,20411,65535,6696,32231,44667,57489,33897,65535,6704
1685689152,0,1,1,0,1325,3191,7839,11053,20423,65535,6700,32260,44713,57490,33911,65535,6706
1685689158,0,1,1,0,1325,3192,7838,11054,20416,65535,6700,32274,44726,57542,33933,65535,6710
1685689164,0,1,1,0,1325,3192,7835,11052,20422,65535,6702,32262,44707,57500,33899,65535,6708
1685689170,0,1,1,0,1325,3190,7834,11048,20416,65535,6698,32259,44703,57507,33914,65535,6706
1685689176,0,1,1,0,1325,3193,7837,11052,20415,65535,6700,32281,44726,57539,33910,65535,6712
1685689182,0,1,1,0,1324,3191,7839,11057,20418,65535,6702,32280,44722,57533,33913,65535,6714
1685689188,0,1,1,0,1325,3189,7836,11049,20416,65535,6705,32263,44726,57530,33928,65535,6710
1685689194,0,1,1,0,1325,3191,7837,11048,20417,65535,6700,32253,44689,57490,33936,65535,6708
